2015-07-09-12 08 41.483	  0.0 0.0 0.0  0.0 0.0
2015-07-09-12 08 41.585	  0.0 0.0 0.0  0.0 0.0
2015-07-09-12 08 41.687	  0.0 0.0 0.0  0.0 0.0
2015-07-09-12 08 41.790	  0.0 0.0 0.0  0.0 0.0
2015-07-09-12 08 41.892	  0.0 0.0 0.0  0.0 0.0
2015-07-09-12 08 41.994	  0.0 0.0 0.0  0.0 0.0
2015-07-09-12 08 42.095	  0.0 0.0 0.0  0.0 0.0
2015-07-09-12 08 42.196	  0.0 0.0 0.0  0.0 0.0
2015-07-09-12 08 42.299	  0.0 0.0 0.0  0.0 0.0
2015-07-09-12 08 42.401	  0.0 0.0 0.0  0.0 0.0
2015-07-09-12 08 42.503	  0.0 0.0 0.0  0.0 0.0
2015-07-09-12 08 42.604	  0.0 0.0 0.0  0.0 0.0
2015-07-09-12 08 42.706	  0.0 0.0 0.0  0.0 0.0
2015-07-09-12 08 42.808	  0.0 0.0 0.0  0.0 0.0
2015-07-09-12 08 42.909	  0.0 0.0 0.0  0.0 0.0
2015-07-09-12 08 43.012	  0.0 0.0 0.0  0.0 0.0
2015-07-09-12 08 43.114	  0.0 0.0 0.0  0.0 0.0
2015-07-09-12 08 43.215	  0.0 0.0 0.0  0.0 0.0
2015-07-09-12 08 43.317	  0.0 0.0 0.0  0.0 0.0
2015-07-09-12 08 43.419	  0.0 0.0 0.0  0.0 0.0
2015-07-09-12 08 43.521	  0.0 0.0 0.0  0.0 0.0
2015-07-09-12 08 43.622	  0.0 0.0 0.0  0.0 0.0
2015-07-09-12 08 43.724	  0.0 0.0 0.0  0.0 0.0
2015-07-09-12 08 43.825	  0.0 0.0 0.0  0.0 0.0
2015-07-09-12 08 43.928	  0.0 0.0 0.0  0.0 0.0
2015-07-09-12 08 44.030	  0.0 0.0 0.0  0.0 0.0
2015-07-09-12 08 44.131	  0.0 0.0 0.0  0.0 0.0
2015-07-09-12 08 44.233	  0.0 0.0 0.0  0.0 0.0
2015-07-09-12 08 44.334	  0.0 0.0 0.0  0.0 0.0
2015-07-09-12 08 44.436	  0.0 0.0 0.0  0.0 0.0
2015-07-09-12 08 44.543	  0.0 0.0 0.0  0.0 0.0
2015-07-09-12 08 44.645	  0.0 0.0 0.0  0.0 0.0
2015-07-09-12 08 44.747	  0.0 0.0 0.0  0.0 0.0
2015-07-09-12 08 44.850	  0.0 0.0 0.0  0.0 0.0
2015-07-09-12 08 44.953	  0.0 0.0 0.0  0.0 0.0
2015-07-09-12 08 45.058	  0.0 0.0 0.0  0.0 0.0
2015-07-09-12 08 45.161	  0.0 0.0 0.0  0.0 0.0
2015-07-09-12 08 45.264	  31.02679035 121.43974653 1.0  0.0 0.0
2015-07-09-12 08 45.368	  31.02679035 121.43974653 1.0  0.0 0.0
2015-07-09-12 08 45.469	  31.02679035 121.43974653 1.0  0.0 0.0
2015-07-09-12 08 45.570	  31.02679035 121.43974653 1.0  0.0 0.0
2015-07-09-12 08 45.673	  31.02679035 121.43974653 1.0  0.0 0.0
2015-07-09-12 08 45.779	  31.02679035 121.43974653 1.0  0.0 0.0
2015-07-09-12 08 45.885	  31.02679035 121.43974653 1.0  0.0 0.0
2015-07-09-12 08 45.988	  31.02679035 121.43974653 1.0  0.0 0.0
2015-07-09-12 08 46.090	  31.02679035 121.43974653 1.0  0.0 0.0
2015-07-09-12 08 46.195	  31.02679035 121.43974653 1.0  0.0 0.0
2015-07-09-12 08 46.300	  31.02679035 121.43974653 1.0  0.0 0.0
2015-07-09-12 08 46.406	  31.02679035 121.43974653 1.0  0.0 0.0
2015-07-09-12 08 46.510	  31.02679035 121.43974653 1.0  0.0 0.0
2015-07-09-12 08 46.615	  31.02679035 121.43974653 1.0  0.0 0.0
2015-07-09-12 08 46.716	  31.02679035 121.43974653 1.0  0.0 0.0
2015-07-09-12 08 46.849	  31.02679035 121.43974653 1.0  0.0 0.0
2015-07-09-12 08 46.951	  31.02683611 121.4397544 1.0  0.0 0.0
2015-07-09-12 08 47.054	  31.02683611 121.4397544 1.0  0.0 0.0
2015-07-09-12 08 47.157	  31.02683611 121.4397544 1.0  0.0 0.0
2015-07-09-12 08 47.263	  31.02683611 121.4397544 1.0  0.0 0.0
2015-07-09-12 08 47.372	  31.02683611 121.4397544 1.0  0.0 0.0
2015-07-09-12 08 47.477	  31.02683611 121.4397544 1.0  0.0 0.0
2015-07-09-12 08 47.589	  31.02683611 121.4397544 1.0  0.0 0.0
2015-07-09-12 08 47.690	  31.02683611 121.4397544 1.0  0.0 0.0
2015-07-09-12 08 47.791	  31.02683611 121.4397544 1.0  0.0 0.0
2015-07-09-12 08 47.893	  31.02683611 121.4397544 1.0  0.0 0.0
2015-07-09-12 08 47.996	  31.02683611 121.4397544 1.0  0.0 0.0
2015-07-09-12 08 48.097	  31.02683611 121.4397544 1.0  0.0 0.0
2015-07-09-12 08 48.199	  31.02683611 121.4397544 1.0  0.0 0.0
2015-07-09-12 08 48.304	  31.02683611 121.4397544 1.0  0.0 0.0
2015-07-09-12 08 48.406	  31.02683611 121.4397544 1.0  0.0 0.0
2015-07-09-12 08 48.507	  31.02683611 121.4397544 1.0  0.0 0.0
2015-07-09-12 08 48.609	  31.02683611 121.4397544 1.0  0.0 0.0
2015-07-09-12 08 48.712	  31.02683611 121.4397544 1.0  0.0 0.0
2015-07-09-12 08 48.816	  31.02686675 121.43974782 1.0  0.0 0.0
2015-07-09-12 08 48.926	  31.02686675 121.43974782 1.0  0.0 0.0
2015-07-09-12 08 49.030	  31.02686675 121.43974782 1.0  0.0 0.0
2015-07-09-12 08 49.132	  31.02686675 121.43974782 1.0  0.0 0.0
2015-07-09-12 08 49.234	  31.02686675 121.43974782 1.0  0.0 0.0
2015-07-09-12 08 49.339	  31.02686675 121.43974782 1.0  0.0 0.0
2015-07-09-12 08 49.446	  31.02686675 121.43974782 1.0  0.0 0.0
2015-07-09-12 08 49.552	  31.02686675 121.43974782 1.0  0.0 0.0
2015-07-09-12 08 49.653	  31.02686675 121.43974782 1.0  0.0 0.0
2015-07-09-12 08 49.755	  31.02686675 121.43974782 1.0  0.0 0.0
2015-07-09-12 08 49.859	  31.02686675 121.43974782 1.0  0.0 0.0
2015-07-09-12 08 49.964	  31.02686675 121.43974782 1.0  0.0 0.0
2015-07-09-12 08 50.068	  31.02686675 121.43974782 1.0  0.0 0.0
2015-07-09-12 08 50.175	  31.02686675 121.43974782 1.0  0.0 0.0
2015-07-09-12 08 50.278	  31.02686675 121.43974782 1.0  0.0 0.0
2015-07-09-12 08 50.380	  31.02686675 121.43974782 1.0  0.0 0.0
2015-07-09-12 08 50.484	  31.02686675 121.43974782 1.0  0.0 0.0
2015-07-09-12 08 50.593	  31.02686675 121.43974782 1.0  0.0 0.0
2015-07-09-12 08 50.700	  31.02686675 121.43974782 1.0  0.0 0.0
2015-07-09-12 08 50.809	  31.02686675 121.43974782 1.0  0.0 0.0
2015-07-09-12 08 50.911	  31.02689205 121.43973282 1.0  0.0 0.0
2015-07-09-12 08 51.015	  31.02689205 121.43973282 1.0  0.0 0.0
2015-07-09-12 08 51.118	  31.02689205 121.43973282 1.0  0.0 0.0
2015-07-09-12 08 51.222	  31.02689205 121.43973282 1.0  0.0 0.0
2015-07-09-12 08 51.327	  31.02689205 121.43973282 1.0  0.0 0.0
2015-07-09-12 08 51.431	  31.02689205 121.43973282 1.0  0.0 0.0
2015-07-09-12 08 51.533	  31.02689205 121.43973282 1.0  0.0 0.0
2015-07-09-12 08 51.634	  31.02689205 121.43973282 1.0  0.0 0.0
2015-07-09-12 08 51.741	  31.02689205 121.43973282 1.0  0.0 0.0
2015-07-09-12 08 51.854	  31.02689205 121.43973282 1.0  0.0 0.0
2015-07-09-12 08 51.957	  31.02689205 121.43973282 1.0  0.0 0.0
2015-07-09-12 08 52.061	  31.02689205 121.43973282 1.0  0.0 0.0
2015-07-09-12 08 52.163	  31.02689205 121.43973282 1.0  0.0 0.0
2015-07-09-12 08 52.265	  31.02689205 121.43973282 1.0  0.0 0.0
2015-07-09-12 08 52.370	  31.02689205 121.43973282 1.0  0.0 0.0
2015-07-09-12 08 52.476	  31.02689205 121.43973282 1.0  0.0 0.0
2015-07-09-12 08 52.577	  31.02689205 121.43973282 1.0  0.0 0.0
2015-07-09-12 08 52.681	  31.02689205 121.43973282 1.0  0.0 0.0
2015-07-09-12 08 52.783	  31.02689205 121.43973282 1.0  0.0 0.0
2015-07-09-12 08 52.886	  31.02689205 121.43973282 1.0  0.0 0.0
2015-07-09-12 08 53.003	  31.02691436 121.43972474 1.0  0.0 0.0
2015-07-09-12 08 53.105	  31.02691436 121.43972474 1.0  0.0 0.0
2015-07-09-12 08 53.206	  31.02691436 121.43972474 1.0  0.0 0.0
2015-07-09-12 08 53.312	  31.02691436 121.43972474 1.0  0.0 0.0
2015-07-09-12 08 53.416	  31.02691436 121.43972474 1.0  0.0 0.0
2015-07-09-12 08 53.527	  31.02691436 121.43972474 1.0  0.0 0.0
2015-07-09-12 08 53.629	  31.02691436 121.43972474 1.0  0.0 0.0
2015-07-09-12 08 53.731	  31.02691436 121.43972474 1.0  0.0 0.0
2015-07-09-12 08 53.837	  31.02691436 121.43972474 1.0  0.0 0.0
2015-07-09-12 08 53.940	  31.02691436 121.43972474 1.0  0.0 0.0
2015-07-09-12 08 54.045	  31.02691436 121.43972474 1.0  0.0 0.0
2015-07-09-12 08 54.148	  31.02691436 121.43972474 1.0  0.0 0.0
2015-07-09-12 08 54.254	  31.02691436 121.43972474 1.0  0.0 0.0
2015-07-09-12 08 54.358	  31.02691436 121.43972474 1.0  0.0 0.0
2015-07-09-12 08 54.463	  31.02691436 121.43972474 1.0  0.0 0.0
2015-07-09-12 08 54.579	  31.02691436 121.43972474 1.0  0.0 0.0
2015-07-09-12 08 54.680	  31.02691436 121.43972474 1.0  0.0 0.0
2015-07-09-12 08 54.781	  31.02691436 121.43972474 1.0  0.0 0.0
2015-07-09-12 08 54.884	  31.02693483 121.43971363 1.0  0.0 0.0
2015-07-09-12 08 54.993	  31.02693483 121.43971363 1.0  0.0 0.0
2015-07-09-12 08 55.101	  31.02693483 121.43971363 1.0  0.0 0.0
2015-07-09-12 08 55.203	  31.02693483 121.43971363 1.0  0.0 0.0
2015-07-09-12 08 55.308	  31.02693483 121.43971363 1.0  0.0 0.0
2015-07-09-12 08 55.412	  31.02693483 121.43971363 1.0  0.0 0.0
2015-07-09-12 08 55.517	  31.02693483 121.43971363 1.0  0.0 0.0
2015-07-09-12 08 55.622	  31.02693483 121.43971363 1.0  0.0 0.0
2015-07-09-12 08 55.724	  31.02693483 121.43971363 1.0  0.0 0.0
2015-07-09-12 08 55.829	  31.02693483 121.43971363 1.0  0.0 0.0
2015-07-09-12 08 55.930	  31.02693483 121.43971363 1.0  0.0 0.0
2015-07-09-12 08 56.036	  31.02693483 121.43971363 1.0  0.0 0.0
2015-07-09-12 08 56.142	  31.02693483 121.43971363 1.0  0.0 0.0
2015-07-09-12 08 56.247	  31.02693483 121.43971363 1.0  0.0 0.0
2015-07-09-12 08 56.351	  31.02693483 121.43971363 1.0  0.0 0.0
2015-07-09-12 08 56.458	  31.02693483 121.43971363 1.0  0.0 0.0
2015-07-09-12 08 56.561	  31.02693483 121.43971363 1.0  0.0 0.0
2015-07-09-12 08 56.662	  31.02693483 121.43971363 1.0  0.0 0.0
2015-07-09-12 08 56.764	  31.02693483 121.43971363 1.0  0.0 0.0
2015-07-09-12 08 56.865	  31.02693483 121.43971363 1.0  0.0 0.0
2015-07-09-12 08 56.968	  31.02695404 121.43969506 1.25  0.0 0.0
2015-07-09-12 08 57.070	  31.02695404 121.43969506 1.25  0.0 0.0
2015-07-09-12 08 57.174	  31.02695404 121.43969506 1.25  0.0 0.0
2015-07-09-12 08 57.281	  31.02695404 121.43969506 1.25  0.0 0.0
2015-07-09-12 08 57.388	  31.02695404 121.43969506 1.25  0.0 0.0
2015-07-09-12 08 57.491	  31.02695404 121.43969506 1.25  0.0 0.0
2015-07-09-12 08 57.593	  31.02695404 121.43969506 1.25  0.0 0.0
2015-07-09-12 08 57.694	  31.02695404 121.43969506 1.25  0.0 0.0
2015-07-09-12 08 57.799	  31.02695404 121.43969506 1.25  0.0 0.0
2015-07-09-12 08 57.901	  31.02695404 121.43969506 1.25  0.0 0.0
2015-07-09-12 08 58.005	  31.02695404 121.43969506 1.25  0.0 0.0
2015-07-09-12 08 58.109	  31.02695404 121.43969506 1.25  0.0 0.0
2015-07-09-12 08 58.212	  31.02695404 121.43969506 1.25  0.0 0.0
2015-07-09-12 08 58.316	  31.02695404 121.43969506 1.25  0.0 0.0
2015-07-09-12 08 58.420	  31.02695404 121.43969506 1.25  0.0 0.0
2015-07-09-12 08 58.532	  31.02695404 121.43969506 1.25  0.0 0.0
2015-07-09-12 08 58.633	  31.02695404 121.43969506 1.25  0.0 0.0
2015-07-09-12 08 58.735	  31.02697346 121.43968154 1.25  0.0 0.0
2015-07-09-12 08 58.847	  31.02697346 121.43968154 1.25  0.0 0.0
2015-07-09-12 08 58.957	  31.02697346 121.43968154 1.25  0.0 0.0
2015-07-09-12 08 59.059	  31.02697346 121.43968154 1.25  0.0 0.0
2015-07-09-12 08 59.161	  31.02697346 121.43968154 1.25  0.0 0.0
2015-07-09-12 08 59.265	  31.02697346 121.43968154 1.25  0.0 0.0
2015-07-09-12 08 59.376	  31.02697346 121.43968154 1.25  0.0 0.0
2015-07-09-12 08 59.478	  31.02697346 121.43968154 1.25  0.0 0.0
2015-07-09-12 08 59.580	  31.02697346 121.43968154 1.25  0.0 0.0
2015-07-09-12 08 59.681	  31.02697346 121.43968154 1.25  0.0 0.0
2015-07-09-12 08 59.788	  31.02697346 121.43968154 1.25  0.0 0.0
2015-07-09-12 08 59.891	  31.02697346 121.43968154 1.25  0.0 0.0
2015-07-09-12 08 59.994	  31.02697346 121.43968154 1.25  0.0 0.0
2015-07-09-12 09 00.099	  31.02697346 121.43968154 1.25  0.0 0.0
2015-07-09-12 09 00.205	  31.02697346 121.43968154 1.25  0.0 0.0
2015-07-09-12 09 00.308	  31.02697346 121.43968154 1.25  0.0 0.0
2015-07-09-12 09 00.410	  31.02697346 121.43968154 1.25  0.0 0.0
2015-07-09-12 09 00.515	  31.02697346 121.43968154 1.25  0.0 0.0
2015-07-09-12 09 00.631	  31.02697346 121.43968154 1.25  0.0 0.0
2015-07-09-12 09 00.732	  31.02697346 121.43968154 1.25  0.0 0.0
2015-07-09-12 09 00.834	  31.02699469 121.43966139 1.25  0.0 0.0
2015-07-09-12 09 00.936	  31.02699469 121.43966139 1.25  0.0 0.0
2015-07-09-12 09 01.046	  31.02699469 121.43966139 1.25  0.0 0.0
2015-07-09-12 09 01.152	  31.02699469 121.43966139 1.25  0.0 0.0
2015-07-09-12 09 01.256	  31.02699469 121.43966139 1.25  0.0 0.0
2015-07-09-12 09 01.361	  31.02699469 121.43966139 1.25  0.0 0.0
2015-07-09-12 09 01.476	  31.02699469 121.43966139 1.25  0.0 0.0
2015-07-09-12 09 01.578	  31.02699469 121.43966139 1.25  0.0 0.0
2015-07-09-12 09 01.680	  31.02699469 121.43966139 1.25  0.0 0.0
2015-07-09-12 09 01.782	  31.02699469 121.43966139 1.25  0.0 0.0
2015-07-09-12 09 01.888	  31.02699469 121.43966139 1.25  0.0 0.0
2015-07-09-12 09 01.990	  31.02699469 121.43966139 1.25  0.0 0.0
2015-07-09-12 09 02.100	  31.02699469 121.43966139 1.25  0.0 0.0
2015-07-09-12 09 02.204	  31.02699469 121.43966139 1.25  0.0 0.0
2015-07-09-12 09 02.308	  31.02699469 121.43966139 1.25  0.0 0.0
2015-07-09-12 09 02.419	  31.02699469 121.43966139 1.25  0.0 0.0
2015-07-09-12 09 02.524	  31.02699469 121.43966139 1.25  0.0 0.0
2015-07-09-12 09 02.627	  31.02699469 121.43966139 1.25  0.0 0.0
2015-07-09-12 09 02.728	  31.02699469 121.43966139 1.25  0.0 0.0
2015-07-09-12 09 02.835	  31.02701515 121.43964519 1.25  0.0 0.0
2015-07-09-12 09 02.940	  31.02701515 121.43964519 1.25  0.0 0.0
2015-07-09-12 09 03.043	  31.02701515 121.43964519 1.25  0.0 0.0
2015-07-09-12 09 03.147	  31.02701515 121.43964519 1.25  0.0 0.0
2015-07-09-12 09 03.251	  31.02701515 121.43964519 1.25  0.0 0.0
2015-07-09-12 09 03.363	  31.02701515 121.43964519 1.25  0.0 0.0
2015-07-09-12 09 03.467	  31.02701515 121.43964519 1.25  0.0 0.0
2015-07-09-12 09 03.571	  31.02701515 121.43964519 1.25  0.0 0.0
2015-07-09-12 09 03.674	  31.02701515 121.43964519 1.25  0.0 0.0
2015-07-09-12 09 03.776	  31.02701515 121.43964519 1.25  0.0 0.0
2015-07-09-12 09 03.879	  31.02701515 121.43964519 1.25  0.0 0.0
2015-07-09-12 09 03.984	  31.02701515 121.43964519 1.25  0.0 0.0
2015-07-09-12 09 04.086	  31.02701515 121.43964519 1.25  0.0 0.0
2015-07-09-12 09 04.187	  31.02701515 121.43964519 1.25  0.0 0.0
2015-07-09-12 09 04.289	  31.02701515 121.43964519 1.25  0.0 0.0
2015-07-09-12 09 04.391	  31.02701515 121.43964519 1.25  0.0 0.0
2015-07-09-12 09 04.494	  31.02701515 121.43964519 1.25  0.0 0.0
2015-07-09-12 09 04.597	  31.02701515 121.43964519 1.25  0.0 0.0
2015-07-09-12 09 04.706	  31.02701515 121.43964519 1.25  0.0 0.0
2015-07-09-12 09 04.810	  31.02701515 121.43964519 1.25  0.0 0.0
2015-07-09-12 09 04.916	  31.02701515 121.43964519 1.25  0.0 0.0
2015-07-09-12 09 05.040	  31.02703798 121.43963644 1.25  0.0 0.0
2015-07-09-12 09 05.143	  31.02703798 121.43963644 1.25  0.0 0.0
2015-07-09-12 09 05.246	  31.02703798 121.43963644 1.25  0.0 0.0
2015-07-09-12 09 05.352	  31.02703798 121.43963644 1.25  0.0 0.0
2015-07-09-12 09 05.454	  31.02703798 121.43963644 1.25  0.0 0.0
2015-07-09-12 09 05.557	  31.02703798 121.43963644 1.25  0.0 0.0
2015-07-09-12 09 05.659	  31.02703798 121.43963644 1.25  0.0 0.0
2015-07-09-12 09 05.766	  31.02703798 121.43963644 1.25  0.0 0.0
2015-07-09-12 09 05.888	  31.02703798 121.43963644 1.25  0.0 0.0
2015-07-09-12 09 05.992	  31.02703798 121.43963644 1.25  0.0 0.0
2015-07-09-12 09 06.096	  31.02703798 121.43963644 1.25  0.0 0.0
2015-07-09-12 09 06.199	  31.02703798 121.43963644 1.25  0.0 0.0
2015-07-09-12 09 06.303	  31.02703798 121.43963644 1.25  0.0 0.0
2015-07-09-12 09 06.407	  31.02703798 121.43963644 1.25  0.0 0.0
2015-07-09-12 09 06.511	  31.02703798 121.43963644 1.25  0.0 0.0
2015-07-09-12 09 06.617	  31.02703798 121.43963644 1.25  0.0 0.0
2015-07-09-12 09 06.719	  31.02705777 121.43962429 1.25  0.0 0.0
2015-07-09-12 09 06.824	  31.02705777 121.43962429 1.25  0.0 0.0
2015-07-09-12 09 06.930	  31.02705777 121.43962429 1.25  0.0 0.0
2015-07-09-12 09 07.033	  31.02705777 121.43962429 1.25  0.0 0.0
2015-07-09-12 09 07.145	  31.02705777 121.43962429 1.25  0.0 0.0
2015-07-09-12 09 07.246	  31.02705777 121.43962429 1.25  0.0 0.0
2015-07-09-12 09 07.348	  31.02705777 121.43962429 1.25  0.0 0.0
2015-07-09-12 09 07.462	  31.02705777 121.43962429 1.25  0.0 0.0
2015-07-09-12 09 07.564	  31.02705777 121.43962429 1.25  0.0 0.0
2015-07-09-12 09 07.668	  31.02705777 121.43962429 1.25  0.0 0.0
2015-07-09-12 09 07.780	  31.02705777 121.43962429 1.25  0.0 0.0
2015-07-09-12 09 07.881	  31.02705777 121.43962429 1.25  0.0 0.0
2015-07-09-12 09 07.983	  31.02705777 121.43962429 1.25  0.0 0.0
2015-07-09-12 09 08.090	  31.02705777 121.43962429 1.25  0.0 0.0
2015-07-09-12 09 08.192	  31.02705777 121.43962429 1.25  0.0 0.0
2015-07-09-12 09 08.294	  31.02705777 121.43962429 1.25  0.0 0.0
2015-07-09-12 09 08.399	  31.02705777 121.43962429 1.25  0.0 0.0
2015-07-09-12 09 08.505	  31.02705777 121.43962429 1.25  0.0 0.0
2015-07-09-12 09 08.610	  31.02705777 121.43962429 1.25  0.0 0.0
2015-07-09-12 09 08.721	  31.02705777 121.43962429 1.25  0.0 0.0
2015-07-09-12 09 08.823	  31.02707592 121.43961386 1.0  0.0 0.0
2015-07-09-12 09 08.926	  31.02707592 121.43961386 1.0  0.0 0.0
2015-07-09-12 09 09.044	  31.02707592 121.43961386 1.0  0.0 0.0
2015-07-09-12 09 09.146	  31.02707592 121.43961386 1.0  0.0 0.0
2015-07-09-12 09 09.248	  31.02707592 121.43961386 1.0  0.0 0.0
2015-07-09-12 09 09.352	  31.02707592 121.43961386 1.0  0.0 0.0
2015-07-09-12 09 09.457	  31.02707592 121.43961386 1.0  0.0 0.0
2015-07-09-12 09 09.562	  31.02707592 121.43961386 1.0  0.0 0.0
2015-07-09-12 09 09.672	  31.02707592 121.43961386 1.0  0.0 0.0
2015-07-09-12 09 09.774	  31.02707592 121.43961386 1.0  0.0 0.0
2015-07-09-12 09 09.889	  31.02707592 121.43961386 1.0  0.0 0.0
2015-07-09-12 09 09.994	  31.02707592 121.43961386 1.0  0.0 0.0
2015-07-09-12 09 10.096	  31.02707592 121.43961386 1.0  0.0 0.0
2015-07-09-12 09 10.198	  31.02707592 121.43961386 1.0  0.0 0.0
2015-07-09-12 09 10.306	  31.02707592 121.43961386 1.0  0.0 0.0
2015-07-09-12 09 10.408	  31.02707592 121.43961386 1.0  0.0 0.0
2015-07-09-12 09 10.510	  31.02707592 121.43961386 1.0  0.0 0.0
2015-07-09-12 09 10.619	  31.02707592 121.43961386 1.0  0.0 0.0
2015-07-09-12 09 10.721	  31.02707592 121.43961386 1.0  0.0 0.0
2015-07-09-12 09 10.823	  31.02709304 121.43960426 1.0  0.0 0.0
2015-07-09-12 09 10.929	  31.02709304 121.43960426 1.0  0.0 0.0
2015-07-09-12 09 11.032	  31.02709304 121.43960426 1.0  0.0 0.0
2015-07-09-12 09 11.134	  31.02709304 121.43960426 1.0  0.0 0.0
2015-07-09-12 09 11.244	  31.02709304 121.43960426 1.0  0.0 0.0
2015-07-09-12 09 11.348	  31.02709304 121.43960426 1.0  0.0 0.0
2015-07-09-12 09 11.452	  31.02709304 121.43960426 1.0  0.0 0.0
2015-07-09-12 09 11.563	  31.02709304 121.43960426 1.0  0.0 0.0
2015-07-09-12 09 11.668	  31.02709304 121.43960426 1.0  0.0 0.0
2015-07-09-12 09 11.774	  31.02709304 121.43960426 1.0  0.0 0.0
2015-07-09-12 09 11.889	  31.02709304 121.43960426 1.0  0.0 0.0
2015-07-09-12 09 11.992	  31.02709304 121.43960426 1.0  0.0 0.0
2015-07-09-12 09 12.093	  31.02709304 121.43960426 1.0  0.0 0.0
2015-07-09-12 09 12.196	  31.02709304 121.43960426 1.0  0.0 0.0
2015-07-09-12 09 12.302	  31.02709304 121.43960426 1.0  0.0 0.0
2015-07-09-12 09 12.404	  31.02709304 121.43960426 1.0  0.0 0.0
2015-07-09-12 09 12.506	  31.02709304 121.43960426 1.0  0.0 0.0
2015-07-09-12 09 12.615	  31.02709304 121.43960426 1.0  0.0 0.0
2015-07-09-12 09 12.721	  31.02710959 121.43959349 1.0  0.0 0.0
2015-07-09-12 09 12.838	  31.02710959 121.43959349 1.0  0.0 0.0
2015-07-09-12 09 12.942	  31.02710959 121.43959349 1.0  0.0 0.0
2015-07-09-12 09 13.043	  31.02710959 121.43959349 1.0  0.0 0.0
2015-07-09-12 09 13.147	  31.02710959 121.43959349 1.0  0.0 0.0
2015-07-09-12 09 13.259	  31.02710959 121.43959349 1.0  0.0 0.0
2015-07-09-12 09 13.361	  31.02710959 121.43959349 1.0  0.0 0.0
2015-07-09-12 09 13.464	  31.02710959 121.43959349 1.0  0.0 0.0
2015-07-09-12 09 13.569	  31.02710959 121.43959349 1.0  0.0 0.0
2015-07-09-12 09 13.674	  31.02710959 121.43959349 1.0  0.0 0.0
2015-07-09-12 09 13.780	  31.02710959 121.43959349 1.0  0.0 0.0
2015-07-09-12 09 13.889	  31.02710959 121.43959349 1.0  0.0 0.0
2015-07-09-12 09 13.991	  31.02710959 121.43959349 1.0  0.0 0.0
2015-07-09-12 09 14.095	  31.02710959 121.43959349 1.0  0.0 0.0
2015-07-09-12 09 14.209	  31.02710959 121.43959349 1.0  0.0 0.0
2015-07-09-12 09 14.310	  31.02710959 121.43959349 1.0  0.0 0.0
2015-07-09-12 09 14.412	  31.02710959 121.43959349 1.0  0.0 0.0
2015-07-09-12 09 14.517	  31.02710959 121.43959349 1.0  0.0 0.0
2015-07-09-12 09 14.619	  31.02710959 121.43959349 1.0  0.0 0.0
2015-07-09-12 09 14.722	  31.02710959 121.43959349 1.0  0.0 0.0
2015-07-09-12 09 14.834	  31.02710959 121.43959349 1.0  0.0 0.0
2015-07-09-12 09 14.938	  31.02712614 121.43958327 1.0  0.0 0.0
2015-07-09-12 09 15.053	  31.02712614 121.43958327 1.0  0.0 0.0
2015-07-09-12 09 15.190	  31.02712614 121.43958327 1.0  0.0 0.0
2015-07-09-12 09 15.294	  31.02712614 121.43958327 1.0  0.0 0.0
2015-07-09-12 09 15.412	  31.02712614 121.43958327 1.0  0.0 0.0
2015-07-09-12 09 15.514	  31.02712614 121.43958327 1.0  0.0 0.0
2015-07-09-12 09 15.616	  31.02712614 121.43958327 1.0  0.0 0.0
2015-07-09-12 09 15.721	  31.02712614 121.43958327 1.0  0.0 0.0
2015-07-09-12 09 15.822	  31.02712614 121.43958327 1.0  0.0 0.0
2015-07-09-12 09 15.926	  31.02712614 121.43958327 1.0  0.0 0.0
2015-07-09-12 09 16.060	  31.02712614 121.43958327 1.0  0.0 0.0
2015-07-09-12 09 16.162	  31.02712614 121.43958327 1.0  0.0 0.0
2015-07-09-12 09 16.281	  31.02712614 121.43958327 1.0  0.0 0.0
2015-07-09-12 09 16.385	  31.02712614 121.43958327 1.0  0.0 0.0
2015-07-09-12 09 16.493	  31.02712614 121.43958327 1.0  0.0 0.0
2015-07-09-12 09 16.644	  31.02712614 121.43958327 1.0  0.0 0.0
2015-07-09-12 09 16.745	  31.02714401 121.43957538 1.0  0.0 0.0
2015-07-09-12 09 16.848	  31.02714401 121.43957538 1.0  0.0 0.0
2015-07-09-12 09 16.949	  31.02714401 121.43957538 1.0  0.0 0.0
2015-07-09-12 09 17.051	  31.02714401 121.43957538 1.0  0.0 0.0
2015-07-09-12 09 17.153	  31.02714401 121.43957538 1.0  0.0 0.0
2015-07-09-12 09 17.260	  31.02714401 121.43957538 1.0  0.0 0.0
2015-07-09-12 09 17.362	  31.02714401 121.43957538 1.0  0.0 0.0
2015-07-09-12 09 17.464	  31.02714401 121.43957538 1.0  0.0 0.0
2015-07-09-12 09 17.594	  31.02714401 121.43957538 1.0  0.0 0.0
2015-07-09-12 09 17.695	  31.02714401 121.43957538 1.0  0.0 0.0
2015-07-09-12 09 17.797	  31.02714401 121.43957538 1.0  0.0 0.0
2015-07-09-12 09 17.899	  31.02714401 121.43957538 1.0  0.0 0.0
2015-07-09-12 09 18.001	  31.02714401 121.43957538 1.0  0.0 0.0
2015-07-09-12 09 18.104	  31.02714401 121.43957538 1.0  0.0 0.0
2015-07-09-12 09 18.210	  31.02714401 121.43957538 1.0  0.0 0.0
2015-07-09-12 09 18.388	  31.02714401 121.43957538 1.0  0.0 0.0
2015-07-09-12 09 18.489	  31.02714401 121.43957538 1.0  0.0 0.0
2015-07-09-12 09 18.591	  31.02714401 121.43957538 1.0  0.0 0.0
2015-07-09-12 09 18.697	  31.02714401 121.43957538 1.0  0.0 0.0
2015-07-09-12 09 18.802	  31.02714401 121.43957538 1.0  0.0 0.0
2015-07-09-12 09 18.903	  31.02716442 121.43956968 1.0  0.0 0.0
2015-07-09-12 09 19.010	  31.02716442 121.43956968 1.0  0.0 0.0
2015-07-09-12 09 19.122	  31.02716442 121.43956968 1.0  0.0 0.0
2015-07-09-12 09 19.223	  31.02716442 121.43956968 1.0  0.0 0.0
2015-07-09-12 09 19.328	  31.02716442 121.43956968 1.0  0.0 0.0
2015-07-09-12 09 19.432	  31.02716442 121.43956968 1.0  0.0 0.0
2015-07-09-12 09 19.535	  31.02716442 121.43956968 1.0  0.0 0.0
2015-07-09-12 09 19.638	  31.02716442 121.43956968 1.0  0.0 0.0
2015-07-09-12 09 19.742	  31.02716442 121.43956968 1.0  0.0 0.0
2015-07-09-12 09 19.889	  31.02716442 121.43956968 1.0  0.0 0.0
2015-07-09-12 09 19.991	  31.02716442 121.43956968 1.0  0.0 0.0
2015-07-09-12 09 20.096	  31.02716442 121.43956968 1.0  0.0 0.0
2015-07-09-12 09 20.202	  31.02716442 121.43956968 1.0  0.0 0.0
2015-07-09-12 09 20.308	  31.02716442 121.43956968 1.0  0.0 0.0
2015-07-09-12 09 20.411	  31.02716442 121.43956968 1.0  0.0 0.0
2015-07-09-12 09 20.513	  31.02716442 121.43956968 1.0  0.0 0.0
2015-07-09-12 09 20.616	  31.02716442 121.43956968 1.0  0.0 0.0
2015-07-09-12 09 20.721	  31.02716442 121.43956968 1.0  0.0 0.0
2015-07-09-12 09 20.827	  31.02718381 121.43956488 1.0  0.0 0.0
2015-07-09-12 09 20.930	  31.02718381 121.43956488 1.0  0.0 0.0
2015-07-09-12 09 21.033	  31.02718381 121.43956488 1.0  0.0 0.0
2015-07-09-12 09 21.139	  31.02718381 121.43956488 1.0  0.0 0.0
2015-07-09-12 09 21.241	  31.02718381 121.43956488 1.0  0.0 0.0
2015-07-09-12 09 21.343	  31.02718381 121.43956488 1.0  0.0 0.0
2015-07-09-12 09 21.445	  31.02718381 121.43956488 1.0  0.0 0.0
2015-07-09-12 09 21.558	  31.02718381 121.43956488 1.0  0.0 0.0
2015-07-09-12 09 21.660	  31.02718381 121.43956488 1.0  0.0 0.0
2015-07-09-12 09 21.761	  31.02718381 121.43956488 1.0  0.0 0.0
2015-07-09-12 09 21.864	  31.02718381 121.43956488 1.0  0.0 0.0
2015-07-09-12 09 21.971	  31.02718381 121.43956488 1.0  0.0 0.0
2015-07-09-12 09 22.074	  31.02718381 121.43956488 1.0  0.0 0.0
2015-07-09-12 09 22.195	  31.02718381 121.43956488 1.0  0.0 0.0
2015-07-09-12 09 22.298	  31.02718381 121.43956488 1.0  0.0 0.0
2015-07-09-12 09 22.403	  31.02718381 121.43956488 1.0  0.0 0.0
2015-07-09-12 09 22.506	  31.02718381 121.43956488 1.0  0.0 0.0
2015-07-09-12 09 22.615	  31.02718381 121.43956488 1.0  0.0 0.0
2015-07-09-12 09 22.717	  31.02718381 121.43956488 1.0  0.0 0.0
2015-07-09-12 09 22.822	  31.02718381 121.43956488 1.0  0.0 0.0
2015-07-09-12 09 22.926	  31.02718381 121.43956488 1.0  0.0 0.0
2015-07-09-12 09 23.032	  31.02720198 121.43955876 1.0  0.0 0.0
2015-07-09-12 09 23.133	  31.02720198 121.43955876 1.0  0.0 0.0
2015-07-09-12 09 23.238	  31.02720198 121.43955876 1.0  0.0 0.0
2015-07-09-12 09 23.340	  31.02720198 121.43955876 1.0  0.0 0.0
2015-07-09-12 09 23.446	  31.02720198 121.43955876 1.0  0.0 0.0
2015-07-09-12 09 23.550	  31.02720198 121.43955876 1.0  0.0 0.0
2015-07-09-12 09 23.658	  31.02720198 121.43955876 1.0  0.0 0.0
2015-07-09-12 09 23.760	  31.02720198 121.43955876 1.0  0.0 0.0
2015-07-09-12 09 23.868	  31.02720198 121.43955876 1.0  0.0 0.0
2015-07-09-12 09 23.970	  31.02720198 121.43955876 1.0  0.0 0.0
2015-07-09-12 09 24.078	  31.02720198 121.43955876 1.0  0.0 0.0
2015-07-09-12 09 24.183	  31.02720198 121.43955876 1.0  0.0 0.0
2015-07-09-12 09 24.297	  31.02720198 121.43955876 1.0  0.0 0.0
2015-07-09-12 09 24.400	  31.02720198 121.43955876 1.0  0.0 0.0
2015-07-09-12 09 24.501	  31.02720198 121.43955876 1.0  0.0 0.0
2015-07-09-12 09 24.609	  31.02720198 121.43955876 1.0  0.0 0.0
2015-07-09-12 09 24.727	  31.02720198 121.43955876 1.0  0.0 0.0
2015-07-09-12 09 24.828	  31.02720198 121.43955876 1.0  0.0 0.0
2015-07-09-12 09 24.932	  31.02721967 121.43954978 1.0  0.0 0.0
2015-07-09-12 09 25.034	  31.02721967 121.43954978 1.0  0.0 0.0
2015-07-09-12 09 25.154	  31.02721967 121.43954978 1.0  0.0 0.0
2015-07-09-12 09 25.255	  31.02721967 121.43954978 1.0  0.0 0.0
2015-07-09-12 09 25.360	  31.02721967 121.43954978 1.0  0.0 0.0
2015-07-09-12 09 25.466	  31.02721967 121.43954978 1.0  0.0 0.0
2015-07-09-12 09 25.578	  31.02721967 121.43954978 1.0  0.0 0.0
2015-07-09-12 09 25.679	  31.02721967 121.43954978 1.0  0.0 0.0
2015-07-09-12 09 25.784	  31.02721967 121.43954978 1.0  0.0 0.0
2015-07-09-12 09 25.887	  31.02721967 121.43954978 1.0  0.0 0.0
2015-07-09-12 09 25.991	  31.02721967 121.43954978 1.0  0.0 0.0
2015-07-09-12 09 26.095	  31.02721967 121.43954978 1.0  0.0 0.0
2015-07-09-12 09 26.206	  31.02721967 121.43954978 1.0  0.0 0.0
2015-07-09-12 09 26.308	  31.02721967 121.43954978 1.0  0.0 0.0
2015-07-09-12 09 26.417	  31.02721967 121.43954978 1.0  0.0 0.0
2015-07-09-12 09 26.520	  31.02721967 121.43954978 1.0  0.0 0.0
2015-07-09-12 09 26.641	  31.02721967 121.43954978 1.0  0.0 0.0
2015-07-09-12 09 26.744	  31.02721967 121.43954978 1.0  0.0 0.0
2015-07-09-12 09 26.856	  31.02721967 121.43954978 1.0  0.0 0.0
2015-07-09-12 09 26.959	  31.02723689 121.43954235 1.0  0.0 0.0
2015-07-09-12 09 27.067	  31.02723689 121.43954235 1.0  0.0 0.0
2015-07-09-12 09 27.172	  31.02723689 121.43954235 1.0  0.0 0.0
2015-07-09-12 09 27.319	  31.02723689 121.43954235 1.0  0.0 0.0
2015-07-09-12 09 27.428	  31.02723689 121.43954235 1.0  0.0 0.0
2015-07-09-12 09 27.531	  31.02723689 121.43954235 1.0  0.0 0.0
2015-07-09-12 09 27.642	  31.02723689 121.43954235 1.0  0.0 0.0
2015-07-09-12 09 27.744	  31.02723689 121.43954235 1.0  0.0 0.0
2015-07-09-12 09 27.863	  31.02723689 121.43954235 1.0  0.0 0.0
2015-07-09-12 09 27.965	  31.02723689 121.43954235 1.0  0.0 0.0
2015-07-09-12 09 28.069	  31.02723689 121.43954235 1.0  0.0 0.0
2015-07-09-12 09 28.175	  31.02723689 121.43954235 1.0  0.0 0.0
2015-07-09-12 09 28.289	  31.02723689 121.43954235 1.0  0.0 0.0
2015-07-09-12 09 28.390	  31.02723689 121.43954235 1.0  0.0 0.0
2015-07-09-12 09 28.497	  31.02723689 121.43954235 1.0  0.0 0.0
2015-07-09-12 09 28.603	  31.02723689 121.43954235 1.0  0.0 0.0
2015-07-09-12 09 28.719	  31.02723689 121.43954235 1.0  0.0 0.0
2015-07-09-12 09 28.823	  31.02723689 121.43954235 1.0  0.0 0.0
2015-07-09-12 09 28.927	  31.02723689 121.43954235 1.0  0.0 0.0
2015-07-09-12 09 29.032	  31.02723689 121.43954235 1.0  0.0 0.0
2015-07-09-12 09 29.142	  31.02723689 121.43954235 1.0  0.0 0.0
2015-07-09-12 09 29.245	  31.02723689 121.43954235 1.0  0.0 0.0
2015-07-09-12 09 29.352	  31.02723689 121.43954235 1.0  0.0 0.0
2015-07-09-12 09 29.457	  31.02723689 121.43954235 1.0  0.0 0.0
2015-07-09-12 09 29.573	  31.02723689 121.43954235 1.0  0.0 0.0
2015-07-09-12 09 29.674	  31.02723689 121.43954235 1.0  0.0 0.0
2015-07-09-12 09 29.782	  31.02726157 121.43952932 1.0  0.0 0.0
2015-07-09-12 09 29.884	  31.02726157 121.43952932 1.0  0.0 0.0
2015-07-09-12 09 29.989	  31.02726157 121.43952932 1.0  0.0 0.0
2015-07-09-12 09 30.092	  31.02726157 121.43952932 1.0  0.0 0.0
2015-07-09-12 09 30.195	  31.02726157 121.43952932 1.0  0.0 0.0
2015-07-09-12 09 30.298	  31.02726157 121.43952932 1.0  0.0 0.0
2015-07-09-12 09 30.407	  31.02726157 121.43952932 1.0  0.0 0.0
2015-07-09-12 09 30.512	  31.02726157 121.43952932 1.0  0.0 0.0
2015-07-09-12 09 30.629	  31.02726157 121.43952932 1.0  0.0 0.0
2015-07-09-12 09 30.731	  31.02726157 121.43952932 1.0  0.0 0.0
2015-07-09-12 09 30.835	  31.02726157 121.43952932 1.0  0.0 0.0
2015-07-09-12 09 30.940	  31.02726157 121.43952932 1.0  0.0 0.0
2015-07-09-12 09 31.048	  31.02726157 121.43952932 1.0  0.0 0.0
2015-07-09-12 09 31.151	  31.02726157 121.43952932 1.0  0.0 0.0
2015-07-09-12 09 31.257	  31.02726157 121.43952932 1.0  0.0 0.0
2015-07-09-12 09 31.361	  31.02726157 121.43952932 1.0  0.0 0.0
2015-07-09-12 09 31.469	  31.02726157 121.43952932 1.0  0.0 0.0
2015-07-09-12 09 31.571	  31.02726157 121.43952932 1.0  0.0 0.0
2015-07-09-12 09 31.687	  31.02726157 121.43952932 1.0  0.0 0.0
2015-07-09-12 09 31.789	  31.02727901 121.4395199 1.0  0.0 0.0
2015-07-09-12 09 31.895	  31.02727901 121.4395199 1.0  0.0 0.0
2015-07-09-12 09 31.998	  31.02727901 121.4395199 1.0  0.0 0.0
2015-07-09-12 09 32.103	  31.02727901 121.4395199 1.0  0.0 0.0
2015-07-09-12 09 32.207	  31.02727901 121.4395199 1.0  0.0 0.0
2015-07-09-12 09 32.315	  31.02727901 121.4395199 1.0  0.0 0.0
2015-07-09-12 09 32.425	  31.02727901 121.4395199 1.0  0.0 0.0
2015-07-09-12 09 32.531	  31.02727901 121.4395199 1.0  0.0 0.0
2015-07-09-12 09 32.643	  31.02727901 121.4395199 1.0  0.0 0.0
2015-07-09-12 09 32.744	  31.02727901 121.4395199 1.0  0.0 0.0
2015-07-09-12 09 32.852	  31.02727901 121.4395199 1.0  0.0 0.0
2015-07-09-12 09 32.954	  31.02727901 121.4395199 1.0  0.0 0.0
2015-07-09-12 09 33.064	  31.02727901 121.4395199 1.0  0.0 0.0
2015-07-09-12 09 33.172	  31.02727901 121.4395199 1.0  0.0 0.0
2015-07-09-12 09 33.282	  31.02727901 121.4395199 1.0  0.0 0.0
2015-07-09-12 09 33.384	  31.02727901 121.4395199 1.0  0.0 0.0
2015-07-09-12 09 33.489	  31.02727901 121.4395199 1.0  0.0 0.0
2015-07-09-12 09 33.592	  31.02727901 121.4395199 1.0  0.0 0.0
2015-07-09-12 09 33.700	  31.02727901 121.4395199 1.0  0.0 0.0
2015-07-09-12 09 33.805	  31.02729784 121.43951071 1.0  0.0 0.0
2015-07-09-12 09 33.912	  31.02729784 121.43951071 1.0  0.0 0.0
2015-07-09-12 09 34.016	  31.02729784 121.43951071 1.0  0.0 0.0
2015-07-09-12 09 34.123	  31.02729784 121.43951071 1.0  0.0 0.0
2015-07-09-12 09 34.227	  31.02729784 121.43951071 1.0  0.0 0.0
2015-07-09-12 09 34.334	  31.02729784 121.43951071 1.0  0.0 0.0
2015-07-09-12 09 34.440	  31.02729784 121.43951071 1.0  0.0 0.0
2015-07-09-12 09 34.552	  31.02729784 121.43951071 1.0  0.0 0.0
2015-07-09-12 09 34.654	  31.02729784 121.43951071 1.0  0.0 0.0
2015-07-09-12 09 34.762	  31.02729784 121.43951071 1.0  0.0 0.0
2015-07-09-12 09 34.864	  31.02729784 121.43951071 1.0  0.0 0.0
2015-07-09-12 09 34.972	  31.02729784 121.43951071 1.0  0.0 0.0
2015-07-09-12 09 35.074	  31.02729784 121.43951071 1.0  0.0 0.0
2015-07-09-12 09 35.183	  31.02729784 121.43951071 1.0  0.0 0.0
2015-07-09-12 09 35.288	  31.02729784 121.43951071 1.0  0.0 0.0
2015-07-09-12 09 35.442	  31.02729784 121.43951071 1.0  0.0 0.0
2015-07-09-12 09 35.544	  31.02729784 121.43951071 1.0  0.0 0.0
2015-07-09-12 09 35.693	  31.02729784 121.43951071 1.0  0.0 0.0
2015-07-09-12 09 35.795	  31.02731588 121.43950182 1.0  0.0 0.0
2015-07-09-12 09 35.897	  31.02731588 121.43950182 1.0  0.0 0.0
2015-07-09-12 09 36.005	  31.02731588 121.43950182 1.0  0.0 0.0
2015-07-09-12 09 36.111	  31.02731588 121.43950182 1.0  0.0 0.0
2015-07-09-12 09 36.266	  31.02731588 121.43950182 1.0  0.0 0.0
2015-07-09-12 09 36.371	  31.02731588 121.43950182 1.0  0.0 0.0
2015-07-09-12 09 36.526	  31.02731588 121.43950182 1.0  0.0 0.0
2015-07-09-12 09 36.633	  31.02731588 121.43950182 1.0  0.0 0.0
2015-07-09-12 09 36.735	  31.02731588 121.43950182 1.0  0.0 0.0
2015-07-09-12 09 36.874	  31.02731588 121.43950182 1.0  0.0 0.0
2015-07-09-12 09 36.983	  31.02731588 121.43950182 1.0  0.0 0.0
2015-07-09-12 09 37.101	  31.02731588 121.43950182 1.0  0.0 0.0
2015-07-09-12 09 37.208	  31.02731588 121.43950182 1.0  0.0 0.0
2015-07-09-12 09 37.311	  31.02731588 121.43950182 1.0  0.0 0.0
2015-07-09-12 09 37.414	  31.02731588 121.43950182 1.0  0.0 0.0
2015-07-09-12 09 37.521	  31.02731588 121.43950182 1.0  0.0 0.0
2015-07-09-12 09 37.625	  31.02731588 121.43950182 1.0  0.0 0.0
2015-07-09-12 09 37.776	  31.02733284 121.43949099 1.0  0.0 0.0
2015-07-09-12 09 37.877	  31.02733284 121.43949099 1.0  0.0 0.0
2015-07-09-12 09 37.996	  31.02733284 121.43949099 1.0  0.0 0.0
2015-07-09-12 09 38.100	  31.02733284 121.43949099 1.0  0.0 0.0
2015-07-09-12 09 38.202	  31.02733284 121.43949099 1.0  0.0 0.0
2015-07-09-12 09 38.358	  31.02733284 121.43949099 1.0  0.0 0.0
2015-07-09-12 09 38.461	  31.02733284 121.43949099 1.0  0.0 0.0
2015-07-09-12 09 38.623	  31.02733284 121.43949099 1.0  0.0 0.0
2015-07-09-12 09 38.724	  31.02733284 121.43949099 1.0  0.0 0.0
2015-07-09-12 09 38.845	  31.02733284 121.43949099 1.0  0.0 0.0
2015-07-09-12 09 38.948	  31.02733284 121.43949099 1.0  0.0 0.0
2015-07-09-12 09 39.078	  31.02733284 121.43949099 1.0  0.0 0.0
2015-07-09-12 09 39.179	  31.02733284 121.43949099 1.0  0.0 0.0
2015-07-09-12 09 39.283	  31.02733284 121.43949099 1.0  0.0 0.0
2015-07-09-12 09 39.441	  31.02733284 121.43949099 1.0  0.0 0.0
2015-07-09-12 09 39.543	  31.02733284 121.43949099 1.0  0.0 0.0
2015-07-09-12 09 39.682	  31.02733284 121.43949099 1.0  0.0 0.0
2015-07-09-12 09 39.795	  31.02733284 121.43949099 1.0  0.0 0.0
2015-07-09-12 09 39.896	  31.02733284 121.43949099 1.0  0.0 0.0
2015-07-09-12 09 40.015	  31.02733284 121.43949099 1.0  0.0 0.0
2015-07-09-12 09 40.119	  31.02733284 121.43949099 1.0  0.0 0.0
2015-07-09-12 09 40.289	  31.02733284 121.43949099 1.0  0.0 0.0
2015-07-09-12 09 40.390	  31.02733284 121.43949099 1.0  0.0 0.0
2015-07-09-12 09 40.492	  31.02733284 121.43949099 1.0  0.0 0.0
2015-07-09-12 09 40.640	  31.02733284 121.43949099 1.0  0.0 0.0
2015-07-09-12 09 40.752	  31.02733284 121.43949099 1.0  0.0 0.0
2015-07-09-12 09 40.891	  31.02733284 121.43949099 1.0  0.0 0.0
2015-07-09-12 09 40.998	  31.02735846 121.43948398 1.0  0.0 0.0
2015-07-09-12 09 41.101	  31.02735846 121.43948398 1.0  0.0 0.0
2015-07-09-12 09 41.220	  31.02735846 121.43948398 1.0  0.0 0.0
2015-07-09-12 09 41.324	  31.02735846 121.43948398 1.0  0.0 0.0
2015-07-09-12 09 41.490	  31.02735846 121.43948398 1.0  0.0 0.0
2015-07-09-12 09 41.597	  31.02735846 121.43948398 1.0  0.0 0.0
2015-07-09-12 09 41.700	  31.02735846 121.43948398 1.0  0.0 0.0
2015-07-09-12 09 41.820	  31.02735846 121.43948398 1.0  0.0 0.0
2015-07-09-12 09 41.922	  31.02735846 121.43948398 1.0  0.0 0.0
2015-07-09-12 09 42.047	  31.02735846 121.43948398 1.0  0.0 0.0
2015-07-09-12 09 42.151	  31.02735846 121.43948398 1.0  0.0 0.0
2015-07-09-12 09 42.256	  31.02735846 121.43948398 1.0  0.0 0.0
2015-07-09-12 09 42.435	  31.02735846 121.43948398 1.0  0.0 0.0
2015-07-09-12 09 42.553	  31.02735846 121.43948398 1.0  0.0 0.0
2015-07-09-12 09 42.657	  31.02735846 121.43948398 1.0  0.0 0.0
2015-07-09-12 09 42.760	  31.02735846 121.43948398 1.0  0.0 0.0
2015-07-09-12 09 42.892	  31.02735846 121.43948398 1.0  0.0 0.0
2015-07-09-12 09 42.997	  31.02735846 121.43948398 1.0  0.0 0.0
2015-07-09-12 09 43.102	  31.02735846 121.43948398 1.0  0.0 0.0
2015-07-09-12 09 43.252	  31.02735846 121.43948398 1.0  0.0 0.0
2015-07-09-12 09 43.356	  31.02735846 121.43948398 1.0  0.0 0.0
2015-07-09-12 09 43.485	  31.02735846 121.43948398 1.0  0.0 0.0
2015-07-09-12 09 43.589	  31.02735846 121.43948398 1.0  0.0 0.0
2015-07-09-12 09 43.691	  31.02735846 121.43948398 1.0  0.0 0.0
2015-07-09-12 09 43.840	  31.02738439 121.43947615 1.0  0.0 0.0
2015-07-09-12 09 43.941	  31.02738439 121.43947615 1.0  0.0 0.0
2015-07-09-12 09 44.043	  31.02738439 121.43947615 1.0  0.0 0.0
2015-07-09-12 09 44.161	  31.02738439 121.43947615 1.0  0.0 0.0
2015-07-09-12 09 44.263	  31.02738439 121.43947615 1.0  0.0 0.0
2015-07-09-12 09 44.365	  31.02738439 121.43947615 1.0  0.0 0.0
2015-07-09-12 09 44.535	  31.02738439 121.43947615 1.0  0.0 0.0
2015-07-09-12 09 44.639	  31.02738439 121.43947615 1.0  0.0 0.0
2015-07-09-12 09 44.745	  31.02738439 121.43947615 1.0  0.0 0.0
2015-07-09-12 09 44.937	  31.02738439 121.43947615 1.0  0.0 0.0
2015-07-09-12 09 45.039	  31.02738439 121.43947615 1.0  0.0 0.0
2015-07-09-12 09 45.141	  31.02738439 121.43947615 1.0  0.0 0.0
2015-07-09-12 09 45.282	  31.02738439 121.43947615 1.0  0.0 0.0
2015-07-09-12 09 45.385	  31.02738439 121.43947615 1.0  0.0 0.0
2015-07-09-12 09 45.487	  31.02738439 121.43947615 1.0  0.0 0.0
2015-07-09-12 09 45.637	  31.02738439 121.43947615 1.0  0.0 0.0
2015-07-09-12 09 45.744	  31.02740226 121.43946982 1.0  0.0 0.0
2015-07-09-12 09 45.846	  31.02740226 121.43946982 1.0  0.0 0.0
2015-07-09-12 09 45.962	  31.02740226 121.43946982 1.0  0.0 0.0
2015-07-09-12 09 46.064	  31.02740226 121.43946982 1.0  0.0 0.0
2015-07-09-12 09 46.168	  31.02740226 121.43946982 1.0  0.0 0.0
2015-07-09-12 09 46.343	  31.02740226 121.43946982 1.0  0.0 0.0
2015-07-09-12 09 46.457	  31.02740226 121.43946982 1.0  0.0 0.0
2015-07-09-12 09 46.561	  31.02740226 121.43946982 1.0  0.0 0.0
2015-07-09-12 09 46.680	  31.02740226 121.43946982 1.0  0.0 0.0
2015-07-09-12 09 46.783	  31.02740226 121.43946982 1.0  0.0 0.0
2015-07-09-12 09 46.884	  31.02740226 121.43946982 1.0  0.0 0.0
2015-07-09-12 09 47.031	  31.02740226 121.43946982 1.0  0.0 0.0
2015-07-09-12 09 47.134	  31.02740226 121.43946982 1.0  0.0 0.0
2015-07-09-12 09 47.235	  31.02740226 121.43946982 1.0  0.0 0.0
2015-07-09-12 09 47.354	  31.02740226 121.43946982 1.0  0.0 0.0
2015-07-09-12 09 47.462	  31.02740226 121.43946982 1.0  0.0 0.0
2015-07-09-12 09 47.570	  31.02740226 121.43946982 1.0  0.0 0.0
2015-07-09-12 09 47.673	  31.02741839 121.43945881 1.0  0.0 0.0
2015-07-09-12 09 47.835	  31.02741839 121.43945881 1.0  0.0 0.0
2015-07-09-12 09 47.977	  31.02741839 121.43945881 1.0  0.0 0.0
2015-07-09-12 09 48.089	  31.02741839 121.43945881 1.0  0.0 0.0
2015-07-09-12 09 48.192	  31.02741839 121.43945881 1.0  0.0 0.0
2015-07-09-12 09 48.312	  31.02741839 121.43945881 1.0  0.0 0.0
2015-07-09-12 09 48.421	  31.02741839 121.43945881 1.0  0.0 0.0
2015-07-09-12 09 48.523	  31.02741839 121.43945881 1.0  0.0 0.0
2015-07-09-12 09 48.692	  31.02741839 121.43945881 1.0  0.0 0.0
2015-07-09-12 09 48.794	  31.02741839 121.43945881 1.0  0.0 0.0
2015-07-09-12 09 48.933	  31.02741839 121.43945881 1.0  0.0 0.0
2015-07-09-12 09 49.079	  31.02741839 121.43945881 1.0  0.0 0.0
2015-07-09-12 09 49.180	  31.02741839 121.43945881 1.0  0.0 0.0
2015-07-09-12 09 49.283	  31.02741839 121.43945881 1.0  0.0 0.0
2015-07-09-12 09 49.443	  31.02741839 121.43945881 1.0  0.0 0.0
2015-07-09-12 09 49.545	  31.02741839 121.43945881 1.0  0.0 0.0
2015-07-09-12 09 49.688	  31.02741839 121.43945881 1.0  0.0 0.0
2015-07-09-12 09 49.833	  31.02741839 121.43945881 1.0  0.0 0.0
2015-07-09-12 09 49.935	  31.02743656 121.43945397 1.0  0.0 0.0
2015-07-09-12 09 50.037	  31.02743656 121.43945397 1.0  0.0 0.0
2015-07-09-12 09 50.158	  31.02743656 121.43945397 1.0  0.0 0.0
2015-07-09-12 09 50.301	  31.02743656 121.43945397 1.0  0.0 0.0
2015-07-09-12 09 50.405	  31.02743656 121.43945397 1.0  0.0 0.0
2015-07-09-12 09 50.508	  31.02743656 121.43945397 1.0  0.0 0.0
2015-07-09-12 09 50.653	  31.02743656 121.43945397 1.0  0.0 0.0
2015-07-09-12 09 50.829	  31.02743656 121.43945397 1.0  0.0 0.0
2015-07-09-12 09 50.936	  31.02743656 121.43945397 1.0  0.0 0.0
2015-07-09-12 09 51.039	  31.02743656 121.43945397 1.0  0.0 0.0
2015-07-09-12 09 51.187	  31.02743656 121.43945397 1.0  0.0 0.0
2015-07-09-12 09 51.348	  31.02743656 121.43945397 1.0  0.0 0.0
2015-07-09-12 09 51.450	  31.02743656 121.43945397 1.0  0.0 0.0
2015-07-09-12 09 51.552	  31.02743656 121.43945397 1.0  0.0 0.0
2015-07-09-12 09 51.729	  31.02743656 121.43945397 1.0  0.0 0.0
2015-07-09-12 09 51.854	  31.02745529 121.43944918 1.0  0.0 0.0
2015-07-09-12 09 51.959	  31.02745529 121.43944918 1.0  0.0 0.0
2015-07-09-12 09 52.062	  31.02745529 121.43944918 1.0  0.0 0.0
2015-07-09-12 09 52.181	  31.02745529 121.43944918 1.0  0.0 0.0
2015-07-09-12 09 52.313	  31.02745529 121.43944918 1.0  0.0 0.0
2015-07-09-12 09 52.423	  31.02745529 121.43944918 1.0  0.0 0.0
2015-07-09-12 09 52.527	  31.02745529 121.43944918 1.0  0.0 0.0
2015-07-09-12 09 52.679	  31.02745529 121.43944918 1.0  0.0 0.0
2015-07-09-12 09 52.783	  31.02745529 121.43944918 1.0  0.0 0.0
2015-07-09-12 09 52.915	  31.02745529 121.43944918 1.0  0.0 0.0
2015-07-09-12 09 53.038	  31.02745529 121.43944918 1.0  0.0 0.0
2015-07-09-12 09 53.146	  31.02745529 121.43944918 1.0  0.0 0.0
2015-07-09-12 09 53.249	  31.02745529 121.43944918 1.0  0.0 0.0
2015-07-09-12 09 53.365	  31.02745529 121.43944918 1.0  0.0 0.0
2015-07-09-12 09 53.536	  31.02745529 121.43944918 1.0  0.0 0.0
2015-07-09-12 09 53.641	  31.02745529 121.43944918 1.0  0.0 0.0
2015-07-09-12 09 53.746	  31.02747504 121.43944451 1.0  0.0 0.0
2015-07-09-12 09 53.896	  31.02747504 121.43944451 1.0  0.0 0.0
2015-07-09-12 09 53.998	  31.02747504 121.43944451 1.0  0.0 0.0
2015-07-09-12 09 54.123	  31.02747504 121.43944451 1.0  0.0 0.0
2015-07-09-12 09 54.226	  31.02747504 121.43944451 1.0  0.0 0.0
2015-07-09-12 09 54.397	  31.02747504 121.43944451 1.0  0.0 0.0
2015-07-09-12 09 54.522	  31.02747504 121.43944451 1.0  0.0 0.0
2015-07-09-12 09 54.668	  31.02747504 121.43944451 1.0  0.0 0.0
2015-07-09-12 09 54.809	  31.02747504 121.43944451 1.0  0.0 0.0
2015-07-09-12 09 54.915	  31.02747504 121.43944451 1.0  0.0 0.0
2015-07-09-12 09 55.027	  31.02747504 121.43944451 1.0  0.0 0.0
2015-07-09-12 09 55.178	  31.02747504 121.43944451 1.0  0.0 0.0
2015-07-09-12 09 55.335	  31.02747504 121.43944451 1.0  0.0 0.0
2015-07-09-12 09 55.462	  31.02747504 121.43944451 1.0  0.0 0.0
2015-07-09-12 09 55.577	  31.02747504 121.43944451 1.0  0.0 0.0
2015-07-09-12 09 55.679	  31.02747504 121.43944451 1.0  0.0 0.0
2015-07-09-12 09 55.801	  31.0274979 121.439444 1.0  0.0 0.0
2015-07-09-12 09 55.903	  31.0274979 121.439444 1.0  0.0 0.0
2015-07-09-12 09 56.057	  31.0274979 121.439444 1.0  0.0 0.0
2015-07-09-12 09 56.205	  31.0274979 121.439444 1.0  0.0 0.0
2015-07-09-12 09 56.322	  31.0274979 121.439444 1.0  0.0 0.0
2015-07-09-12 09 56.431	  31.0274979 121.439444 1.0  0.0 0.0
2015-07-09-12 09 56.535	  31.0274979 121.439444 1.0  0.0 0.0
2015-07-09-12 09 56.696	  31.0274979 121.439444 1.0  0.0 0.0
2015-07-09-12 09 56.814	  31.0274979 121.439444 1.0  0.0 0.0
2015-07-09-12 09 56.955	  31.0274979 121.439444 1.0  0.0 0.0
2015-07-09-12 09 57.060	  31.0274979 121.439444 1.0  0.0 0.0
2015-07-09-12 09 57.162	  31.0274979 121.439444 1.0  0.0 0.0
2015-07-09-12 09 57.334	  31.0274979 121.439444 1.0  0.0 0.0
2015-07-09-12 09 57.441	  31.0274979 121.439444 1.0  0.0 0.0
2015-07-09-12 09 57.596	  31.0274979 121.439444 1.0  0.0 0.0
2015-07-09-12 09 57.746	  31.02752372 121.4394359 1.0  0.0 0.0
2015-07-09-12 09 57.852	  31.02752372 121.4394359 1.0  0.0 0.0
2015-07-09-12 09 57.954	  31.02752372 121.4394359 1.0  0.0 0.0
2015-07-09-12 09 58.088	  31.02752372 121.4394359 1.0  0.0 0.0
2015-07-09-12 09 58.243	  31.02752372 121.4394359 1.0  0.0 0.0
2015-07-09-12 09 58.360	  31.02752372 121.4394359 1.0  0.0 0.0
2015-07-09-12 09 58.536	  31.02752372 121.4394359 1.0  0.0 0.0
2015-07-09-12 09 58.680	  31.02752372 121.4394359 1.0  0.0 0.0
2015-07-09-12 09 58.840	  31.02752372 121.4394359 1.0  0.0 0.0
2015-07-09-12 09 58.957	  31.02752372 121.4394359 1.0  0.0 0.0
2015-07-09-12 09 59.089	  31.02752372 121.4394359 1.0  0.0 0.0
2015-07-09-12 09 59.233	  31.02752372 121.4394359 1.0  0.0 0.0
2015-07-09-12 09 59.338	  31.02752372 121.4394359 1.0  0.0 0.0
2015-07-09-12 09 59.443	  31.02752372 121.4394359 1.0  0.0 0.0
2015-07-09-12 09 59.610	  31.02752372 121.4394359 1.0  0.0 0.0
2015-07-09-12 09 59.748	  31.02754482 121.43942593 1.0  0.0 0.0
2015-07-09-12 09 59.880	  31.02754482 121.43942593 1.0  0.0 0.0
2015-07-09-12 09 59.990	  31.02754482 121.43942593 1.0  0.0 0.0
2015-07-09-12 10 00.095	  31.02754482 121.43942593 1.0  0.0 0.0
2015-07-09-12 10 00.212	  31.02754482 121.43942593 1.0  0.0 0.0
2015-07-09-12 10 00.327	  31.02754482 121.43942593 1.0  0.0 0.0
2015-07-09-12 10 00.483	  31.02754482 121.43942593 1.0  0.0 0.0
2015-07-09-12 10 00.589	  31.02754482 121.43942593 1.0  0.0 0.0
2015-07-09-12 10 00.692	  31.02754482 121.43942593 1.0  0.0 0.0
2015-07-09-12 10 00.838	  31.02754482 121.43942593 1.0  0.0 0.0
2015-07-09-12 10 00.954	  31.02754482 121.43942593 1.0  0.0 0.0
2015-07-09-12 10 01.083	  31.02754482 121.43942593 1.0  0.0 0.0
2015-07-09-12 10 01.185	  31.02754482 121.43942593 1.0  0.0 0.0
2015-07-09-12 10 01.288	  31.02754482 121.43942593 1.0  0.0 0.0
2015-07-09-12 10 01.404	  31.02754482 121.43942593 1.0  0.0 0.0
2015-07-09-12 10 01.543	  31.02754482 121.43942593 1.0  0.0 0.0
2015-07-09-12 10 01.692	  31.0275646 121.43941784 1.25  0.0 0.0
2015-07-09-12 10 01.816	  31.0275646 121.43941784 1.25  0.0 0.0
2015-07-09-12 10 01.960	  31.0275646 121.43941784 1.25  0.0 0.0
2015-07-09-12 10 02.109	  31.0275646 121.43941784 1.25  0.0 0.0
2015-07-09-12 10 02.247	  31.0275646 121.43941784 1.25  0.0 0.0
2015-07-09-12 10 02.384	  31.0275646 121.43941784 1.25  0.0 0.0
2015-07-09-12 10 02.524	  31.0275646 121.43941784 1.25  0.0 0.0
2015-07-09-12 10 02.638	  31.0275646 121.43941784 1.25  0.0 0.0
2015-07-09-12 10 02.779	  31.0275646 121.43941784 1.25  0.0 0.0
2015-07-09-12 10 02.919	  31.0275646 121.43941784 1.25  0.0 0.0
2015-07-09-12 10 03.101	  31.0275646 121.43941784 1.25  0.0 0.0
2015-07-09-12 10 03.225	  31.0275646 121.43941784 1.25  0.0 0.0
2015-07-09-12 10 03.390	  31.0275646 121.43941784 1.25  0.0 0.0
2015-07-09-12 10 03.507	  31.0275646 121.43941784 1.25  0.0 0.0
2015-07-09-12 10 03.640	  31.0275646 121.43941784 1.25  0.0 0.0
2015-07-09-12 10 03.805	  31.02758304 121.43940693 1.25  0.0 0.0
2015-07-09-12 10 03.920	  31.02758304 121.43940693 1.25  0.0 0.0
2015-07-09-12 10 04.055	  31.02758304 121.43940693 1.25  0.0 0.0
2015-07-09-12 10 04.200	  31.02758304 121.43940693 1.25  0.0 0.0
2015-07-09-12 10 04.349	  31.02758304 121.43940693 1.25  0.0 0.0
2015-07-09-12 10 04.513	  31.02758304 121.43940693 1.25  0.0 0.0
2015-07-09-12 10 04.630	  31.02758304 121.43940693 1.25  0.0 0.0
2015-07-09-12 10 04.746	  31.02758304 121.43940693 1.25  0.0 0.0
2015-07-09-12 10 04.873	  31.02758304 121.43940693 1.25  0.0 0.0
2015-07-09-12 10 04.991	  31.02758304 121.43940693 1.25  0.0 0.0
2015-07-09-12 10 05.129	  31.02758304 121.43940693 1.25  0.0 0.0
2015-07-09-12 10 05.265	  31.02758304 121.43940693 1.25  0.0 0.0
2015-07-09-12 10 05.430	  31.02758304 121.43940693 1.25  0.0 0.0
2015-07-09-12 10 05.545	  31.02758304 121.43940693 1.25  0.0 0.0
2015-07-09-12 10 05.675	  31.02758304 121.43940693 1.25  0.0 0.0
2015-07-09-12 10 05.840	  31.02760179 121.43939589 1.25  0.0 0.0
2015-07-09-12 10 05.954	  31.02760179 121.43939589 1.25  0.0 0.0
2015-07-09-12 10 06.086	  31.02760179 121.43939589 1.25  0.0 0.0
2015-07-09-12 10 06.222	  31.02760179 121.43939589 1.25  0.0 0.0
2015-07-09-12 10 06.339	  31.02760179 121.43939589 1.25  0.0 0.0
2015-07-09-12 10 06.466	  31.02760179 121.43939589 1.25  0.0 0.0
2015-07-09-12 10 06.637	  31.02760179 121.43939589 1.25  0.0 0.0
2015-07-09-12 10 06.754	  31.02760179 121.43939589 1.25  0.0 0.0
2015-07-09-12 10 06.899	  31.02760179 121.43939589 1.25  0.0 0.0
2015-07-09-12 10 07.014	  31.02760179 121.43939589 1.25  0.0 0.0
2015-07-09-12 10 07.129	  31.02760179 121.43939589 1.25  0.0 0.0
2015-07-09-12 10 07.282	  31.02760179 121.43939589 1.25  0.0 0.0
2015-07-09-12 10 07.428	  31.02760179 121.43939589 1.25  0.0 0.0
2015-07-09-12 10 07.545	  31.02760179 121.43939589 1.25  0.0 0.0
2015-07-09-12 10 07.697	  31.02760179 121.43939589 1.25  0.0 0.0
