2015-07-09-12 01 30.239	  0.0 0.0 0.0  0.0 0.0
2015-07-09-12 01 30.341	  0.0 0.0 0.0  0.0 0.0
2015-07-09-12 01 30.443	  0.0 0.0 0.0  0.0 0.0
2015-07-09-12 01 30.544	  0.0 0.0 0.0  0.0 0.0
2015-07-09-12 01 30.645	  0.0 0.0 0.0  0.0 0.0
2015-07-09-12 01 30.747	  0.0 0.0 0.0  0.0 0.0
2015-07-09-12 01 30.849	  0.0 0.0 0.0  0.0 0.0
2015-07-09-12 01 30.951	  0.0 0.0 0.0  0.0 0.0
2015-07-09-12 01 31.053	  0.0 0.0 0.0  0.0 0.0
2015-07-09-12 01 31.154	  0.0 0.0 0.0  0.0 0.0
2015-07-09-12 01 31.256	  0.0 0.0 0.0  0.0 0.0
2015-07-09-12 01 31.358	  0.0 0.0 0.0  0.0 0.0
2015-07-09-12 01 31.460	  0.0 0.0 0.0  0.0 0.0
2015-07-09-12 01 31.561	  0.0 0.0 0.0  0.0 0.0
2015-07-09-12 01 31.663	  0.0 0.0 0.0  0.0 0.0
2015-07-09-12 01 31.765	  0.0 0.0 0.0  0.0 0.0
2015-07-09-12 01 31.867	  0.0 0.0 0.0  0.0 0.0
2015-07-09-12 01 31.968	  0.0 0.0 0.0  0.0 0.0
2015-07-09-12 01 32.070	  0.0 0.0 0.0  0.0 0.0
2015-07-09-12 01 32.176	  0.0 0.0 0.0  0.0 0.0
2015-07-09-12 01 32.279	  0.0 0.0 0.0  0.0 0.0
2015-07-09-12 01 32.380	  0.0 0.0 0.0  0.0 0.0
2015-07-09-12 01 32.482	  0.0 0.0 0.0  0.0 0.0
2015-07-09-12 01 32.584	  0.0 0.0 0.0  0.0 0.0
2015-07-09-12 01 32.685	  0.0 0.0 0.0  0.0 0.0
2015-07-09-12 01 32.788	  0.0 0.0 0.0  0.0 0.0
2015-07-09-12 01 32.890	  0.0 0.0 0.0  0.0 0.0
2015-07-09-12 01 32.993	  0.0 0.0 0.0  0.0 0.0
2015-07-09-12 01 33.095	  0.0 0.0 0.0  0.0 0.0
2015-07-09-12 01 33.196	  0.0 0.0 0.0  0.0 0.0
2015-07-09-12 01 33.299	  0.0 0.0 0.0  0.0 0.0
2015-07-09-12 01 33.407	  0.0 0.0 0.0  0.0 0.0
2015-07-09-12 01 33.510	  0.0 0.0 0.0  0.0 0.0
2015-07-09-12 01 33.613	  0.0 0.0 0.0  0.0 0.0
2015-07-09-12 01 33.720	  0.0 0.0 0.0  0.0 0.0
2015-07-09-12 01 33.823	  0.0 0.0 0.0  0.0 0.0
2015-07-09-12 01 33.925	  0.0 0.0 0.0  0.0 0.0
2015-07-09-12 01 34.030	  0.0 0.0 0.0  0.0 0.0
2015-07-09-12 01 34.135	  0.0 0.0 0.0  0.0 0.0
2015-07-09-12 01 34.239	  0.0 0.0 0.0  0.0 0.0
2015-07-09-12 01 34.346	  0.0 0.0 0.0  0.0 0.0
2015-07-09-12 01 34.462	  0.0 0.0 0.0  0.0 0.0
2015-07-09-12 01 34.565	  0.0 0.0 0.0  0.0 0.0
2015-07-09-12 01 34.667	  31.02764534 121.43936597 1.0  0.0 0.0
2015-07-09-12 01 34.786	  31.02764534 121.43936597 1.0  0.0 0.0
2015-07-09-12 01 34.889	  31.02764534 121.43936597 1.0  0.0 0.0
2015-07-09-12 01 34.991	  31.02764534 121.43936597 1.0  0.0 0.0
2015-07-09-12 01 35.098	  31.02764534 121.43936597 1.0  0.0 0.0
2015-07-09-12 01 35.199	  31.02764534 121.43936597 1.0  0.0 0.0
2015-07-09-12 01 35.304	  31.02764534 121.43936597 1.0  0.0 0.0
2015-07-09-12 01 35.408	  31.02764534 121.43936597 1.0  0.0 0.0
2015-07-09-12 01 35.578	  31.02764534 121.43936597 1.0  0.0 0.0
2015-07-09-12 01 35.685	  31.02764534 121.43936597 1.0  0.0 0.0
2015-07-09-12 01 35.788	  31.02764534 121.43936597 1.0  0.0 0.0
2015-07-09-12 01 35.892	  31.02764534 121.43936597 1.0  0.0 0.0
2015-07-09-12 01 35.998	  31.02764534 121.43936597 1.0  0.0 0.0
2015-07-09-12 01 36.103	  31.02764534 121.43936597 1.0  0.0 0.0
2015-07-09-12 01 36.210	  31.02761692 121.43940107 0.0  0.0 0.0
2015-07-09-12 01 36.324	  31.02761692 121.43940107 0.0  0.0 0.0
2015-07-09-12 01 36.425	  31.02761692 121.43940107 0.0  0.0 0.0
2015-07-09-12 01 36.527	  31.02761692 121.43940107 0.0  0.0 0.0
2015-07-09-12 01 36.631	  31.02761692 121.43940107 0.0  0.0 0.0
2015-07-09-12 01 36.734	  31.02761692 121.43940107 0.0  0.0 0.0
2015-07-09-12 01 36.836	  31.02761692 121.43940107 0.0  0.0 0.0
2015-07-09-12 01 36.944	  31.02761692 121.43940107 0.0  0.0 0.0
2015-07-09-12 01 37.056	  31.02761692 121.43940107 0.0  0.0 0.0
2015-07-09-12 01 37.158	  31.02761692 121.43940107 0.0  0.0 0.0
2015-07-09-12 01 37.259	  31.02761692 121.43940107 0.0  0.0 0.0
2015-07-09-12 01 37.361	  31.02761692 121.43940107 0.0  0.0 0.0
2015-07-09-12 01 37.463	  31.02761692 121.43940107 0.0  0.0 0.0
2015-07-09-12 01 37.568	  31.02761692 121.43940107 0.0  0.0 0.0
2015-07-09-12 01 37.672	  31.02761692 121.43940107 0.0  0.0 0.0
2015-07-09-12 01 37.777	  31.02761692 121.43940107 0.0  0.0 0.0
2015-07-09-12 01 37.881	  31.02759535 121.43941596 0.5  0.0 0.0
2015-07-09-12 01 37.983	  31.02759535 121.43941596 0.5  0.0 0.0
2015-07-09-12 01 38.085	  31.02759535 121.43941596 0.5  0.0 0.0
2015-07-09-12 01 38.192	  31.02759535 121.43941596 0.5  0.0 0.0
2015-07-09-12 01 38.296	  31.02759535 121.43941596 0.5  0.0 0.0
2015-07-09-12 01 38.404	  31.02759535 121.43941596 0.5  0.0 0.0
2015-07-09-12 01 38.505	  31.02759535 121.43941596 0.5  0.0 0.0
2015-07-09-12 01 38.607	  31.02759535 121.43941596 0.5  0.0 0.0
2015-07-09-12 01 38.710	  31.02759535 121.43941596 0.5  0.0 0.0
2015-07-09-12 01 38.815	  31.02759535 121.43941596 0.5  0.0 0.0
2015-07-09-12 01 38.917	  31.02759535 121.43941596 0.5  0.0 0.0
2015-07-09-12 01 39.024	  31.02759535 121.43941596 0.5  0.0 0.0
2015-07-09-12 01 39.125	  31.02759535 121.43941596 0.5  0.0 0.0
2015-07-09-12 01 39.227	  31.02759535 121.43941596 0.5  0.0 0.0
2015-07-09-12 01 39.330	  31.02759535 121.43941596 0.5  0.0 0.0
2015-07-09-12 01 39.431	  31.02759535 121.43941596 0.5  0.0 0.0
2015-07-09-12 01 39.533	  31.02759535 121.43941596 0.5  0.0 0.0
2015-07-09-12 01 39.642	  31.02759535 121.43941596 0.5  0.0 0.0
2015-07-09-12 01 39.743	  31.02759535 121.43941596 0.5  0.0 0.0
2015-07-09-12 01 39.845	  31.02759535 121.43941596 0.5  0.0 0.0
2015-07-09-12 01 39.947	  31.02759535 121.43941596 0.5  0.0 0.0
2015-07-09-12 01 40.051	  31.02759535 121.43941596 0.5  0.0 0.0
2015-07-09-12 01 40.153	  31.02759535 121.43941596 0.5  0.0 0.0
2015-07-09-12 01 40.259	  31.0275723 121.43942259 0.75  0.0 0.0
2015-07-09-12 01 40.360	  31.0275723 121.43942259 0.75  0.0 0.0
2015-07-09-12 01 40.464	  31.0275723 121.43942259 0.75  0.0 0.0
2015-07-09-12 01 40.568	  31.0275723 121.43942259 0.75  0.0 0.0
2015-07-09-12 01 40.672	  31.0275723 121.43942259 0.75  0.0 0.0
2015-07-09-12 01 40.776	  31.0275723 121.43942259 0.75  0.0 0.0
2015-07-09-12 01 40.878	  31.0275723 121.43942259 0.75  0.0 0.0
2015-07-09-12 01 40.981	  31.0275723 121.43942259 0.75  0.0 0.0
2015-07-09-12 01 41.085	  31.0275723 121.43942259 0.75  0.0 0.0
2015-07-09-12 01 41.190	  31.0275723 121.43942259 0.75  0.0 0.0
2015-07-09-12 01 41.297	  31.0275723 121.43942259 0.75  0.0 0.0
2015-07-09-12 01 41.399	  31.0275723 121.43942259 0.75  0.0 0.0
2015-07-09-12 01 41.502	  31.0275723 121.43942259 0.75  0.0 0.0
2015-07-09-12 01 41.605	  31.0275723 121.43942259 0.75  0.0 0.0
2015-07-09-12 01 41.710	  31.0275723 121.43942259 0.75  0.0 0.0
2015-07-09-12 01 41.822	  31.02754485 121.43942944 1.0  0.0 0.0
2015-07-09-12 01 41.923	  31.02754485 121.43942944 1.0  0.0 0.0
2015-07-09-12 01 42.024	  31.02754485 121.43942944 1.0  0.0 0.0
2015-07-09-12 01 42.126	  31.02754485 121.43942944 1.0  0.0 0.0
2015-07-09-12 01 42.229	  31.02754485 121.43942944 1.0  0.0 0.0
2015-07-09-12 01 42.330	  31.02754485 121.43942944 1.0  0.0 0.0
2015-07-09-12 01 42.433	  31.02754485 121.43942944 1.0  0.0 0.0
2015-07-09-12 01 42.535	  31.02754485 121.43942944 1.0  0.0 0.0
2015-07-09-12 01 42.640	  31.02754485 121.43942944 1.0  0.0 0.0
2015-07-09-12 01 42.741	  31.02754485 121.43942944 1.0  0.0 0.0
2015-07-09-12 01 42.846	  31.02754485 121.43942944 1.0  0.0 0.0
2015-07-09-12 01 42.951	  31.02754485 121.43942944 1.0  0.0 0.0
2015-07-09-12 01 43.058	  31.02754485 121.43942944 1.0  0.0 0.0
2015-07-09-12 01 43.159	  31.02754485 121.43942944 1.0  0.0 0.0
2015-07-09-12 01 43.264	  31.02754485 121.43942944 1.0  0.0 0.0
2015-07-09-12 01 43.378	  31.02754485 121.43942944 1.0  0.0 0.0
2015-07-09-12 01 43.479	  31.02754485 121.43942944 1.0  0.0 0.0
2015-07-09-12 01 43.580	  31.02754485 121.43942944 1.0  0.0 0.0
2015-07-09-12 01 43.682	  31.02754485 121.43942944 1.0  0.0 0.0
2015-07-09-12 01 43.792	  31.02751718 121.43944461 1.0  0.0 0.0
2015-07-09-12 01 43.895	  31.02751718 121.43944461 1.0  0.0 0.0
2015-07-09-12 01 43.998	  31.02751718 121.43944461 1.0  0.0 0.0
2015-07-09-12 01 44.100	  31.02751718 121.43944461 1.0  0.0 0.0
2015-07-09-12 01 44.203	  31.02751718 121.43944461 1.0  0.0 0.0
2015-07-09-12 01 44.306	  31.02751718 121.43944461 1.0  0.0 0.0
2015-07-09-12 01 44.416	  31.02751718 121.43944461 1.0  0.0 0.0
2015-07-09-12 01 44.518	  31.02751718 121.43944461 1.0  0.0 0.0
2015-07-09-12 01 44.622	  31.02751718 121.43944461 1.0  0.0 0.0
2015-07-09-12 01 44.726	  31.02751718 121.43944461 1.0  0.0 0.0
2015-07-09-12 01 44.832	  31.02751718 121.43944461 1.0  0.0 0.0
2015-07-09-12 01 44.937	  31.02751718 121.43944461 1.0  0.0 0.0
2015-07-09-12 01 45.038	  31.02751718 121.43944461 1.0  0.0 0.0
2015-07-09-12 01 45.140	  31.02751718 121.43944461 1.0  0.0 0.0
2015-07-09-12 01 45.242	  31.02751718 121.43944461 1.0  0.0 0.0
2015-07-09-12 01 45.349	  31.02751718 121.43944461 1.0  0.0 0.0
2015-07-09-12 01 45.455	  31.02751718 121.43944461 1.0  0.0 0.0
2015-07-09-12 01 45.559	  31.02751718 121.43944461 1.0  0.0 0.0
2015-07-09-12 01 45.665	  31.02751718 121.43944461 1.0  0.0 0.0
2015-07-09-12 01 45.767	  31.02751718 121.43944461 1.0  0.0 0.0
2015-07-09-12 01 45.869	  31.0274897 121.43945952 1.0  0.0 0.0
2015-07-09-12 01 45.971	  31.0274897 121.43945952 1.0  0.0 0.0
2015-07-09-12 01 46.074	  31.0274897 121.43945952 1.0  0.0 0.0
2015-07-09-12 01 46.180	  31.0274897 121.43945952 1.0  0.0 0.0
2015-07-09-12 01 46.283	  31.0274897 121.43945952 1.0  0.0 0.0
2015-07-09-12 01 46.389	  31.0274897 121.43945952 1.0  0.0 0.0
2015-07-09-12 01 46.498	  31.0274897 121.43945952 1.0  0.0 0.0
2015-07-09-12 01 46.621	  31.0274897 121.43945952 1.0  0.0 0.0
2015-07-09-12 01 46.722	  31.0274897 121.43945952 1.0  0.0 0.0
2015-07-09-12 01 46.823	  31.0274897 121.43945952 1.0  0.0 0.0
2015-07-09-12 01 46.925	  31.0274897 121.43945952 1.0  0.0 0.0
2015-07-09-12 01 47.032	  31.0274897 121.43945952 1.0  0.0 0.0
2015-07-09-12 01 47.135	  31.0274897 121.43945952 1.0  0.0 0.0
2015-07-09-12 01 47.237	  31.0274897 121.43945952 1.0  0.0 0.0
2015-07-09-12 01 47.339	  31.0274897 121.43945952 1.0  0.0 0.0
2015-07-09-12 01 47.441	  31.0274897 121.43945952 1.0  0.0 0.0
2015-07-09-12 01 47.543	  31.0274897 121.43945952 1.0  0.0 0.0
2015-07-09-12 01 47.644	  31.0274897 121.43945952 1.0  0.0 0.0
2015-07-09-12 01 47.746	  31.02746233 121.43947209 1.0  0.0 0.0
2015-07-09-12 01 47.853	  31.02746233 121.43947209 1.0  0.0 0.0
2015-07-09-12 01 47.959	  31.02746233 121.43947209 1.0  0.0 0.0
2015-07-09-12 01 48.065	  31.02746233 121.43947209 1.0  0.0 0.0
2015-07-09-12 01 48.170	  31.02746233 121.43947209 1.0  0.0 0.0
2015-07-09-12 01 48.284	  31.02746233 121.43947209 1.0  0.0 0.0
2015-07-09-12 01 48.386	  31.02746233 121.43947209 1.0  0.0 0.0
2015-07-09-12 01 48.488	  31.02746233 121.43947209 1.0  0.0 0.0
2015-07-09-12 01 48.594	  31.02746233 121.43947209 1.0  0.0 0.0
2015-07-09-12 01 48.708	  31.02746233 121.43947209 1.0  0.0 0.0
2015-07-09-12 01 48.811	  31.02746233 121.43947209 1.0  0.0 0.0
2015-07-09-12 01 48.917	  31.02746233 121.43947209 1.0  0.0 0.0
2015-07-09-12 01 49.023	  31.02746233 121.43947209 1.0  0.0 0.0
2015-07-09-12 01 49.133	  31.02746233 121.43947209 1.0  0.0 0.0
2015-07-09-12 01 49.235	  31.02746233 121.43947209 1.0  0.0 0.0
2015-07-09-12 01 49.336	  31.02746233 121.43947209 1.0  0.0 0.0
2015-07-09-12 01 49.438	  31.02746233 121.43947209 1.0  0.0 0.0
2015-07-09-12 01 49.543	  31.02746233 121.43947209 1.0  0.0 0.0
2015-07-09-12 01 49.646	  31.02746233 121.43947209 1.0  0.0 0.0
2015-07-09-12 01 49.749	  31.02746233 121.43947209 1.0  0.0 0.0
2015-07-09-12 01 49.853	  31.02743468 121.43948456 1.0  0.0 0.0
2015-07-09-12 01 49.957	  31.02743468 121.43948456 1.0  0.0 0.0
2015-07-09-12 01 50.061	  31.02743468 121.43948456 1.0  0.0 0.0
2015-07-09-12 01 50.164	  31.02743468 121.43948456 1.0  0.0 0.0
2015-07-09-12 01 50.268	  31.02743468 121.43948456 1.0  0.0 0.0
2015-07-09-12 01 50.374	  31.02743468 121.43948456 1.0  0.0 0.0
2015-07-09-12 01 50.476	  31.02743468 121.43948456 1.0  0.0 0.0
2015-07-09-12 01 50.580	  31.02743468 121.43948456 1.0  0.0 0.0
2015-07-09-12 01 50.683	  31.02743468 121.43948456 1.0  0.0 0.0
2015-07-09-12 01 50.801	  31.02743468 121.43948456 1.0  0.0 0.0
2015-07-09-12 01 50.902	  31.02743468 121.43948456 1.0  0.0 0.0
2015-07-09-12 01 51.004	  31.02743468 121.43948456 1.0  0.0 0.0
2015-07-09-12 01 51.121	  31.02743468 121.43948456 1.0  0.0 0.0
2015-07-09-12 01 51.223	  31.02743468 121.43948456 1.0  0.0 0.0
2015-07-09-12 01 51.325	  31.02743468 121.43948456 1.0  0.0 0.0
2015-07-09-12 01 51.426	  31.02743468 121.43948456 1.0  0.0 0.0
2015-07-09-12 01 51.529	  31.02743468 121.43948456 1.0  0.0 0.0
2015-07-09-12 01 51.632	  31.02743468 121.43948456 1.0  0.0 0.0
2015-07-09-12 01 51.735	  31.02743468 121.43948456 1.0  0.0 0.0
2015-07-09-12 01 51.841	  31.02741121 121.43949537 1.0  0.0 0.0
2015-07-09-12 01 51.942	  31.02741121 121.43949537 1.0  0.0 0.0
2015-07-09-12 01 52.045	  31.02741121 121.43949537 1.0  0.0 0.0
2015-07-09-12 01 52.148	  31.02741121 121.43949537 1.0  0.0 0.0
2015-07-09-12 01 52.250	  31.02741121 121.43949537 1.0  0.0 0.0
2015-07-09-12 01 52.352	  31.02741121 121.43949537 1.0  0.0 0.0
2015-07-09-12 01 52.455	  31.02741121 121.43949537 1.0  0.0 0.0
2015-07-09-12 01 52.562	  31.02741121 121.43949537 1.0  0.0 0.0
2015-07-09-12 01 52.670	  31.02741121 121.43949537 1.0  0.0 0.0
2015-07-09-12 01 52.772	  31.02741121 121.43949537 1.0  0.0 0.0
2015-07-09-12 01 52.875	  31.02741121 121.43949537 1.0  0.0 0.0
2015-07-09-12 01 52.984	  31.02741121 121.43949537 1.0  0.0 0.0
2015-07-09-12 01 53.095	  31.02741121 121.43949537 1.0  0.0 0.0
2015-07-09-12 01 53.200	  31.02741121 121.43949537 1.0  0.0 0.0
2015-07-09-12 01 53.304	  31.02741121 121.43949537 1.0  0.0 0.0
2015-07-09-12 01 53.417	  31.02741121 121.43949537 1.0  0.0 0.0
2015-07-09-12 01 53.519	  31.02741121 121.43949537 1.0  0.0 0.0
2015-07-09-12 01 53.621	  31.02741121 121.43949537 1.0  0.0 0.0
2015-07-09-12 01 53.724	  31.02738949 121.43950383 1.0  0.0 0.0
2015-07-09-12 01 53.827	  31.02738949 121.43950383 1.0  0.0 0.0
2015-07-09-12 01 53.931	  31.02738949 121.43950383 1.0  0.0 0.0
2015-07-09-12 01 54.035	  31.02738949 121.43950383 1.0  0.0 0.0
2015-07-09-12 01 54.136	  31.02738949 121.43950383 1.0  0.0 0.0
2015-07-09-12 01 54.243	  31.02738949 121.43950383 1.0  0.0 0.0
2015-07-09-12 01 54.350	  31.02738949 121.43950383 1.0  0.0 0.0
2015-07-09-12 01 54.453	  31.02738949 121.43950383 1.0  0.0 0.0
2015-07-09-12 01 54.555	  31.02738949 121.43950383 1.0  0.0 0.0
2015-07-09-12 01 54.672	  31.02738949 121.43950383 1.0  0.0 0.0
2015-07-09-12 01 54.784	  31.02738949 121.43950383 1.0  0.0 0.0
2015-07-09-12 01 54.886	  31.02738949 121.43950383 1.0  0.0 0.0
2015-07-09-12 01 54.987	  31.02738949 121.43950383 1.0  0.0 0.0
2015-07-09-12 01 55.093	  31.02738949 121.43950383 1.0  0.0 0.0
2015-07-09-12 01 55.198	  31.02738949 121.43950383 1.0  0.0 0.0
2015-07-09-12 01 55.317	  31.02738949 121.43950383 1.0  0.0 0.0
2015-07-09-12 01 55.419	  31.02738949 121.43950383 1.0  0.0 0.0
2015-07-09-12 01 55.522	  31.02738949 121.43950383 1.0  0.0 0.0
2015-07-09-12 01 55.624	  31.02738949 121.43950383 1.0  0.0 0.0
2015-07-09-12 01 55.727	  31.02738949 121.43950383 1.0  0.0 0.0
2015-07-09-12 01 55.831	  31.02738949 121.43950383 1.0  0.0 0.0
2015-07-09-12 01 55.935	  31.02738949 121.43950383 1.0  0.0 0.0
2015-07-09-12 01 56.038	  31.02738949 121.43950383 1.0  0.0 0.0
2015-07-09-12 01 56.154	  31.02738949 121.43950383 1.0  0.0 0.0
2015-07-09-12 01 56.259	  31.02736783 121.43951136 1.0  0.0 0.0
2015-07-09-12 01 56.360	  31.02736783 121.43951136 1.0  0.0 0.0
2015-07-09-12 01 56.467	  31.02736783 121.43951136 1.0  0.0 0.0
2015-07-09-12 01 56.569	  31.02736783 121.43951136 1.0  0.0 0.0
2015-07-09-12 01 56.672	  31.02736783 121.43951136 1.0  0.0 0.0
2015-07-09-12 01 56.781	  31.02736783 121.43951136 1.0  0.0 0.0
2015-07-09-12 01 56.882	  31.02736783 121.43951136 1.0  0.0 0.0
2015-07-09-12 01 56.984	  31.02736783 121.43951136 1.0  0.0 0.0
2015-07-09-12 01 57.089	  31.02736783 121.43951136 1.0  0.0 0.0
2015-07-09-12 01 57.191	  31.02736783 121.43951136 1.0  0.0 0.0
2015-07-09-12 01 57.293	  31.02736783 121.43951136 1.0  0.0 0.0
2015-07-09-12 01 57.399	  31.02736783 121.43951136 1.0  0.0 0.0
2015-07-09-12 01 57.501	  31.02736783 121.43951136 1.0  0.0 0.0
2015-07-09-12 01 57.606	  31.02736783 121.43951136 1.0  0.0 0.0
2015-07-09-12 01 57.719	  31.02736783 121.43951136 1.0  0.0 0.0
2015-07-09-12 01 57.820	  31.02736783 121.43951136 1.0  0.0 0.0
2015-07-09-12 01 57.921	  31.02736783 121.43951136 1.0  0.0 0.0
2015-07-09-12 01 58.026	  31.02736783 121.43951136 1.0  0.0 0.0
2015-07-09-12 01 58.130	  31.02736783 121.43951136 1.0  0.0 0.0
2015-07-09-12 01 58.234	  31.02734791 121.43952008 1.0  0.0 0.0
2015-07-09-12 01 58.339	  31.02734791 121.43952008 1.0  0.0 0.0
2015-07-09-12 01 58.441	  31.02734791 121.43952008 1.0  0.0 0.0
2015-07-09-12 01 58.543	  31.02734791 121.43952008 1.0  0.0 0.0
2015-07-09-12 01 58.682	  31.02734791 121.43952008 1.0  0.0 0.0
2015-07-09-12 01 58.784	  31.02734791 121.43952008 1.0  0.0 0.0
2015-07-09-12 01 58.885	  31.02734791 121.43952008 1.0  0.0 0.0
2015-07-09-12 01 58.990	  31.02734791 121.43952008 1.0  0.0 0.0
2015-07-09-12 01 59.092	  31.02734791 121.43952008 1.0  0.0 0.0
2015-07-09-12 01 59.194	  31.02734791 121.43952008 1.0  0.0 0.0
2015-07-09-12 01 59.305	  31.02734791 121.43952008 1.0  0.0 0.0
2015-07-09-12 01 59.407	  31.02734791 121.43952008 1.0  0.0 0.0
2015-07-09-12 01 59.509	  31.02734791 121.43952008 1.0  0.0 0.0
2015-07-09-12 01 59.619	  31.02734791 121.43952008 1.0  0.0 0.0
2015-07-09-12 01 59.722	  31.02734791 121.43952008 1.0  0.0 0.0
2015-07-09-12 01 59.828	  31.02733017 121.43952777 1.0  0.0 0.0
2015-07-09-12 01 59.952	  31.02733017 121.43952777 1.0  0.0 0.0
2015-07-09-12 02 00.054	  31.02733017 121.43952777 1.0  0.0 0.0
2015-07-09-12 02 00.156	  31.02733017 121.43952777 1.0  0.0 0.0
2015-07-09-12 02 00.274	  31.02733017 121.43952777 1.0  0.0 0.0
2015-07-09-12 02 00.376	  31.02733017 121.43952777 1.0  0.0 0.0
2015-07-09-12 02 00.479	  31.02733017 121.43952777 1.0  0.0 0.0
2015-07-09-12 02 00.594	  31.02733017 121.43952777 1.0  0.0 0.0
2015-07-09-12 02 00.695	  31.02733017 121.43952777 1.0  0.0 0.0
2015-07-09-12 02 00.797	  31.02733017 121.43952777 1.0  0.0 0.0
2015-07-09-12 02 00.903	  31.02733017 121.43952777 1.0  0.0 0.0
2015-07-09-12 02 01.006	  31.02733017 121.43952777 1.0  0.0 0.0
2015-07-09-12 02 01.110	  31.02733017 121.43952777 1.0  0.0 0.0
2015-07-09-12 02 01.212	  31.02733017 121.43952777 1.0  0.0 0.0
2015-07-09-12 02 01.322	  31.02733017 121.43952777 1.0  0.0 0.0
2015-07-09-12 02 01.423	  31.02733017 121.43952777 1.0  0.0 0.0
2015-07-09-12 02 01.524	  31.02733017 121.43952777 1.0  0.0 0.0
2015-07-09-12 02 01.631	  31.02733017 121.43952777 1.0  0.0 0.0
2015-07-09-12 02 01.733	  31.02731179 121.43953583 1.0  0.0 0.0
2015-07-09-12 02 01.835	  31.02731179 121.43953583 1.0  0.0 0.0
2015-07-09-12 02 01.947	  31.02731179 121.43953583 1.0  0.0 0.0
2015-07-09-12 02 02.051	  31.02731179 121.43953583 1.0  0.0 0.0
2015-07-09-12 02 02.159	  31.02731179 121.43953583 1.0  0.0 0.0
2015-07-09-12 02 02.274	  31.02731179 121.43953583 1.0  0.0 0.0
2015-07-09-12 02 02.376	  31.02731179 121.43953583 1.0  0.0 0.0
2015-07-09-12 02 02.478	  31.02731179 121.43953583 1.0  0.0 0.0
2015-07-09-12 02 02.659	  31.02731179 121.43953583 1.0  0.0 0.0
2015-07-09-12 02 02.761	  31.02731179 121.43953583 1.0  0.0 0.0
2015-07-09-12 02 02.865	  31.02731179 121.43953583 1.0  0.0 0.0
2015-07-09-12 02 03.035	  31.02731179 121.43953583 1.0  0.0 0.0
2015-07-09-12 02 03.136	  31.02731179 121.43953583 1.0  0.0 0.0
2015-07-09-12 02 03.242	  31.02731179 121.43953583 1.0  0.0 0.0
2015-07-09-12 02 03.345	  31.02731179 121.43953583 1.0  0.0 0.0
2015-07-09-12 02 03.448	  31.02731179 121.43953583 1.0  0.0 0.0
2015-07-09-12 02 03.556	  31.02731179 121.43953583 1.0  0.0 0.0
2015-07-09-12 02 03.662	  31.02731179 121.43953583 1.0  0.0 0.0
2015-07-09-12 02 03.768	  31.02731179 121.43953583 1.0  0.0 0.0
2015-07-09-12 02 03.956	  31.02729279 121.43954253 1.0  0.0 0.0
2015-07-09-12 02 04.059	  31.02729279 121.43954253 1.0  0.0 0.0
2015-07-09-12 02 04.164	  31.02729279 121.43954253 1.0  0.0 0.0
2015-07-09-12 02 04.268	  31.02729279 121.43954253 1.0  0.0 0.0
2015-07-09-12 02 04.371	  31.02729279 121.43954253 1.0  0.0 0.0
2015-07-09-12 02 04.536	  31.02729279 121.43954253 1.0  0.0 0.0
2015-07-09-12 02 04.638	  31.02729279 121.43954253 1.0  0.0 0.0
2015-07-09-12 02 04.740	  31.02729279 121.43954253 1.0  0.0 0.0
2015-07-09-12 02 04.843	  31.02729279 121.43954253 1.0  0.0 0.0
2015-07-09-12 02 04.949	  31.02729279 121.43954253 1.0  0.0 0.0
2015-07-09-12 02 05.088	  31.02729279 121.43954253 1.0  0.0 0.0
2015-07-09-12 02 05.192	  31.02729279 121.43954253 1.0  0.0 0.0
2015-07-09-12 02 05.304	  31.02729279 121.43954253 1.0  0.0 0.0
2015-07-09-12 02 05.412	  31.02729279 121.43954253 1.0  0.0 0.0
2015-07-09-12 02 05.519	  31.02729279 121.43954253 1.0  0.0 0.0
2015-07-09-12 02 05.654	  31.02729279 121.43954253 1.0  0.0 0.0
2015-07-09-12 02 05.761	  31.02727317 121.43954891 1.25  0.0 0.0
2015-07-09-12 02 05.886	  31.02727317 121.43954891 1.25  0.0 0.0
2015-07-09-12 02 05.988	  31.02727317 121.43954891 1.25  0.0 0.0
2015-07-09-12 02 06.093	  31.02727317 121.43954891 1.25  0.0 0.0
2015-07-09-12 02 06.196	  31.02727317 121.43954891 1.25  0.0 0.0
2015-07-09-12 02 06.339	  31.02727317 121.43954891 1.25  0.0 0.0
2015-07-09-12 02 06.445	  31.02727317 121.43954891 1.25  0.0 0.0
2015-07-09-12 02 06.562	  31.02727317 121.43954891 1.25  0.0 0.0
2015-07-09-12 02 06.664	  31.02727317 121.43954891 1.25  0.0 0.0
2015-07-09-12 02 06.772	  31.02727317 121.43954891 1.25  0.0 0.0
2015-07-09-12 02 06.883	  31.02727317 121.43954891 1.25  0.0 0.0
2015-07-09-12 02 06.986	  31.02727317 121.43954891 1.25  0.0 0.0
2015-07-09-12 02 07.090	  31.02727317 121.43954891 1.25  0.0 0.0
2015-07-09-12 02 07.196	  31.02727317 121.43954891 1.25  0.0 0.0
2015-07-09-12 02 07.303	  31.02727317 121.43954891 1.25  0.0 0.0
2015-07-09-12 02 07.436	  31.02727317 121.43954891 1.25  0.0 0.0
2015-07-09-12 02 07.537	  31.02727317 121.43954891 1.25  0.0 0.0
2015-07-09-12 02 07.646	  31.02727317 121.43954891 1.25  0.0 0.0
2015-07-09-12 02 07.749	  31.02727317 121.43954891 1.25  0.0 0.0
2015-07-09-12 02 07.852	  31.02725318 121.43956071 1.25  0.0 0.0
2015-07-09-12 02 07.994	  31.02725318 121.43956071 1.25  0.0 0.0
2015-07-09-12 02 08.095	  31.02725318 121.43956071 1.25  0.0 0.0
2015-07-09-12 02 08.200	  31.02725318 121.43956071 1.25  0.0 0.0
2015-07-09-12 02 08.303	  31.02725318 121.43956071 1.25  0.0 0.0
2015-07-09-12 02 08.408	  31.02725318 121.43956071 1.25  0.0 0.0
2015-07-09-12 02 08.509	  31.02725318 121.43956071 1.25  0.0 0.0
2015-07-09-12 02 08.611	  31.02725318 121.43956071 1.25  0.0 0.0
2015-07-09-12 02 08.726	  31.02725318 121.43956071 1.25  0.0 0.0
2015-07-09-12 02 08.829	  31.02725318 121.43956071 1.25  0.0 0.0
2015-07-09-12 02 08.971	  31.02725318 121.43956071 1.25  0.0 0.0
2015-07-09-12 02 09.073	  31.02725318 121.43956071 1.25  0.0 0.0
2015-07-09-12 02 09.217	  31.02725318 121.43956071 1.25  0.0 0.0
2015-07-09-12 02 09.322	  31.02725318 121.43956071 1.25  0.0 0.0
2015-07-09-12 02 09.489	  31.02725318 121.43956071 1.25  0.0 0.0
2015-07-09-12 02 09.592	  31.02725318 121.43956071 1.25  0.0 0.0
2015-07-09-12 02 09.744	  31.02725318 121.43956071 1.25  0.0 0.0
2015-07-09-12 02 09.846	  31.02723097 121.43957338 1.25  0.0 0.0
2015-07-09-12 02 09.975	  31.02723097 121.43957338 1.25  0.0 0.0
2015-07-09-12 02 10.081	  31.02723097 121.43957338 1.25  0.0 0.0
2015-07-09-12 02 10.240	  31.02723097 121.43957338 1.25  0.0 0.0
2015-07-09-12 02 10.342	  31.02723097 121.43957338 1.25  0.0 0.0
2015-07-09-12 02 10.474	  31.02723097 121.43957338 1.25  0.0 0.0
2015-07-09-12 02 10.577	  31.02723097 121.43957338 1.25  0.0 0.0
2015-07-09-12 02 10.738	  31.02723097 121.43957338 1.25  0.0 0.0
2015-07-09-12 02 10.840	  31.02723097 121.43957338 1.25  0.0 0.0
2015-07-09-12 02 10.958	  31.02723097 121.43957338 1.25  0.0 0.0
2015-07-09-12 02 11.063	  31.02723097 121.43957338 1.25  0.0 0.0
2015-07-09-12 02 11.242	  31.02723097 121.43957338 1.25  0.0 0.0
2015-07-09-12 02 11.362	  31.02723097 121.43957338 1.25  0.0 0.0
2015-07-09-12 02 11.471	  31.02723097 121.43957338 1.25  0.0 0.0
2015-07-09-12 02 11.584	  31.02723097 121.43957338 1.25  0.0 0.0
2015-07-09-12 02 11.686	  31.02720883 121.4395818 1.25  0.0 0.0
2015-07-09-12 02 11.788	  31.02720883 121.4395818 1.25  0.0 0.0
2015-07-09-12 02 11.890	  31.02720883 121.4395818 1.25  0.0 0.0
2015-07-09-12 02 11.992	  31.02720883 121.4395818 1.25  0.0 0.0
2015-07-09-12 02 12.093	  31.02720883 121.4395818 1.25  0.0 0.0
2015-07-09-12 02 12.196	  31.02720883 121.4395818 1.25  0.0 0.0
2015-07-09-12 02 12.306	  31.02720883 121.4395818 1.25  0.0 0.0
2015-07-09-12 02 12.418	  31.02720883 121.4395818 1.25  0.0 0.0
2015-07-09-12 02 12.520	  31.02720883 121.4395818 1.25  0.0 0.0
2015-07-09-12 02 12.627	  31.02720883 121.4395818 1.25  0.0 0.0
2015-07-09-12 02 12.735	  31.02720883 121.4395818 1.25  0.0 0.0
2015-07-09-12 02 12.837	  31.02720883 121.4395818 1.25  0.0 0.0
2015-07-09-12 02 12.939	  31.02720883 121.4395818 1.25  0.0 0.0
2015-07-09-12 02 13.041	  31.02720883 121.4395818 1.25  0.0 0.0
2015-07-09-12 02 13.143	  31.02720883 121.4395818 1.25  0.0 0.0
2015-07-09-12 02 13.254	  31.02720883 121.4395818 1.25  0.0 0.0
2015-07-09-12 02 13.357	  31.02720883 121.4395818 1.25  0.0 0.0
2015-07-09-12 02 13.460	  31.02720883 121.4395818 1.25  0.0 0.0
2015-07-09-12 02 13.563	  31.02720883 121.4395818 1.25  0.0 0.0
2015-07-09-12 02 13.669	  31.02720883 121.4395818 1.25  0.0 0.0
2015-07-09-12 02 13.773	  31.02720883 121.4395818 1.25  0.0 0.0
2015-07-09-12 02 13.941	  31.02718863 121.43959169 1.25  0.0 0.0
2015-07-09-12 02 14.043	  31.02718863 121.43959169 1.25  0.0 0.0
2015-07-09-12 02 14.194	  31.02718863 121.43959169 1.25  0.0 0.0
2015-07-09-12 02 14.298	  31.02718863 121.43959169 1.25  0.0 0.0
2015-07-09-12 02 14.436	  31.02718863 121.43959169 1.25  0.0 0.0
2015-07-09-12 02 14.539	  31.02718863 121.43959169 1.25  0.0 0.0
2015-07-09-12 02 14.704	  31.02718863 121.43959169 1.25  0.0 0.0
2015-07-09-12 02 14.806	  31.02718863 121.43959169 1.25  0.0 0.0
2015-07-09-12 02 14.977	  31.02718863 121.43959169 1.25  0.0 0.0
2015-07-09-12 02 15.079	  31.02718863 121.43959169 1.25  0.0 0.0
2015-07-09-12 02 15.211	  31.02718863 121.43959169 1.25  0.0 0.0
2015-07-09-12 02 15.329	  31.02718863 121.43959169 1.25  0.0 0.0
2015-07-09-12 02 15.431	  31.02718863 121.43959169 1.25  0.0 0.0
2015-07-09-12 02 15.535	  31.02718863 121.43959169 1.25  0.0 0.0
2015-07-09-12 02 15.638	  31.02718863 121.43959169 1.25  0.0 0.0
2015-07-09-12 02 15.753	  31.02716835 121.43960136 1.25  0.0 0.0
2015-07-09-12 02 15.858	  31.02716835 121.43960136 1.25  0.0 0.0
2015-07-09-12 02 15.978	  31.02716835 121.43960136 1.25  0.0 0.0
2015-07-09-12 02 16.080	  31.02716835 121.43960136 1.25  0.0 0.0
2015-07-09-12 02 16.206	  31.02716835 121.43960136 1.25  0.0 0.0
2015-07-09-12 02 16.321	  31.02716835 121.43960136 1.25  0.0 0.0
2015-07-09-12 02 16.424	  31.02716835 121.43960136 1.25  0.0 0.0
2015-07-09-12 02 16.539	  31.02716835 121.43960136 1.25  0.0 0.0
2015-07-09-12 02 16.642	  31.02716835 121.43960136 1.25  0.0 0.0
2015-07-09-12 02 16.755	  31.02716835 121.43960136 1.25  0.0 0.0
2015-07-09-12 02 16.860	  31.02716835 121.43960136 1.25  0.0 0.0
2015-07-09-12 02 16.992	  31.02716835 121.43960136 1.25  0.0 0.0
2015-07-09-12 02 17.094	  31.02716835 121.43960136 1.25  0.0 0.0
2015-07-09-12 02 17.197	  31.02716835 121.43960136 1.25  0.0 0.0
2015-07-09-12 02 17.320	  31.02716835 121.43960136 1.25  0.0 0.0
2015-07-09-12 02 17.422	  31.02716835 121.43960136 1.25  0.0 0.0
2015-07-09-12 02 17.524	  31.02716835 121.43960136 1.25  0.0 0.0
2015-07-09-12 02 17.626	  31.02716835 121.43960136 1.25  0.0 0.0
2015-07-09-12 02 17.737	  31.02716835 121.43960136 1.25  0.0 0.0
2015-07-09-12 02 17.839	  31.02714684 121.43961352 1.25  0.0 0.0
2015-07-09-12 02 17.943	  31.02714684 121.43961352 1.25  0.0 0.0
2015-07-09-12 02 18.045	  31.02714684 121.43961352 1.25  0.0 0.0
2015-07-09-12 02 18.156	  31.02714684 121.43961352 1.25  0.0 0.0
2015-07-09-12 02 18.263	  31.02714684 121.43961352 1.25  0.0 0.0
2015-07-09-12 02 18.374	  31.02714684 121.43961352 1.25  0.0 0.0
2015-07-09-12 02 18.475	  31.02714684 121.43961352 1.25  0.0 0.0
2015-07-09-12 02 18.580	  31.02714684 121.43961352 1.25  0.0 0.0
2015-07-09-12 02 18.682	  31.02714684 121.43961352 1.25  0.0 0.0
2015-07-09-12 02 18.789	  31.02714684 121.43961352 1.25  0.0 0.0
2015-07-09-12 02 18.892	  31.02714684 121.43961352 1.25  0.0 0.0
2015-07-09-12 02 18.998	  31.02714684 121.43961352 1.25  0.0 0.0
2015-07-09-12 02 19.100	  31.02714684 121.43961352 1.25  0.0 0.0
2015-07-09-12 02 19.210	  31.02714684 121.43961352 1.25  0.0 0.0
2015-07-09-12 02 19.314	  31.02714684 121.43961352 1.25  0.0 0.0
2015-07-09-12 02 19.430	  31.02714684 121.43961352 1.25  0.0 0.0
2015-07-09-12 02 19.532	  31.02714684 121.43961352 1.25  0.0 0.0
2015-07-09-12 02 19.643	  31.02714684 121.43961352 1.25  0.0 0.0
2015-07-09-12 02 19.745	  31.02712426 121.4396209 1.25  0.0 0.0
2015-07-09-12 02 19.850	  31.02712426 121.4396209 1.25  0.0 0.0
2015-07-09-12 02 19.954	  31.02712426 121.4396209 1.25  0.0 0.0
2015-07-09-12 02 20.065	  31.02712426 121.4396209 1.25  0.0 0.0
2015-07-09-12 02 20.172	  31.02712426 121.4396209 1.25  0.0 0.0
2015-07-09-12 02 20.286	  31.02712426 121.4396209 1.25  0.0 0.0
2015-07-09-12 02 20.393	  31.02712426 121.4396209 1.25  0.0 0.0
2015-07-09-12 02 20.504	  31.02712426 121.4396209 1.25  0.0 0.0
2015-07-09-12 02 20.608	  31.02712426 121.4396209 1.25  0.0 0.0
2015-07-09-12 02 20.719	  31.02712426 121.4396209 1.25  0.0 0.0
2015-07-09-12 02 20.822	  31.02712426 121.4396209 1.25  0.0 0.0
2015-07-09-12 02 20.933	  31.02712426 121.4396209 1.25  0.0 0.0
2015-07-09-12 02 21.036	  31.02712426 121.4396209 1.25  0.0 0.0
2015-07-09-12 02 21.142	  31.02712426 121.4396209 1.25  0.0 0.0
2015-07-09-12 02 21.246	  31.02712426 121.4396209 1.25  0.0 0.0
2015-07-09-12 02 21.351	  31.02712426 121.4396209 1.25  0.0 0.0
2015-07-09-12 02 21.462	  31.02712426 121.4396209 1.25  0.0 0.0
2015-07-09-12 02 21.569	  31.02712426 121.4396209 1.25  0.0 0.0
2015-07-09-12 02 21.690	  31.02710011 121.43962864 1.25  0.0 0.0
2015-07-09-12 02 21.791	  31.02710011 121.43962864 1.25  0.0 0.0
2015-07-09-12 02 21.896	  31.02710011 121.43962864 1.25  0.0 0.0
2015-07-09-12 02 22.001	  31.02710011 121.43962864 1.25  0.0 0.0
2015-07-09-12 02 22.157	  31.02710011 121.43962864 1.25  0.0 0.0
2015-07-09-12 02 22.262	  31.02710011 121.43962864 1.25  0.0 0.0
2015-07-09-12 02 22.438	  31.02710011 121.43962864 1.25  0.0 0.0
2015-07-09-12 02 22.542	  31.02710011 121.43962864 1.25  0.0 0.0
2015-07-09-12 02 22.645	  31.02710011 121.43962864 1.25  0.0 0.0
2015-07-09-12 02 22.748	  31.02710011 121.43962864 1.25  0.0 0.0
2015-07-09-12 02 22.851	  31.02710011 121.43962864 1.25  0.0 0.0
2015-07-09-12 02 22.960	  31.02710011 121.43962864 1.25  0.0 0.0
2015-07-09-12 02 23.063	  31.02710011 121.43962864 1.25  0.0 0.0
2015-07-09-12 02 23.170	  31.02710011 121.43962864 1.25  0.0 0.0
2015-07-09-12 02 23.272	  31.02710011 121.43962864 1.25  0.0 0.0
2015-07-09-12 02 23.381	  31.02710011 121.43962864 1.25  0.0 0.0
2015-07-09-12 02 23.485	  31.02710011 121.43962864 1.25  0.0 0.0
2015-07-09-12 02 23.602	  31.02710011 121.43962864 1.25  0.0 0.0
2015-07-09-12 02 23.707	  31.02707516 121.43963803 1.25  0.0 0.0
2015-07-09-12 02 23.825	  31.02707516 121.43963803 1.25  0.0 0.0
2015-07-09-12 02 23.927	  31.02707516 121.43963803 1.25  0.0 0.0
2015-07-09-12 02 24.033	  31.02707516 121.43963803 1.25  0.0 0.0
2015-07-09-12 02 24.138	  31.02707516 121.43963803 1.25  0.0 0.0
2015-07-09-12 02 24.254	  31.02707516 121.43963803 1.25  0.0 0.0
2015-07-09-12 02 24.359	  31.02707516 121.43963803 1.25  0.0 0.0
2015-07-09-12 02 24.470	  31.02707516 121.43963803 1.25  0.0 0.0
2015-07-09-12 02 24.575	  31.02707516 121.43963803 1.25  0.0 0.0
2015-07-09-12 02 24.685	  31.02707516 121.43963803 1.25  0.0 0.0
2015-07-09-12 02 24.791	  31.02707516 121.43963803 1.25  0.0 0.0
2015-07-09-12 02 24.936	  31.02707516 121.43963803 1.25  0.0 0.0
2015-07-09-12 02 25.038	  31.02707516 121.43963803 1.25  0.0 0.0
2015-07-09-12 02 25.224	  31.02707516 121.43963803 1.25  0.0 0.0
2015-07-09-12 02 25.328	  31.02707516 121.43963803 1.25  0.0 0.0
2015-07-09-12 02 25.430	  31.02707516 121.43963803 1.25  0.0 0.0
2015-07-09-12 02 25.594	  31.02707516 121.43963803 1.25  0.0 0.0
2015-07-09-12 02 25.697	  31.02705073 121.43964777 1.25  0.0 0.0
2015-07-09-12 02 25.852	  31.02705073 121.43964777 1.25  0.0 0.0
2015-07-09-12 02 25.963	  31.02705073 121.43964777 1.25  0.0 0.0
2015-07-09-12 02 26.068	  31.02705073 121.43964777 1.25  0.0 0.0
2015-07-09-12 02 26.234	  31.02705073 121.43964777 1.25  0.0 0.0
2015-07-09-12 02 26.336	  31.02705073 121.43964777 1.25  0.0 0.0
2015-07-09-12 02 26.489	  31.02705073 121.43964777 1.25  0.0 0.0
2015-07-09-12 02 26.590	  31.02705073 121.43964777 1.25  0.0 0.0
2015-07-09-12 02 26.693	  31.02705073 121.43964777 1.25  0.0 0.0
2015-07-09-12 02 26.807	  31.02705073 121.43964777 1.25  0.0 0.0
2015-07-09-12 02 26.909	  31.02705073 121.43964777 1.25  0.0 0.0
2015-07-09-12 02 27.086	  31.02705073 121.43964777 1.25  0.0 0.0
2015-07-09-12 02 27.188	  31.02705073 121.43964777 1.25  0.0 0.0
2015-07-09-12 02 27.337	  31.02705073 121.43964777 1.25  0.0 0.0
2015-07-09-12 02 27.442	  31.02705073 121.43964777 1.25  0.0 0.0
2015-07-09-12 02 27.545	  31.02705073 121.43964777 1.25  0.0 0.0
2015-07-09-12 02 27.693	  31.02702797 121.43965601 1.25  0.0 0.0
2015-07-09-12 02 27.796	  31.02702797 121.43965601 1.25  0.0 0.0
2015-07-09-12 02 27.936	  31.02702797 121.43965601 1.25  0.0 0.0
2015-07-09-12 02 28.039	  31.02702797 121.43965601 1.25  0.0 0.0
2015-07-09-12 02 28.141	  31.02702797 121.43965601 1.25  0.0 0.0
2015-07-09-12 02 28.309	  31.02702797 121.43965601 1.25  0.0 0.0
2015-07-09-12 02 28.411	  31.02702797 121.43965601 1.25  0.0 0.0
2015-07-09-12 02 28.553	  31.02702797 121.43965601 1.25  0.0 0.0
2015-07-09-12 02 28.656	  31.02702797 121.43965601 1.25  0.0 0.0
2015-07-09-12 02 28.759	  31.02702797 121.43965601 1.25  0.0 0.0
2015-07-09-12 02 28.899	  31.02702797 121.43965601 1.25  0.0 0.0
2015-07-09-12 02 29.005	  31.02702797 121.43965601 1.25  0.0 0.0
2015-07-09-12 02 29.176	  31.02702797 121.43965601 1.25  0.0 0.0
2015-07-09-12 02 29.278	  31.02702797 121.43965601 1.25  0.0 0.0
2015-07-09-12 02 29.379	  31.02702797 121.43965601 1.25  0.0 0.0
2015-07-09-12 02 29.521	  31.02702797 121.43965601 1.25  0.0 0.0
2015-07-09-12 02 29.624	  31.02702797 121.43965601 1.25  0.0 0.0
2015-07-09-12 02 29.794	  31.02700607 121.43966131 1.25  0.0 0.0
2015-07-09-12 02 29.898	  31.02700607 121.43966131 1.25  0.0 0.0
2015-07-09-12 02 30.000	  31.02700607 121.43966131 1.25  0.0 0.0
2015-07-09-12 02 30.135	  31.02700607 121.43966131 1.25  0.0 0.0
2015-07-09-12 02 30.238	  31.02700607 121.43966131 1.25  0.0 0.0
2015-07-09-12 02 30.416	  31.02700607 121.43966131 1.25  0.0 0.0
2015-07-09-12 02 30.518	  31.02700607 121.43966131 1.25  0.0 0.0
2015-07-09-12 02 30.632	  31.02700607 121.43966131 1.25  0.0 0.0
2015-07-09-12 02 30.748	  31.02700607 121.43966131 1.25  0.0 0.0
2015-07-09-12 02 30.850	  31.02700607 121.43966131 1.25  0.0 0.0
2015-07-09-12 02 31.005	  31.02700607 121.43966131 1.25  0.0 0.0
2015-07-09-12 02 31.120	  31.02700607 121.43966131 1.25  0.0 0.0
2015-07-09-12 02 31.221	  31.02700607 121.43966131 1.25  0.0 0.0
2015-07-09-12 02 31.336	  31.02700607 121.43966131 1.25  0.0 0.0
2015-07-09-12 02 31.442	  31.02700607 121.43966131 1.25  0.0 0.0
2015-07-09-12 02 31.545	  31.02700607 121.43966131 1.25  0.0 0.0
2015-07-09-12 02 31.652	  31.02700607 121.43966131 1.25  0.0 0.0
2015-07-09-12 02 31.755	  31.02698672 121.43966849 1.25  0.0 0.0
2015-07-09-12 02 31.900	  31.02698672 121.43966849 1.25  0.0 0.0
2015-07-09-12 02 32.001	  31.02698672 121.43966849 1.25  0.0 0.0
2015-07-09-12 02 32.136	  31.02698672 121.43966849 1.25  0.0 0.0
2015-07-09-12 02 32.284	  31.02698672 121.43966849 1.25  0.0 0.0
2015-07-09-12 02 32.391	  31.02698672 121.43966849 1.25  0.0 0.0
2015-07-09-12 02 32.494	  31.02698672 121.43966849 1.25  0.0 0.0
2015-07-09-12 02 32.637	  31.02698672 121.43966849 1.25  0.0 0.0
2015-07-09-12 02 32.751	  31.02698672 121.43966849 1.25  0.0 0.0
2015-07-09-12 02 32.854	  31.02698672 121.43966849 1.25  0.0 0.0
2015-07-09-12 02 33.000	  31.02698672 121.43966849 1.25  0.0 0.0
2015-07-09-12 02 33.111	  31.02698672 121.43966849 1.25  0.0 0.0
2015-07-09-12 02 33.214	  31.02698672 121.43966849 1.25  0.0 0.0
2015-07-09-12 02 33.364	  31.02698672 121.43966849 1.25  0.0 0.0
2015-07-09-12 02 33.476	  31.02698672 121.43966849 1.25  0.0 0.0
2015-07-09-12 02 33.578	  31.02698672 121.43966849 1.25  0.0 0.0
2015-07-09-12 02 33.715	  31.0269676 121.43967884 1.25  0.0 0.0
2015-07-09-12 02 33.825	  31.0269676 121.43967884 1.25  0.0 0.0
2015-07-09-12 02 33.928	  31.0269676 121.43967884 1.25  0.0 0.0
2015-07-09-12 02 34.088	  31.0269676 121.43967884 1.25  0.0 0.0
2015-07-09-12 02 34.193	  31.0269676 121.43967884 1.25  0.0 0.0
2015-07-09-12 02 34.297	  31.0269676 121.43967884 1.25  0.0 0.0
2015-07-09-12 02 34.470	  31.0269676 121.43967884 1.25  0.0 0.0
2015-07-09-12 02 34.575	  31.0269676 121.43967884 1.25  0.0 0.0
2015-07-09-12 02 34.680	  31.0269676 121.43967884 1.25  0.0 0.0
2015-07-09-12 02 34.836	  31.0269676 121.43967884 1.25  0.0 0.0
2015-07-09-12 02 34.941	  31.0269676 121.43967884 1.25  0.0 0.0
2015-07-09-12 02 35.043	  31.0269676 121.43967884 1.25  0.0 0.0
2015-07-09-12 02 35.211	  31.0269676 121.43967884 1.25  0.0 0.0
2015-07-09-12 02 35.315	  31.0269676 121.43967884 1.25  0.0 0.0
2015-07-09-12 02 35.418	  31.0269676 121.43967884 1.25  0.0 0.0
2015-07-09-12 02 35.601	  31.0269676 121.43967884 1.25  0.0 0.0
2015-07-09-12 02 35.708	  31.02694812 121.4396869 1.25  0.0 0.0
2015-07-09-12 02 35.812	  31.02694812 121.4396869 1.25  0.0 0.0
2015-07-09-12 02 35.963	  31.02694812 121.4396869 1.25  0.0 0.0
2015-07-09-12 02 36.074	  31.02694812 121.4396869 1.25  0.0 0.0
2015-07-09-12 02 36.178	  31.02694812 121.4396869 1.25  0.0 0.0
2015-07-09-12 02 36.338	  31.02694812 121.4396869 1.25  0.0 0.0
2015-07-09-12 02 36.443	  31.02694812 121.4396869 1.25  0.0 0.0
2015-07-09-12 02 36.549	  31.02694812 121.4396869 1.25  0.0 0.0
2015-07-09-12 02 36.679	  31.02694812 121.4396869 1.25  0.0 0.0
2015-07-09-12 02 36.796	  31.02694812 121.4396869 1.25  0.0 0.0
2015-07-09-12 02 36.903	  31.02694812 121.4396869 1.25  0.0 0.0
2015-07-09-12 02 37.004	  31.02694812 121.4396869 1.25  0.0 0.0
2015-07-09-12 02 37.152	  31.02694812 121.4396869 1.25  0.0 0.0
2015-07-09-12 02 37.267	  31.02694812 121.4396869 1.25  0.0 0.0
2015-07-09-12 02 37.369	  31.02694812 121.4396869 1.25  0.0 0.0
2015-07-09-12 02 37.544	  31.02694812 121.4396869 1.25  0.0 0.0
2015-07-09-12 02 37.649	  31.02694812 121.4396869 1.25  0.0 0.0
2015-07-09-12 02 37.751	  31.02692824 121.43969325 1.25  0.0 0.0
2015-07-09-12 02 37.877	  31.02692824 121.43969325 1.25  0.0 0.0
2015-07-09-12 02 37.982	  31.02692824 121.43969325 1.25  0.0 0.0
2015-07-09-12 02 38.084	  31.02692824 121.43969325 1.25  0.0 0.0
2015-07-09-12 02 38.220	  31.02692824 121.43969325 1.25  0.0 0.0
2015-07-09-12 02 38.334	  31.02692824 121.43969325 1.25  0.0 0.0
2015-07-09-12 02 38.436	  31.02692824 121.43969325 1.25  0.0 0.0
2015-07-09-12 02 38.555	  31.02692824 121.43969325 1.25  0.0 0.0
2015-07-09-12 02 38.662	  31.02692824 121.43969325 1.25  0.0 0.0
2015-07-09-12 02 38.767	  31.02692824 121.43969325 1.25  0.0 0.0
2015-07-09-12 02 38.884	  31.02692824 121.43969325 1.25  0.0 0.0
2015-07-09-12 02 38.994	  31.02692824 121.43969325 1.25  0.0 0.0
2015-07-09-12 02 39.097	  31.02692824 121.43969325 1.25  0.0 0.0
2015-07-09-12 02 39.238	  31.02692824 121.43969325 1.25  0.0 0.0
2015-07-09-12 02 39.353	  31.02692824 121.43969325 1.25  0.0 0.0
2015-07-09-12 02 39.455	  31.02692824 121.43969325 1.25  0.0 0.0
2015-07-09-12 02 39.574	  31.02692824 121.43969325 1.25  0.0 0.0
2015-07-09-12 02 39.687	  31.0269088 121.43970021 1.25  0.0 0.0
2015-07-09-12 02 39.789	  31.0269088 121.43970021 1.25  0.0 0.0
2015-07-09-12 02 39.909	  31.0269088 121.43970021 1.25  0.0 0.0
2015-07-09-12 02 40.045	  31.0269088 121.43970021 1.25  0.0 0.0
2015-07-09-12 02 40.153	  31.0269088 121.43970021 1.25  0.0 0.0
2015-07-09-12 02 40.255	  31.0269088 121.43970021 1.25  0.0 0.0
2015-07-09-12 02 40.398	  31.0269088 121.43970021 1.25  0.0 0.0
2015-07-09-12 02 40.568	  31.0269088 121.43970021 1.25  0.0 0.0
2015-07-09-12 02 40.669	  31.0269088 121.43970021 1.25  0.0 0.0
2015-07-09-12 02 40.772	  31.0269088 121.43970021 1.25  0.0 0.0
2015-07-09-12 02 40.894	  31.0269088 121.43970021 1.25  0.0 0.0
2015-07-09-12 02 41.031	  31.0269088 121.43970021 1.25  0.0 0.0
2015-07-09-12 02 41.140	  31.0269088 121.43970021 1.25  0.0 0.0
2015-07-09-12 02 41.243	  31.0269088 121.43970021 1.25  0.0 0.0
2015-07-09-12 02 41.418	  31.0269088 121.43970021 1.25  0.0 0.0
2015-07-09-12 02 41.559	  31.0269088 121.43970021 1.25  0.0 0.0
2015-07-09-12 02 41.673	  31.02688799 121.43970892 1.25  0.0 0.0
2015-07-09-12 02 41.775	  31.02688799 121.43970892 1.25  0.0 0.0
2015-07-09-12 02 41.878	  31.02688799 121.43970892 1.25  0.0 0.0
2015-07-09-12 02 41.982	  31.02688799 121.43970892 1.25  0.0 0.0
2015-07-09-12 02 42.138	  31.02688799 121.43970892 1.25  0.0 0.0
2015-07-09-12 02 42.262	  31.02688799 121.43970892 1.25  0.0 0.0
2015-07-09-12 02 42.365	  31.02688799 121.43970892 1.25  0.0 0.0
2015-07-09-12 02 42.469	  31.02688799 121.43970892 1.25  0.0 0.0
2015-07-09-12 02 42.638	  31.02688799 121.43970892 1.25  0.0 0.0
2015-07-09-12 02 42.758	  31.02688799 121.43970892 1.25  0.0 0.0
2015-07-09-12 02 42.863	  31.02688799 121.43970892 1.25  0.0 0.0
2015-07-09-12 02 42.965	  31.02688799 121.43970892 1.25  0.0 0.0
2015-07-09-12 02 43.149	  31.02688799 121.43970892 1.25  0.0 0.0
2015-07-09-12 02 43.293	  31.02688799 121.43970892 1.25  0.0 0.0
2015-07-09-12 02 43.401	  31.02688799 121.43970892 1.25  0.0 0.0
2015-07-09-12 02 43.506	  31.02688799 121.43970892 1.25  0.0 0.0
2015-07-09-12 02 43.683	  31.0268669 121.4397168 1.25  0.0 0.0
2015-07-09-12 02 43.823	  31.0268669 121.4397168 1.25  0.0 0.0
2015-07-09-12 02 43.924	  31.0268669 121.4397168 1.25  0.0 0.0
2015-07-09-12 02 44.027	  31.0268669 121.4397168 1.25  0.0 0.0
2015-07-09-12 02 44.193	  31.0268669 121.4397168 1.25  0.0 0.0
2015-07-09-12 02 44.331	  31.0268669 121.4397168 1.25  0.0 0.0
2015-07-09-12 02 44.438	  31.0268669 121.4397168 1.25  0.0 0.0
2015-07-09-12 02 44.541	  31.0268669 121.4397168 1.25  0.0 0.0
2015-07-09-12 02 44.682	  31.0268669 121.4397168 1.25  0.0 0.0
2015-07-09-12 02 44.833	  31.0268669 121.4397168 1.25  0.0 0.0
2015-07-09-12 02 44.937	  31.0268669 121.4397168 1.25  0.0 0.0
2015-07-09-12 02 45.045	  31.0268669 121.4397168 1.25  0.0 0.0
2015-07-09-12 02 45.194	  31.0268669 121.4397168 1.25  0.0 0.0
2015-07-09-12 02 45.311	  31.0268669 121.4397168 1.25  0.0 0.0
2015-07-09-12 02 45.455	  31.0268669 121.4397168 1.25  0.0 0.0
2015-07-09-12 02 45.563	  31.0268669 121.4397168 1.25  0.0 0.0
2015-07-09-12 02 45.671	  31.02684541 121.43972534 1.25  0.0 0.0
2015-07-09-12 02 45.826	  31.02684541 121.43972534 1.25  0.0 0.0
2015-07-09-12 02 45.941	  31.02684541 121.43972534 1.25  0.0 0.0
2015-07-09-12 02 46.077	  31.02684541 121.43972534 1.25  0.0 0.0
2015-07-09-12 02 46.192	  31.02684541 121.43972534 1.25  0.0 0.0
2015-07-09-12 02 46.293	  31.02684541 121.43972534 1.25  0.0 0.0
2015-07-09-12 02 46.442	  31.02684541 121.43972534 1.25  0.0 0.0
2015-07-09-12 02 46.581	  31.02684541 121.43972534 1.25  0.0 0.0
2015-07-09-12 02 46.729	  31.02684541 121.43972534 1.25  0.0 0.0
2015-07-09-12 02 46.835	  31.02684541 121.43972534 1.25  0.0 0.0
2015-07-09-12 02 46.951	  31.02684541 121.43972534 1.25  0.0 0.0
2015-07-09-12 02 47.065	  31.02684541 121.43972534 1.25  0.0 0.0
2015-07-09-12 02 47.169	  31.02684541 121.43972534 1.25  0.0 0.0
2015-07-09-12 02 47.335	  31.02684541 121.43972534 1.25  0.0 0.0
2015-07-09-12 02 47.465	  31.02684541 121.43972534 1.25  0.0 0.0
2015-07-09-12 02 47.570	  31.02684541 121.43972534 1.25  0.0 0.0
2015-07-09-12 02 47.676	  31.02682348 121.43973381 1.25  0.0 0.0
2015-07-09-12 02 47.839	  31.02682348 121.43973381 1.25  0.0 0.0
2015-07-09-12 02 47.941	  31.02682348 121.43973381 1.25  0.0 0.0
2015-07-09-12 02 48.057	  31.02682348 121.43973381 1.25  0.0 0.0
