2015-07-01-19 40 59.688	  0.0 0.0 0.0  0.0 0.0
2015-07-01-19 40 59.790	  0.0 0.0 0.0  0.0 0.0
2015-07-01-19 40 59.892	  0.0 0.0 0.0  0.0 0.0
2015-07-01-19 40 59.994	  0.0 0.0 0.0  0.0 0.0
2015-07-01-19 41 00.098	  0.0 0.0 0.0  0.0 0.0
2015-07-01-19 41 00.201	  0.0 0.0 0.0  0.0 0.0
2015-07-01-19 41 00.303	  0.0 0.0 0.0  0.0 0.0
2015-07-01-19 41 00.405	  0.0 0.0 0.0  0.0 0.0
2015-07-01-19 41 00.507	  0.0 0.0 0.0  0.0 0.0
2015-07-01-19 41 00.609	  0.0 0.0 0.0  0.0 0.0
2015-07-01-19 41 00.711	  0.0 0.0 0.0  0.0 0.0
2015-07-01-19 41 00.813	  0.0 0.0 0.0  0.0 0.0
2015-07-01-19 41 00.914	  0.0 0.0 0.0  0.0 0.0
2015-07-01-19 41 01.016	  0.0 0.0 0.0  0.0 0.0
2015-07-01-19 41 01.118	  0.0 0.0 0.0  0.0 0.0
2015-07-01-19 41 01.220	  0.0 0.0 0.0  0.0 0.0
2015-07-01-19 41 01.321	  0.0 0.0 0.0  0.0 0.0
2015-07-01-19 41 01.423	  0.0 0.0 0.0  0.0 0.0
2015-07-01-19 41 01.526	  0.0 0.0 0.0  0.0 0.0
2015-07-01-19 41 01.628	  0.0 0.0 0.0  0.0 0.0
2015-07-01-19 41 01.729	  0.0 0.0 0.0  0.0 0.0
2015-07-01-19 41 01.831	  0.0 0.0 0.0  0.0 0.0
2015-07-01-19 41 01.933	  0.0 0.0 0.0  0.0 0.0
2015-07-01-19 41 02.034	  0.0 0.0 0.0  0.0 0.0
2015-07-01-19 41 02.136	  0.0 0.0 0.0  0.0 0.0
2015-07-01-19 41 02.238	  31.02782721 121.43933308 1.25  0.0 0.0
2015-07-01-19 41 02.341	  31.02782721 121.43933308 1.25  0.0 0.0
2015-07-01-19 41 02.443	  31.02782721 121.43933308 1.25  0.0 0.0
2015-07-01-19 41 02.545	  31.02782721 121.43933308 1.25  0.0 0.0
2015-07-01-19 41 02.647	  31.02782721 121.43933308 1.25  0.0 0.0
2015-07-01-19 41 02.750	  31.02782721 121.43933308 1.25  0.0 0.0
2015-07-01-19 41 02.851	  31.02782721 121.43933308 1.25  0.0 0.0
2015-07-01-19 41 02.952	  31.02782721 121.43933308 1.25  0.0 0.0
2015-07-01-19 41 03.054	  31.02782721 121.43933308 1.25  0.0 0.0
2015-07-01-19 41 03.155	  31.02782721 121.43933308 1.25  0.0 0.0
2015-07-01-19 41 03.256	  31.02782721 121.43933308 1.25  0.0 0.0
2015-07-01-19 41 03.358	  31.02782721 121.43933308 1.25  0.0 0.0
2015-07-01-19 41 03.460	  31.02782721 121.43933308 1.25  0.0 0.0
2015-07-01-19 41 03.564	  31.02782721 121.43933308 1.25  0.0 0.0
2015-07-01-19 41 03.670	  31.02782721 121.43933308 1.25  0.0 0.0
2015-07-01-19 41 03.772	  31.02782721 121.43933308 1.25  0.0 0.0
2015-07-01-19 41 03.873	  31.02782721 121.43933308 1.25  0.0 0.0
2015-07-01-19 41 03.975	  31.02782721 121.43933308 1.25  0.0 0.0
2015-07-01-19 41 04.079	  31.02782721 121.43933308 1.25  0.0 0.0
2015-07-01-19 41 04.189	  31.02782721 121.43933308 1.25  0.0 0.0
2015-07-01-19 41 04.291	  31.02782721 121.43933308 1.25  0.0 0.0
2015-07-01-19 41 04.393	  31.027771219999998 121.4393722 1.5  0.0 0.0
2015-07-01-19 41 04.524	  31.027771219999998 121.4393722 1.5  0.0 0.0
2015-07-01-19 41 04.625	  31.027771219999998 121.4393722 1.5  0.0 0.0
2015-07-01-19 41 04.730	  31.027771219999998 121.4393722 1.5  0.0 0.0
2015-07-01-19 41 04.834	  31.027771219999998 121.4393722 1.5  0.0 0.0
2015-07-01-19 41 04.950	  31.027771219999998 121.4393722 1.5  0.0 0.0
2015-07-01-19 41 05.051	  31.027771219999998 121.4393722 1.5  0.0 0.0
2015-07-01-19 41 05.153	  31.027771219999998 121.4393722 1.5  0.0 0.0
2015-07-01-19 41 05.256	  31.027771219999998 121.4393722 1.5  0.0 0.0
2015-07-01-19 41 05.360	  31.027771219999998 121.4393722 1.5  0.0 0.0
2015-07-01-19 41 05.468	  31.027771219999998 121.4393722 1.5  0.0 0.0
2015-07-01-19 41 05.573	  31.027771219999998 121.4393722 1.5  0.0 0.0
2015-07-01-19 41 05.675	  31.027771219999998 121.4393722 1.5  0.0 0.0
2015-07-01-19 41 05.776	  31.027771219999998 121.4393722 1.5  0.0 0.0
2015-07-01-19 41 05.878	  31.02771892 121.43939618 1.5  0.0 0.0
2015-07-01-19 41 05.981	  31.02771892 121.43939618 1.5  0.0 0.0
2015-07-01-19 41 06.086	  31.02771892 121.43939618 1.5  0.0 0.0
2015-07-01-19 41 06.195	  31.02771892 121.43939618 1.5  0.0 0.0
2015-07-01-19 41 06.298	  31.02771892 121.43939618 1.5  0.0 0.0
2015-07-01-19 41 06.400	  31.02771892 121.43939618 1.5  0.0 0.0
2015-07-01-19 41 06.502	  31.02771892 121.43939618 1.5  0.0 0.0
2015-07-01-19 41 06.606	  31.02771892 121.43939618 1.5  0.0 0.0
2015-07-01-19 41 06.712	  31.02771892 121.43939618 1.5  0.0 0.0
2015-07-01-19 41 06.823	  31.02771892 121.43939618 1.5  0.0 0.0
2015-07-01-19 41 06.952	  31.02770035 121.43940423 1.5  0.0 0.0
2015-07-01-19 41 07.054	  31.02770035 121.43940423 1.5  0.0 0.0
2015-07-01-19 41 07.155	  31.02770035 121.43940423 1.5  0.0 0.0
2015-07-01-19 41 07.260	  31.02770035 121.43940423 1.5  0.0 0.0
2015-07-01-19 41 07.363	  31.02770035 121.43940423 1.5  0.0 0.0
2015-07-01-19 41 07.467	  31.02770035 121.43940423 1.5  0.0 0.0
2015-07-01-19 41 07.571	  31.02770035 121.43940423 1.5  0.0 0.0
2015-07-01-19 41 07.673	  31.02770035 121.43940423 1.5  0.0 0.0
2015-07-01-19 41 07.775	  31.02770035 121.43940423 1.5  0.0 0.0
2015-07-01-19 41 07.879	  31.02770035 121.43940423 1.5  0.0 0.0
2015-07-01-19 41 07.992	  31.02770035 121.43940423 1.5  0.0 0.0
2015-07-01-19 41 08.093	  31.02770035 121.43940423 1.5  0.0 0.0
2015-07-01-19 41 08.198	  31.02770035 121.43940423 1.5  0.0 0.0
2015-07-01-19 41 08.301	  31.02770035 121.43940423 1.5  0.0 0.0
2015-07-01-19 41 08.404	  31.02770035 121.43940423 1.5  0.0 0.0
2015-07-01-19 41 08.511	  31.02770035 121.43940423 1.5  0.0 0.0
2015-07-01-19 41 08.618	  31.02770035 121.43940423 1.5  0.0 0.0
2015-07-01-19 41 08.723	  31.02770035 121.43940423 1.5  0.0 0.0
2015-07-01-19 41 08.828	  31.02770035 121.43940423 1.5  0.0 0.0
2015-07-01-19 41 08.930	  31.02770035 121.43940423 1.5  0.0 0.0
2015-07-01-19 41 09.032	  31.02770035 121.43940423 1.5  0.0 0.0
2015-07-01-19 41 09.136	  31.02770035 121.43940423 1.5  0.0 0.0
2015-07-01-19 41 09.241	  31.02770035 121.43940423 1.5  0.0 0.0
2015-07-01-19 41 09.350	  31.02770035 121.43940423 1.5  0.0 0.0
2015-07-01-19 41 09.461	  31.02767107 121.43942123 1.5  0.0 0.0
2015-07-01-19 41 09.562	  31.02767107 121.43942123 1.5  0.0 0.0
2015-07-01-19 41 09.664	  31.02767107 121.43942123 1.5  0.0 0.0
2015-07-01-19 41 09.766	  31.02767107 121.43942123 1.5  0.0 0.0
2015-07-01-19 41 09.872	  31.02767107 121.43942123 1.5  0.0 0.0
2015-07-01-19 41 09.980	  31.02767107 121.43942123 1.5  0.0 0.0
2015-07-01-19 41 10.081	  31.02767107 121.43942123 1.5  0.0 0.0
2015-07-01-19 41 10.186	  31.02767107 121.43942123 1.5  0.0 0.0
2015-07-01-19 41 10.290	  31.02767107 121.43942123 1.5  0.0 0.0
2015-07-01-19 41 10.393	  31.02767107 121.43942123 1.5  0.0 0.0
2015-07-01-19 41 10.497	  31.02767107 121.43942123 1.5  0.0 0.0
2015-07-01-19 41 10.601	  31.02767107 121.43942123 1.5  0.0 0.0
2015-07-01-19 41 10.705	  31.02767107 121.43942123 1.5  0.0 0.0
2015-07-01-19 41 10.815	  31.02767107 121.43942123 1.5  0.0 0.0
2015-07-01-19 41 10.917	  31.02767107 121.43942123 1.5  0.0 0.0
2015-07-01-19 41 11.020	  31.02764063 121.43943827 1.25  0.0 0.0
2015-07-01-19 41 11.124	  31.02764063 121.43943827 1.25  0.0 0.0
2015-07-01-19 41 11.228	  31.02764063 121.43943827 1.25  0.0 0.0
2015-07-01-19 41 11.331	  31.02764063 121.43943827 1.25  0.0 0.0
2015-07-01-19 41 11.436	  31.02764063 121.43943827 1.25  0.0 0.0
2015-07-01-19 41 11.541	  31.02764063 121.43943827 1.25  0.0 0.0
2015-07-01-19 41 11.645	  31.02764063 121.43943827 1.25  0.0 0.0
2015-07-01-19 41 11.751	  31.02764063 121.43943827 1.25  0.0 0.0
2015-07-01-19 41 11.862	  31.02764063 121.43943827 1.25  0.0 0.0
2015-07-01-19 41 11.965	  31.02764063 121.43943827 1.25  0.0 0.0
2015-07-01-19 41 12.066	  31.02764063 121.43943827 1.25  0.0 0.0
2015-07-01-19 41 12.168	  31.02764063 121.43943827 1.25  0.0 0.0
2015-07-01-19 41 12.275	  31.02764063 121.43943827 1.25  0.0 0.0
2015-07-01-19 41 12.390	  31.02764063 121.43943827 1.25  0.0 0.0
2015-07-01-19 41 12.491	  31.02764063 121.43943827 1.25  0.0 0.0
2015-07-01-19 41 12.592	  31.02764063 121.43943827 1.25  0.0 0.0
2015-07-01-19 41 12.695	  31.02764063 121.43943827 1.25  0.0 0.0
2015-07-01-19 41 12.797	  31.02764063 121.43943827 1.25  0.0 0.0
2015-07-01-19 41 12.903	  31.0276091 121.43945393 1.25  0.0 0.0
2015-07-01-19 41 13.004	  31.0276091 121.43945393 1.25  0.0 0.0
2015-07-01-19 41 13.106	  31.0276091 121.43945393 1.25  0.0 0.0
2015-07-01-19 41 13.212	  31.0276091 121.43945393 1.25  0.0 0.0
2015-07-01-19 41 13.316	  31.0276091 121.43945393 1.25  0.0 0.0
2015-07-01-19 41 13.420	  31.0276091 121.43945393 1.25  0.0 0.0
2015-07-01-19 41 13.522	  31.0276091 121.43945393 1.25  0.0 0.0
2015-07-01-19 41 13.624	  31.0276091 121.43945393 1.25  0.0 0.0
2015-07-01-19 41 13.729	  31.0276091 121.43945393 1.25  0.0 0.0
2015-07-01-19 41 13.832	  31.0276091 121.43945393 1.25  0.0 0.0
2015-07-01-19 41 13.945	  31.0276091 121.43945393 1.25  0.0 0.0
2015-07-01-19 41 14.049	  31.0276091 121.43945393 1.25  0.0 0.0
2015-07-01-19 41 14.150	  31.0276091 121.43945393 1.25  0.0 0.0
2015-07-01-19 41 14.253	  31.0276091 121.43945393 1.25  0.0 0.0
2015-07-01-19 41 14.356	  31.0276091 121.43945393 1.25  0.0 0.0
2015-07-01-19 41 14.459	  31.0276091 121.43945393 1.25  0.0 0.0
2015-07-01-19 41 14.565	  31.0276091 121.43945393 1.25  0.0 0.0
2015-07-01-19 41 14.672	  31.0276091 121.43945393 1.25  0.0 0.0
2015-07-01-19 41 14.775	  31.0276091 121.43945393 1.25  0.0 0.0
2015-07-01-19 41 14.878	  31.0275821 121.43946427 1.25  0.0 0.0
2015-07-01-19 41 14.980	  31.0275821 121.43946427 1.25  0.0 0.0
2015-07-01-19 41 15.082	  31.0275821 121.43946427 1.25  0.0 0.0
2015-07-01-19 41 15.185	  31.0275821 121.43946427 1.25  0.0 0.0
2015-07-01-19 41 15.287	  31.0275821 121.43946427 1.25  0.0 0.0
2015-07-01-19 41 15.390	  31.0275821 121.43946427 1.25  0.0 0.0
2015-07-01-19 41 15.492	  31.0275821 121.43946427 1.25  0.0 0.0
2015-07-01-19 41 15.597	  31.0275821 121.43946427 1.25  0.0 0.0
2015-07-01-19 41 15.700	  31.0275821 121.43946427 1.25  0.0 0.0
2015-07-01-19 41 15.806	  31.0275821 121.43946427 1.25  0.0 0.0
2015-07-01-19 41 15.909	  31.0275821 121.43946427 1.25  0.0 0.0
2015-07-01-19 41 16.010	  31.0275821 121.43946427 1.25  0.0 0.0
2015-07-01-19 41 16.112	  31.0275821 121.43946427 1.25  0.0 0.0
2015-07-01-19 41 16.216	  31.0275821 121.43946427 1.25  0.0 0.0
2015-07-01-19 41 16.325	  31.0275821 121.43946427 1.25  0.0 0.0
2015-07-01-19 41 16.427	  31.0275821 121.43946427 1.25  0.0 0.0
2015-07-01-19 41 16.530	  31.0275821 121.43946427 1.25  0.0 0.0
2015-07-01-19 41 16.632	  31.0275821 121.43946427 1.25  0.0 0.0
2015-07-01-19 41 16.739	  31.0275821 121.43946427 1.25  0.0 0.0
2015-07-01-19 41 16.841	  31.02755827 121.43947637 1.25  0.0 0.0
2015-07-01-19 41 16.942	  31.02755827 121.43947637 1.25  0.0 0.0
2015-07-01-19 41 17.046	  31.02755827 121.43947637 1.25  0.0 0.0
2015-07-01-19 41 17.161	  31.02755827 121.43947637 1.25  0.0 0.0
2015-07-01-19 41 17.264	  31.02755827 121.43947637 1.25  0.0 0.0
2015-07-01-19 41 17.366	  31.02755827 121.43947637 1.25  0.0 0.0
2015-07-01-19 41 17.469	  31.02755827 121.43947637 1.25  0.0 0.0
2015-07-01-19 41 17.577	  31.02755827 121.43947637 1.25  0.0 0.0
2015-07-01-19 41 17.679	  31.02755827 121.43947637 1.25  0.0 0.0
2015-07-01-19 41 17.780	  31.02755827 121.43947637 1.25  0.0 0.0
2015-07-01-19 41 17.884	  31.02755827 121.43947637 1.25  0.0 0.0
2015-07-01-19 41 17.995	  31.02755827 121.43947637 1.25  0.0 0.0
2015-07-01-19 41 18.097	  31.02755827 121.43947637 1.25  0.0 0.0
2015-07-01-19 41 18.199	  31.02755827 121.43947637 1.25  0.0 0.0
2015-07-01-19 41 18.304	  31.02755827 121.43947637 1.25  0.0 0.0
2015-07-01-19 41 18.419	  31.02755827 121.43947637 1.25  0.0 0.0
2015-07-01-19 41 18.522	  31.02755827 121.43947637 1.25  0.0 0.0
2015-07-01-19 41 18.626	  31.02755827 121.43947637 1.25  0.0 0.0
2015-07-01-19 41 18.733	  31.02755827 121.43947637 1.25  0.0 0.0
2015-07-01-19 41 18.843	  31.02755827 121.43947637 1.25  0.0 0.0
2015-07-01-19 41 18.945	  31.02755827 121.43947637 1.25  0.0 0.0
2015-07-01-19 41 19.046	  31.02755827 121.43947637 1.25  0.0 0.0
2015-07-01-19 41 19.148	  31.02755827 121.43947637 1.25  0.0 0.0
2015-07-01-19 41 19.256	  31.02755827 121.43947637 1.25  0.0 0.0
2015-07-01-19 41 19.359	  31.02755827 121.43947637 1.25  0.0 0.0
2015-07-01-19 41 19.461	  31.02753649 121.43949197 1.25  0.0 0.0
2015-07-01-19 41 19.563	  31.02753649 121.43949197 1.25  0.0 0.0
2015-07-01-19 41 19.673	  31.02753649 121.43949197 1.25  0.0 0.0
2015-07-01-19 41 19.774	  31.02753649 121.43949197 1.25  0.0 0.0
2015-07-01-19 41 19.877	  31.02753649 121.43949197 1.25  0.0 0.0
2015-07-01-19 41 19.985	  31.02753649 121.43949197 1.25  0.0 0.0
2015-07-01-19 41 20.091	  31.02753649 121.43949197 1.25  0.0 0.0
2015-07-01-19 41 20.193	  31.02753649 121.43949197 1.25  0.0 0.0
2015-07-01-19 41 20.297	  31.02753649 121.43949197 1.25  0.0 0.0
2015-07-01-19 41 20.403	  31.02753649 121.43949197 1.25  0.0 0.0
2015-07-01-19 41 20.507	  31.02753649 121.43949197 1.25  0.0 0.0
2015-07-01-19 41 20.615	  31.02753649 121.43949197 1.25  0.0 0.0
2015-07-01-19 41 20.723	  31.02753649 121.43949197 1.25  0.0 0.0
2015-07-01-19 41 20.825	  31.02753649 121.43949197 1.25  0.0 0.0
2015-07-01-19 41 20.928	  31.02751472 121.43950633 1.25  0.0 0.0
2015-07-01-19 41 21.038	  31.02751472 121.43950633 1.25  0.0 0.0
2015-07-01-19 41 21.141	  31.02751472 121.43950633 1.25  0.0 0.0
2015-07-01-19 41 21.243	  31.02751472 121.43950633 1.25  0.0 0.0
2015-07-01-19 41 21.346	  31.02751472 121.43950633 1.25  0.0 0.0
2015-07-01-19 41 21.455	  31.02751472 121.43950633 1.25  0.0 0.0
2015-07-01-19 41 21.556	  31.02751472 121.43950633 1.25  0.0 0.0
2015-07-01-19 41 21.659	  31.02751472 121.43950633 1.25  0.0 0.0
2015-07-01-19 41 21.763	  31.02751472 121.43950633 1.25  0.0 0.0
2015-07-01-19 41 21.866	  31.02751472 121.43950633 1.25  0.0 0.0
2015-07-01-19 41 21.968	  31.02751472 121.43950633 1.25  0.0 0.0
2015-07-01-19 41 22.072	  31.02751472 121.43950633 1.25  0.0 0.0
2015-07-01-19 41 22.180	  31.02751472 121.43950633 1.25  0.0 0.0
2015-07-01-19 41 22.286	  31.02751472 121.43950633 1.25  0.0 0.0
2015-07-01-19 41 22.390	  31.02751472 121.43950633 1.25  0.0 0.0
2015-07-01-19 41 22.503	  31.02751472 121.43950633 1.25  0.0 0.0
2015-07-01-19 41 22.606	  31.02751472 121.43950633 1.25  0.0 0.0
2015-07-01-19 41 22.707	  31.02751472 121.43950633 1.25  0.0 0.0
2015-07-01-19 41 22.819	  31.02749282 121.4395204 1.25  0.0 0.0
2015-07-01-19 41 22.935	  31.02749282 121.4395204 1.25  0.0 0.0
2015-07-01-19 41 23.037	  31.02749282 121.4395204 1.25  0.0 0.0
2015-07-01-19 41 23.140	  31.02749282 121.4395204 1.25  0.0 0.0
2015-07-01-19 41 23.241	  31.02749282 121.4395204 1.25  0.0 0.0
2015-07-01-19 41 23.342	  31.02749282 121.4395204 1.25  0.0 0.0
2015-07-01-19 41 23.448	  31.02749282 121.4395204 1.25  0.0 0.0
2015-07-01-19 41 23.550	  31.02749282 121.4395204 1.25  0.0 0.0
2015-07-01-19 41 23.653	  31.02749282 121.4395204 1.25  0.0 0.0
2015-07-01-19 41 23.757	  31.02749282 121.4395204 1.25  0.0 0.0
2015-07-01-19 41 23.860	  31.02749282 121.4395204 1.25  0.0 0.0
2015-07-01-19 41 23.963	  31.02749282 121.4395204 1.25  0.0 0.0
2015-07-01-19 41 24.067	  31.02749282 121.4395204 1.25  0.0 0.0
2015-07-01-19 41 24.169	  31.02749282 121.4395204 1.25  0.0 0.0
2015-07-01-19 41 24.271	  31.02749282 121.4395204 1.25  0.0 0.0
2015-07-01-19 41 24.374	  31.02749282 121.4395204 1.25  0.0 0.0
2015-07-01-19 41 24.476	  31.02749282 121.4395204 1.25  0.0 0.0
2015-07-01-19 41 24.580	  31.02749282 121.4395204 1.25  0.0 0.0
2015-07-01-19 41 24.693	  31.02749282 121.4395204 1.25  0.0 0.0
2015-07-01-19 41 24.796	  31.02749282 121.4395204 1.25  0.0 0.0
2015-07-01-19 41 24.899	  31.02747142 121.4395323 1.25  0.0 0.0
2015-07-01-19 41 25.002	  31.02747142 121.4395323 1.25  0.0 0.0
2015-07-01-19 41 25.105	  31.02747142 121.4395323 1.25  0.0 0.0
2015-07-01-19 41 25.219	  31.02747142 121.4395323 1.25  0.0 0.0
2015-07-01-19 41 25.321	  31.02747142 121.4395323 1.25  0.0 0.0
2015-07-01-19 41 25.425	  31.02747142 121.4395323 1.25  0.0 0.0
2015-07-01-19 41 25.540	  31.02747142 121.4395323 1.25  0.0 0.0
2015-07-01-19 41 25.644	  31.02747142 121.4395323 1.25  0.0 0.0
2015-07-01-19 41 25.746	  31.02747142 121.4395323 1.25  0.0 0.0
2015-07-01-19 41 25.857	  31.02747142 121.4395323 1.25  0.0 0.0
2015-07-01-19 41 25.959	  31.02747142 121.4395323 1.25  0.0 0.0
2015-07-01-19 41 26.061	  31.02747142 121.4395323 1.25  0.0 0.0
2015-07-01-19 41 26.165	  31.02747142 121.4395323 1.25  0.0 0.0
2015-07-01-19 41 26.266	  31.02747142 121.4395323 1.25  0.0 0.0
2015-07-01-19 41 26.369	  31.02747142 121.4395323 1.25  0.0 0.0
2015-07-01-19 41 26.480	  31.02747142 121.4395323 1.25  0.0 0.0
2015-07-01-19 41 26.581	  31.02747142 121.4395323 1.25  0.0 0.0
2015-07-01-19 41 26.683	  31.02747142 121.4395323 1.25  0.0 0.0
2015-07-01-19 41 26.788	  31.02747142 121.4395323 1.25  0.0 0.0
2015-07-01-19 41 26.890	  31.02744906 121.43954281 1.25  0.0 0.0
2015-07-01-19 41 26.992	  31.02744906 121.43954281 1.25  0.0 0.0
2015-07-01-19 41 27.097	  31.02744906 121.43954281 1.25  0.0 0.0
2015-07-01-19 41 27.200	  31.02744906 121.43954281 1.25  0.0 0.0
2015-07-01-19 41 27.306	  31.02744906 121.43954281 1.25  0.0 0.0
2015-07-01-19 41 27.418	  31.02744906 121.43954281 1.25  0.0 0.0
2015-07-01-19 41 27.521	  31.02744906 121.43954281 1.25  0.0 0.0
2015-07-01-19 41 27.624	  31.02744906 121.43954281 1.25  0.0 0.0
2015-07-01-19 41 27.730	  31.02744906 121.43954281 1.25  0.0 0.0
2015-07-01-19 41 27.837	  31.02744906 121.43954281 1.25  0.0 0.0
2015-07-01-19 41 27.945	  31.02744906 121.43954281 1.25  0.0 0.0
2015-07-01-19 41 28.062	  31.02744906 121.43954281 1.25  0.0 0.0
2015-07-01-19 41 28.165	  31.02744906 121.43954281 1.25  0.0 0.0
2015-07-01-19 41 28.269	  31.02744906 121.43954281 1.25  0.0 0.0
2015-07-01-19 41 28.379	  31.02744906 121.43954281 1.25  0.0 0.0
2015-07-01-19 41 28.480	  31.02744906 121.43954281 1.25  0.0 0.0
2015-07-01-19 41 28.582	  31.02744906 121.43954281 1.25  0.0 0.0
2015-07-01-19 41 28.688	  31.02744906 121.43954281 1.25  0.0 0.0
2015-07-01-19 41 28.791	  31.02744906 121.43954281 1.25  0.0 0.0
2015-07-01-19 41 28.895	  31.02742541 121.4395529 1.25  0.0 0.0
2015-07-01-19 41 28.999	  31.02742541 121.4395529 1.25  0.0 0.0
2015-07-01-19 41 29.100	  31.02742541 121.4395529 1.25  0.0 0.0
2015-07-01-19 41 29.203	  31.02742541 121.4395529 1.25  0.0 0.0
2015-07-01-19 41 29.319	  31.02742541 121.4395529 1.25  0.0 0.0
2015-07-01-19 41 29.421	  31.02742541 121.4395529 1.25  0.0 0.0
2015-07-01-19 41 29.522	  31.02742541 121.4395529 1.25  0.0 0.0
2015-07-01-19 41 29.631	  31.02742541 121.4395529 1.25  0.0 0.0
2015-07-01-19 41 29.735	  31.02742541 121.4395529 1.25  0.0 0.0
2015-07-01-19 41 29.840	  31.02742541 121.4395529 1.25  0.0 0.0
2015-07-01-19 41 29.958	  31.02742541 121.4395529 1.25  0.0 0.0
2015-07-01-19 41 30.059	  31.02742541 121.4395529 1.25  0.0 0.0
2015-07-01-19 41 30.160	  31.02742541 121.4395529 1.25  0.0 0.0
2015-07-01-19 41 30.278	  31.02742541 121.4395529 1.25  0.0 0.0
2015-07-01-19 41 30.384	  31.02742541 121.4395529 1.25  0.0 0.0
2015-07-01-19 41 30.488	  31.02742541 121.4395529 1.25  0.0 0.0
2015-07-01-19 41 30.591	  31.02742541 121.4395529 1.25  0.0 0.0
2015-07-01-19 41 30.706	  31.02742541 121.4395529 1.25  0.0 0.0
2015-07-01-19 41 30.808	  31.02742541 121.4395529 1.25  0.0 0.0
2015-07-01-19 41 30.911	  31.02740293 121.43956312 1.25  0.0 0.0
2015-07-01-19 41 31.019	  31.02740293 121.43956312 1.25  0.0 0.0
2015-07-01-19 41 31.121	  31.02740293 121.43956312 1.25  0.0 0.0
2015-07-01-19 41 31.223	  31.02740293 121.43956312 1.25  0.0 0.0
2015-07-01-19 41 31.394	  31.02740293 121.43956312 1.25  0.0 0.0
2015-07-01-19 41 31.495	  31.02740293 121.43956312 1.25  0.0 0.0
2015-07-01-19 41 31.597	  31.02740293 121.43956312 1.25  0.0 0.0
2015-07-01-19 41 31.698	  31.02740293 121.43956312 1.25  0.0 0.0
2015-07-01-19 41 31.800	  31.02740293 121.43956312 1.25  0.0 0.0
2015-07-01-19 41 31.909	  31.02740293 121.43956312 1.25  0.0 0.0
2015-07-01-19 41 32.011	  31.02740293 121.43956312 1.25  0.0 0.0
2015-07-01-19 41 32.113	  31.02740293 121.43956312 1.25  0.0 0.0
2015-07-01-19 41 32.219	  31.02740293 121.43956312 1.25  0.0 0.0
2015-07-01-19 41 32.321	  31.02740293 121.43956312 1.25  0.0 0.0
2015-07-01-19 41 32.423	  31.02740293 121.43956312 1.25  0.0 0.0
2015-07-01-19 41 32.562	  31.02740293 121.43956312 1.25  0.0 0.0
2015-07-01-19 41 32.665	  31.02740293 121.43956312 1.25  0.0 0.0
2015-07-01-19 41 32.773	  31.02740293 121.43956312 1.25  0.0 0.0
2015-07-01-19 41 32.875	  31.02738138 121.43957189 1.25  0.0 0.0
2015-07-01-19 41 32.976	  31.02738138 121.43957189 1.25  0.0 0.0
2015-07-01-19 41 33.095	  31.02738138 121.43957189 1.25  0.0 0.0
2015-07-01-19 41 33.198	  31.02738138 121.43957189 1.25  0.0 0.0
2015-07-01-19 41 33.305	  31.02738138 121.43957189 1.25  0.0 0.0
2015-07-01-19 41 33.409	  31.02738138 121.43957189 1.25  0.0 0.0
2015-07-01-19 41 33.513	  31.02738138 121.43957189 1.25  0.0 0.0
2015-07-01-19 41 33.694	  31.02738138 121.43957189 1.25  0.0 0.0
2015-07-01-19 41 33.798	  31.02738138 121.43957189 1.25  0.0 0.0
2015-07-01-19 41 33.902	  31.02738138 121.43957189 1.25  0.0 0.0
2015-07-01-19 41 34.005	  31.02738138 121.43957189 1.25  0.0 0.0
2015-07-01-19 41 34.110	  31.02738138 121.43957189 1.25  0.0 0.0
2015-07-01-19 41 34.250	  31.02738138 121.43957189 1.25  0.0 0.0
2015-07-01-19 41 34.352	  31.02738138 121.43957189 1.25  0.0 0.0
2015-07-01-19 41 34.465	  31.02738138 121.43957189 1.25  0.0 0.0
2015-07-01-19 41 34.568	  31.02738138 121.43957189 1.25  0.0 0.0
2015-07-01-19 41 34.672	  31.02738138 121.43957189 1.25  0.0 0.0
2015-07-01-19 41 34.819	  31.02738138 121.43957189 1.25  0.0 0.0
2015-07-01-19 41 34.922	  31.02735944 121.43958145 1.25  0.0 0.0
2015-07-01-19 41 35.026	  31.02735944 121.43958145 1.25  0.0 0.0
2015-07-01-19 41 35.128	  31.02735944 121.43958145 1.25  0.0 0.0
2015-07-01-19 41 35.230	  31.02735944 121.43958145 1.25  0.0 0.0
2015-07-01-19 41 35.348	  31.02735944 121.43958145 1.25  0.0 0.0
2015-07-01-19 41 35.490	  31.02735944 121.43958145 1.25  0.0 0.0
2015-07-01-19 41 35.593	  31.02735944 121.43958145 1.25  0.0 0.0
2015-07-01-19 41 35.709	  31.02735944 121.43958145 1.25  0.0 0.0
2015-07-01-19 41 35.811	  31.02735944 121.43958145 1.25  0.0 0.0
2015-07-01-19 41 35.913	  31.02735944 121.43958145 1.25  0.0 0.0
2015-07-01-19 41 36.018	  31.02735944 121.43958145 1.25  0.0 0.0
2015-07-01-19 41 36.120	  31.02735944 121.43958145 1.25  0.0 0.0
2015-07-01-19 41 36.248	  31.02735944 121.43958145 1.25  0.0 0.0
2015-07-01-19 41 36.351	  31.02735944 121.43958145 1.25  0.0 0.0
2015-07-01-19 41 36.472	  31.02735944 121.43958145 1.25  0.0 0.0
2015-07-01-19 41 36.573	  31.02735944 121.43958145 1.25  0.0 0.0
2015-07-01-19 41 36.678	  31.02735944 121.43958145 1.25  0.0 0.0
2015-07-01-19 41 36.784	  31.02735944 121.43958145 1.25  0.0 0.0
2015-07-01-19 41 36.891	  31.02735944 121.43958145 1.25  0.0 0.0
2015-07-01-19 41 37.022	  31.02733825 121.43959151 1.25  0.0 0.0
2015-07-01-19 41 37.124	  31.02733825 121.43959151 1.25  0.0 0.0
2015-07-01-19 41 37.229	  31.02733825 121.43959151 1.25  0.0 0.0
2015-07-01-19 41 37.333	  31.02733825 121.43959151 1.25  0.0 0.0
2015-07-01-19 41 37.443	  31.02733825 121.43959151 1.25  0.0 0.0
2015-07-01-19 41 37.546	  31.02733825 121.43959151 1.25  0.0 0.0
2015-07-01-19 41 37.650	  31.02733825 121.43959151 1.25  0.0 0.0
2015-07-01-19 41 37.751	  31.02733825 121.43959151 1.25  0.0 0.0
2015-07-01-19 41 37.859	  31.02733825 121.43959151 1.25  0.0 0.0
2015-07-01-19 41 37.993	  31.02733825 121.43959151 1.25  0.0 0.0
2015-07-01-19 41 38.095	  31.02733825 121.43959151 1.25  0.0 0.0
2015-07-01-19 41 38.210	  31.02733825 121.43959151 1.25  0.0 0.0
2015-07-01-19 41 38.314	  31.02733825 121.43959151 1.25  0.0 0.0
2015-07-01-19 41 38.425	  31.02733825 121.43959151 1.25  0.0 0.0
2015-07-01-19 41 38.536	  31.02733825 121.43959151 1.25  0.0 0.0
2015-07-01-19 41 38.649	  31.02733825 121.43959151 1.25  0.0 0.0
2015-07-01-19 41 38.752	  31.02733825 121.43959151 1.25  0.0 0.0
2015-07-01-19 41 38.855	  31.02733825 121.43959151 1.25  0.0 0.0
2015-07-01-19 41 38.959	  31.02731646 121.43959782 1.25  0.0 0.0
2015-07-01-19 41 39.060	  31.02731646 121.43959782 1.25  0.0 0.0
2015-07-01-19 41 39.161	  31.02731646 121.43959782 1.25  0.0 0.0
2015-07-01-19 41 39.264	  31.02731646 121.43959782 1.25  0.0 0.0
2015-07-01-19 41 39.367	  31.02731646 121.43959782 1.25  0.0 0.0
2015-07-01-19 41 39.471	  31.02731646 121.43959782 1.25  0.0 0.0
2015-07-01-19 41 39.572	  31.02731646 121.43959782 1.25  0.0 0.0
2015-07-01-19 41 39.674	  31.02731646 121.43959782 1.25  0.0 0.0
2015-07-01-19 41 39.777	  31.02731646 121.43959782 1.25  0.0 0.0
2015-07-01-19 41 39.878	  31.02731646 121.43959782 1.25  0.0 0.0
2015-07-01-19 41 39.980	  31.02731646 121.43959782 1.25  0.0 0.0
2015-07-01-19 41 40.081	  31.02731646 121.43959782 1.25  0.0 0.0
2015-07-01-19 41 40.183	  31.02731646 121.43959782 1.25  0.0 0.0
2015-07-01-19 41 40.295	  31.02731646 121.43959782 1.25  0.0 0.0
2015-07-01-19 41 40.400	  31.02731646 121.43959782 1.25  0.0 0.0
2015-07-01-19 41 40.502	  31.02731646 121.43959782 1.25  0.0 0.0
2015-07-01-19 41 40.613	  31.02731646 121.43959782 1.25  0.0 0.0
2015-07-01-19 41 40.715	  31.02731646 121.43959782 1.25  0.0 0.0
2015-07-01-19 41 40.817	  31.02731646 121.43959782 1.25  0.0 0.0
2015-07-01-19 41 40.925	  31.02729534 121.43960656 1.25  0.0 0.0
2015-07-01-19 41 41.029	  31.02729534 121.43960656 1.25  0.0 0.0
2015-07-01-19 41 41.130	  31.02729534 121.43960656 1.25  0.0 0.0
2015-07-01-19 41 41.233	  31.02729534 121.43960656 1.25  0.0 0.0
2015-07-01-19 41 41.340	  31.02729534 121.43960656 1.25  0.0 0.0
2015-07-01-19 41 41.456	  31.02729534 121.43960656 1.25  0.0 0.0
2015-07-01-19 41 41.557	  31.02729534 121.43960656 1.25  0.0 0.0
2015-07-01-19 41 41.659	  31.02729534 121.43960656 1.25  0.0 0.0
2015-07-01-19 41 41.762	  31.02729534 121.43960656 1.25  0.0 0.0
2015-07-01-19 41 41.875	  31.02729534 121.43960656 1.25  0.0 0.0
2015-07-01-19 41 41.976	  31.02729534 121.43960656 1.25  0.0 0.0
2015-07-01-19 41 42.078	  31.02729534 121.43960656 1.25  0.0 0.0
2015-07-01-19 41 42.179	  31.02729534 121.43960656 1.25  0.0 0.0
2015-07-01-19 41 42.294	  31.02729534 121.43960656 1.25  0.0 0.0
2015-07-01-19 41 42.396	  31.02729534 121.43960656 1.25  0.0 0.0
2015-07-01-19 41 42.498	  31.02729534 121.43960656 1.25  0.0 0.0
2015-07-01-19 41 42.601	  31.02729534 121.43960656 1.25  0.0 0.0
2015-07-01-19 41 42.706	  31.02729534 121.43960656 1.25  0.0 0.0
2015-07-01-19 41 42.810	  31.02729534 121.43960656 1.25  0.0 0.0
2015-07-01-19 41 42.925	  31.02729534 121.43960656 1.25  0.0 0.0
2015-07-01-19 41 43.027	  31.02729534 121.43960656 1.25  0.0 0.0
2015-07-01-19 41 43.128	  31.02729534 121.43960656 1.25  0.0 0.0
2015-07-01-19 41 43.230	  31.02729534 121.43960656 1.25  0.0 0.0
2015-07-01-19 41 43.336	  31.02729534 121.43960656 1.25  0.0 0.0
2015-07-01-19 41 43.439	  31.02727452 121.43961778 1.25  0.0 0.0
2015-07-01-19 41 43.549	  31.02727452 121.43961778 1.25  0.0 0.0
2015-07-01-19 41 43.652	  31.02727452 121.43961778 1.25  0.0 0.0
2015-07-01-19 41 43.780	  31.02727452 121.43961778 1.25  0.0 0.0
2015-07-01-19 41 43.885	  31.02727452 121.43961778 1.25  0.0 0.0
2015-07-01-19 41 44.042	  31.02727452 121.43961778 1.25  0.0 0.0
2015-07-01-19 41 44.145	  31.02727452 121.43961778 1.25  0.0 0.0
2015-07-01-19 41 44.248	  31.02727452 121.43961778 1.25  0.0 0.0
2015-07-01-19 41 44.356	  31.02727452 121.43961778 1.25  0.0 0.0
2015-07-01-19 41 44.459	  31.02727452 121.43961778 1.25  0.0 0.0
2015-07-01-19 41 44.575	  31.02727452 121.43961778 1.25  0.0 0.0
2015-07-01-19 41 44.678	  31.02727452 121.43961778 1.25  0.0 0.0
2015-07-01-19 41 44.821	  31.02727452 121.43961778 1.25  0.0 0.0
2015-07-01-19 41 44.927	  31.02727452 121.43961778 1.25  0.0 0.0
2015-07-01-19 41 45.115	  31.02724965 121.43962834 1.25  0.0 0.0
2015-07-01-19 41 45.218	  31.02724965 121.43962834 1.25  0.0 0.0
2015-07-01-19 41 45.321	  31.02724965 121.43962834 1.25  0.0 0.0
2015-07-01-19 41 45.430	  31.02724965 121.43962834 1.25  0.0 0.0
2015-07-01-19 41 45.543	  31.02724965 121.43962834 1.25  0.0 0.0
2015-07-01-19 41 45.647	  31.02724965 121.43962834 1.25  0.0 0.0
2015-07-01-19 41 45.764	  31.02724965 121.43962834 1.25  0.0 0.0
2015-07-01-19 41 45.865	  31.02724965 121.43962834 1.25  0.0 0.0
2015-07-01-19 41 45.984	  31.02724965 121.43962834 1.25  0.0 0.0
2015-07-01-19 41 46.090	  31.02724965 121.43962834 1.25  0.0 0.0
2015-07-01-19 41 46.260	  31.02724965 121.43962834 1.25  0.0 0.0
2015-07-01-19 41 46.361	  31.02724965 121.43962834 1.25  0.0 0.0
2015-07-01-19 41 46.466	  31.02724965 121.43962834 1.25  0.0 0.0
2015-07-01-19 41 46.582	  31.02724965 121.43962834 1.25  0.0 0.0
2015-07-01-19 41 46.685	  31.02724965 121.43962834 1.25  0.0 0.0
2015-07-01-19 41 46.813	  31.02724965 121.43962834 1.25  0.0 0.0
2015-07-01-19 41 46.926	  31.02722303 121.43963847 1.25  0.0 0.0
2015-07-01-19 41 47.027	  31.02722303 121.43963847 1.25  0.0 0.0
2015-07-01-19 41 47.143	  31.02722303 121.43963847 1.25  0.0 0.0
2015-07-01-19 41 47.246	  31.02722303 121.43963847 1.25  0.0 0.0
2015-07-01-19 41 47.408	  31.02722303 121.43963847 1.25  0.0 0.0
2015-07-01-19 41 47.515	  31.02722303 121.43963847 1.25  0.0 0.0
2015-07-01-19 41 47.619	  31.02722303 121.43963847 1.25  0.0 0.0
2015-07-01-19 41 47.811	  31.02722303 121.43963847 1.25  0.0 0.0
2015-07-01-19 41 47.913	  31.02722303 121.43963847 1.25  0.0 0.0
2015-07-01-19 41 48.045	  31.02722303 121.43963847 1.25  0.0 0.0
2015-07-01-19 41 48.146	  31.02722303 121.43963847 1.25  0.0 0.0
2015-07-01-19 41 48.255	  31.02722303 121.43963847 1.25  0.0 0.0
2015-07-01-19 41 48.372	  31.02722303 121.43963847 1.25  0.0 0.0
2015-07-01-19 41 48.475	  31.02722303 121.43963847 1.25  0.0 0.0
2015-07-01-19 41 48.591	  31.02722303 121.43963847 1.25  0.0 0.0
2015-07-01-19 41 48.693	  31.02722303 121.43963847 1.25  0.0 0.0
2015-07-01-19 41 48.857	  31.02719797 121.43964981 1.25  0.0 0.0
2015-07-01-19 41 48.961	  31.02719797 121.43964981 1.25  0.0 0.0
2015-07-01-19 41 49.063	  31.02719797 121.43964981 1.25  0.0 0.0
2015-07-01-19 41 49.239	  31.02719797 121.43964981 1.25  0.0 0.0
2015-07-01-19 41 49.341	  31.02719797 121.43964981 1.25  0.0 0.0
2015-07-01-19 41 49.486	  31.02719797 121.43964981 1.25  0.0 0.0
2015-07-01-19 41 49.602	  31.02719797 121.43964981 1.25  0.0 0.0
2015-07-01-19 41 49.703	  31.02719797 121.43964981 1.25  0.0 0.0
2015-07-01-19 41 49.830	  31.02719797 121.43964981 1.25  0.0 0.0
2015-07-01-19 41 49.940	  31.02719797 121.43964981 1.25  0.0 0.0
2015-07-01-19 41 50.043	  31.02719797 121.43964981 1.25  0.0 0.0
2015-07-01-19 41 50.185	  31.02719797 121.43964981 1.25  0.0 0.0
2015-07-01-19 41 50.291	  31.02719797 121.43964981 1.25  0.0 0.0
2015-07-01-19 41 50.448	  31.02719797 121.43964981 1.25  0.0 0.0
2015-07-01-19 41 50.550	  31.02719797 121.43964981 1.25  0.0 0.0
2015-07-01-19 41 50.656	  31.02719797 121.43964981 1.25  0.0 0.0
2015-07-01-19 41 50.758	  31.02719797 121.43964981 1.25  0.0 0.0
2015-07-01-19 41 50.892	  31.02719797 121.43964981 1.25  0.0 0.0
2015-07-01-19 41 50.995	  31.02719797 121.43964981 1.25  0.0 0.0
2015-07-01-19 41 51.131	  31.02719797 121.43964981 1.25  0.0 0.0
2015-07-01-19 41 51.237	  31.02719797 121.43964981 1.25  0.0 0.0
2015-07-01-19 41 51.340	  31.02717423 121.43965948 1.25  0.0 0.0
2015-07-01-19 41 51.500	  31.02717423 121.43965948 1.25  0.0 0.0
2015-07-01-19 41 51.601	  31.02717423 121.43965948 1.25  0.0 0.0
2015-07-01-19 41 51.744	  31.02717423 121.43965948 1.25  0.0 0.0
2015-07-01-19 41 51.851	  31.02717423 121.43965948 1.25  0.0 0.0
2015-07-01-19 41 51.957	  31.02717423 121.43965948 1.25  0.0 0.0
2015-07-01-19 41 52.094	  31.02717423 121.43965948 1.25  0.0 0.0
2015-07-01-19 41 52.196	  31.02717423 121.43965948 1.25  0.0 0.0
2015-07-01-19 41 52.310	  31.02717423 121.43965948 1.25  0.0 0.0
2015-07-01-19 41 52.423	  31.02717423 121.43965948 1.25  0.0 0.0
2015-07-01-19 41 52.526	  31.02717423 121.43965948 1.25  0.0 0.0
2015-07-01-19 41 52.655	  31.02717423 121.43965948 1.25  0.0 0.0
2015-07-01-19 41 52.808	  31.02717423 121.43965948 1.25  0.0 0.0
2015-07-01-19 41 52.911	  31.02717423 121.43965948 1.25  0.0 0.0
2015-07-01-19 41 53.044	  31.02715112 121.43966827 1.25  0.0 0.0
2015-07-01-19 41 53.161	  31.02715112 121.43966827 1.25  0.0 0.0
2015-07-01-19 41 53.262	  31.02715112 121.43966827 1.25  0.0 0.0
2015-07-01-19 41 53.376	  31.02715112 121.43966827 1.25  0.0 0.0
2015-07-01-19 41 53.492	  31.02715112 121.43966827 1.25  0.0 0.0
2015-07-01-19 41 53.594	  31.02715112 121.43966827 1.25  0.0 0.0
2015-07-01-19 41 53.745	  31.02715112 121.43966827 1.25  0.0 0.0
2015-07-01-19 41 53.885	  31.02715112 121.43966827 1.25  0.0 0.0
2015-07-01-19 41 53.990	  31.02715112 121.43966827 1.25  0.0 0.0
2015-07-01-19 41 54.110	  31.02715112 121.43966827 1.25  0.0 0.0
2015-07-01-19 41 54.215	  31.02715112 121.43966827 1.25  0.0 0.0
2015-07-01-19 41 54.317	  31.02715112 121.43966827 1.25  0.0 0.0
2015-07-01-19 41 54.451	  31.02715112 121.43966827 1.25  0.0 0.0
2015-07-01-19 41 54.567	  31.02715112 121.43966827 1.25  0.0 0.0
2015-07-01-19 41 54.669	  31.02715112 121.43966827 1.25  0.0 0.0
2015-07-01-19 41 54.785	  31.02715112 121.43966827 1.25  0.0 0.0
2015-07-01-19 41 54.897	  31.02712794 121.43967754 1.25  0.0 0.0
2015-07-01-19 41 55.002	  31.02712794 121.43967754 1.25  0.0 0.0
2015-07-01-19 41 55.149	  31.02712794 121.43967754 1.25  0.0 0.0
2015-07-01-19 41 55.260	  31.02712794 121.43967754 1.25  0.0 0.0
2015-07-01-19 41 55.361	  31.02712794 121.43967754 1.25  0.0 0.0
2015-07-01-19 41 55.521	  31.02712794 121.43967754 1.25  0.0 0.0
2015-07-01-19 41 55.624	  31.02712794 121.43967754 1.25  0.0 0.0
2015-07-01-19 41 55.728	  31.02712794 121.43967754 1.25  0.0 0.0
2015-07-01-19 41 55.841	  31.02712794 121.43967754 1.25  0.0 0.0
2015-07-01-19 41 55.956	  31.02712794 121.43967754 1.25  0.0 0.0
2015-07-01-19 41 56.099	  31.02712794 121.43967754 1.25  0.0 0.0
2015-07-01-19 41 56.233	  31.02712794 121.43967754 1.25  0.0 0.0
2015-07-01-19 41 56.337	  31.02712794 121.43967754 1.25  0.0 0.0
2015-07-01-19 41 56.509	  31.02712794 121.43967754 1.25  0.0 0.0
2015-07-01-19 41 56.644	  31.02712794 121.43967754 1.25  0.0 0.0
2015-07-01-19 41 56.746	  31.02712794 121.43967754 1.25  0.0 0.0
2015-07-01-19 41 56.876	  31.02710554 121.43968826 1.25  0.0 0.0
2015-07-01-19 41 57.015	  31.02710554 121.43968826 1.25  0.0 0.0
2015-07-01-19 41 57.145	  31.02710554 121.43968826 1.25  0.0 0.0
2015-07-01-19 41 57.251	  31.02710554 121.43968826 1.25  0.0 0.0
2015-07-01-19 41 57.418	  31.02710554 121.43968826 1.25  0.0 0.0
2015-07-01-19 41 57.539	  31.02710554 121.43968826 1.25  0.0 0.0
2015-07-01-19 41 57.690	  31.02710554 121.43968826 1.25  0.0 0.0
2015-07-01-19 41 57.797	  31.02710554 121.43968826 1.25  0.0 0.0
2015-07-01-19 41 57.956	  31.02710554 121.43968826 1.25  0.0 0.0
2015-07-01-19 41 58.093	  31.02710554 121.43968826 1.25  0.0 0.0
2015-07-01-19 41 58.196	  31.02710554 121.43968826 1.25  0.0 0.0
2015-07-01-19 41 58.346	  31.02710554 121.43968826 1.25  0.0 0.0
2015-07-01-19 41 58.493	  31.02710554 121.43968826 1.25  0.0 0.0
2015-07-01-19 41 58.620	  31.02710554 121.43968826 1.25  0.0 0.0
2015-07-01-19 41 58.727	  31.02710554 121.43968826 1.25  0.0 0.0
2015-07-01-19 41 58.900	  31.0270827 121.43969938 1.25  0.0 0.0
2015-07-01-19 41 59.046	  31.0270827 121.43969938 1.25  0.0 0.0
2015-07-01-19 41 59.162	  31.0270827 121.43969938 1.25  0.0 0.0
2015-07-01-19 41 59.265	  31.0270827 121.43969938 1.25  0.0 0.0
2015-07-01-19 41 59.403	  31.0270827 121.43969938 1.25  0.0 0.0
2015-07-01-19 41 59.579	  31.0270827 121.43969938 1.25  0.0 0.0
2015-07-01-19 41 59.680	  31.0270827 121.43969938 1.25  0.0 0.0
2015-07-01-19 41 59.782	  31.0270827 121.43969938 1.25  0.0 0.0
2015-07-01-19 41 59.946	  31.0270827 121.43969938 1.25  0.0 0.0
2015-07-01-19 42 00.060	  31.0270827 121.43969938 1.25  0.0 0.0
2015-07-01-19 42 00.164	  31.0270827 121.43969938 1.25  0.0 0.0
2015-07-01-19 42 00.349	  31.0270827 121.43969938 1.25  0.0 0.0
2015-07-01-19 42 00.467	  31.0270827 121.43969938 1.25  0.0 0.0
2015-07-01-19 42 00.589	  31.0270827 121.43969938 1.25  0.0 0.0
2015-07-01-19 42 00.695	  31.0270827 121.43969938 1.25  0.0 0.0
2015-07-01-19 42 00.822	  31.02705883 121.43970798 1.25  0.0 0.0
2015-07-01-19 42 00.957	  31.02705883 121.43970798 1.25  0.0 0.0
2015-07-01-19 42 01.075	  31.02705883 121.43970798 1.25  0.0 0.0
2015-07-01-19 42 01.198	  31.02705883 121.43970798 1.25  0.0 0.0
2015-07-01-19 42 01.327	  31.02705883 121.43970798 1.25  0.0 0.0
2015-07-01-19 42 01.430	  31.02705883 121.43970798 1.25  0.0 0.0
2015-07-01-19 42 01.545	  31.02705883 121.43970798 1.25  0.0 0.0
2015-07-01-19 42 01.697	  31.02705883 121.43970798 1.25  0.0 0.0
2015-07-01-19 42 01.855	  31.02705883 121.43970798 1.25  0.0 0.0
2015-07-01-19 42 01.958	  31.02705883 121.43970798 1.25  0.0 0.0
2015-07-01-19 42 02.062	  31.02705883 121.43970798 1.25  0.0 0.0
2015-07-01-19 42 02.204	  31.02705883 121.43970798 1.25  0.0 0.0
2015-07-01-19 42 02.363	  31.02705883 121.43970798 1.25  0.0 0.0
2015-07-01-19 42 02.516	  31.02705883 121.43970798 1.25  0.0 0.0
2015-07-01-19 42 02.664	  31.02705883 121.43970798 1.25  0.0 0.0
2015-07-01-19 42 02.839	  31.02703549 121.43971537 1.25  0.0 0.0
2015-07-01-19 42 02.956	  31.02703549 121.43971537 1.25  0.0 0.0
2015-07-01-19 42 03.100	  31.02703549 121.43971537 1.25  0.0 0.0
2015-07-01-19 42 03.253	  31.02703549 121.43971537 1.25  0.0 0.0
2015-07-01-19 42 03.400	  31.02703549 121.43971537 1.25  0.0 0.0
2015-07-01-19 42 03.559	  31.02703549 121.43971537 1.25  0.0 0.0
2015-07-01-19 42 03.715	  31.02703549 121.43971537 1.25  0.0 0.0
2015-07-01-19 42 03.871	  31.02703549 121.43971537 1.25  0.0 0.0
2015-07-01-19 42 03.988	  31.02703549 121.43971537 1.25  0.0 0.0
2015-07-01-19 42 04.126	  31.02703549 121.43971537 1.25  0.0 0.0
2015-07-01-19 42 04.276	  31.02703549 121.43971537 1.25  0.0 0.0
2015-07-01-19 42 04.433	  31.02703549 121.43971537 1.25  0.0 0.0
2015-07-01-19 42 04.549	  31.02703549 121.43971537 1.25  0.0 0.0
2015-07-01-19 42 04.707	  31.02703549 121.43971537 1.25  0.0 0.0
2015-07-01-19 42 04.849	  31.02701192 121.43972363 1.25  0.0 0.0
2015-07-01-19 42 04.999	  31.02701192 121.43972363 1.25  0.0 0.0
2015-07-01-19 42 05.117	  31.02701192 121.43972363 1.25  0.0 0.0
2015-07-01-19 42 05.254	  31.02701192 121.43972363 1.25  0.0 0.0
2015-07-01-19 42 05.427	  31.02701192 121.43972363 1.25  0.0 0.0
2015-07-01-19 42 05.544	  31.02701192 121.43972363 1.25  0.0 0.0
2015-07-01-19 42 05.706	  31.02701192 121.43972363 1.25  0.0 0.0
2015-07-01-19 42 05.848	  31.02701192 121.43972363 1.25  0.0 0.0
2015-07-01-19 42 05.985	  31.02701192 121.43972363 1.25  0.0 0.0
2015-07-01-19 42 06.147	  31.02701192 121.43972363 1.25  0.0 0.0
2015-07-01-19 42 06.313	  31.02701192 121.43972363 1.25  0.0 0.0
2015-07-01-19 42 06.450	  31.02701192 121.43972363 1.25  0.0 0.0
2015-07-01-19 42 06.622	  31.02701192 121.43972363 1.25  0.0 0.0
2015-07-01-19 42 06.739	  31.02701192 121.43972363 1.25  0.0 0.0
2015-07-01-19 42 06.894	  31.02698742 121.43973475 1.25  0.0 0.0
2015-07-01-19 42 07.015	  31.02698742 121.43973475 1.25  0.0 0.0
2015-07-01-19 42 07.174	  31.02698742 121.43973475 1.25  0.0 0.0
2015-07-01-19 42 07.311	  31.02698742 121.43973475 1.25  0.0 0.0
2015-07-01-19 42 07.445	  31.02698742 121.43973475 1.25  0.0 0.0
2015-07-01-19 42 07.595	  31.02698742 121.43973475 1.25  0.0 0.0
2015-07-01-19 42 07.712	  31.02698742 121.43973475 1.25  0.0 0.0
2015-07-01-19 42 07.836	  31.02698742 121.43973475 1.25  0.0 0.0
2015-07-01-19 42 07.977	  31.02698742 121.43973475 1.25  0.0 0.0
2015-07-01-19 42 08.124	  31.02698742 121.43973475 1.25  0.0 0.0
2015-07-01-19 42 08.274	  31.02698742 121.43973475 1.25  0.0 0.0
2015-07-01-19 42 08.414	  31.02698742 121.43973475 1.25  0.0 0.0
2015-07-01-19 42 08.543	  31.02698742 121.43973475 1.25  0.0 0.0
2015-07-01-19 42 08.681	  31.02698742 121.43973475 1.25  0.0 0.0
2015-07-01-19 42 08.845	  31.02696442 121.43974474 1.25  0.0 0.0
2015-07-01-19 42 08.985	  31.02696442 121.43974474 1.25  0.0 0.0
2015-07-01-19 42 09.099	  31.02696442 121.43974474 1.25  0.0 0.0
2015-07-01-19 42 09.240	  31.02696442 121.43974474 1.25  0.0 0.0
2015-07-01-19 42 09.354	  31.02696442 121.43974474 1.25  0.0 0.0
2015-07-01-19 42 09.476	  31.02696442 121.43974474 1.25  0.0 0.0
2015-07-01-19 42 09.644	  31.02696442 121.43974474 1.25  0.0 0.0
2015-07-01-19 42 09.760	  31.02696442 121.43974474 1.25  0.0 0.0
2015-07-01-19 42 09.893	  31.02696442 121.43974474 1.25  0.0 0.0
2015-07-01-19 42 10.030	  31.02696442 121.43974474 1.25  0.0 0.0
2015-07-01-19 42 10.177	  31.02696442 121.43974474 1.25  0.0 0.0
2015-07-01-19 42 10.315	  31.02696442 121.43974474 1.25  0.0 0.0
2015-07-01-19 42 10.453	  31.02696442 121.43974474 1.25  0.0 0.0
2015-07-01-19 42 10.591	  31.02696442 121.43974474 1.25  0.0 0.0
2015-07-01-19 42 10.729	  31.02696442 121.43974474 1.25  0.0 0.0
2015-07-01-19 42 10.865	  31.0269426 121.43975451 1.25  0.0 0.0
2015-07-01-19 42 10.982	  31.0269426 121.43975451 1.25  0.0 0.0
2015-07-01-19 42 11.097	  31.0269426 121.43975451 1.25  0.0 0.0
2015-07-01-19 42 11.252	  31.0269426 121.43975451 1.25  0.0 0.0
2015-07-01-19 42 11.368	  31.0269426 121.43975451 1.25  0.0 0.0
2015-07-01-19 42 11.535	  31.0269426 121.43975451 1.25  0.0 0.0
2015-07-01-19 42 11.652	  31.0269426 121.43975451 1.25  0.0 0.0
2015-07-01-19 42 11.793	  31.0269426 121.43975451 1.25  0.0 0.0
2015-07-01-19 42 11.954	  31.0269426 121.43975451 1.25  0.0 0.0
2015-07-01-19 42 12.100	  31.0269426 121.43975451 1.25  0.0 0.0
2015-07-01-19 42 12.256	  31.0269426 121.43975451 1.25  0.0 0.0
2015-07-01-19 42 12.395	  31.0269426 121.43975451 1.25  0.0 0.0
2015-07-01-19 42 12.542	  31.0269426 121.43975451 1.25  0.0 0.0
2015-07-01-19 42 12.703	  31.0269426 121.43975451 1.25  0.0 0.0
2015-07-01-19 42 12.833	  31.02692329 121.43976405 1.25  0.0 0.0
2015-07-01-19 42 12.958	  31.02692329 121.43976405 1.25  0.0 0.0
2015-07-01-19 42 13.097	  31.02692329 121.43976405 1.25  0.0 0.0
2015-07-01-19 42 13.255	  31.02692329 121.43976405 1.25  0.0 0.0
2015-07-01-19 42 13.411	  31.02692329 121.43976405 1.25  0.0 0.0
2015-07-01-19 42 13.555	  31.02692329 121.43976405 1.25  0.0 0.0
2015-07-01-19 42 13.701	  31.02692329 121.43976405 1.25  0.0 0.0
2015-07-01-19 42 13.859	  31.02692329 121.43976405 1.25  0.0 0.0
2015-07-01-19 42 13.975	  31.02692329 121.43976405 1.25  0.0 0.0
2015-07-01-19 42 14.134	  31.02692329 121.43976405 1.25  0.0 0.0
2015-07-01-19 42 14.292	  31.02692329 121.43976405 1.25  0.0 0.0
2015-07-01-19 42 14.425	  31.02692329 121.43976405 1.25  0.0 0.0
2015-07-01-19 42 14.576	  31.02692329 121.43976405 1.25  0.0 0.0
2015-07-01-19 42 14.725	  31.02692329 121.43976405 1.25  0.0 0.0
2015-07-01-19 42 14.888	  31.02690192 121.43977273 1.25  0.0 0.0
2015-07-01-19 42 15.027	  31.02690192 121.43977273 1.25  0.0 0.0
2015-07-01-19 42 15.168	  31.02690192 121.43977273 1.25  0.0 0.0
2015-07-01-19 42 15.347	  31.02690192 121.43977273 1.25  0.0 0.0
2015-07-01-19 42 15.489	  31.02690192 121.43977273 1.25  0.0 0.0
2015-07-01-19 42 15.627	  31.02690192 121.43977273 1.25  0.0 0.0
2015-07-01-19 42 15.767	  31.02690192 121.43977273 1.25  0.0 0.0
2015-07-01-19 42 15.909	  31.02690192 121.43977273 1.25  0.0 0.0
2015-07-01-19 42 16.049	  31.02690192 121.43977273 1.25  0.0 0.0
2015-07-01-19 42 16.186	  31.02690192 121.43977273 1.25  0.0 0.0
2015-07-01-19 42 16.305	  31.02690192 121.43977273 1.25  0.0 0.0
2015-07-01-19 42 16.437	  31.02690192 121.43977273 1.25  0.0 0.0
2015-07-01-19 42 16.580	  31.02690192 121.43977273 1.25  0.0 0.0
2015-07-01-19 42 16.696	  31.02690192 121.43977273 1.25  0.0 0.0
2015-07-01-19 42 16.818	  31.02687965 121.4397828 1.25  0.0 0.0
2015-07-01-19 42 16.989	  31.02687965 121.4397828 1.25  0.0 0.0
2015-07-01-19 42 17.137	  31.02687965 121.4397828 1.25  0.0 0.0
2015-07-01-19 42 17.286	  31.02687965 121.4397828 1.25  0.0 0.0
2015-07-01-19 42 17.422	  31.02687965 121.4397828 1.25  0.0 0.0
2015-07-01-19 42 17.577	  31.02687965 121.4397828 1.25  0.0 0.0
2015-07-01-19 42 17.693	  31.02687965 121.4397828 1.25  0.0 0.0
2015-07-01-19 42 17.832	  31.02687965 121.4397828 1.25  0.0 0.0
2015-07-01-19 42 17.975	  31.02687965 121.4397828 1.25  0.0 0.0
2015-07-01-19 42 18.114	  31.02687965 121.4397828 1.25  0.0 0.0
2015-07-01-19 42 18.276	  31.02687965 121.4397828 1.25  0.0 0.0
2015-07-01-19 42 18.445	  31.02687965 121.4397828 1.25  0.0 0.0
2015-07-01-19 42 18.562	  31.02687965 121.4397828 1.25  0.0 0.0
2015-07-01-19 42 18.723	  31.02687965 121.4397828 1.25  0.0 0.0
2015-07-01-19 42 18.862	  31.02685792 121.43979066 1.25  0.0 0.0
2015-07-01-19 42 19.004	  31.02685792 121.43979066 1.25  0.0 0.0
2015-07-01-19 42 19.172	  31.02685792 121.43979066 1.25  0.0 0.0
2015-07-01-19 42 19.310	  31.02685792 121.43979066 1.25  0.0 0.0
2015-07-01-19 42 19.427	  31.02685792 121.43979066 1.25  0.0 0.0
2015-07-01-19 42 19.545	  31.02685792 121.43979066 1.25  0.0 0.0
2015-07-01-19 42 19.707	  31.02685792 121.43979066 1.25  0.0 0.0
2015-07-01-19 42 19.841	  31.02685792 121.43979066 1.25  0.0 0.0
2015-07-01-19 42 19.963	  31.02685792 121.43979066 1.25  0.0 0.0
2015-07-01-19 42 20.082	  31.02685792 121.43979066 1.25  0.0 0.0
2015-07-01-19 42 20.210	  31.02685792 121.43979066 1.25  0.0 0.0
2015-07-01-19 42 20.345	  31.02685792 121.43979066 1.25  0.0 0.0
2015-07-01-19 42 20.471	  31.02685792 121.43979066 1.25  0.0 0.0
2015-07-01-19 42 20.626	  31.02685792 121.43979066 1.25  0.0 0.0
2015-07-01-19 42 20.742	  31.02685792 121.43979066 1.25  0.0 0.0
2015-07-01-19 42 20.893	  31.02683731 121.4397994 1.25  0.0 0.0
2015-07-01-19 42 21.024	  31.02683731 121.4397994 1.25  0.0 0.0
2015-07-01-19 42 21.144	  31.02683731 121.4397994 1.25  0.0 0.0
2015-07-01-19 42 21.286	  31.02683731 121.4397994 1.25  0.0 0.0
2015-07-01-19 42 21.425	  31.02683731 121.4397994 1.25  0.0 0.0
2015-07-01-19 42 21.563	  31.02683731 121.4397994 1.25  0.0 0.0
2015-07-01-19 42 21.728	  31.02683731 121.4397994 1.25  0.0 0.0
2015-07-01-19 42 21.868	  31.02683731 121.4397994 1.25  0.0 0.0
2015-07-01-19 42 22.011	  31.02683731 121.4397994 1.25  0.0 0.0
2015-07-01-19 42 22.156	  31.02683731 121.4397994 1.25  0.0 0.0
2015-07-01-19 42 22.286	  31.02683731 121.4397994 1.25  0.0 0.0
2015-07-01-19 42 22.443	  31.02683731 121.4397994 1.25  0.0 0.0
2015-07-01-19 42 22.559	  31.02683731 121.4397994 1.25  0.0 0.0
2015-07-01-19 42 22.711	  31.02683731 121.4397994 1.25  0.0 0.0
2015-07-01-19 42 22.847	  31.02681689 121.43980781 1.25  0.0 0.0
2015-07-01-19 42 22.997	  31.02681689 121.43980781 1.25  0.0 0.0
2015-07-01-19 42 23.131	  31.02681689 121.43980781 1.25  0.0 0.0
2015-07-01-19 42 23.274	  31.02681689 121.43980781 1.25  0.0 0.0
2015-07-01-19 42 23.422	  31.02681689 121.43980781 1.25  0.0 0.0
2015-07-01-19 42 23.551	  31.02681689 121.43980781 1.25  0.0 0.0
2015-07-01-19 42 23.695	  31.02681689 121.43980781 1.25  0.0 0.0
2015-07-01-19 42 23.834	  31.02681689 121.43980781 1.25  0.0 0.0
2015-07-01-19 42 23.990	  31.02681689 121.43980781 1.25  0.0 0.0
2015-07-01-19 42 24.129	  31.02681689 121.43980781 1.25  0.0 0.0
2015-07-01-19 42 24.245	  31.02681689 121.43980781 1.25  0.0 0.0
2015-07-01-19 42 24.360	  31.02681689 121.43980781 1.25  0.0 0.0
2015-07-01-19 42 24.517	  31.02681689 121.43980781 1.25  0.0 0.0
2015-07-01-19 42 24.634	  31.02681689 121.43980781 1.25  0.0 0.0
2015-07-01-19 42 24.756	  31.02681689 121.43980781 1.25  0.0 0.0
2015-07-01-19 42 24.927	  31.02679516 121.43981672 1.25  0.0 0.0
2015-07-01-19 42 25.052	  31.02679516 121.43981672 1.25  0.0 0.0
2015-07-01-19 42 25.218	  31.02679516 121.43981672 1.25  0.0 0.0
2015-07-01-19 42 25.360	  31.02679516 121.43981672 1.25  0.0 0.0
2015-07-01-19 42 25.522	  31.02679516 121.43981672 1.25  0.0 0.0
2015-07-01-19 42 25.680	  31.02679516 121.43981672 1.25  0.0 0.0
2015-07-01-19 42 25.818	  31.02679516 121.43981672 1.25  0.0 0.0
2015-07-01-19 42 25.940	  31.02679516 121.43981672 1.25  0.0 0.0
2015-07-01-19 42 26.089	  31.02679516 121.43981672 1.25  0.0 0.0
2015-07-01-19 42 26.226	  31.02679516 121.43981672 1.25  0.0 0.0
2015-07-01-19 42 26.392	  31.02679516 121.43981672 1.25  0.0 0.0
2015-07-01-19 42 26.534	  31.02679516 121.43981672 1.25  0.0 0.0
2015-07-01-19 42 26.663	  31.02679516 121.43981672 1.25  0.0 0.0
2015-07-01-19 42 26.815	  31.02677219 121.43982924 1.25  0.0 0.0
2015-07-01-19 42 26.942	  31.02677219 121.43982924 1.25  0.0 0.0
2015-07-01-19 42 27.110	  31.02677219 121.43982924 1.25  0.0 0.0
2015-07-01-19 42 27.255	  31.02677219 121.43982924 1.25  0.0 0.0
2015-07-01-19 42 27.372	  31.02677219 121.43982924 1.25  0.0 0.0
2015-07-01-19 42 27.515	  31.02677219 121.43982924 1.25  0.0 0.0
2015-07-01-19 42 27.666	  31.02677219 121.43982924 1.25  0.0 0.0
2015-07-01-19 42 27.799	  31.02677219 121.43982924 1.25  0.0 0.0
2015-07-01-19 42 27.946	  31.02677219 121.43982924 1.25  0.0 0.0
2015-07-01-19 42 28.068	  31.02677219 121.43982924 1.25  0.0 0.0
2015-07-01-19 42 28.211	  31.02677219 121.43982924 1.25  0.0 0.0
2015-07-01-19 42 28.354	  31.02677219 121.43982924 1.25  0.0 0.0
2015-07-01-19 42 28.506	  31.02677219 121.43982924 1.25  0.0 0.0
2015-07-01-19 42 28.643	  31.02677219 121.43982924 1.25  0.0 0.0
2015-07-01-19 42 28.762	  31.02677219 121.43982924 1.25  0.0 0.0
2015-07-01-19 42 28.887	  31.0267491 121.43983936 1.25  0.0 0.0
2015-07-01-19 42 29.011	  31.0267491 121.43983936 1.25  0.0 0.0
2015-07-01-19 42 29.197	  31.0267491 121.43983936 1.25  0.0 0.0
2015-07-01-19 42 29.336	  31.0267491 121.43983936 1.25  0.0 0.0
2015-07-01-19 42 29.474	  31.0267491 121.43983936 1.25  0.0 0.0
2015-07-01-19 42 29.601	  31.0267491 121.43983936 1.25  0.0 0.0
2015-07-01-19 42 29.716	  31.0267491 121.43983936 1.25  0.0 0.0
2015-07-01-19 42 29.844	  31.0267491 121.43983936 1.25  0.0 0.0
2015-07-01-19 42 29.967	  31.0267491 121.43983936 1.25  0.0 0.0
2015-07-01-19 42 30.106	  31.0267491 121.43983936 1.25  0.0 0.0
2015-07-01-19 42 30.241	  31.0267491 121.43983936 1.25  0.0 0.0
2015-07-01-19 42 30.399	  31.0267491 121.43983936 1.25  0.0 0.0
2015-07-01-19 42 30.505	  31.0267491 121.43983936 1.25  0.0 0.0
2015-07-01-19 42 30.642	  31.0267491 121.43983936 1.25  0.0 0.0
2015-07-01-19 42 30.773	  31.0267491 121.43983936 1.25  0.0 0.0
2015-07-01-19 42 30.915	  31.02672657 121.43984898 1.25  0.0 0.0
2015-07-01-19 42 31.019	  31.02672657 121.43984898 1.25  0.0 0.0
2015-07-01-19 42 31.161	  31.02672657 121.43984898 1.25  0.0 0.0
2015-07-01-19 42 31.296	  31.02672657 121.43984898 1.25  0.0 0.0
2015-07-01-19 42 31.447	  31.02672657 121.43984898 1.25  0.0 0.0
2015-07-01-19 42 31.549	  31.02672657 121.43984898 1.25  0.0 0.0
2015-07-01-19 42 31.668	  31.02672657 121.43984898 1.25  0.0 0.0
2015-07-01-19 42 31.827	  31.02672657 121.43984898 1.25  0.0 0.0
2015-07-01-19 42 31.931	  31.02672657 121.43984898 1.25  0.0 0.0
2015-07-01-19 42 32.044	  31.02672657 121.43984898 1.25  0.0 0.0
2015-07-01-19 42 32.198	  31.02672657 121.43984898 1.25  0.0 0.0
2015-07-01-19 42 32.331	  31.02672657 121.43984898 1.25  0.0 0.0
2015-07-01-19 42 32.480	  31.02672657 121.43984898 1.25  0.0 0.0
2015-07-01-19 42 32.584	  31.02672657 121.43984898 1.25  0.0 0.0
2015-07-01-19 42 32.688	  31.02672657 121.43984898 1.25  0.0 0.0
2015-07-01-19 42 32.802	  31.02672657 121.43984898 1.25  0.0 0.0
2015-07-01-19 42 32.967	  31.02670461 121.43985997 1.25  0.0 0.0
2015-07-01-19 42 33.083	  31.02670461 121.43985997 1.25  0.0 0.0
2015-07-01-19 42 33.211	  31.02670461 121.43985997 1.25  0.0 0.0
2015-07-01-19 42 33.318	  31.02670461 121.43985997 1.25  0.0 0.0
2015-07-01-19 42 33.472	  31.02670461 121.43985997 1.25  0.0 0.0
2015-07-01-19 42 33.575	  31.02670461 121.43985997 1.25  0.0 0.0
2015-07-01-19 42 33.678	  31.02670461 121.43985997 1.25  0.0 0.0
2015-07-01-19 42 33.780	  31.02670461 121.43985997 1.25  0.0 0.0
2015-07-01-19 42 33.884	  31.02670461 121.43985997 1.25  0.0 0.0
2015-07-01-19 42 34.033	  31.02670461 121.43985997 1.25  0.0 0.0
2015-07-01-19 42 34.152	  31.02670461 121.43985997 1.25  0.0 0.0
2015-07-01-19 42 34.318	  31.02670461 121.43985997 1.25  0.0 0.0
2015-07-01-19 42 34.485	  31.02670461 121.43985997 1.25  0.0 0.0
2015-07-01-19 42 34.604	  31.02670461 121.43985997 1.25  0.0 0.0
2015-07-01-19 42 34.723	  31.02670461 121.43985997 1.25  0.0 0.0
2015-07-01-19 42 34.827	  31.02670461 121.43985997 1.25  0.0 0.0
2015-07-01-19 42 34.933	  31.02668345 121.43987065 1.25  0.0 0.0
2015-07-01-19 42 35.041	  31.02668345 121.43987065 1.25  0.0 0.0
2015-07-01-19 42 35.143	  31.02668345 121.43987065 1.25  0.0 0.0
2015-07-01-19 42 35.249	  31.02668345 121.43987065 1.25  0.0 0.0
2015-07-01-19 42 35.383	  31.02668345 121.43987065 1.25  0.0 0.0
2015-07-01-19 42 35.553	  31.02668345 121.43987065 1.25  0.0 0.0
2015-07-01-19 42 35.656	  31.02668345 121.43987065 1.25  0.0 0.0
2015-07-01-19 42 35.758	  31.02668345 121.43987065 1.25  0.0 0.0
2015-07-01-19 42 35.862	  31.02668345 121.43987065 1.25  0.0 0.0
2015-07-01-19 42 35.969	  31.02668345 121.43987065 1.25  0.0 0.0
2015-07-01-19 42 36.073	  31.02668345 121.43987065 1.25  0.0 0.0
2015-07-01-19 42 36.214	  31.02668345 121.43987065 1.25  0.0 0.0
2015-07-01-19 42 36.330	  31.02668345 121.43987065 1.25  0.0 0.0
2015-07-01-19 42 36.431	  31.02668345 121.43987065 1.25  0.0 0.0
2015-07-01-19 42 36.535	  31.02668345 121.43987065 1.25  0.0 0.0
2015-07-01-19 42 36.639	  31.02668345 121.43987065 1.25  0.0 0.0
2015-07-01-19 42 36.744	  31.02668345 121.43987065 1.25  0.0 0.0
2015-07-01-19 42 36.881	  31.02666076 121.43987614 1.25  0.0 0.0
2015-07-01-19 42 37.004	  31.02666076 121.43987614 1.25  0.0 0.0
2015-07-01-19 42 37.108	  31.02666076 121.43987614 1.25  0.0 0.0
2015-07-01-19 42 37.236	  31.02666076 121.43987614 1.25  0.0 0.0
2015-07-01-19 42 37.410	  31.02666076 121.43987614 1.25  0.0 0.0
2015-07-01-19 42 37.516	  31.02666076 121.43987614 1.25  0.0 0.0
2015-07-01-19 42 37.649	  31.02666076 121.43987614 1.25  0.0 0.0
2015-07-01-19 42 37.824	  31.02666076 121.43987614 1.25  0.0 0.0
2015-07-01-19 42 37.926	  31.02666076 121.43987614 1.25  0.0 0.0
2015-07-01-19 42 38.031	  31.02666076 121.43987614 1.25  0.0 0.0
2015-07-01-19 42 38.177	  31.02666076 121.43987614 1.25  0.0 0.0
2015-07-01-19 42 38.344	  31.02666076 121.43987614 1.25  0.0 0.0
2015-07-01-19 42 38.452	  31.02666076 121.43987614 1.25  0.0 0.0
2015-07-01-19 42 38.559	  31.02666076 121.43987614 1.25  0.0 0.0
2015-07-01-19 42 38.662	  31.02666076 121.43987614 1.25  0.0 0.0
2015-07-01-19 42 38.774	  31.02666076 121.43987614 1.25  0.0 0.0
2015-07-01-19 42 38.881	  31.02666076 121.43987614 1.25  0.0 0.0
2015-07-01-19 42 38.983	  31.02666076 121.43987614 1.25  0.0 0.0
2015-07-01-19 42 39.094	  31.02666076 121.43987614 1.25  0.0 0.0
2015-07-01-19 42 39.200	  31.02666076 121.43987614 1.25  0.0 0.0
2015-07-01-19 42 39.309	  31.02666076 121.43987614 1.25  0.0 0.0
2015-07-01-19 42 39.422	  31.02664007 121.43988445 1.25  0.0 0.0
2015-07-01-19 42 39.526	  31.02664007 121.43988445 1.25  0.0 0.0
2015-07-01-19 42 39.628	  31.02664007 121.43988445 1.25  0.0 0.0
2015-07-01-19 42 39.733	  31.02664007 121.43988445 1.25  0.0 0.0
2015-07-01-19 42 39.843	  31.02664007 121.43988445 1.25  0.0 0.0
2015-07-01-19 42 39.951	  31.02664007 121.43988445 1.25  0.0 0.0
2015-07-01-19 42 40.058	  31.02664007 121.43988445 1.25  0.0 0.0
2015-07-01-19 42 40.164	  31.02664007 121.43988445 1.25  0.0 0.0
2015-07-01-19 42 40.266	  31.02664007 121.43988445 1.25  0.0 0.0
2015-07-01-19 42 40.368	  31.02664007 121.43988445 1.25  0.0 0.0
2015-07-01-19 42 40.482	  31.02664007 121.43988445 1.25  0.0 0.0
2015-07-01-19 42 40.618	  31.02664007 121.43988445 1.25  0.0 0.0
2015-07-01-19 42 40.749	  31.02664007 121.43988445 1.25  0.0 0.0
2015-07-01-19 42 40.886	  31.02664007 121.43988445 1.25  0.0 0.0
2015-07-01-19 42 41.021	  31.02661792 121.43989555 1.25  0.0 0.0
2015-07-01-19 42 41.184	  31.02661792 121.43989555 1.25  0.0 0.0
2015-07-01-19 42 41.302	  31.02661792 121.43989555 1.25  0.0 0.0
2015-07-01-19 42 41.440	  31.02661792 121.43989555 1.25  0.0 0.0
2015-07-01-19 42 41.595	  31.02661792 121.43989555 1.25  0.0 0.0
2015-07-01-19 42 41.713	  31.02661792 121.43989555 1.25  0.0 0.0
2015-07-01-19 42 41.831	  31.02661792 121.43989555 1.25  0.0 0.0
2015-07-01-19 42 41.977	  31.02661792 121.43989555 1.25  0.0 0.0
2015-07-01-19 42 42.115	  31.02661792 121.43989555 1.25  0.0 0.0
2015-07-01-19 42 42.221	  31.02661792 121.43989555 1.25  0.0 0.0
2015-07-01-19 42 42.362	  31.02661792 121.43989555 1.25  0.0 0.0
2015-07-01-19 42 42.523	  31.02661792 121.43989555 1.25  0.0 0.0
2015-07-01-19 42 42.657	  31.02661792 121.43989555 1.25  0.0 0.0
2015-07-01-19 42 42.840	  31.02661792 121.43989555 1.25  0.0 0.0
2015-07-01-19 42 42.959	  31.0265948 121.43990709 1.25  0.0 0.0
2015-07-01-19 42 43.099	  31.0265948 121.43990709 1.25  0.0 0.0
2015-07-01-19 42 43.250	  31.0265948 121.43990709 1.25  0.0 0.0
2015-07-01-19 42 43.355	  31.0265948 121.43990709 1.25  0.0 0.0
2015-07-01-19 42 43.461	  31.0265948 121.43990709 1.25  0.0 0.0
2015-07-01-19 42 43.611	  31.0265948 121.43990709 1.25  0.0 0.0
2015-07-01-19 42 43.766	  31.0265948 121.43990709 1.25  0.0 0.0
2015-07-01-19 42 43.921	  31.0265948 121.43990709 1.25  0.0 0.0
2015-07-01-19 42 44.090	  31.0265948 121.43990709 1.25  0.0 0.0
2015-07-01-19 42 44.242	  31.0265948 121.43990709 1.25  0.0 0.0
2015-07-01-19 42 44.362	  31.0265948 121.43990709 1.25  0.0 0.0
2015-07-01-19 42 44.502	  31.0265948 121.43990709 1.25  0.0 0.0
2015-07-01-19 42 44.660	  31.0265948 121.43990709 1.25  0.0 0.0
2015-07-01-19 42 44.779	  31.02657191 121.43991811 1.25  0.0 0.0
2015-07-01-19 42 44.952	  31.02657191 121.43991811 1.25  0.0 0.0
2015-07-01-19 42 45.073	  31.02657191 121.43991811 1.25  0.0 0.0
2015-07-01-19 42 45.215	  31.02657191 121.43991811 1.25  0.0 0.0
2015-07-01-19 42 45.368	  31.02657191 121.43991811 1.25  0.0 0.0
2015-07-01-19 42 45.544	  31.02657191 121.43991811 1.25  0.0 0.0
2015-07-01-19 42 45.692	  31.02657191 121.43991811 1.25  0.0 0.0
2015-07-01-19 42 45.836	  31.02657191 121.43991811 1.25  0.0 0.0
2015-07-01-19 42 45.970	  31.02657191 121.43991811 1.25  0.0 0.0
2015-07-01-19 42 46.078	  31.02657191 121.43991811 1.25  0.0 0.0
2015-07-01-19 42 46.182	  31.02657191 121.43991811 1.25  0.0 0.0
2015-07-01-19 42 46.286	  31.02657191 121.43991811 1.25  0.0 0.0
2015-07-01-19 42 46.397	  31.02657191 121.43991811 1.25  0.0 0.0
2015-07-01-19 42 46.503	  31.02657191 121.43991811 1.25  0.0 0.0
2015-07-01-19 42 46.608	  31.02657191 121.43991811 1.25  0.0 0.0
2015-07-01-19 42 46.715	  31.02657191 121.43991811 1.25  0.0 0.0
