2015-07-03-23 44 58.771	  0.0 0.0 0.0  0.0 0.0
2015-07-03-23 44 58.873	  0.0 0.0 0.0  0.0 0.0
2015-07-03-23 44 58.975	  0.0 0.0 0.0  0.0 0.0
2015-07-03-23 44 59.078	  0.0 0.0 0.0  0.0 0.0
2015-07-03-23 44 59.180	  0.0 0.0 0.0  0.0 0.0
2015-07-03-23 44 59.282	  0.0 0.0 0.0  0.0 0.0
2015-07-03-23 44 59.384	  0.0 0.0 0.0  0.0 0.0
2015-07-03-23 44 59.486	  0.0 0.0 0.0  0.0 0.0
2015-07-03-23 44 59.587	  0.0 0.0 0.0  0.0 0.0
2015-07-03-23 44 59.690	  0.0 0.0 0.0  0.0 0.0
2015-07-03-23 44 59.791	  0.0 0.0 0.0  0.0 0.0
2015-07-03-23 44 59.893	  0.0 0.0 0.0  0.0 0.0
2015-07-03-23 44 59.998	  0.0 0.0 0.0  0.0 0.0
2015-07-03-23 45 00.101	  0.0 0.0 0.0  0.0 0.0
2015-07-03-23 45 00.204	  0.0 0.0 0.0  0.0 0.0
2015-07-03-23 45 00.305	  0.0 0.0 0.0  0.0 0.0
2015-07-03-23 45 00.407	  0.0 0.0 0.0  0.0 0.0
2015-07-03-23 45 00.508	  0.0 0.0 0.0  0.0 0.0
2015-07-03-23 45 00.610	  0.0 0.0 0.0  0.0 0.0
2015-07-03-23 45 00.713	  0.0 0.0 0.0  0.0 0.0
2015-07-03-23 45 00.815	  0.0 0.0 0.0  0.0 0.0
2015-07-03-23 45 00.916	  0.0 0.0 0.0  0.0 0.0
2015-07-03-23 45 01.019	  0.0 0.0 0.0  0.0 0.0
2015-07-03-23 45 01.121	  0.0 0.0 0.0  0.0 0.0
2015-07-03-23 45 01.222	  0.0 0.0 0.0  0.0 0.0
2015-07-03-23 45 01.324	  0.0 0.0 0.0  0.0 0.0
2015-07-03-23 45 01.425	  0.0 0.0 0.0  0.0 0.0
2015-07-03-23 45 01.527	  0.0 0.0 0.0  0.0 0.0
2015-07-03-23 45 01.630	  0.0 0.0 0.0  0.0 0.0
2015-07-03-23 45 01.736	  0.0 0.0 0.0  0.0 0.0
2015-07-03-23 45 01.848	  0.0 0.0 0.0  0.0 0.0
2015-07-03-23 45 01.949	  0.0 0.0 0.0  0.0 0.0
2015-07-03-23 45 02.050	  0.0 0.0 0.0  0.0 0.0
2015-07-03-23 45 02.153	  0.0 0.0 0.0  0.0 0.0
2015-07-03-23 45 02.254	  0.0 0.0 0.0  0.0 0.0
2015-07-03-23 45 02.356	  0.0 0.0 0.0  0.0 0.0
2015-07-03-23 45 02.461	  0.0 0.0 0.0  0.0 0.0
2015-07-03-23 45 02.564	  0.0 0.0 0.0  0.0 0.0
2015-07-03-23 45 02.667	  0.0 0.0 0.0  0.0 0.0
2015-07-03-23 45 02.771	  0.0 0.0 0.0  0.0 0.0
2015-07-03-23 45 02.874	  0.0 0.0 0.0  0.0 0.0
2015-07-03-23 45 02.980	  0.0 0.0 0.0  0.0 0.0
2015-07-03-23 45 03.087	  0.0 0.0 0.0  0.0 0.0
2015-07-03-23 45 03.193	  0.0 0.0 0.0  0.0 0.0
2015-07-03-23 45 03.296	  0.0 0.0 0.0  0.0 0.0
2015-07-03-23 45 03.398	  0.0 0.0 0.0  0.0 0.0
2015-07-03-23 45 03.499	  0.0 0.0 0.0  0.0 0.0
2015-07-03-23 45 03.600	  0.0 0.0 0.0  0.0 0.0
2015-07-03-23 45 03.702	  0.0 0.0 0.0  0.0 0.0
2015-07-03-23 45 03.806	  0.0 0.0 0.0  0.0 0.0
2015-07-03-23 45 03.907	  0.0 0.0 0.0  0.0 0.0
2015-07-03-23 45 04.008	  0.0 0.0 0.0  0.0 0.0
2015-07-03-23 45 04.110	  0.0 0.0 0.0  0.0 0.0
2015-07-03-23 45 04.212	  0.0 0.0 0.0  0.0 0.0
2015-07-03-23 45 04.320	  0.0 0.0 0.0  0.0 0.0
2015-07-03-23 45 04.426	  0.0 0.0 0.0  0.0 0.0
2015-07-03-23 45 04.528	  31.02783325 121.43964343 1.75  0.0 0.0
2015-07-03-23 45 04.630	  31.02783325 121.43964343 1.75  0.0 0.0
2015-07-03-23 45 04.731	  31.02783325 121.43964343 1.75  0.0 0.0
2015-07-03-23 45 04.835	  31.02783325 121.43964343 1.75  0.0 0.0
2015-07-03-23 45 04.940	  31.02783325 121.43964343 1.75  0.0 0.0
2015-07-03-23 45 05.046	  31.02783325 121.43964343 1.75  0.0 0.0
2015-07-03-23 45 05.150	  31.02783325 121.43964343 1.75  0.0 0.0
2015-07-03-23 45 05.252	  31.02783325 121.43964343 1.75  0.0 0.0
2015-07-03-23 45 05.354	  31.02783325 121.43964343 1.75  0.0 0.0
2015-07-03-23 45 05.463	  31.02783325 121.43964343 1.75  0.0 0.0
2015-07-03-23 45 05.569	  31.02775961 121.43960947 1.25  0.0 0.0
2015-07-03-23 45 05.670	  31.02775961 121.43960947 1.25  0.0 0.0
2015-07-03-23 45 05.771	  31.02775961 121.43960947 1.25  0.0 0.0
2015-07-03-23 45 05.874	  31.02775961 121.43960947 1.25  0.0 0.0
2015-07-03-23 45 05.976	  31.02775961 121.43960947 1.25  0.0 0.0
2015-07-03-23 45 06.078	  31.02775961 121.43960947 1.25  0.0 0.0
2015-07-03-23 45 06.183	  31.02775961 121.43960947 1.25  0.0 0.0
2015-07-03-23 45 06.288	  31.02775961 121.43960947 1.25  0.0 0.0
2015-07-03-23 45 06.393	  31.02775961 121.43960947 1.25  0.0 0.0
2015-07-03-23 45 06.501	  31.02775961 121.43960947 1.25  0.0 0.0
2015-07-03-23 45 06.624	  31.02769827 121.43960227 1.25  0.0 0.0
2015-07-03-23 45 06.726	  31.02769827 121.43960227 1.25  0.0 0.0
2015-07-03-23 45 06.828	  31.02769827 121.43960227 1.25  0.0 0.0
2015-07-03-23 45 06.929	  31.02769827 121.43960227 1.25  0.0 0.0
2015-07-03-23 45 07.034	  31.02769827 121.43960227 1.25  0.0 0.0
2015-07-03-23 45 07.139	  31.02769827 121.43960227 1.25  0.0 0.0
2015-07-03-23 45 07.242	  31.02769827 121.43960227 1.25  0.0 0.0
2015-07-03-23 45 07.344	  31.02769827 121.43960227 1.25  0.0 0.0
2015-07-03-23 45 07.448	  31.02769827 121.43960227 1.25  0.0 0.0
2015-07-03-23 45 07.551	  31.02769827 121.43960227 1.25  0.0 0.0
2015-07-03-23 45 07.655	  31.02769827 121.43960227 1.25  0.0 0.0
2015-07-03-23 45 07.758	  31.02769827 121.43960227 1.25  0.0 0.0
2015-07-03-23 45 07.870	  31.02769827 121.43960227 1.25  0.0 0.0
2015-07-03-23 45 07.972	  31.02769827 121.43960227 1.25  0.0 0.0
2015-07-03-23 45 08.075	  31.02769827 121.43960227 1.25  0.0 0.0
2015-07-03-23 45 08.178	  31.02769827 121.43960227 1.25  0.0 0.0
2015-07-03-23 45 08.283	  31.02769827 121.43960227 1.25  0.0 0.0
2015-07-03-23 45 08.388	  31.02769827 121.43960227 1.25  0.0 0.0
2015-07-03-23 45 08.506	  31.02769827 121.43960227 1.25  0.0 0.0
2015-07-03-23 45 08.611	  31.02769827 121.43960227 1.25  0.0 0.0
2015-07-03-23 45 08.713	  31.02769827 121.43960227 1.25  0.0 0.0
2015-07-03-23 45 08.815	  31.02769827 121.43960227 1.25  0.0 0.0
2015-07-03-23 45 08.918	  31.02769827 121.43960227 1.25  0.0 0.0
2015-07-03-23 45 09.023	  31.02769827 121.43960227 1.25  0.0 0.0
2015-07-03-23 45 09.138	  31.02769827 121.43960227 1.25  0.0 0.0
2015-07-03-23 45 09.240	  31.02769827 121.43960227 1.25  0.0 0.0
2015-07-03-23 45 09.342	  31.02769827 121.43960227 1.25  0.0 0.0
2015-07-03-23 45 09.446	  31.02769827 121.43960227 1.25  0.0 0.0
2015-07-03-23 45 09.549	  31.02769827 121.43960227 1.25  0.0 0.0
2015-07-03-23 45 09.651	  31.02769827 121.43960227 1.25  0.0 0.0
2015-07-03-23 45 09.752	  31.02769827 121.43960227 1.25  0.0 0.0
2015-07-03-23 45 09.854	  31.02769827 121.43960227 1.25  0.0 0.0
2015-07-03-23 45 09.958	  31.02769827 121.43960227 1.25  0.0 0.0
2015-07-03-23 45 10.062	  31.02769827 121.43960227 1.25  0.0 0.0
2015-07-03-23 45 10.168	  31.02769827 121.43960227 1.25  0.0 0.0
2015-07-03-23 45 10.273	  31.02769827 121.43960227 1.25  0.0 0.0
2015-07-03-23 45 10.374	  31.02769827 121.43960227 1.25  0.0 0.0
2015-07-03-23 45 10.477	  31.02769827 121.43960227 1.25  0.0 0.0
2015-07-03-23 45 10.582	  31.02765962 121.43960538 1.5  0.0 0.0
2015-07-03-23 45 10.684	  31.02765962 121.43960538 1.5  0.0 0.0
2015-07-03-23 45 10.786	  31.02765962 121.43960538 1.5  0.0 0.0
2015-07-03-23 45 10.891	  31.02765962 121.43960538 1.5  0.0 0.0
2015-07-03-23 45 10.993	  31.02765962 121.43960538 1.5  0.0 0.0
2015-07-03-23 45 11.100	  31.02765962 121.43960538 1.5  0.0 0.0
2015-07-03-23 45 11.205	  31.02765962 121.43960538 1.5  0.0 0.0
2015-07-03-23 45 11.313	  31.02765962 121.43960538 1.5  0.0 0.0
2015-07-03-23 45 11.415	  31.02765962 121.43960538 1.5  0.0 0.0
2015-07-03-23 45 11.518	  31.02765962 121.43960538 1.5  0.0 0.0
2015-07-03-23 45 11.633	  31.02765962 121.43960538 1.5  0.0 0.0
2015-07-03-23 45 11.734	  31.02765962 121.43960538 1.5  0.0 0.0
2015-07-03-23 45 11.841	  31.02765962 121.43960538 1.5  0.0 0.0
2015-07-03-23 45 11.944	  31.02765962 121.43960538 1.5  0.0 0.0
2015-07-03-23 45 12.045	  31.02765962 121.43960538 1.5  0.0 0.0
2015-07-03-23 45 12.147	  31.02765962 121.43960538 1.5  0.0 0.0
2015-07-03-23 45 12.253	  31.02765962 121.43960538 1.5  0.0 0.0
2015-07-03-23 45 12.368	  31.02765962 121.43960538 1.5  0.0 0.0
2015-07-03-23 45 12.471	  31.02765962 121.43960538 1.5  0.0 0.0
2015-07-03-23 45 12.573	  31.02765962 121.43960538 1.5  0.0 0.0
2015-07-03-23 45 12.679	  31.02765962 121.43960538 1.5  0.0 0.0
2015-07-03-23 45 12.782	  31.02765962 121.43960538 1.5  0.0 0.0
2015-07-03-23 45 12.896	  31.02765962 121.43960538 1.5  0.0 0.0
2015-07-03-23 45 12.999	  31.02765962 121.43960538 1.5  0.0 0.0
2015-07-03-23 45 13.101	  31.02765962 121.43960538 1.5  0.0 0.0
2015-07-03-23 45 13.203	  31.02765962 121.43960538 1.5  0.0 0.0
2015-07-03-23 45 13.309	  31.02765962 121.43960538 1.5  0.0 0.0
2015-07-03-23 45 13.424	  31.02765962 121.43960538 1.5  0.0 0.0
2015-07-03-23 45 13.526	  31.02764666 121.43962244 1.25  0.0 0.0
2015-07-03-23 45 13.634	  31.02764666 121.43962244 1.25  0.0 0.0
2015-07-03-23 45 13.737	  31.02764666 121.43962244 1.25  0.0 0.0
2015-07-03-23 45 13.849	  31.02764666 121.43962244 1.25  0.0 0.0
2015-07-03-23 45 13.955	  31.02764666 121.43962244 1.25  0.0 0.0
2015-07-03-23 45 14.057	  31.02764666 121.43962244 1.25  0.0 0.0
2015-07-03-23 45 14.160	  31.02764666 121.43962244 1.25  0.0 0.0
2015-07-03-23 45 14.263	  31.02764666 121.43962244 1.25  0.0 0.0
2015-07-03-23 45 14.366	  31.02764666 121.43962244 1.25  0.0 0.0
2015-07-03-23 45 14.470	  31.02764666 121.43962244 1.25  0.0 0.0
2015-07-03-23 45 14.583	  31.02764666 121.43962244 1.25  0.0 0.0
2015-07-03-23 45 14.685	  31.02764666 121.43962244 1.25  0.0 0.0
2015-07-03-23 45 14.786	  31.02764666 121.43962244 1.25  0.0 0.0
2015-07-03-23 45 14.888	  31.02764666 121.43962244 1.25  0.0 0.0
2015-07-03-23 45 14.990	  31.02764666 121.43962244 1.25  0.0 0.0
2015-07-03-23 45 15.095	  31.02764666 121.43962244 1.25  0.0 0.0
2015-07-03-23 45 15.199	  31.02764666 121.43962244 1.25  0.0 0.0
2015-07-03-23 45 15.304	  31.02764666 121.43962244 1.25  0.0 0.0
2015-07-03-23 45 15.409	  31.02764666 121.43962244 1.25  0.0 0.0
2015-07-03-23 45 15.521	  31.02762971 121.43963484 1.5  0.0 0.0
2015-07-03-23 45 15.623	  31.02762971 121.43963484 1.5  0.0 0.0
2015-07-03-23 45 15.724	  31.02762971 121.43963484 1.5  0.0 0.0
2015-07-03-23 45 15.828	  31.02762971 121.43963484 1.5  0.0 0.0
2015-07-03-23 45 15.939	  31.02762971 121.43963484 1.5  0.0 0.0
2015-07-03-23 45 16.041	  31.02762971 121.43963484 1.5  0.0 0.0
2015-07-03-23 45 16.142	  31.02762971 121.43963484 1.5  0.0 0.0
2015-07-03-23 45 16.244	  31.02762971 121.43963484 1.5  0.0 0.0
2015-07-03-23 45 16.348	  31.02762971 121.43963484 1.5  0.0 0.0
2015-07-03-23 45 16.450	  31.02762971 121.43963484 1.5  0.0 0.0
2015-07-03-23 45 16.552	  31.02762971 121.43963484 1.5  0.0 0.0
2015-07-03-23 45 16.655	  31.02762971 121.43963484 1.5  0.0 0.0
2015-07-03-23 45 16.758	  31.02762971 121.43963484 1.5  0.0 0.0
2015-07-03-23 45 16.860	  31.02762971 121.43963484 1.5  0.0 0.0
2015-07-03-23 45 16.962	  31.02762971 121.43963484 1.5  0.0 0.0
2015-07-03-23 45 17.065	  31.02762971 121.43963484 1.5  0.0 0.0
2015-07-03-23 45 17.178	  31.02762971 121.43963484 1.5  0.0 0.0
2015-07-03-23 45 17.281	  31.02762971 121.43963484 1.5  0.0 0.0
2015-07-03-23 45 17.383	  31.02762971 121.43963484 1.5  0.0 0.0
2015-07-03-23 45 17.490	  31.02760878 121.43964929 1.5  0.0 0.0
2015-07-03-23 45 17.649	  31.02760878 121.43964929 1.5  0.0 0.0
2015-07-03-23 45 17.750	  31.02760878 121.43964929 1.5  0.0 0.0
2015-07-03-23 45 17.852	  31.02760878 121.43964929 1.5  0.0 0.0
2015-07-03-23 45 17.957	  31.02760878 121.43964929 1.5  0.0 0.0
2015-07-03-23 45 18.060	  31.02760878 121.43964929 1.5  0.0 0.0
2015-07-03-23 45 18.164	  31.02760878 121.43964929 1.5  0.0 0.0
2015-07-03-23 45 18.270	  31.02760878 121.43964929 1.5  0.0 0.0
2015-07-03-23 45 18.376	  31.02760878 121.43964929 1.5  0.0 0.0
2015-07-03-23 45 18.491	  31.02760878 121.43964929 1.5  0.0 0.0
2015-07-03-23 45 18.594	  31.02760878 121.43964929 1.5  0.0 0.0
2015-07-03-23 45 18.696	  31.02760878 121.43964929 1.5  0.0 0.0
2015-07-03-23 45 18.799	  31.02760878 121.43964929 1.5  0.0 0.0
2015-07-03-23 45 18.903	  31.02760878 121.43964929 1.5  0.0 0.0
2015-07-03-23 45 19.004	  31.02760878 121.43964929 1.5  0.0 0.0
2015-07-03-23 45 19.106	  31.02760878 121.43964929 1.5  0.0 0.0
2015-07-03-23 45 19.210	  31.02760878 121.43964929 1.5  0.0 0.0
2015-07-03-23 45 19.317	  31.02760878 121.43964929 1.5  0.0 0.0
2015-07-03-23 45 19.421	  31.02760878 121.43964929 1.5  0.0 0.0
2015-07-03-23 45 19.537	  31.02758994 121.43966587 1.5  0.0 0.0
2015-07-03-23 45 19.638	  31.02758994 121.43966587 1.5  0.0 0.0
2015-07-03-23 45 19.739	  31.02758994 121.43966587 1.5  0.0 0.0
2015-07-03-23 45 19.841	  31.02758994 121.43966587 1.5  0.0 0.0
2015-07-03-23 45 19.948	  31.02758994 121.43966587 1.5  0.0 0.0
2015-07-03-23 45 20.050	  31.02758994 121.43966587 1.5  0.0 0.0
2015-07-03-23 45 20.152	  31.02758994 121.43966587 1.5  0.0 0.0
2015-07-03-23 45 20.257	  31.02758994 121.43966587 1.5  0.0 0.0
2015-07-03-23 45 20.371	  31.02758994 121.43966587 1.5  0.0 0.0
2015-07-03-23 45 20.475	  31.02758994 121.43966587 1.5  0.0 0.0
2015-07-03-23 45 20.578	  31.02758994 121.43966587 1.5  0.0 0.0
2015-07-03-23 45 20.680	  31.02758994 121.43966587 1.5  0.0 0.0
2015-07-03-23 45 20.787	  31.02758994 121.43966587 1.5  0.0 0.0
2015-07-03-23 45 20.889	  31.02758994 121.43966587 1.5  0.0 0.0
2015-07-03-23 45 20.993	  31.02758994 121.43966587 1.5  0.0 0.0
2015-07-03-23 45 21.099	  31.02758994 121.43966587 1.5  0.0 0.0
2015-07-03-23 45 21.206	  31.02758994 121.43966587 1.5  0.0 0.0
2015-07-03-23 45 21.307	  31.02758994 121.43966587 1.5  0.0 0.0
2015-07-03-23 45 21.410	  31.02758994 121.43966587 1.5  0.0 0.0
2015-07-03-23 45 21.512	  31.02756726 121.43968126 1.5  0.0 0.0
2015-07-03-23 45 21.621	  31.02756726 121.43968126 1.5  0.0 0.0
2015-07-03-23 45 21.723	  31.02756726 121.43968126 1.5  0.0 0.0
2015-07-03-23 45 21.825	  31.02756726 121.43968126 1.5  0.0 0.0
2015-07-03-23 45 21.930	  31.02756726 121.43968126 1.5  0.0 0.0
2015-07-03-23 45 22.035	  31.02756726 121.43968126 1.5  0.0 0.0
2015-07-03-23 45 22.138	  31.02756726 121.43968126 1.5  0.0 0.0
2015-07-03-23 45 22.243	  31.02756726 121.43968126 1.5  0.0 0.0
2015-07-03-23 45 22.347	  31.02756726 121.43968126 1.5  0.0 0.0
2015-07-03-23 45 22.450	  31.02756726 121.43968126 1.5  0.0 0.0
2015-07-03-23 45 22.554	  31.02756726 121.43968126 1.5  0.0 0.0
2015-07-03-23 45 22.655	  31.02756726 121.43968126 1.5  0.0 0.0
2015-07-03-23 45 22.757	  31.02756726 121.43968126 1.5  0.0 0.0
2015-07-03-23 45 22.860	  31.02756726 121.43968126 1.5  0.0 0.0
2015-07-03-23 45 22.962	  31.02756726 121.43968126 1.5  0.0 0.0
2015-07-03-23 45 23.068	  31.02756726 121.43968126 1.5  0.0 0.0
2015-07-03-23 45 23.174	  31.02756726 121.43968126 1.5  0.0 0.0
2015-07-03-23 45 23.280	  31.02756726 121.43968126 1.5  0.0 0.0
2015-07-03-23 45 23.382	  31.02756726 121.43968126 1.5  0.0 0.0
2015-07-03-23 45 23.484	  31.02756726 121.43968126 1.5  0.0 0.0
2015-07-03-23 45 23.643	  31.02754153 121.43969207 1.5  0.0 0.0
2015-07-03-23 45 23.745	  31.02754153 121.43969207 1.5  0.0 0.0
2015-07-03-23 45 23.847	  31.02754153 121.43969207 1.5  0.0 0.0
2015-07-03-23 45 23.949	  31.02754153 121.43969207 1.5  0.0 0.0
2015-07-03-23 45 24.051	  31.02754153 121.43969207 1.5  0.0 0.0
2015-07-03-23 45 24.153	  31.02754153 121.43969207 1.5  0.0 0.0
2015-07-03-23 45 24.256	  31.02754153 121.43969207 1.5  0.0 0.0
2015-07-03-23 45 24.358	  31.02754153 121.43969207 1.5  0.0 0.0
2015-07-03-23 45 24.471	  31.02754153 121.43969207 1.5  0.0 0.0
2015-07-03-23 45 24.573	  31.02754153 121.43969207 1.5  0.0 0.0
2015-07-03-23 45 24.674	  31.02754153 121.43969207 1.5  0.0 0.0
2015-07-03-23 45 24.777	  31.02754153 121.43969207 1.5  0.0 0.0
2015-07-03-23 45 24.879	  31.02754153 121.43969207 1.5  0.0 0.0
2015-07-03-23 45 24.983	  31.02754153 121.43969207 1.5  0.0 0.0
2015-07-03-23 45 25.099	  31.02754153 121.43969207 1.5  0.0 0.0
2015-07-03-23 45 25.202	  31.02754153 121.43969207 1.5  0.0 0.0
2015-07-03-23 45 25.304	  31.02754153 121.43969207 1.5  0.0 0.0
2015-07-03-23 45 25.406	  31.02754153 121.43969207 1.5  0.0 0.0
2015-07-03-23 45 25.509	  31.02750881 121.43970113 1.5  0.0 0.0
2015-07-03-23 45 25.621	  31.02750881 121.43970113 1.5  0.0 0.0
2015-07-03-23 45 25.727	  31.02750881 121.43970113 1.5  0.0 0.0
2015-07-03-23 45 25.832	  31.02750881 121.43970113 1.5  0.0 0.0
2015-07-03-23 45 25.938	  31.02750881 121.43970113 1.5  0.0 0.0
2015-07-03-23 45 26.051	  31.02750881 121.43970113 1.5  0.0 0.0
2015-07-03-23 45 26.152	  31.02750881 121.43970113 1.5  0.0 0.0
2015-07-03-23 45 26.255	  31.02750881 121.43970113 1.5  0.0 0.0
2015-07-03-23 45 26.362	  31.02750881 121.43970113 1.5  0.0 0.0
2015-07-03-23 45 26.467	  31.02750881 121.43970113 1.5  0.0 0.0
2015-07-03-23 45 26.573	  31.02748784 121.43970805 1.5  0.0 0.0
2015-07-03-23 45 26.683	  31.02748784 121.43970805 1.5  0.0 0.0
2015-07-03-23 45 26.797	  31.02748784 121.43970805 1.5  0.0 0.0
2015-07-03-23 45 26.907	  31.02748784 121.43970805 1.5  0.0 0.0
2015-07-03-23 45 27.023	  31.02748784 121.43970805 1.5  0.0 0.0
2015-07-03-23 45 27.127	  31.02748784 121.43970805 1.5  0.0 0.0
2015-07-03-23 45 27.233	  31.02748784 121.43970805 1.5  0.0 0.0
2015-07-03-23 45 27.344	  31.02748784 121.43970805 1.5  0.0 0.0
2015-07-03-23 45 27.445	  31.02748784 121.43970805 1.5  0.0 0.0
2015-07-03-23 45 27.546	  31.02746991 121.43971173 1.5  0.0 0.0
2015-07-03-23 45 27.651	  31.02746991 121.43971173 1.5  0.0 0.0
2015-07-03-23 45 27.753	  31.02746991 121.43971173 1.5  0.0 0.0
2015-07-03-23 45 27.856	  31.02746991 121.43971173 1.5  0.0 0.0
2015-07-03-23 45 27.971	  31.02746991 121.43971173 1.5  0.0 0.0
2015-07-03-23 45 28.073	  31.02746991 121.43971173 1.5  0.0 0.0
2015-07-03-23 45 28.174	  31.02746991 121.43971173 1.5  0.0 0.0
2015-07-03-23 45 28.281	  31.02746991 121.43971173 1.5  0.0 0.0
2015-07-03-23 45 28.383	  31.02746991 121.43971173 1.5  0.0 0.0
2015-07-03-23 45 28.484	  31.02746991 121.43971173 1.5  0.0 0.0
2015-07-03-23 45 28.599	  31.02746991 121.43971173 1.5  0.0 0.0
2015-07-03-23 45 28.701	  31.02746991 121.43971173 1.5  0.0 0.0
2015-07-03-23 45 28.803	  31.02746991 121.43971173 1.5  0.0 0.0
2015-07-03-23 45 28.908	  31.02746991 121.43971173 1.5  0.0 0.0
2015-07-03-23 45 29.010	  31.02746991 121.43971173 1.5  0.0 0.0
2015-07-03-23 45 29.112	  31.02746991 121.43971173 1.5  0.0 0.0
2015-07-03-23 45 29.219	  31.02746991 121.43971173 1.5  0.0 0.0
2015-07-03-23 45 29.323	  31.02746991 121.43971173 1.5  0.0 0.0
2015-07-03-23 45 29.485	  31.02746991 121.43971173 1.5  0.0 0.0
2015-07-03-23 45 29.592	  31.02743307 121.4397173 1.5  0.0 0.0
2015-07-03-23 45 29.709	  31.02743307 121.4397173 1.5  0.0 0.0
2015-07-03-23 45 29.811	  31.02743307 121.4397173 1.5  0.0 0.0
2015-07-03-23 45 29.918	  31.02743307 121.4397173 1.5  0.0 0.0
2015-07-03-23 45 30.022	  31.02743307 121.4397173 1.5  0.0 0.0
2015-07-03-23 45 30.127	  31.02743307 121.4397173 1.5  0.0 0.0
2015-07-03-23 45 30.240	  31.02743307 121.4397173 1.5  0.0 0.0
2015-07-03-23 45 30.342	  31.02743307 121.4397173 1.5  0.0 0.0
2015-07-03-23 45 30.443	  31.02743307 121.4397173 1.5  0.0 0.0
2015-07-03-23 45 30.551	  31.02741396 121.43971817 1.5  0.0 0.0
2015-07-03-23 45 30.653	  31.02741396 121.43971817 1.5  0.0 0.0
2015-07-03-23 45 30.755	  31.02741396 121.43971817 1.5  0.0 0.0
2015-07-03-23 45 30.863	  31.02741396 121.43971817 1.5  0.0 0.0
2015-07-03-23 45 30.966	  31.02741396 121.43971817 1.5  0.0 0.0
2015-07-03-23 45 31.069	  31.02741396 121.43971817 1.5  0.0 0.0
2015-07-03-23 45 31.207	  31.02741396 121.43971817 1.5  0.0 0.0
2015-07-03-23 45 31.313	  31.02741396 121.43971817 1.5  0.0 0.0
2015-07-03-23 45 31.428	  31.02741396 121.43971817 1.5  0.0 0.0
2015-07-03-23 45 31.530	  31.02739454 121.43972151 1.5  0.0 0.0
2015-07-03-23 45 31.633	  31.02739454 121.43972151 1.5  0.0 0.0
2015-07-03-23 45 31.737	  31.02739454 121.43972151 1.5  0.0 0.0
2015-07-03-23 45 31.840	  31.02739454 121.43972151 1.5  0.0 0.0
2015-07-03-23 45 31.942	  31.02739454 121.43972151 1.5  0.0 0.0
2015-07-03-23 45 32.084	  31.02739454 121.43972151 1.5  0.0 0.0
2015-07-03-23 45 32.190	  31.02739454 121.43972151 1.5  0.0 0.0
2015-07-03-23 45 32.299	  31.02739454 121.43972151 1.5  0.0 0.0
2015-07-03-23 45 32.401	  31.02739454 121.43972151 1.5  0.0 0.0
2015-07-03-23 45 32.503	  31.02737663 121.43972563 1.5  0.0 0.0
2015-07-03-23 45 32.612	  31.02737663 121.43972563 1.5  0.0 0.0
2015-07-03-23 45 32.715	  31.02737663 121.43972563 1.5  0.0 0.0
2015-07-03-23 45 32.819	  31.02737663 121.43972563 1.5  0.0 0.0
2015-07-03-23 45 32.989	  31.02737663 121.43972563 1.5  0.0 0.0
2015-07-03-23 45 33.091	  31.02737663 121.43972563 1.5  0.0 0.0
2015-07-03-23 45 33.197	  31.02737663 121.43972563 1.5  0.0 0.0
2015-07-03-23 45 33.299	  31.02737663 121.43972563 1.5  0.0 0.0
2015-07-03-23 45 33.401	  31.02737663 121.43972563 1.5  0.0 0.0
2015-07-03-23 45 33.575	  31.02737663 121.43972563 1.5  0.0 0.0
2015-07-03-23 45 33.678	  31.02737663 121.43972563 1.5  0.0 0.0
2015-07-03-23 45 33.782	  31.02737663 121.43972563 1.5  0.0 0.0
2015-07-03-23 45 33.885	  31.02737663 121.43972563 1.5  0.0 0.0
2015-07-03-23 45 33.994	  31.02737663 121.43972563 1.5  0.0 0.0
2015-07-03-23 45 34.150	  31.02737663 121.43972563 1.5  0.0 0.0
2015-07-03-23 45 34.253	  31.02737663 121.43972563 1.5  0.0 0.0
2015-07-03-23 45 34.366	  31.02737663 121.43972563 1.5  0.0 0.0
2015-07-03-23 45 34.468	  31.02737663 121.43972563 1.5  0.0 0.0
2015-07-03-23 45 34.569	  31.02734855 121.4397369 1.5  0.0 0.0
2015-07-03-23 45 34.671	  31.02734855 121.4397369 1.5  0.0 0.0
2015-07-03-23 45 34.799	  31.02734855 121.4397369 1.5  0.0 0.0
2015-07-03-23 45 34.907	  31.02734855 121.4397369 1.5  0.0 0.0
2015-07-03-23 45 35.024	  31.02734855 121.4397369 1.5  0.0 0.0
2015-07-03-23 45 35.129	  31.02734855 121.4397369 1.5  0.0 0.0
2015-07-03-23 45 35.234	  31.02734855 121.4397369 1.5  0.0 0.0
2015-07-03-23 45 35.385	  31.02734855 121.4397369 1.5  0.0 0.0
2015-07-03-23 45 35.487	  31.02734855 121.4397369 1.5  0.0 0.0
2015-07-03-23 45 35.608	  31.02734855 121.4397369 1.5  0.0 0.0
2015-07-03-23 45 35.710	  31.02734855 121.4397369 1.5  0.0 0.0
2015-07-03-23 45 35.812	  31.02734855 121.4397369 1.5  0.0 0.0
2015-07-03-23 45 35.914	  31.02734855 121.4397369 1.5  0.0 0.0
2015-07-03-23 45 36.017	  31.02734855 121.4397369 1.5  0.0 0.0
2015-07-03-23 45 36.169	  31.02734855 121.4397369 1.5  0.0 0.0
2015-07-03-23 45 36.270	  31.02734855 121.4397369 1.5  0.0 0.0
2015-07-03-23 45 36.374	  31.02734855 121.4397369 1.5  0.0 0.0
2015-07-03-23 45 36.479	  31.02734855 121.4397369 1.5  0.0 0.0
2015-07-03-23 45 36.583	  31.02732101 121.43975104 1.5  0.0 0.0
2015-07-03-23 45 36.686	  31.02732101 121.43975104 1.5  0.0 0.0
2015-07-03-23 45 36.789	  31.02732101 121.43975104 1.5  0.0 0.0
2015-07-03-23 45 36.932	  31.02732101 121.43975104 1.5  0.0 0.0
2015-07-03-23 45 37.035	  31.02732101 121.43975104 1.5  0.0 0.0
2015-07-03-23 45 37.146	  31.02732101 121.43975104 1.5  0.0 0.0
2015-07-03-23 45 37.251	  31.02732101 121.43975104 1.5  0.0 0.0
2015-07-03-23 45 37.356	  31.02732101 121.43975104 1.5  0.0 0.0
2015-07-03-23 45 37.485	  31.02732101 121.43975104 1.5  0.0 0.0
2015-07-03-23 45 37.587	  31.02732101 121.43975104 1.5  0.0 0.0
2015-07-03-23 45 37.696	  31.02732101 121.43975104 1.5  0.0 0.0
2015-07-03-23 45 37.799	  31.02732101 121.43975104 1.5  0.0 0.0
2015-07-03-23 45 37.904	  31.02732101 121.43975104 1.5  0.0 0.0
2015-07-03-23 45 38.006	  31.02732101 121.43975104 1.5  0.0 0.0
2015-07-03-23 45 38.108	  31.02732101 121.43975104 1.5  0.0 0.0
2015-07-03-23 45 38.211	  31.02732101 121.43975104 1.5  0.0 0.0
2015-07-03-23 45 38.316	  31.02732101 121.43975104 1.5  0.0 0.0
2015-07-03-23 45 38.433	  31.02732101 121.43975104 1.5  0.0 0.0
2015-07-03-23 45 38.534	  31.02729354 121.43976271 1.5  0.0 0.0
2015-07-03-23 45 38.640	  31.02729354 121.43976271 1.5  0.0 0.0
2015-07-03-23 45 38.743	  31.02729354 121.43976271 1.5  0.0 0.0
2015-07-03-23 45 38.848	  31.02729354 121.43976271 1.5  0.0 0.0
2015-07-03-23 45 38.950	  31.02729354 121.43976271 1.5  0.0 0.0
2015-07-03-23 45 39.051	  31.02729354 121.43976271 1.5  0.0 0.0
2015-07-03-23 45 39.152	  31.02729354 121.43976271 1.5  0.0 0.0
2015-07-03-23 45 39.255	  31.02729354 121.43976271 1.5  0.0 0.0
2015-07-03-23 45 39.358	  31.02729354 121.43976271 1.5  0.0 0.0
2015-07-03-23 45 39.462	  31.02729354 121.43976271 1.5  0.0 0.0
2015-07-03-23 45 39.585	  31.02729354 121.43976271 1.5  0.0 0.0
2015-07-03-23 45 39.686	  31.02729354 121.43976271 1.5  0.0 0.0
2015-07-03-23 45 39.822	  31.02729354 121.43976271 1.5  0.0 0.0
2015-07-03-23 45 39.924	  31.02729354 121.43976271 1.5  0.0 0.0
2015-07-03-23 45 40.070	  31.02729354 121.43976271 1.5  0.0 0.0
2015-07-03-23 45 40.173	  31.02729354 121.43976271 1.5  0.0 0.0
2015-07-03-23 45 40.338	  31.02729354 121.43976271 1.5  0.0 0.0
2015-07-03-23 45 40.441	  31.02729354 121.43976271 1.5  0.0 0.0
2015-07-03-23 45 40.608	  31.0272675 121.43977413 1.5  0.0 0.0
2015-07-03-23 45 40.710	  31.0272675 121.43977413 1.5  0.0 0.0
2015-07-03-23 45 40.846	  31.0272675 121.43977413 1.5  0.0 0.0
2015-07-03-23 45 40.951	  31.0272675 121.43977413 1.5  0.0 0.0
2015-07-03-23 45 41.113	  31.0272675 121.43977413 1.5  0.0 0.0
2015-07-03-23 45 41.215	  31.0272675 121.43977413 1.5  0.0 0.0
2015-07-03-23 45 41.360	  31.0272675 121.43977413 1.5  0.0 0.0
2015-07-03-23 45 41.465	  31.0272675 121.43977413 1.5  0.0 0.0
2015-07-03-23 45 41.612	  31.0272675 121.43977413 1.5  0.0 0.0
2015-07-03-23 45 41.714	  31.0272675 121.43977413 1.5  0.0 0.0
2015-07-03-23 45 41.817	  31.0272675 121.43977413 1.5  0.0 0.0
2015-07-03-23 45 41.928	  31.0272675 121.43977413 1.5  0.0 0.0
2015-07-03-23 45 42.029	  31.0272675 121.43977413 1.5  0.0 0.0
2015-07-03-23 45 42.130	  31.0272675 121.43977413 1.5  0.0 0.0
2015-07-03-23 45 42.233	  31.0272675 121.43977413 1.5  0.0 0.0
2015-07-03-23 45 42.340	  31.0272675 121.43977413 1.5  0.0 0.0
2015-07-03-23 45 42.447	  31.0272675 121.43977413 1.5  0.0 0.0
2015-07-03-23 45 42.633	  31.02724254 121.43978524 1.5  0.0 0.0
2015-07-03-23 45 42.735	  31.02724254 121.43978524 1.5  0.0 0.0
2015-07-03-23 45 42.872	  31.02724254 121.43978524 1.5  0.0 0.0
2015-07-03-23 45 42.979	  31.02724254 121.43978524 1.5  0.0 0.0
2015-07-03-23 45 43.086	  31.02724254 121.43978524 1.5  0.0 0.0
2015-07-03-23 45 43.189	  31.02724254 121.43978524 1.5  0.0 0.0
2015-07-03-23 45 43.361	  31.02724254 121.43978524 1.5  0.0 0.0
2015-07-03-23 45 43.464	  31.02724254 121.43978524 1.5  0.0 0.0
2015-07-03-23 45 43.614	  31.02724254 121.43978524 1.5  0.0 0.0
2015-07-03-23 45 43.715	  31.02724254 121.43978524 1.5  0.0 0.0
2015-07-03-23 45 43.833	  31.02724254 121.43978524 1.5  0.0 0.0
2015-07-03-23 45 43.944	  31.02724254 121.43978524 1.5  0.0 0.0
2015-07-03-23 45 44.096	  31.02724254 121.43978524 1.5  0.0 0.0
2015-07-03-23 45 44.200	  31.02724254 121.43978524 1.5  0.0 0.0
2015-07-03-23 45 44.338	  31.02724254 121.43978524 1.5  0.0 0.0
2015-07-03-23 45 44.451	  31.02724254 121.43978524 1.5  0.0 0.0
2015-07-03-23 45 44.554	  31.02721721 121.43979421 1.5  0.0 0.0
2015-07-03-23 45 44.692	  31.02721721 121.43979421 1.5  0.0 0.0
2015-07-03-23 45 44.795	  31.02721721 121.43979421 1.5  0.0 0.0
2015-07-03-23 45 44.950	  31.02721721 121.43979421 1.5  0.0 0.0
2015-07-03-23 45 45.056	  31.02721721 121.43979421 1.5  0.0 0.0
2015-07-03-23 45 45.202	  31.02721721 121.43979421 1.5  0.0 0.0
2015-07-03-23 45 45.307	  31.02721721 121.43979421 1.5  0.0 0.0
2015-07-03-23 45 45.411	  31.02721721 121.43979421 1.5  0.0 0.0
2015-07-03-23 45 45.552	  31.02721721 121.43979421 1.5  0.0 0.0
2015-07-03-23 45 45.654	  31.02721721 121.43979421 1.5  0.0 0.0
2015-07-03-23 45 45.792	  31.02721721 121.43979421 1.5  0.0 0.0
2015-07-03-23 45 45.897	  31.02721721 121.43979421 1.5  0.0 0.0
2015-07-03-23 45 46.000	  31.02721721 121.43979421 1.5  0.0 0.0
2015-07-03-23 45 46.117	  31.02721721 121.43979421 1.5  0.0 0.0
2015-07-03-23 45 46.222	  31.02721721 121.43979421 1.5  0.0 0.0
2015-07-03-23 45 46.334	  31.02721721 121.43979421 1.5  0.0 0.0
2015-07-03-23 45 46.435	  31.02721721 121.43979421 1.5  0.0 0.0
2015-07-03-23 45 46.540	  31.02719322 121.43980452 1.5  0.0 0.0
2015-07-03-23 45 46.642	  31.02719322 121.43980452 1.5  0.0 0.0
2015-07-03-23 45 46.743	  31.02719322 121.43980452 1.5  0.0 0.0
2015-07-03-23 45 46.848	  31.02719322 121.43980452 1.5  0.0 0.0
2015-07-03-23 45 46.957	  31.02719322 121.43980452 1.5  0.0 0.0
2015-07-03-23 45 47.116	  31.02719322 121.43980452 1.5  0.0 0.0
2015-07-03-23 45 47.218	  31.02719322 121.43980452 1.5  0.0 0.0
2015-07-03-23 45 47.321	  31.02719322 121.43980452 1.5  0.0 0.0
2015-07-03-23 45 47.427	  31.02719322 121.43980452 1.5  0.0 0.0
2015-07-03-23 45 47.533	  31.02719322 121.43980452 1.5  0.0 0.0
2015-07-03-23 45 47.654	  31.02719322 121.43980452 1.5  0.0 0.0
2015-07-03-23 45 47.755	  31.02719322 121.43980452 1.5  0.0 0.0
2015-07-03-23 45 47.873	  31.02719322 121.43980452 1.5  0.0 0.0
2015-07-03-23 45 47.990	  31.02719322 121.43980452 1.5  0.0 0.0
2015-07-03-23 45 48.091	  31.02719322 121.43980452 1.5  0.0 0.0
2015-07-03-23 45 48.222	  31.02719322 121.43980452 1.5  0.0 0.0
2015-07-03-23 45 48.328	  31.02719322 121.43980452 1.5  0.0 0.0
2015-07-03-23 45 48.432	  31.02719322 121.43980452 1.5  0.0 0.0
2015-07-03-23 45 48.578	  31.02716983 121.43981757 1.5  0.0 0.0
2015-07-03-23 45 48.681	  31.02716983 121.43981757 1.5  0.0 0.0
2015-07-03-23 45 48.783	  31.02716983 121.43981757 1.5  0.0 0.0
2015-07-03-23 45 48.900	  31.02716983 121.43981757 1.5  0.0 0.0
2015-07-03-23 45 49.007	  31.02716983 121.43981757 1.5  0.0 0.0
2015-07-03-23 45 49.111	  31.02716983 121.43981757 1.5  0.0 0.0
2015-07-03-23 45 49.270	  31.02716983 121.43981757 1.5  0.0 0.0
2015-07-03-23 45 49.372	  31.02716983 121.43981757 1.5  0.0 0.0
2015-07-03-23 45 49.473	  31.02716983 121.43981757 1.5  0.0 0.0
2015-07-03-23 45 49.586	  31.02716983 121.43981757 1.5  0.0 0.0
2015-07-03-23 45 49.702	  31.02716983 121.43981757 1.5  0.0 0.0
2015-07-03-23 45 49.819	  31.02716983 121.43981757 1.5  0.0 0.0
2015-07-03-23 45 49.934	  31.02716983 121.43981757 1.5  0.0 0.0
2015-07-03-23 45 50.041	  31.02716983 121.43981757 1.5  0.0 0.0
2015-07-03-23 45 50.145	  31.02716983 121.43981757 1.5  0.0 0.0
2015-07-03-23 45 50.280	  31.02716983 121.43981757 1.5  0.0 0.0
2015-07-03-23 45 50.385	  31.02716983 121.43981757 1.5  0.0 0.0
2015-07-03-23 45 50.535	  31.02714675 121.43983151 1.5  0.0 0.0
2015-07-03-23 45 50.648	  31.02714675 121.43983151 1.5  0.0 0.0
2015-07-03-23 45 50.750	  31.02714675 121.43983151 1.5  0.0 0.0
2015-07-03-23 45 50.892	  31.02714675 121.43983151 1.5  0.0 0.0
2015-07-03-23 45 50.997	  31.02714675 121.43983151 1.5  0.0 0.0
2015-07-03-23 45 51.148	  31.02714675 121.43983151 1.5  0.0 0.0
2015-07-03-23 45 51.250	  31.02714675 121.43983151 1.5  0.0 0.0
2015-07-03-23 45 51.365	  31.02714675 121.43983151 1.5  0.0 0.0
2015-07-03-23 45 51.469	  31.02714675 121.43983151 1.5  0.0 0.0
2015-07-03-23 45 51.573	  31.02714675 121.43983151 1.5  0.0 0.0
2015-07-03-23 45 51.677	  31.02714675 121.43983151 1.5  0.0 0.0
2015-07-03-23 45 51.779	  31.02714675 121.43983151 1.5  0.0 0.0
2015-07-03-23 45 51.937	  31.02714675 121.43983151 1.5  0.0 0.0
2015-07-03-23 45 52.039	  31.02714675 121.43983151 1.5  0.0 0.0
2015-07-03-23 45 52.179	  31.02714675 121.43983151 1.5  0.0 0.0
2015-07-03-23 45 52.284	  31.02714675 121.43983151 1.5  0.0 0.0
2015-07-03-23 45 52.389	  31.02714675 121.43983151 1.5  0.0 0.0
2015-07-03-23 45 52.553	  31.0271223 121.43984299 1.5  0.0 0.0
2015-07-03-23 45 52.658	  31.0271223 121.43984299 1.5  0.0 0.0
2015-07-03-23 45 52.760	  31.0271223 121.43984299 1.5  0.0 0.0
2015-07-03-23 45 52.927	  31.0271223 121.43984299 1.5  0.0 0.0
2015-07-03-23 45 53.029	  31.0271223 121.43984299 1.5  0.0 0.0
2015-07-03-23 45 53.130	  31.0271223 121.43984299 1.5  0.0 0.0
2015-07-03-23 45 53.243	  31.0271223 121.43984299 1.5  0.0 0.0
2015-07-03-23 45 53.345	  31.0271223 121.43984299 1.5  0.0 0.0
2015-07-03-23 45 53.491	  31.0271223 121.43984299 1.5  0.0 0.0
2015-07-03-23 45 53.639	  31.0271223 121.43984299 1.5  0.0 0.0
2015-07-03-23 45 53.743	  31.0271223 121.43984299 1.5  0.0 0.0
2015-07-03-23 45 53.847	  31.0271223 121.43984299 1.5  0.0 0.0
2015-07-03-23 45 53.989	  31.0271223 121.43984299 1.5  0.0 0.0
2015-07-03-23 45 54.092	  31.0271223 121.43984299 1.5  0.0 0.0
2015-07-03-23 45 54.195	  31.0271223 121.43984299 1.5  0.0 0.0
2015-07-03-23 45 54.304	  31.0271223 121.43984299 1.5  0.0 0.0
2015-07-03-23 45 54.409	  31.0271223 121.43984299 1.5  0.0 0.0
2015-07-03-23 45 54.572	  31.02709616 121.43985309 1.5  0.0 0.0
2015-07-03-23 45 54.709	  31.02709616 121.43985309 1.5  0.0 0.0
2015-07-03-23 45 54.817	  31.02709616 121.43985309 1.5  0.0 0.0
2015-07-03-23 45 54.950	  31.02709616 121.43985309 1.5  0.0 0.0
2015-07-03-23 45 55.062	  31.02709616 121.43985309 1.5  0.0 0.0
2015-07-03-23 45 55.181	  31.02709616 121.43985309 1.5  0.0 0.0
2015-07-03-23 45 55.293	  31.02709616 121.43985309 1.5  0.0 0.0
2015-07-03-23 45 55.395	  31.02709616 121.43985309 1.5  0.0 0.0
2015-07-03-23 45 55.510	  31.02709616 121.43985309 1.5  0.0 0.0
2015-07-03-23 45 55.649	  31.02709616 121.43985309 1.5  0.0 0.0
2015-07-03-23 45 55.756	  31.02709616 121.43985309 1.5  0.0 0.0
2015-07-03-23 45 55.858	  31.02709616 121.43985309 1.5  0.0 0.0
2015-07-03-23 45 56.036	  31.02709616 121.43985309 1.5  0.0 0.0
2015-07-03-23 45 56.142	  31.02709616 121.43985309 1.5  0.0 0.0
2015-07-03-23 45 56.245	  31.02709616 121.43985309 1.5  0.0 0.0
2015-07-03-23 45 56.386	  31.02709616 121.43985309 1.5  0.0 0.0
2015-07-03-23 45 56.498	  31.02706967 121.43986345 1.5  0.0 0.0
2015-07-03-23 45 56.601	  31.02706967 121.43986345 1.5  0.0 0.0
2015-07-03-23 45 56.717	  31.02706967 121.43986345 1.5  0.0 0.0
2015-07-03-23 45 56.818	  31.02706967 121.43986345 1.5  0.0 0.0
2015-07-03-23 45 56.920	  31.02706967 121.43986345 1.5  0.0 0.0
2015-07-03-23 45 57.057	  31.02706967 121.43986345 1.5  0.0 0.0
2015-07-03-23 45 57.162	  31.02706967 121.43986345 1.5  0.0 0.0
2015-07-03-23 45 57.328	  31.02706967 121.43986345 1.5  0.0 0.0
2015-07-03-23 45 57.481	  31.02706967 121.43986345 1.5  0.0 0.0
2015-07-03-23 45 57.584	  31.02706967 121.43986345 1.5  0.0 0.0
2015-07-03-23 45 57.726	  31.02706967 121.43986345 1.5  0.0 0.0
2015-07-03-23 45 57.901	  31.02706967 121.43986345 1.5  0.0 0.0
2015-07-03-23 45 58.004	  31.02706967 121.43986345 1.5  0.0 0.0
2015-07-03-23 45 58.122	  31.02706967 121.43986345 1.5  0.0 0.0
2015-07-03-23 45 58.288	  31.02706967 121.43986345 1.5  0.0 0.0
2015-07-03-23 45 58.391	  31.02706967 121.43986345 1.5  0.0 0.0
2015-07-03-23 45 58.526	  31.02704082 121.43987159 1.5  0.0 0.0
2015-07-03-23 45 58.686	  31.02704082 121.43987159 1.5  0.0 0.0
2015-07-03-23 45 58.789	  31.02704082 121.43987159 1.5  0.0 0.0
2015-07-03-23 45 58.937	  31.02704082 121.43987159 1.5  0.0 0.0
2015-07-03-23 45 59.068	  31.02704082 121.43987159 1.5  0.0 0.0
2015-07-03-23 45 59.171	  31.02704082 121.43987159 1.5  0.0 0.0
2015-07-03-23 45 59.353	  31.02704082 121.43987159 1.5  0.0 0.0
2015-07-03-23 45 59.528	  31.02704082 121.43987159 1.5  0.0 0.0
2015-07-03-23 45 59.633	  31.02704082 121.43987159 1.5  0.0 0.0
2015-07-03-23 45 59.779	  31.02704082 121.43987159 1.5  0.0 0.0
2015-07-03-23 45 59.932	  31.02704082 121.43987159 1.5  0.0 0.0
2015-07-03-23 46 00.037	  31.02704082 121.43987159 1.5  0.0 0.0
2015-07-03-23 46 00.183	  31.02704082 121.43987159 1.5  0.0 0.0
2015-07-03-23 46 00.286	  31.02704082 121.43987159 1.5  0.0 0.0
2015-07-03-23 46 00.387	  31.02704082 121.43987159 1.5  0.0 0.0
2015-07-03-23 46 00.536	  31.0270136 121.43988328 1.5  0.0 0.0
2015-07-03-23 46 00.686	  31.0270136 121.43988328 1.5  0.0 0.0
2015-07-03-23 46 00.824	  31.0270136 121.43988328 1.5  0.0 0.0
2015-07-03-23 46 00.938	  31.0270136 121.43988328 1.5  0.0 0.0
2015-07-03-23 46 01.039	  31.0270136 121.43988328 1.5  0.0 0.0
2015-07-03-23 46 01.155	  31.0270136 121.43988328 1.5  0.0 0.0
2015-07-03-23 46 01.300	  31.0270136 121.43988328 1.5  0.0 0.0
2015-07-03-23 46 01.443	  31.0270136 121.43988328 1.5  0.0 0.0
2015-07-03-23 46 01.616	  31.0270136 121.43988328 1.5  0.0 0.0
2015-07-03-23 46 01.731	  31.0270136 121.43988328 1.5  0.0 0.0
2015-07-03-23 46 01.870	  31.0270136 121.43988328 1.5  0.0 0.0
2015-07-03-23 46 02.047	  31.0270136 121.43988328 1.5  0.0 0.0
2015-07-03-23 46 02.220	  31.0270136 121.43988328 1.5  0.0 0.0
2015-07-03-23 46 02.335	  31.0270136 121.43988328 1.5  0.0 0.0
2015-07-03-23 46 02.456	  31.0270136 121.43988328 1.5  0.0 0.0
2015-07-03-23 46 02.578	  31.02699043 121.4398956 1.5  0.0 0.0
2015-07-03-23 46 02.716	  31.02699043 121.4398956 1.5  0.0 0.0
2015-07-03-23 46 02.850	  31.02699043 121.4398956 1.5  0.0 0.0
2015-07-03-23 46 02.992	  31.02699043 121.4398956 1.5  0.0 0.0
2015-07-03-23 46 03.132	  31.02699043 121.4398956 1.5  0.0 0.0
2015-07-03-23 46 03.273	  31.02699043 121.4398956 1.5  0.0 0.0
2015-07-03-23 46 03.415	  31.02699043 121.4398956 1.5  0.0 0.0
2015-07-03-23 46 03.535	  31.02699043 121.4398956 1.5  0.0 0.0
2015-07-03-23 46 03.668	  31.02699043 121.4398956 1.5  0.0 0.0
2015-07-03-23 46 03.835	  31.02699043 121.4398956 1.5  0.0 0.0
2015-07-03-23 46 03.951	  31.02699043 121.4398956 1.5  0.0 0.0
2015-07-03-23 46 04.084	  31.02699043 121.4398956 1.5  0.0 0.0
2015-07-03-23 46 04.235	  31.02699043 121.4398956 1.5  0.0 0.0
2015-07-03-23 46 04.355	  31.02699043 121.4398956 1.5  0.0 0.0
2015-07-03-23 46 04.513	  31.02696686 121.43990671 1.5  0.0 0.0
2015-07-03-23 46 04.636	  31.02696686 121.43990671 1.5  0.0 0.0
2015-07-03-23 46 04.774	  31.02696686 121.43990671 1.5  0.0 0.0
2015-07-03-23 46 04.912	  31.02696686 121.43990671 1.5  0.0 0.0
2015-07-03-23 46 05.040	  31.02696686 121.43990671 1.5  0.0 0.0
2015-07-03-23 46 05.160	  31.02696686 121.43990671 1.5  0.0 0.0
2015-07-03-23 46 05.324	  31.02696686 121.43990671 1.5  0.0 0.0
2015-07-03-23 46 05.443	  31.02696686 121.43990671 1.5  0.0 0.0
2015-07-03-23 46 05.547	  31.02696686 121.43990671 1.5  0.0 0.0
2015-07-03-23 46 05.652	  31.02696686 121.43990671 1.5  0.0 0.0
2015-07-03-23 46 05.786	  31.02696686 121.43990671 1.5  0.0 0.0
2015-07-03-23 46 05.942	  31.02696686 121.43990671 1.5  0.0 0.0
2015-07-03-23 46 06.084	  31.02696686 121.43990671 1.5  0.0 0.0
2015-07-03-23 46 06.266	  31.02696686 121.43990671 1.5  0.0 0.0
2015-07-03-23 46 06.381	  31.02696686 121.43990671 1.5  0.0 0.0
2015-07-03-23 46 06.498	  31.02696686 121.43990671 1.5  0.0 0.0
2015-07-03-23 46 06.670	  31.02694419 121.4399191 1.5  0.0 0.0
2015-07-03-23 46 06.805	  31.02694419 121.4399191 1.5  0.0 0.0
2015-07-03-23 46 06.934	  31.02694419 121.4399191 1.5  0.0 0.0
2015-07-03-23 46 07.100	  31.02694419 121.4399191 1.5  0.0 0.0
2015-07-03-23 46 07.218	  31.02694419 121.4399191 1.5  0.0 0.0
2015-07-03-23 46 07.337	  31.02694419 121.4399191 1.5  0.0 0.0
2015-07-03-23 46 07.477	  31.02694419 121.4399191 1.5  0.0 0.0
2015-07-03-23 46 07.643	  31.02694419 121.4399191 1.5  0.0 0.0
2015-07-03-23 46 07.759	  31.02694419 121.4399191 1.5  0.0 0.0
2015-07-03-23 46 07.887	  31.02694419 121.4399191 1.5  0.0 0.0
2015-07-03-23 46 08.023	  31.02694419 121.4399191 1.5  0.0 0.0
2015-07-03-23 46 08.139	  31.02694419 121.4399191 1.5  0.0 0.0
2015-07-03-23 46 08.279	  31.02694419 121.4399191 1.5  0.0 0.0
2015-07-03-23 46 08.433	  31.02694419 121.4399191 1.5  0.0 0.0
2015-07-03-23 46 08.571	  31.02692373 121.43993319 1.5  0.0 0.0
2015-07-03-23 46 08.689	  31.02692373 121.43993319 1.5  0.0 0.0
2015-07-03-23 46 08.840	  31.02692373 121.43993319 1.5  0.0 0.0
2015-07-03-23 46 08.988	  31.02692373 121.43993319 1.5  0.0 0.0
2015-07-03-23 46 09.105	  31.02692373 121.43993319 1.5  0.0 0.0
2015-07-03-23 46 09.220	  31.02692373 121.43993319 1.5  0.0 0.0
2015-07-03-23 46 09.338	  31.02692373 121.43993319 1.5  0.0 0.0
2015-07-03-23 46 09.492	  31.02692373 121.43993319 1.5  0.0 0.0
2015-07-03-23 46 09.624	  31.02692373 121.43993319 1.5  0.0 0.0
2015-07-03-23 46 09.740	  31.02692373 121.43993319 1.5  0.0 0.0
2015-07-03-23 46 09.858	  31.02692373 121.43993319 1.5  0.0 0.0
2015-07-03-23 46 10.023	  31.02692373 121.43993319 1.5  0.0 0.0
2015-07-03-23 46 10.162	  31.02692373 121.43993319 1.5  0.0 0.0
2015-07-03-23 46 10.291	  31.02692373 121.43993319 1.5  0.0 0.0
2015-07-03-23 46 10.435	  31.02692373 121.43993319 1.5  0.0 0.0
2015-07-03-23 46 10.574	  31.02690438 121.43994651 1.5  0.0 0.0
2015-07-03-23 46 10.721	  31.02690438 121.43994651 1.5  0.0 0.0
2015-07-03-23 46 10.839	  31.02690438 121.43994651 1.5  0.0 0.0
2015-07-03-23 46 10.999	  31.02690438 121.43994651 1.5  0.0 0.0
2015-07-03-23 46 11.115	  31.02690438 121.43994651 1.5  0.0 0.0
2015-07-03-23 46 11.253	  31.02690438 121.43994651 1.5  0.0 0.0
2015-07-03-23 46 11.372	  31.02690438 121.43994651 1.5  0.0 0.0
2015-07-03-23 46 11.541	  31.02690438 121.43994651 1.5  0.0 0.0
2015-07-03-23 46 11.656	  31.02690438 121.43994651 1.5  0.0 0.0
2015-07-03-23 46 11.783	  31.02690438 121.43994651 1.5  0.0 0.0
2015-07-03-23 46 11.926	  31.02690438 121.43994651 1.5  0.0 0.0
2015-07-03-23 46 12.082	  31.02690438 121.43994651 1.5  0.0 0.0
2015-07-03-23 46 12.229	  31.02690438 121.43994651 1.5  0.0 0.0
2015-07-03-23 46 12.389	  31.02690438 121.43994651 1.5  0.0 0.0
2015-07-03-23 46 12.527	  31.02688461 121.43996255 1.5  0.0 0.0
2015-07-03-23 46 12.645	  31.02688461 121.43996255 1.5  0.0 0.0
2015-07-03-23 46 12.786	  31.02688461 121.43996255 1.5  0.0 0.0
2015-07-03-23 46 12.941	  31.02688461 121.43996255 1.5  0.0 0.0
2015-07-03-23 46 13.066	  31.02688461 121.43996255 1.5  0.0 0.0
2015-07-03-23 46 13.232	  31.02688461 121.43996255 1.5  0.0 0.0
2015-07-03-23 46 13.387	  31.02688461 121.43996255 1.5  0.0 0.0
2015-07-03-23 46 13.504	  31.02688461 121.43996255 1.5  0.0 0.0
2015-07-03-23 46 13.668	  31.02688461 121.43996255 1.5  0.0 0.0
2015-07-03-23 46 13.793	  31.02688461 121.43996255 1.5  0.0 0.0
2015-07-03-23 46 13.908	  31.02688461 121.43996255 1.5  0.0 0.0
2015-07-03-23 46 14.081	  31.02688461 121.43996255 1.5  0.0 0.0
2015-07-03-23 46 14.198	  31.02688461 121.43996255 1.5  0.0 0.0
2015-07-03-23 46 14.349	  31.02688461 121.43996255 1.5  0.0 0.0
2015-07-03-23 46 14.493	  31.02688461 121.43996255 1.5  0.0 0.0
2015-07-03-23 46 14.653	  31.0268613 121.43997767 1.5  0.0 0.0
2015-07-03-23 46 14.769	  31.0268613 121.43997767 1.5  0.0 0.0
2015-07-03-23 46 14.904	  31.0268613 121.43997767 1.5  0.0 0.0
2015-07-03-23 46 15.055	  31.0268613 121.43997767 1.5  0.0 0.0
2015-07-03-23 46 15.208	  31.0268613 121.43997767 1.5  0.0 0.0
2015-07-03-23 46 15.326	  31.0268613 121.43997767 1.5  0.0 0.0
2015-07-03-23 46 15.466	  31.0268613 121.43997767 1.5  0.0 0.0
2015-07-03-23 46 15.603	  31.0268613 121.43997767 1.5  0.0 0.0
2015-07-03-23 46 15.719	  31.0268613 121.43997767 1.5  0.0 0.0
2015-07-03-23 46 15.847	  31.0268613 121.43997767 1.5  0.0 0.0
2015-07-03-23 46 16.001	  31.0268613 121.43997767 1.5  0.0 0.0
2015-07-03-23 46 16.118	  31.0268613 121.43997767 1.5  0.0 0.0
2015-07-03-23 46 16.252	  31.0268613 121.43997767 1.5  0.0 0.0
2015-07-03-23 46 16.414	  31.0268613 121.43997767 1.5  0.0 0.0
2015-07-03-23 46 16.561	  31.02683504 121.43998896 1.5  0.0 0.0
2015-07-03-23 46 16.677	  31.02683504 121.43998896 1.5  0.0 0.0
2015-07-03-23 46 16.832	  31.02683504 121.43998896 1.5  0.0 0.0
2015-07-03-23 46 16.948	  31.02683504 121.43998896 1.5  0.0 0.0
2015-07-03-23 46 17.113	  31.02683504 121.43998896 1.5  0.0 0.0
2015-07-03-23 46 17.249	  31.02683504 121.43998896 1.5  0.0 0.0
2015-07-03-23 46 17.397	  31.02683504 121.43998896 1.5  0.0 0.0
2015-07-03-23 46 17.515	  31.02683504 121.43998896 1.5  0.0 0.0
2015-07-03-23 46 17.661	  31.02683504 121.43998896 1.5  0.0 0.0
2015-07-03-23 46 17.799	  31.02683504 121.43998896 1.5  0.0 0.0
2015-07-03-23 46 17.954	  31.02683504 121.43998896 1.5  0.0 0.0
2015-07-03-23 46 18.082	  31.02683504 121.43998896 1.5  0.0 0.0
2015-07-03-23 46 18.229	  31.02683504 121.43998896 1.5  0.0 0.0
2015-07-03-23 46 18.345	  31.02683504 121.43998896 1.5  0.0 0.0
2015-07-03-23 46 18.495	  31.02683504 121.43998896 1.5  0.0 0.0
2015-07-03-23 46 18.650	  31.02680572 121.4399988 1.5  0.0 0.0
2015-07-03-23 46 18.765	  31.02680572 121.4399988 1.5  0.0 0.0
2015-07-03-23 46 18.905	  31.02680572 121.4399988 1.5  0.0 0.0
2015-07-03-23 46 19.033	  31.02680572 121.4399988 1.5  0.0 0.0
2015-07-03-23 46 19.223	  31.02680572 121.4399988 1.5  0.0 0.0
2015-07-03-23 46 19.362	  31.02680572 121.4399988 1.5  0.0 0.0
2015-07-03-23 46 19.484	  31.02680572 121.4399988 1.5  0.0 0.0
2015-07-03-23 46 19.635	  31.02680572 121.4399988 1.5  0.0 0.0
2015-07-03-23 46 19.751	  31.02680572 121.4399988 1.5  0.0 0.0
2015-07-03-23 46 19.905	  31.02680572 121.4399988 1.5  0.0 0.0
2015-07-03-23 46 20.066	  31.02680572 121.4399988 1.5  0.0 0.0
2015-07-03-23 46 20.202	  31.02680572 121.4399988 1.5  0.0 0.0
2015-07-03-23 46 20.386	  31.02680572 121.4399988 1.5  0.0 0.0
2015-07-03-23 46 20.526	  31.02677552 121.44000863 1.5  0.0 0.0
2015-07-03-23 46 20.666	  31.02677552 121.44000863 1.5  0.0 0.0
2015-07-03-23 46 20.807	  31.02677552 121.44000863 1.5  0.0 0.0
2015-07-03-23 46 20.924	  31.02677552 121.44000863 1.5  0.0 0.0
2015-07-03-23 46 21.067	  31.02677552 121.44000863 1.5  0.0 0.0
2015-07-03-23 46 21.205	  31.02677552 121.44000863 1.5  0.0 0.0
2015-07-03-23 46 21.338	  31.02677552 121.44000863 1.5  0.0 0.0
2015-07-03-23 46 21.487	  31.02677552 121.44000863 1.5  0.0 0.0
2015-07-03-23 46 21.644	  31.02677552 121.44000863 1.5  0.0 0.0
2015-07-03-23 46 21.759	  31.02677552 121.44000863 1.5  0.0 0.0
2015-07-03-23 46 21.908	  31.02677552 121.44000863 1.5  0.0 0.0
2015-07-03-23 46 22.060	  31.02677552 121.44000863 1.5  0.0 0.0
2015-07-03-23 46 22.180	  31.02677552 121.44000863 1.5  0.0 0.0
2015-07-03-23 46 22.346	  31.02677552 121.44000863 1.5  0.0 0.0
2015-07-03-23 46 22.501	  31.02674371 121.44001759 1.5  0.0 0.0
2015-07-03-23 46 22.628	  31.02674371 121.44001759 1.5  0.0 0.0
2015-07-03-23 46 22.742	  31.02674371 121.44001759 1.5  0.0 0.0
2015-07-03-23 46 22.884	  31.02674371 121.44001759 1.5  0.0 0.0
2015-07-03-23 46 23.021	  31.02674371 121.44001759 1.5  0.0 0.0
2015-07-03-23 46 23.142	  31.02674371 121.44001759 1.5  0.0 0.0
2015-07-03-23 46 23.282	  31.02674371 121.44001759 1.5  0.0 0.0
2015-07-03-23 46 23.425	  31.02674371 121.44001759 1.5  0.0 0.0
2015-07-03-23 46 23.569	  31.02674371 121.44001759 1.5  0.0 0.0
2015-07-03-23 46 23.685	  31.02674371 121.44001759 1.5  0.0 0.0
2015-07-03-23 46 23.810	  31.02674371 121.44001759 1.5  0.0 0.0
2015-07-03-23 46 23.942	  31.02674371 121.44001759 1.5  0.0 0.0
2015-07-03-23 46 24.083	  31.02674371 121.44001759 1.5  0.0 0.0
2015-07-03-23 46 24.256	  31.02674371 121.44001759 1.5  0.0 0.0
2015-07-03-23 46 24.420	  31.02674371 121.44001759 1.5  0.0 0.0
2015-07-03-23 46 24.537	  31.02671466 121.44002729 1.5  0.0 0.0
2015-07-03-23 46 24.652	  31.02671466 121.44002729 1.5  0.0 0.0
2015-07-03-23 46 24.768	  31.02671466 121.44002729 1.5  0.0 0.0
2015-07-03-23 46 24.930	  31.02671466 121.44002729 1.5  0.0 0.0
2015-07-03-23 46 25.061	  31.02671466 121.44002729 1.5  0.0 0.0
2015-07-03-23 46 25.229	  31.02671466 121.44002729 1.5  0.0 0.0
2015-07-03-23 46 25.368	  31.02671466 121.44002729 1.5  0.0 0.0
2015-07-03-23 46 25.507	  31.02671466 121.44002729 1.5  0.0 0.0
2015-07-03-23 46 25.656	  31.02671466 121.44002729 1.5  0.0 0.0
2015-07-03-23 46 25.774	  31.02671466 121.44002729 1.5  0.0 0.0
2015-07-03-23 46 25.888	  31.02671466 121.44002729 1.5  0.0 0.0
2015-07-03-23 46 26.007	  31.02671466 121.44002729 1.5  0.0 0.0
2015-07-03-23 46 26.123	  31.02671466 121.44002729 1.5  0.0 0.0
2015-07-03-23 46 26.281	  31.02671466 121.44002729 1.5  0.0 0.0
2015-07-03-23 46 26.402	  31.02671466 121.44002729 1.5  0.0 0.0
2015-07-03-23 46 26.519	  31.02668693 121.44003675 1.5  0.0 0.0
2015-07-03-23 46 26.643	  31.02668693 121.44003675 1.5  0.0 0.0
2015-07-03-23 46 26.759	  31.02668693 121.44003675 1.5  0.0 0.0
2015-07-03-23 46 26.948	  31.02668693 121.44003675 1.5  0.0 0.0
2015-07-03-23 46 27.097	  31.02668693 121.44003675 1.5  0.0 0.0
2015-07-03-23 46 27.240	  31.02668693 121.44003675 1.5  0.0 0.0
2015-07-03-23 46 27.402	  31.02668693 121.44003675 1.5  0.0 0.0
2015-07-03-23 46 27.518	  31.02668693 121.44003675 1.5  0.0 0.0
2015-07-03-23 46 27.655	  31.02668693 121.44003675 1.5  0.0 0.0
2015-07-03-23 46 27.781	  31.02668693 121.44003675 1.5  0.0 0.0
2015-07-03-23 46 27.929	  31.02668693 121.44003675 1.5  0.0 0.0
2015-07-03-23 46 28.070	  31.02668693 121.44003675 1.5  0.0 0.0
2015-07-03-23 46 28.232	  31.02668693 121.44003675 1.5  0.0 0.0
2015-07-03-23 46 28.392	  31.02668693 121.44003675 1.5  0.0 0.0
2015-07-03-23 46 28.530	  31.02666157 121.44004927 1.5  0.0 0.0
2015-07-03-23 46 28.711	  31.02666157 121.44004927 1.5  0.0 0.0
2015-07-03-23 46 28.836	  31.02666157 121.44004927 1.5  0.0 0.0
2015-07-03-23 46 28.952	  31.02666157 121.44004927 1.5  0.0 0.0
2015-07-03-23 46 29.108	  31.02666157 121.44004927 1.5  0.0 0.0
2015-07-03-23 46 29.237	  31.02666157 121.44004927 1.5  0.0 0.0
2015-07-03-23 46 29.351	  31.02666157 121.44004927 1.5  0.0 0.0
2015-07-03-23 46 29.495	  31.02666157 121.44004927 1.5  0.0 0.0
2015-07-03-23 46 29.644	  31.02666157 121.44004927 1.5  0.0 0.0
2015-07-03-23 46 29.787	  31.02666157 121.44004927 1.5  0.0 0.0
2015-07-03-23 46 29.940	  31.02666157 121.44004927 1.5  0.0 0.0
2015-07-03-23 46 30.081	  31.02666157 121.44004927 1.5  0.0 0.0
2015-07-03-23 46 30.259	  31.02666157 121.44004927 1.5  0.0 0.0
2015-07-03-23 46 30.399	  31.02666157 121.44004927 1.5  0.0 0.0
2015-07-03-23 46 30.552	  31.0266357 121.440062 1.5  0.0 0.0
2015-07-03-23 46 30.703	  31.0266357 121.440062 1.5  0.0 0.0
2015-07-03-23 46 30.822	  31.0266357 121.440062 1.5  0.0 0.0
2015-07-03-23 46 30.960	  31.0266357 121.440062 1.5  0.0 0.0
2015-07-03-23 46 31.117	  31.0266357 121.440062 1.5  0.0 0.0
2015-07-03-23 46 31.281	  31.0266357 121.440062 1.5  0.0 0.0
2015-07-03-23 46 31.398	  31.0266357 121.440062 1.5  0.0 0.0
2015-07-03-23 46 31.536	  31.0266357 121.440062 1.5  0.0 0.0
2015-07-03-23 46 31.655	  31.0266357 121.440062 1.5  0.0 0.0
2015-07-03-23 46 31.793	  31.0266357 121.440062 1.5  0.0 0.0
2015-07-03-23 46 31.981	  31.0266357 121.440062 1.5  0.0 0.0
2015-07-03-23 46 32.096	  31.0266357 121.440062 1.5  0.0 0.0
2015-07-03-23 46 32.221	  31.0266357 121.440062 1.5  0.0 0.0
2015-07-03-23 46 32.340	  31.0266357 121.440062 1.5  0.0 0.0
2015-07-03-23 46 32.492	  31.02660898 121.44007265 1.5  0.0 0.0
2015-07-03-23 46 32.640	  31.02660898 121.44007265 1.5  0.0 0.0
2015-07-03-23 46 32.755	  31.02660898 121.44007265 1.5  0.0 0.0
2015-07-03-23 46 32.885	  31.02660898 121.44007265 1.5  0.0 0.0
2015-07-03-23 46 33.023	  31.02660898 121.44007265 1.5  0.0 0.0
2015-07-03-23 46 33.163	  31.02660898 121.44007265 1.5  0.0 0.0
2015-07-03-23 46 33.279	  31.02660898 121.44007265 1.5  0.0 0.0
