2015-07-01-23 41 01.461	  0.0 0.0 0.0  0.0 0.0
2015-07-01-23 41 01.564	  0.0 0.0 0.0  0.0 0.0
2015-07-01-23 41 01.665	  0.0 0.0 0.0  0.0 0.0
2015-07-01-23 41 01.767	  0.0 0.0 0.0  0.0 0.0
2015-07-01-23 41 01.869	  0.0 0.0 0.0  0.0 0.0
2015-07-01-23 41 01.971	  0.0 0.0 0.0  0.0 0.0
2015-07-01-23 41 02.074	  0.0 0.0 0.0  0.0 0.0
2015-07-01-23 41 02.175	  0.0 0.0 0.0  0.0 0.0
2015-07-01-23 41 02.277	  0.0 0.0 0.0  0.0 0.0
2015-07-01-23 41 02.380	  0.0 0.0 0.0  0.0 0.0
2015-07-01-23 41 02.482	  0.0 0.0 0.0  0.0 0.0
2015-07-01-23 41 02.584	  0.0 0.0 0.0  0.0 0.0
2015-07-01-23 41 02.685	  0.0 0.0 0.0  0.0 0.0
2015-07-01-23 41 02.788	  0.0 0.0 0.0  0.0 0.0
2015-07-01-23 41 02.890	  0.0 0.0 0.0  0.0 0.0
2015-07-01-23 41 02.992	  0.0 0.0 0.0  0.0 0.0
2015-07-01-23 41 03.093	  0.0 0.0 0.0  0.0 0.0
2015-07-01-23 41 03.196	  0.0 0.0 0.0  0.0 0.0
2015-07-01-23 41 03.297	  0.0 0.0 0.0  0.0 0.0
2015-07-01-23 41 03.399	  0.0 0.0 0.0  0.0 0.0
2015-07-01-23 41 03.501	  0.0 0.0 0.0  0.0 0.0
2015-07-01-23 41 03.603	  0.0 0.0 0.0  0.0 0.0
2015-07-01-23 41 03.705	  0.0 0.0 0.0  0.0 0.0
2015-07-01-23 41 03.806	  0.0 0.0 0.0  0.0 0.0
2015-07-01-23 41 03.908	  0.0 0.0 0.0  0.0 0.0
2015-07-01-23 41 04.011	  0.0 0.0 0.0  0.0 0.0
2015-07-01-23 41 04.114	  0.0 0.0 0.0  0.0 0.0
2015-07-01-23 41 04.216	  0.0 0.0 0.0  0.0 0.0
2015-07-01-23 41 04.318	  0.0 0.0 0.0  0.0 0.0
2015-07-01-23 41 04.419	  0.0 0.0 0.0  0.0 0.0
2015-07-01-23 41 04.532	  0.0 0.0 0.0  0.0 0.0
2015-07-01-23 41 04.634	  0.0 0.0 0.0  0.0 0.0
2015-07-01-23 41 04.737	  0.0 0.0 0.0  0.0 0.0
2015-07-01-23 41 04.839	  0.0 0.0 0.0  0.0 0.0
2015-07-01-23 41 04.941	  0.0 0.0 0.0  0.0 0.0
2015-07-01-23 41 05.045	  0.0 0.0 0.0  0.0 0.0
2015-07-01-23 41 05.148	  0.0 0.0 0.0  0.0 0.0
2015-07-01-23 41 05.258	  0.0 0.0 0.0  0.0 0.0
2015-07-01-23 41 05.360	  0.0 0.0 0.0  0.0 0.0
2015-07-01-23 41 05.462	  0.0 0.0 0.0  0.0 0.0
2015-07-01-23 41 05.564	  0.0 0.0 0.0  0.0 0.0
2015-07-01-23 41 05.667	  0.0 0.0 0.0  0.0 0.0
2015-07-01-23 41 05.774	  0.0 0.0 0.0  0.0 0.0
2015-07-01-23 41 05.881	  0.0 0.0 0.0  0.0 0.0
2015-07-01-23 41 05.987	  0.0 0.0 0.0  0.0 0.0
2015-07-01-23 41 06.091	  0.0 0.0 0.0  0.0 0.0
2015-07-01-23 41 06.193	  0.0 0.0 0.0  0.0 0.0
2015-07-01-23 41 06.296	  0.0 0.0 0.0  0.0 0.0
2015-07-01-23 41 06.403	  0.0 0.0 0.0  0.0 0.0
2015-07-01-23 41 06.514	  0.0 0.0 0.0  0.0 0.0
2015-07-01-23 41 06.616	  0.0 0.0 0.0  0.0 0.0
2015-07-01-23 41 06.717	  0.0 0.0 0.0  0.0 0.0
2015-07-01-23 41 06.822	  0.0 0.0 0.0  0.0 0.0
2015-07-01-23 41 06.927	  31.0277473 121.43933358 0.0  0.0 0.0
2015-07-01-23 41 07.029	  31.0277473 121.43933358 0.0  0.0 0.0
2015-07-01-23 41 07.132	  31.0277473 121.43933358 0.0  0.0 0.0
2015-07-01-23 41 07.237	  31.0277473 121.43933358 0.0  0.0 0.0
2015-07-01-23 41 07.351	  31.0277473 121.43933358 0.0  0.0 0.0
2015-07-01-23 41 07.453	  31.0277473 121.43933358 0.0  0.0 0.0
2015-07-01-23 41 07.557	  31.0277473 121.43933358 0.0  0.0 0.0
2015-07-01-23 41 07.658	  31.0277473 121.43933358 0.0  0.0 0.0
2015-07-01-23 41 07.760	  31.0277473 121.43933358 0.0  0.0 0.0
2015-07-01-23 41 07.862	  31.0277473 121.43933358 0.0  0.0 0.0
2015-07-01-23 41 07.980	  31.0277473 121.43933358 0.0  0.0 0.0
2015-07-01-23 41 08.082	  31.0277473 121.43933358 0.0  0.0 0.0
2015-07-01-23 41 08.185	  31.0277473 121.43933358 0.0  0.0 0.0
2015-07-01-23 41 08.289	  31.0277473 121.43933358 0.0  0.0 0.0
2015-07-01-23 41 08.394	  31.0277473 121.43933358 0.0  0.0 0.0
2015-07-01-23 41 08.504	  31.0277473 121.43933358 0.0  0.0 0.0
2015-07-01-23 41 08.608	  31.0277473 121.43933358 0.0  0.0 0.0
2015-07-01-23 41 08.713	  31.0277473 121.43933358 0.0  0.0 0.0
2015-07-01-23 41 08.822	  31.0277473 121.43933358 0.0  0.0 0.0
2015-07-01-23 41 08.924	  31.02774023 121.43935311 1.75  0.0 0.0
2015-07-01-23 41 09.025	  31.02774023 121.43935311 1.75  0.0 0.0
2015-07-01-23 41 09.128	  31.02774023 121.43935311 1.75  0.0 0.0
2015-07-01-23 41 09.231	  31.02774023 121.43935311 1.75  0.0 0.0
2015-07-01-23 41 09.337	  31.02774023 121.43935311 1.75  0.0 0.0
2015-07-01-23 41 09.443	  31.02774023 121.43935311 1.75  0.0 0.0
2015-07-01-23 41 09.554	  31.02774023 121.43935311 1.75  0.0 0.0
2015-07-01-23 41 09.655	  31.02774023 121.43935311 1.75  0.0 0.0
2015-07-01-23 41 09.757	  31.02774023 121.43935311 1.75  0.0 0.0
2015-07-01-23 41 09.860	  31.02772483 121.43942985 1.75  0.0 0.0
2015-07-01-23 41 09.971	  31.02772483 121.43942985 1.75  0.0 0.0
2015-07-01-23 41 10.073	  31.02772483 121.43942985 1.75  0.0 0.0
2015-07-01-23 41 10.177	  31.02772483 121.43942985 1.75  0.0 0.0
2015-07-01-23 41 10.284	  31.02772483 121.43942985 1.75  0.0 0.0
2015-07-01-23 41 10.393	  31.02772483 121.43942985 1.75  0.0 0.0
2015-07-01-23 41 10.498	  31.02772483 121.43942985 1.75  0.0 0.0
2015-07-01-23 41 10.602	  31.02772483 121.43942985 1.75  0.0 0.0
2015-07-01-23 41 10.708	  31.02772483 121.43942985 1.75  0.0 0.0
2015-07-01-23 41 10.814	  31.02772483 121.43942985 1.75  0.0 0.0
2015-07-01-23 41 10.915	  31.02770023 121.4394559 1.75  0.0 0.0
2015-07-01-23 41 11.016	  31.02770023 121.4394559 1.75  0.0 0.0
2015-07-01-23 41 11.118	  31.02770023 121.4394559 1.75  0.0 0.0
2015-07-01-23 41 11.219	  31.02770023 121.4394559 1.75  0.0 0.0
2015-07-01-23 41 11.324	  31.02770023 121.4394559 1.75  0.0 0.0
2015-07-01-23 41 11.433	  31.02770023 121.4394559 1.75  0.0 0.0
2015-07-01-23 41 11.535	  31.02770023 121.4394559 1.75  0.0 0.0
2015-07-01-23 41 11.636	  31.02770023 121.4394559 1.75  0.0 0.0
2015-07-01-23 41 11.742	  31.02770023 121.4394559 1.75  0.0 0.0
2015-07-01-23 41 11.845	  31.02766904 121.43944852999999 1.75  0.0 0.0
2015-07-01-23 41 11.954	  31.02766904 121.43944852999999 1.75  0.0 0.0
2015-07-01-23 41 12.056	  31.02766904 121.43944852999999 1.75  0.0 0.0
2015-07-01-23 41 12.161	  31.02766904 121.43944852999999 1.75  0.0 0.0
2015-07-01-23 41 12.268	  31.02766904 121.43944852999999 1.75  0.0 0.0
2015-07-01-23 41 12.374	  31.02766904 121.43944852999999 1.75  0.0 0.0
2015-07-01-23 41 12.479	  31.02766904 121.43944852999999 1.75  0.0 0.0
2015-07-01-23 41 12.580	  31.02766904 121.43944852999999 1.75  0.0 0.0
2015-07-01-23 41 12.683	  31.02766904 121.43944852999999 1.75  0.0 0.0
2015-07-01-23 41 12.785	  31.02766904 121.43944852999999 1.75  0.0 0.0
2015-07-01-23 41 12.887	  31.02764609 121.43945436999999 1.75  0.0 0.0
2015-07-01-23 41 12.993	  31.02764609 121.43945436999999 1.75  0.0 0.0
2015-07-01-23 41 13.095	  31.02764609 121.43945436999999 1.75  0.0 0.0
2015-07-01-23 41 13.198	  31.02764609 121.43945436999999 1.75  0.0 0.0
2015-07-01-23 41 13.300	  31.02764609 121.43945436999999 1.75  0.0 0.0
2015-07-01-23 41 13.403	  31.02764609 121.43945436999999 1.75  0.0 0.0
2015-07-01-23 41 13.514	  31.02764609 121.43945436999999 1.75  0.0 0.0
2015-07-01-23 41 13.616	  31.02764609 121.43945436999999 1.75  0.0 0.0
2015-07-01-23 41 13.718	  31.02764609 121.43945436999999 1.75  0.0 0.0
2015-07-01-23 41 13.822	  31.02764609 121.43945436999999 1.75  0.0 0.0
2015-07-01-23 41 13.933	  31.02763199 121.43947814 1.75  0.0 0.0
2015-07-01-23 41 14.037	  31.02763199 121.43947814 1.75  0.0 0.0
2015-07-01-23 41 14.139	  31.02763199 121.43947814 1.75  0.0 0.0
2015-07-01-23 41 14.242	  31.02763199 121.43947814 1.75  0.0 0.0
2015-07-01-23 41 14.347	  31.02763199 121.43947814 1.75  0.0 0.0
2015-07-01-23 41 14.452	  31.02763199 121.43947814 1.75  0.0 0.0
2015-07-01-23 41 14.569	  31.02763199 121.43947814 1.75  0.0 0.0
2015-07-01-23 41 14.670	  31.02763199 121.43947814 1.75  0.0 0.0
2015-07-01-23 41 14.773	  31.02763199 121.43947814 1.75  0.0 0.0
2015-07-01-23 41 14.879	  31.02763199 121.43947814 1.75  0.0 0.0
2015-07-01-23 41 14.985	  31.02763199 121.43947814 1.75  0.0 0.0
2015-07-01-23 41 15.094	  31.02763199 121.43947814 1.75  0.0 0.0
2015-07-01-23 41 15.196	  31.02763199 121.43947814 1.75  0.0 0.0
2015-07-01-23 41 15.298	  31.02763199 121.43947814 1.75  0.0 0.0
2015-07-01-23 41 15.400	  31.02763199 121.43947814 1.75  0.0 0.0
2015-07-01-23 41 15.502	  31.02763199 121.43947814 1.75  0.0 0.0
2015-07-01-23 41 15.613	  31.02763199 121.43947814 1.75  0.0 0.0
2015-07-01-23 41 15.714	  31.02763199 121.43947814 1.75  0.0 0.0
2015-07-01-23 41 15.816	  31.02763199 121.43947814 1.75  0.0 0.0
2015-07-01-23 41 15.918	  31.02761211 121.43948738 1.5  0.0 0.0
2015-07-01-23 41 16.020	  31.02761211 121.43948738 1.5  0.0 0.0
2015-07-01-23 41 16.123	  31.02761211 121.43948738 1.5  0.0 0.0
2015-07-01-23 41 16.226	  31.02761211 121.43948738 1.5  0.0 0.0
2015-07-01-23 41 16.329	  31.02761211 121.43948738 1.5  0.0 0.0
2015-07-01-23 41 16.436	  31.02761211 121.43948738 1.5  0.0 0.0
2015-07-01-23 41 16.541	  31.02761211 121.43948738 1.5  0.0 0.0
2015-07-01-23 41 16.643	  31.02761211 121.43948738 1.5  0.0 0.0
2015-07-01-23 41 16.745	  31.02761211 121.43948738 1.5  0.0 0.0
2015-07-01-23 41 16.881	  31.02761211 121.43948738 1.5  0.0 0.0
2015-07-01-23 41 16.987	  31.02761211 121.43948738 1.5  0.0 0.0
2015-07-01-23 41 17.090	  31.02761211 121.43948738 1.5  0.0 0.0
2015-07-01-23 41 17.192	  31.02761211 121.43948738 1.5  0.0 0.0
2015-07-01-23 41 17.296	  31.02761211 121.43948738 1.5  0.0 0.0
2015-07-01-23 41 17.399	  31.02761211 121.43948738 1.5  0.0 0.0
2015-07-01-23 41 17.500	  31.02761211 121.43948738 1.5  0.0 0.0
2015-07-01-23 41 17.605	  31.02761211 121.43948738 1.5  0.0 0.0
2015-07-01-23 41 17.709	  31.02761211 121.43948738 1.5  0.0 0.0
2015-07-01-23 41 17.810	  31.02761211 121.43948738 1.5  0.0 0.0
2015-07-01-23 41 17.911	  31.02757918 121.43948395 1.5  0.0 0.0
2015-07-01-23 41 18.017	  31.02757918 121.43948395 1.5  0.0 0.0
2015-07-01-23 41 18.119	  31.02757918 121.43948395 1.5  0.0 0.0
2015-07-01-23 41 18.220	  31.02757918 121.43948395 1.5  0.0 0.0
2015-07-01-23 41 18.322	  31.02757918 121.43948395 1.5  0.0 0.0
2015-07-01-23 41 18.425	  31.02757918 121.43948395 1.5  0.0 0.0
2015-07-01-23 41 18.529	  31.02757918 121.43948395 1.5  0.0 0.0
2015-07-01-23 41 18.631	  31.02757918 121.43948395 1.5  0.0 0.0
2015-07-01-23 41 18.732	  31.02757918 121.43948395 1.5  0.0 0.0
2015-07-01-23 41 18.834	  31.02757918 121.43948395 1.5  0.0 0.0
2015-07-01-23 41 18.951	  31.02757918 121.43948395 1.5  0.0 0.0
2015-07-01-23 41 19.053	  31.02757918 121.43948395 1.5  0.0 0.0
2015-07-01-23 41 19.156	  31.02757918 121.43948395 1.5  0.0 0.0
2015-07-01-23 41 19.258	  31.02757918 121.43948395 1.5  0.0 0.0
2015-07-01-23 41 19.363	  31.02757918 121.43948395 1.5  0.0 0.0
2015-07-01-23 41 19.465	  31.02757918 121.43948395 1.5  0.0 0.0
2015-07-01-23 41 19.567	  31.02757918 121.43948395 1.5  0.0 0.0
2015-07-01-23 41 19.669	  31.02757918 121.43948395 1.5  0.0 0.0
2015-07-01-23 41 19.782	  31.02757918 121.43948395 1.5  0.0 0.0
2015-07-01-23 41 19.885	  31.0275525 121.43949827 1.5  0.0 0.0
2015-07-01-23 41 19.986	  31.0275525 121.43949827 1.5  0.0 0.0
2015-07-01-23 41 20.089	  31.0275525 121.43949827 1.5  0.0 0.0
2015-07-01-23 41 20.195	  31.0275525 121.43949827 1.5  0.0 0.0
2015-07-01-23 41 20.300	  31.0275525 121.43949827 1.5  0.0 0.0
2015-07-01-23 41 20.407	  31.0275525 121.43949827 1.5  0.0 0.0
2015-07-01-23 41 20.511	  31.0275525 121.43949827 1.5  0.0 0.0
2015-07-01-23 41 20.622	  31.0275525 121.43949827 1.5  0.0 0.0
2015-07-01-23 41 20.724	  31.0275525 121.43949827 1.5  0.0 0.0
2015-07-01-23 41 20.826	  31.0275525 121.43949827 1.5  0.0 0.0
2015-07-01-23 41 20.939	  31.0275525 121.43949827 1.5  0.0 0.0
2015-07-01-23 41 21.041	  31.0275525 121.43949827 1.5  0.0 0.0
2015-07-01-23 41 21.146	  31.0275525 121.43949827 1.5  0.0 0.0
2015-07-01-23 41 21.250	  31.0275525 121.43949827 1.5  0.0 0.0
2015-07-01-23 41 21.357	  31.0275525 121.43949827 1.5  0.0 0.0
2015-07-01-23 41 21.466	  31.0275525 121.43949827 1.5  0.0 0.0
2015-07-01-23 41 21.567	  31.0275525 121.43949827 1.5  0.0 0.0
2015-07-01-23 41 21.669	  31.0275525 121.43949827 1.5  0.0 0.0
2015-07-01-23 41 21.771	  31.0275525 121.43949827 1.5  0.0 0.0
2015-07-01-23 41 21.897	  31.02752857 121.43950979 1.5  0.0 0.0
2015-07-01-23 41 21.999	  31.02752857 121.43950979 1.5  0.0 0.0
2015-07-01-23 41 22.102	  31.02752857 121.43950979 1.5  0.0 0.0
2015-07-01-23 41 22.206	  31.02752857 121.43950979 1.5  0.0 0.0
2015-07-01-23 41 22.308	  31.02752857 121.43950979 1.5  0.0 0.0
2015-07-01-23 41 22.411	  31.02752857 121.43950979 1.5  0.0 0.0
2015-07-01-23 41 22.518	  31.02752857 121.43950979 1.5  0.0 0.0
2015-07-01-23 41 22.621	  31.02752857 121.43950979 1.5  0.0 0.0
2015-07-01-23 41 22.733	  31.02752857 121.43950979 1.5  0.0 0.0
2015-07-01-23 41 22.840	  31.02752857 121.43950979 1.5  0.0 0.0
2015-07-01-23 41 22.949	  31.02752857 121.43950979 1.5  0.0 0.0
2015-07-01-23 41 23.050	  31.02752857 121.43950979 1.5  0.0 0.0
2015-07-01-23 41 23.154	  31.02752857 121.43950979 1.5  0.0 0.0
2015-07-01-23 41 23.255	  31.02752857 121.43950979 1.5  0.0 0.0
2015-07-01-23 41 23.360	  31.02752857 121.43950979 1.5  0.0 0.0
2015-07-01-23 41 23.464	  31.02752857 121.43950979 1.5  0.0 0.0
2015-07-01-23 41 23.569	  31.02752857 121.43950979 1.5  0.0 0.0
2015-07-01-23 41 23.675	  31.02752857 121.43950979 1.5  0.0 0.0
2015-07-01-23 41 23.783	  31.02752857 121.43950979 1.5  0.0 0.0
2015-07-01-23 41 23.885	  31.02750489 121.43952302 1.5  0.0 0.0
2015-07-01-23 41 23.988	  31.02750489 121.43952302 1.5  0.0 0.0
2015-07-01-23 41 24.098	  31.02750489 121.43952302 1.5  0.0 0.0
2015-07-01-23 41 24.200	  31.02750489 121.43952302 1.5  0.0 0.0
2015-07-01-23 41 24.302	  31.02750489 121.43952302 1.5  0.0 0.0
2015-07-01-23 41 24.415	  31.02750489 121.43952302 1.5  0.0 0.0
2015-07-01-23 41 24.526	  31.02750489 121.43952302 1.5  0.0 0.0
2015-07-01-23 41 24.628	  31.02750489 121.43952302 1.5  0.0 0.0
2015-07-01-23 41 24.730	  31.02750489 121.43952302 1.5  0.0 0.0
2015-07-01-23 41 24.833	  31.02750489 121.43952302 1.5  0.0 0.0
2015-07-01-23 41 24.935	  31.02750489 121.43952302 1.5  0.0 0.0
2015-07-01-23 41 25.038	  31.02750489 121.43952302 1.5  0.0 0.0
2015-07-01-23 41 25.142	  31.02750489 121.43952302 1.5  0.0 0.0
2015-07-01-23 41 25.246	  31.02750489 121.43952302 1.5  0.0 0.0
2015-07-01-23 41 25.350	  31.02750489 121.43952302 1.5  0.0 0.0
2015-07-01-23 41 25.453	  31.02750489 121.43952302 1.5  0.0 0.0
2015-07-01-23 41 25.558	  31.02750489 121.43952302 1.5  0.0 0.0
2015-07-01-23 41 25.662	  31.02750489 121.43952302 1.5  0.0 0.0
2015-07-01-23 41 25.767	  31.02750489 121.43952302 1.5  0.0 0.0
2015-07-01-23 41 25.871	  31.02748401 121.4395328 1.5  0.0 0.0
2015-07-01-23 41 25.978	  31.02748401 121.4395328 1.5  0.0 0.0
2015-07-01-23 41 26.080	  31.02748401 121.4395328 1.5  0.0 0.0
2015-07-01-23 41 26.184	  31.02748401 121.4395328 1.5  0.0 0.0
2015-07-01-23 41 26.288	  31.02748401 121.4395328 1.5  0.0 0.0
2015-07-01-23 41 26.391	  31.02748401 121.4395328 1.5  0.0 0.0
2015-07-01-23 41 26.492	  31.02748401 121.4395328 1.5  0.0 0.0
2015-07-01-23 41 26.594	  31.02748401 121.4395328 1.5  0.0 0.0
2015-07-01-23 41 26.697	  31.02748401 121.4395328 1.5  0.0 0.0
2015-07-01-23 41 26.799	  31.02748401 121.4395328 1.5  0.0 0.0
2015-07-01-23 41 26.901	  31.02748401 121.4395328 1.5  0.0 0.0
2015-07-01-23 41 27.003	  31.02748401 121.4395328 1.5  0.0 0.0
2015-07-01-23 41 27.106	  31.02748401 121.4395328 1.5  0.0 0.0
2015-07-01-23 41 27.208	  31.02748401 121.4395328 1.5  0.0 0.0
2015-07-01-23 41 27.310	  31.02748401 121.4395328 1.5  0.0 0.0
2015-07-01-23 41 27.417	  31.02748401 121.4395328 1.5  0.0 0.0
2015-07-01-23 41 27.519	  31.02748401 121.4395328 1.5  0.0 0.0
2015-07-01-23 41 27.622	  31.02748401 121.4395328 1.5  0.0 0.0
2015-07-01-23 41 27.737	  31.02748401 121.4395328 1.5  0.0 0.0
2015-07-01-23 41 27.840	  31.02745968 121.43953942 1.5  0.0 0.0
2015-07-01-23 41 27.949	  31.02745968 121.43953942 1.5  0.0 0.0
2015-07-01-23 41 28.054	  31.02745968 121.43953942 1.5  0.0 0.0
2015-07-01-23 41 28.157	  31.02745968 121.43953942 1.5  0.0 0.0
2015-07-01-23 41 28.262	  31.02745968 121.43953942 1.5  0.0 0.0
2015-07-01-23 41 28.376	  31.02745968 121.43953942 1.5  0.0 0.0
2015-07-01-23 41 28.478	  31.02745968 121.43953942 1.5  0.0 0.0
2015-07-01-23 41 28.581	  31.02745968 121.43953942 1.5  0.0 0.0
2015-07-01-23 41 28.688	  31.02745968 121.43953942 1.5  0.0 0.0
2015-07-01-23 41 28.794	  31.02745968 121.43953942 1.5  0.0 0.0
2015-07-01-23 41 28.899	  31.02745968 121.43953942 1.5  0.0 0.0
2015-07-01-23 41 29.004	  31.02745968 121.43953942 1.5  0.0 0.0
2015-07-01-23 41 29.105	  31.02745968 121.43953942 1.5  0.0 0.0
2015-07-01-23 41 29.207	  31.02745968 121.43953942 1.5  0.0 0.0
2015-07-01-23 41 29.312	  31.02745968 121.43953942 1.5  0.0 0.0
2015-07-01-23 41 29.415	  31.02745968 121.43953942 1.5  0.0 0.0
2015-07-01-23 41 29.518	  31.02745968 121.43953942 1.5  0.0 0.0
2015-07-01-23 41 29.636	  31.02745968 121.43953942 1.5  0.0 0.0
2015-07-01-23 41 29.737	  31.02745968 121.43953942 1.5  0.0 0.0
2015-07-01-23 41 29.838	  31.02743567 121.43954527 1.5  0.0 0.0
2015-07-01-23 41 29.962	  31.02743567 121.43954527 1.5  0.0 0.0
2015-07-01-23 41 30.064	  31.02743567 121.43954527 1.5  0.0 0.0
2015-07-01-23 41 30.166	  31.02743567 121.43954527 1.5  0.0 0.0
2015-07-01-23 41 30.282	  31.02743567 121.43954527 1.5  0.0 0.0
2015-07-01-23 41 30.384	  31.02743567 121.43954527 1.5  0.0 0.0
2015-07-01-23 41 30.485	  31.02743567 121.43954527 1.5  0.0 0.0
2015-07-01-23 41 30.592	  31.02743567 121.43954527 1.5  0.0 0.0
2015-07-01-23 41 30.694	  31.02743567 121.43954527 1.5  0.0 0.0
2015-07-01-23 41 30.795	  31.02743567 121.43954527 1.5  0.0 0.0
2015-07-01-23 41 30.902	  31.02743567 121.43954527 1.5  0.0 0.0
2015-07-01-23 41 31.006	  31.02743567 121.43954527 1.5  0.0 0.0
2015-07-01-23 41 31.112	  31.02743567 121.43954527 1.5  0.0 0.0
2015-07-01-23 41 31.221	  31.02743567 121.43954527 1.5  0.0 0.0
2015-07-01-23 41 31.324	  31.02743567 121.43954527 1.5  0.0 0.0
2015-07-01-23 41 31.429	  31.02743567 121.43954527 1.5  0.0 0.0
2015-07-01-23 41 31.538	  31.02743567 121.43954527 1.5  0.0 0.0
2015-07-01-23 41 31.640	  31.02743567 121.43954527 1.5  0.0 0.0
2015-07-01-23 41 31.743	  31.02743567 121.43954527 1.5  0.0 0.0
2015-07-01-23 41 31.852	  31.02740795 121.43954844 1.5  0.0 0.0
2015-07-01-23 41 31.955	  31.02740795 121.43954844 1.5  0.0 0.0
2015-07-01-23 41 32.057	  31.02740795 121.43954844 1.5  0.0 0.0
2015-07-01-23 41 32.160	  31.02740795 121.43954844 1.5  0.0 0.0
2015-07-01-23 41 32.267	  31.02740795 121.43954844 1.5  0.0 0.0
2015-07-01-23 41 32.370	  31.02740795 121.43954844 1.5  0.0 0.0
2015-07-01-23 41 32.478	  31.02740795 121.43954844 1.5  0.0 0.0
2015-07-01-23 41 32.588	  31.02740795 121.43954844 1.5  0.0 0.0
2015-07-01-23 41 32.690	  31.02740795 121.43954844 1.5  0.0 0.0
2015-07-01-23 41 32.792	  31.02740795 121.43954844 1.5  0.0 0.0
2015-07-01-23 41 32.899	  31.02740795 121.43954844 1.5  0.0 0.0
2015-07-01-23 41 33.000	  31.02740795 121.43954844 1.5  0.0 0.0
2015-07-01-23 41 33.102	  31.02740795 121.43954844 1.5  0.0 0.0
2015-07-01-23 41 33.207	  31.02740795 121.43954844 1.5  0.0 0.0
2015-07-01-23 41 33.311	  31.02740795 121.43954844 1.5  0.0 0.0
2015-07-01-23 41 33.415	  31.02740795 121.43954844 1.5  0.0 0.0
2015-07-01-23 41 33.534	  31.02740795 121.43954844 1.5  0.0 0.0
2015-07-01-23 41 33.636	  31.02740795 121.43954844 1.5  0.0 0.0
2015-07-01-23 41 33.739	  31.02740795 121.43954844 1.5  0.0 0.0
2015-07-01-23 41 33.846	  31.02737889 121.43956556 1.5  0.0 0.0
2015-07-01-23 41 33.956	  31.02737889 121.43956556 1.5  0.0 0.0
2015-07-01-23 41 34.059	  31.02737889 121.43956556 1.5  0.0 0.0
2015-07-01-23 41 34.177	  31.02737889 121.43956556 1.5  0.0 0.0
2015-07-01-23 41 34.290	  31.02737889 121.43956556 1.5  0.0 0.0
2015-07-01-23 41 34.393	  31.02737889 121.43956556 1.5  0.0 0.0
2015-07-01-23 41 34.496	  31.02737889 121.43956556 1.5  0.0 0.0
2015-07-01-23 41 34.602	  31.02737889 121.43956556 1.5  0.0 0.0
2015-07-01-23 41 34.718	  31.02737889 121.43956556 1.5  0.0 0.0
2015-07-01-23 41 34.821	  31.02737889 121.43956556 1.5  0.0 0.0
2015-07-01-23 41 34.928	  31.02737889 121.43956556 1.5  0.0 0.0
2015-07-01-23 41 35.046	  31.02737889 121.43956556 1.5  0.0 0.0
2015-07-01-23 41 35.148	  31.02737889 121.43956556 1.5  0.0 0.0
2015-07-01-23 41 35.259	  31.02737889 121.43956556 1.5  0.0 0.0
2015-07-01-23 41 35.360	  31.02737889 121.43956556 1.5  0.0 0.0
2015-07-01-23 41 35.461	  31.02737889 121.43956556 1.5  0.0 0.0
2015-07-01-23 41 35.578	  31.02737889 121.43956556 1.5  0.0 0.0
2015-07-01-23 41 35.681	  31.02737889 121.43956556 1.5  0.0 0.0
2015-07-01-23 41 35.796	  31.02737889 121.43956556 1.5  0.0 0.0
2015-07-01-23 41 35.898	  31.02734758 121.43958378 1.75  0.0 0.0
2015-07-01-23 41 36.000	  31.02734758 121.43958378 1.75  0.0 0.0
2015-07-01-23 41 36.134	  31.02734758 121.43958378 1.75  0.0 0.0
2015-07-01-23 41 36.236	  31.02734758 121.43958378 1.75  0.0 0.0
2015-07-01-23 41 36.340	  31.02734758 121.43958378 1.75  0.0 0.0
2015-07-01-23 41 36.442	  31.02734758 121.43958378 1.75  0.0 0.0
2015-07-01-23 41 36.544	  31.02734758 121.43958378 1.75  0.0 0.0
2015-07-01-23 41 36.713	  31.02734758 121.43958378 1.75  0.0 0.0
2015-07-01-23 41 36.815	  31.02734758 121.43958378 1.75  0.0 0.0
2015-07-01-23 41 36.917	  31.02734758 121.43958378 1.75  0.0 0.0
2015-07-01-23 41 37.021	  31.02734758 121.43958378 1.75  0.0 0.0
2015-07-01-23 41 37.128	  31.02734758 121.43958378 1.75  0.0 0.0
2015-07-01-23 41 37.229	  31.02734758 121.43958378 1.75  0.0 0.0
2015-07-01-23 41 37.386	  31.02734758 121.43958378 1.75  0.0 0.0
2015-07-01-23 41 37.488	  31.02734758 121.43958378 1.75  0.0 0.0
2015-07-01-23 41 37.590	  31.02734758 121.43958378 1.75  0.0 0.0
2015-07-01-23 41 37.693	  31.02734758 121.43958378 1.75  0.0 0.0
2015-07-01-23 41 37.798	  31.02734758 121.43958378 1.75  0.0 0.0
2015-07-01-23 41 37.981	  31.02731472 121.43959026 1.75  0.0 0.0
2015-07-01-23 41 38.084	  31.02731472 121.43959026 1.75  0.0 0.0
2015-07-01-23 41 38.194	  31.02731472 121.43959026 1.75  0.0 0.0
2015-07-01-23 41 38.302	  31.02731472 121.43959026 1.75  0.0 0.0
2015-07-01-23 41 38.410	  31.02731472 121.43959026 1.75  0.0 0.0
2015-07-01-23 41 38.537	  31.02731472 121.43959026 1.75  0.0 0.0
2015-07-01-23 41 38.638	  31.02731472 121.43959026 1.75  0.0 0.0
2015-07-01-23 41 38.741	  31.02731472 121.43959026 1.75  0.0 0.0
2015-07-01-23 41 38.845	  31.02731472 121.43959026 1.75  0.0 0.0
2015-07-01-23 41 38.959	  31.02731472 121.43959026 1.75  0.0 0.0
2015-07-01-23 41 39.061	  31.02731472 121.43959026 1.75  0.0 0.0
2015-07-01-23 41 39.164	  31.02731472 121.43959026 1.75  0.0 0.0
2015-07-01-23 41 39.321	  31.02731472 121.43959026 1.75  0.0 0.0
2015-07-01-23 41 39.422	  31.02731472 121.43959026 1.75  0.0 0.0
2015-07-01-23 41 39.566	  31.02731472 121.43959026 1.75  0.0 0.0
2015-07-01-23 41 39.668	  31.02731472 121.43959026 1.75  0.0 0.0
2015-07-01-23 41 39.769	  31.02731472 121.43959026 1.75  0.0 0.0
2015-07-01-23 41 39.875	  31.02728292 121.43960056 1.75  0.0 0.0
2015-07-01-23 41 39.996	  31.02728292 121.43960056 1.75  0.0 0.0
2015-07-01-23 41 40.098	  31.02728292 121.43960056 1.75  0.0 0.0
2015-07-01-23 41 40.199	  31.02728292 121.43960056 1.75  0.0 0.0
2015-07-01-23 41 40.302	  31.02728292 121.43960056 1.75  0.0 0.0
2015-07-01-23 41 40.408	  31.02728292 121.43960056 1.75  0.0 0.0
2015-07-01-23 41 40.510	  31.02728292 121.43960056 1.75  0.0 0.0
2015-07-01-23 41 40.611	  31.02728292 121.43960056 1.75  0.0 0.0
2015-07-01-23 41 40.715	  31.02728292 121.43960056 1.75  0.0 0.0
2015-07-01-23 41 40.822	  31.02728292 121.43960056 1.75  0.0 0.0
2015-07-01-23 41 40.937	  31.02728292 121.43960056 1.75  0.0 0.0
2015-07-01-23 41 41.038	  31.02728292 121.43960056 1.75  0.0 0.0
2015-07-01-23 41 41.179	  31.02728292 121.43960056 1.75  0.0 0.0
2015-07-01-23 41 41.285	  31.02728292 121.43960056 1.75  0.0 0.0
2015-07-01-23 41 41.395	  31.02728292 121.43960056 1.75  0.0 0.0
2015-07-01-23 41 41.498	  31.02728292 121.43960056 1.75  0.0 0.0
2015-07-01-23 41 41.606	  31.02728292 121.43960056 1.75  0.0 0.0
2015-07-01-23 41 41.710	  31.02728292 121.43960056 1.75  0.0 0.0
2015-07-01-23 41 41.813	  31.02728292 121.43960056 1.75  0.0 0.0
2015-07-01-23 41 41.916	  31.02725226 121.43960959 1.75  0.0 0.0
2015-07-01-23 41 42.022	  31.02725226 121.43960959 1.75  0.0 0.0
2015-07-01-23 41 42.126	  31.02725226 121.43960959 1.75  0.0 0.0
2015-07-01-23 41 42.241	  31.02725226 121.43960959 1.75  0.0 0.0
2015-07-01-23 41 42.344	  31.02725226 121.43960959 1.75  0.0 0.0
2015-07-01-23 41 42.482	  31.02725226 121.43960959 1.75  0.0 0.0
2015-07-01-23 41 42.589	  31.02725226 121.43960959 1.75  0.0 0.0
2015-07-01-23 41 42.707	  31.02725226 121.43960959 1.75  0.0 0.0
2015-07-01-23 41 42.809	  31.02725226 121.43960959 1.75  0.0 0.0
2015-07-01-23 41 42.913	  31.02725226 121.43960959 1.75  0.0 0.0
2015-07-01-23 41 43.015	  31.02725226 121.43960959 1.75  0.0 0.0
2015-07-01-23 41 43.123	  31.02725226 121.43960959 1.75  0.0 0.0
2015-07-01-23 41 43.228	  31.02725226 121.43960959 1.75  0.0 0.0
2015-07-01-23 41 43.340	  31.02725226 121.43960959 1.75  0.0 0.0
2015-07-01-23 41 43.442	  31.02725226 121.43960959 1.75  0.0 0.0
2015-07-01-23 41 43.552	  31.02725226 121.43960959 1.75  0.0 0.0
2015-07-01-23 41 43.655	  31.02725226 121.43960959 1.75  0.0 0.0
2015-07-01-23 41 43.760	  31.02725226 121.43960959 1.75  0.0 0.0
2015-07-01-23 41 43.863	  31.02722222 121.4396265 1.75  0.0 0.0
2015-07-01-23 41 43.968	  31.02722222 121.4396265 1.75  0.0 0.0
2015-07-01-23 41 44.070	  31.02722222 121.4396265 1.75  0.0 0.0
2015-07-01-23 41 44.180	  31.02722222 121.4396265 1.75  0.0 0.0
2015-07-01-23 41 44.283	  31.02722222 121.4396265 1.75  0.0 0.0
2015-07-01-23 41 44.398	  31.02722222 121.4396265 1.75  0.0 0.0
2015-07-01-23 41 44.500	  31.02722222 121.4396265 1.75  0.0 0.0
2015-07-01-23 41 44.602	  31.02722222 121.4396265 1.75  0.0 0.0
2015-07-01-23 41 44.706	  31.02722222 121.4396265 1.75  0.0 0.0
2015-07-01-23 41 44.817	  31.02722222 121.4396265 1.75  0.0 0.0
2015-07-01-23 41 44.919	  31.02722222 121.4396265 1.75  0.0 0.0
2015-07-01-23 41 45.020	  31.02722222 121.4396265 1.75  0.0 0.0
2015-07-01-23 41 45.122	  31.02722222 121.4396265 1.75  0.0 0.0
2015-07-01-23 41 45.225	  31.02722222 121.4396265 1.75  0.0 0.0
2015-07-01-23 41 45.327	  31.02722222 121.4396265 1.75  0.0 0.0
2015-07-01-23 41 45.428	  31.02722222 121.4396265 1.75  0.0 0.0
2015-07-01-23 41 45.530	  31.02722222 121.4396265 1.75  0.0 0.0
2015-07-01-23 41 45.632	  31.02722222 121.4396265 1.75  0.0 0.0
2015-07-01-23 41 45.737	  31.02722222 121.4396265 1.75  0.0 0.0
2015-07-01-23 41 45.843	  31.02719176 121.43963317 1.75  0.0 0.0
2015-07-01-23 41 45.952	  31.02719176 121.43963317 1.75  0.0 0.0
2015-07-01-23 41 46.060	  31.02719176 121.43963317 1.75  0.0 0.0
2015-07-01-23 41 46.162	  31.02719176 121.43963317 1.75  0.0 0.0
2015-07-01-23 41 46.274	  31.02719176 121.43963317 1.75  0.0 0.0
2015-07-01-23 41 46.376	  31.02719176 121.43963317 1.75  0.0 0.0
2015-07-01-23 41 46.516	  31.02719176 121.43963317 1.75  0.0 0.0
2015-07-01-23 41 46.619	  31.02719176 121.43963317 1.75  0.0 0.0
2015-07-01-23 41 46.785	  31.02719176 121.43963317 1.75  0.0 0.0
2015-07-01-23 41 46.887	  31.02719176 121.43963317 1.75  0.0 0.0
2015-07-01-23 41 47.009	  31.02719176 121.43963317 1.75  0.0 0.0
2015-07-01-23 41 47.112	  31.02719176 121.43963317 1.75  0.0 0.0
2015-07-01-23 41 47.227	  31.02719176 121.43963317 1.75  0.0 0.0
2015-07-01-23 41 47.329	  31.02719176 121.43963317 1.75  0.0 0.0
2015-07-01-23 41 47.435	  31.02719176 121.43963317 1.75  0.0 0.0
2015-07-01-23 41 47.539	  31.02719176 121.43963317 1.75  0.0 0.0
2015-07-01-23 41 47.652	  31.02719176 121.43963317 1.75  0.0 0.0
2015-07-01-23 41 47.754	  31.02719176 121.43963317 1.75  0.0 0.0
2015-07-01-23 41 47.871	  31.02716064 121.43964305 1.75  0.0 0.0
2015-07-01-23 41 47.973	  31.02716064 121.43964305 1.75  0.0 0.0
2015-07-01-23 41 48.118	  31.02716064 121.43964305 1.75  0.0 0.0
2015-07-01-23 41 48.222	  31.02716064 121.43964305 1.75  0.0 0.0
2015-07-01-23 41 48.324	  31.02716064 121.43964305 1.75  0.0 0.0
2015-07-01-23 41 48.433	  31.02716064 121.43964305 1.75  0.0 0.0
2015-07-01-23 41 48.535	  31.02716064 121.43964305 1.75  0.0 0.0
2015-07-01-23 41 48.653	  31.02716064 121.43964305 1.75  0.0 0.0
2015-07-01-23 41 48.755	  31.02716064 121.43964305 1.75  0.0 0.0
2015-07-01-23 41 48.872	  31.02716064 121.43964305 1.75  0.0 0.0
2015-07-01-23 41 48.977	  31.02716064 121.43964305 1.75  0.0 0.0
2015-07-01-23 41 49.080	  31.02716064 121.43964305 1.75  0.0 0.0
2015-07-01-23 41 49.192	  31.02716064 121.43964305 1.75  0.0 0.0
2015-07-01-23 41 49.297	  31.02716064 121.43964305 1.75  0.0 0.0
2015-07-01-23 41 49.468	  31.02716064 121.43964305 1.75  0.0 0.0
2015-07-01-23 41 49.570	  31.02716064 121.43964305 1.75  0.0 0.0
2015-07-01-23 41 49.706	  31.02716064 121.43964305 1.75  0.0 0.0
2015-07-01-23 41 49.808	  31.02716064 121.43964305 1.75  0.0 0.0
2015-07-01-23 41 49.910	  31.02713127 121.43965713 1.75  0.0 0.0
2015-07-01-23 41 50.015	  31.02713127 121.43965713 1.75  0.0 0.0
2015-07-01-23 41 50.118	  31.02713127 121.43965713 1.75  0.0 0.0
2015-07-01-23 41 50.236	  31.02713127 121.43965713 1.75  0.0 0.0
2015-07-01-23 41 50.338	  31.02713127 121.43965713 1.75  0.0 0.0
2015-07-01-23 41 50.479	  31.02713127 121.43965713 1.75  0.0 0.0
2015-07-01-23 41 50.582	  31.02713127 121.43965713 1.75  0.0 0.0
2015-07-01-23 41 50.685	  31.02713127 121.43965713 1.75  0.0 0.0
2015-07-01-23 41 50.791	  31.02713127 121.43965713 1.75  0.0 0.0
2015-07-01-23 41 50.893	  31.02713127 121.43965713 1.75  0.0 0.0
2015-07-01-23 41 51.015	  31.02713127 121.43965713 1.75  0.0 0.0
2015-07-01-23 41 51.117	  31.02713127 121.43965713 1.75  0.0 0.0
2015-07-01-23 41 51.258	  31.02713127 121.43965713 1.75  0.0 0.0
2015-07-01-23 41 51.364	  31.02713127 121.43965713 1.75  0.0 0.0
2015-07-01-23 41 51.467	  31.02713127 121.43965713 1.75  0.0 0.0
2015-07-01-23 41 51.636	  31.02713127 121.43965713 1.75  0.0 0.0
2015-07-01-23 41 51.738	  31.02713127 121.43965713 1.75  0.0 0.0
2015-07-01-23 41 51.888	  31.02710276 121.43966767 1.75  0.0 0.0
2015-07-01-23 41 51.993	  31.02710276 121.43966767 1.75  0.0 0.0
2015-07-01-23 41 52.097	  31.02710276 121.43966767 1.75  0.0 0.0
2015-07-01-23 41 52.250	  31.02710276 121.43966767 1.75  0.0 0.0
2015-07-01-23 41 52.364	  31.02710276 121.43966767 1.75  0.0 0.0
2015-07-01-23 41 52.487	  31.02710276 121.43966767 1.75  0.0 0.0
2015-07-01-23 41 52.634	  31.02710276 121.43966767 1.75  0.0 0.0
2015-07-01-23 41 52.739	  31.02710276 121.43966767 1.75  0.0 0.0
2015-07-01-23 41 52.886	  31.02710276 121.43966767 1.75  0.0 0.0
2015-07-01-23 41 53.023	  31.02710276 121.43966767 1.75  0.0 0.0
2015-07-01-23 41 53.125	  31.02710276 121.43966767 1.75  0.0 0.0
2015-07-01-23 41 53.268	  31.02710276 121.43966767 1.75  0.0 0.0
2015-07-01-23 41 53.370	  31.02710276 121.43966767 1.75  0.0 0.0
2015-07-01-23 41 53.472	  31.02710276 121.43966767 1.75  0.0 0.0
2015-07-01-23 41 53.590	  31.02710276 121.43966767 1.75  0.0 0.0
2015-07-01-23 41 53.693	  31.02710276 121.43966767 1.75  0.0 0.0
2015-07-01-23 41 53.839	  31.02710276 121.43966767 1.75  0.0 0.0
2015-07-01-23 41 53.992	  31.02707459 121.43967707 1.75  0.0 0.0
2015-07-01-23 41 54.113	  31.02707459 121.43967707 1.75  0.0 0.0
2015-07-01-23 41 54.216	  31.02707459 121.43967707 1.75  0.0 0.0
2015-07-01-23 41 54.379	  31.02707459 121.43967707 1.75  0.0 0.0
2015-07-01-23 41 54.523	  31.02707459 121.43967707 1.75  0.0 0.0
2015-07-01-23 41 54.640	  31.02707459 121.43967707 1.75  0.0 0.0
2015-07-01-23 41 54.744	  31.02707459 121.43967707 1.75  0.0 0.0
2015-07-01-23 41 54.910	  31.02707459 121.43967707 1.75  0.0 0.0
2015-07-01-23 41 55.027	  31.02707459 121.43967707 1.75  0.0 0.0
2015-07-01-23 41 55.143	  31.02707459 121.43967707 1.75  0.0 0.0
2015-07-01-23 41 55.260	  31.02707459 121.43967707 1.75  0.0 0.0
2015-07-01-23 41 55.430	  31.02707459 121.43967707 1.75  0.0 0.0
2015-07-01-23 41 55.581	  31.02707459 121.43967707 1.75  0.0 0.0
2015-07-01-23 41 55.727	  31.02707459 121.43967707 1.75  0.0 0.0
2015-07-01-23 41 55.869	  31.0270459 121.43968683 1.75  0.0 0.0
2015-07-01-23 41 55.985	  31.0270459 121.43968683 1.75  0.0 0.0
2015-07-01-23 41 56.124	  31.0270459 121.43968683 1.75  0.0 0.0
2015-07-01-23 41 56.267	  31.0270459 121.43968683 1.75  0.0 0.0
2015-07-01-23 41 56.385	  31.0270459 121.43968683 1.75  0.0 0.0
2015-07-01-23 41 56.513	  31.0270459 121.43968683 1.75  0.0 0.0
2015-07-01-23 41 56.659	  31.0270459 121.43968683 1.75  0.0 0.0
2015-07-01-23 41 56.821	  31.0270459 121.43968683 1.75  0.0 0.0
2015-07-01-23 41 56.989	  31.0270459 121.43968683 1.75  0.0 0.0
2015-07-01-23 41 57.104	  31.0270459 121.43968683 1.75  0.0 0.0
2015-07-01-23 41 57.239	  31.0270459 121.43968683 1.75  0.0 0.0
2015-07-01-23 41 57.373	  31.0270459 121.43968683 1.75  0.0 0.0
2015-07-01-23 41 57.499	  31.0270459 121.43968683 1.75  0.0 0.0
2015-07-01-23 41 57.649	  31.0270459 121.43968683 1.75  0.0 0.0
2015-07-01-23 41 57.797	  31.0270459 121.43968683 1.75  0.0 0.0
2015-07-01-23 41 57.967	  31.02701827 121.43970022 1.75  0.0 0.0
2015-07-01-23 41 58.083	  31.02701827 121.43970022 1.75  0.0 0.0
2015-07-01-23 41 58.198	  31.02701827 121.43970022 1.75  0.0 0.0
2015-07-01-23 41 58.333	  31.02701827 121.43970022 1.75  0.0 0.0
2015-07-01-23 41 58.482	  31.02701827 121.43970022 1.75  0.0 0.0
2015-07-01-23 41 58.599	  31.02701827 121.43970022 1.75  0.0 0.0
2015-07-01-23 41 58.741	  31.02701827 121.43970022 1.75  0.0 0.0
2015-07-01-23 41 58.857	  31.02701827 121.43970022 1.75  0.0 0.0
2015-07-01-23 41 59.000	  31.02701827 121.43970022 1.75  0.0 0.0
2015-07-01-23 41 59.139	  31.02701827 121.43970022 1.75  0.0 0.0
2015-07-01-23 41 59.296	  31.02701827 121.43970022 1.75  0.0 0.0
2015-07-01-23 41 59.440	  31.02701827 121.43970022 1.75  0.0 0.0
2015-07-01-23 41 59.585	  31.02701827 121.43970022 1.75  0.0 0.0
2015-07-01-23 41 59.750	  31.02701827 121.43970022 1.75  0.0 0.0
2015-07-01-23 41 59.907	  31.02699361 121.43971619 1.75  0.0 0.0
2015-07-01-23 42 00.057	  31.02699361 121.43971619 1.75  0.0 0.0
2015-07-01-23 42 00.201	  31.02699361 121.43971619 1.75  0.0 0.0
2015-07-01-23 42 00.375	  31.02699361 121.43971619 1.75  0.0 0.0
2015-07-01-23 42 00.519	  31.02699361 121.43971619 1.75  0.0 0.0
2015-07-01-23 42 00.665	  31.02699361 121.43971619 1.75  0.0 0.0
2015-07-01-23 42 00.806	  31.02699361 121.43971619 1.75  0.0 0.0
2015-07-01-23 42 00.922	  31.02699361 121.43971619 1.75  0.0 0.0
2015-07-01-23 42 01.038	  31.02699361 121.43971619 1.75  0.0 0.0
2015-07-01-23 42 01.207	  31.02699361 121.43971619 1.75  0.0 0.0
2015-07-01-23 42 01.350	  31.02699361 121.43971619 1.75  0.0 0.0
2015-07-01-23 42 01.489	  31.02699361 121.43971619 1.75  0.0 0.0
2015-07-01-23 42 01.632	  31.02699361 121.43971619 1.75  0.0 0.0
2015-07-01-23 42 01.749	  31.02699361 121.43971619 1.75  0.0 0.0
2015-07-01-23 42 01.868	  31.0269666 121.43972439 1.75  0.0 0.0
2015-07-01-23 42 01.998	  31.0269666 121.43972439 1.75  0.0 0.0
2015-07-01-23 42 02.115	  31.0269666 121.43972439 1.75  0.0 0.0
2015-07-01-23 42 02.231	  31.0269666 121.43972439 1.75  0.0 0.0
2015-07-01-23 42 02.370	  31.0269666 121.43972439 1.75  0.0 0.0
2015-07-01-23 42 02.512	  31.0269666 121.43972439 1.75  0.0 0.0
2015-07-01-23 42 02.630	  31.0269666 121.43972439 1.75  0.0 0.0
2015-07-01-23 42 02.766	  31.0269666 121.43972439 1.75  0.0 0.0
2015-07-01-23 42 02.904	  31.0269666 121.43972439 1.75  0.0 0.0
2015-07-01-23 42 03.057	  31.0269666 121.43972439 1.75  0.0 0.0
2015-07-01-23 42 03.194	  31.0269666 121.43972439 1.75  0.0 0.0
2015-07-01-23 42 03.329	  31.0269666 121.43972439 1.75  0.0 0.0
2015-07-01-23 42 03.444	  31.0269666 121.43972439 1.75  0.0 0.0
2015-07-01-23 42 03.575	  31.0269666 121.43972439 1.75  0.0 0.0
2015-07-01-23 42 03.708	  31.0269666 121.43972439 1.75  0.0 0.0
2015-07-01-23 42 03.875	  31.02693848 121.4397326 1.75  0.0 0.0
2015-07-01-23 42 04.015	  31.02693848 121.4397326 1.75  0.0 0.0
2015-07-01-23 42 04.158	  31.02693848 121.4397326 1.75  0.0 0.0
2015-07-01-23 42 04.287	  31.02693848 121.4397326 1.75  0.0 0.0
2015-07-01-23 42 04.459	  31.02693848 121.4397326 1.75  0.0 0.0
2015-07-01-23 42 04.605	  31.02693848 121.4397326 1.75  0.0 0.0
2015-07-01-23 42 04.773	  31.02693848 121.4397326 1.75  0.0 0.0
2015-07-01-23 42 04.909	  31.02693848 121.4397326 1.75  0.0 0.0
2015-07-01-23 42 05.023	  31.02693848 121.4397326 1.75  0.0 0.0
2015-07-01-23 42 05.183	  31.02693848 121.4397326 1.75  0.0 0.0
2015-07-01-23 42 05.324	  31.02693848 121.4397326 1.75  0.0 0.0
2015-07-01-23 42 05.441	  31.02693848 121.4397326 1.75  0.0 0.0
2015-07-01-23 42 05.621	  31.02693848 121.4397326 1.75  0.0 0.0
2015-07-01-23 42 05.765	  31.02693848 121.4397326 1.75  0.0 0.0
2015-07-01-23 42 05.897	  31.026909709999998 121.43973774 1.75  0.0 0.0
2015-07-01-23 42 06.020	  31.026909709999998 121.43973774 1.75  0.0 0.0
2015-07-01-23 42 06.146	  31.026909709999998 121.43973774 1.75  0.0 0.0
2015-07-01-23 42 06.313	  31.026909709999998 121.43973774 1.75  0.0 0.0
2015-07-01-23 42 06.429	  31.026909709999998 121.43973774 1.75  0.0 0.0
2015-07-01-23 42 06.600	  31.026909709999998 121.43973774 1.75  0.0 0.0
2015-07-01-23 42 06.735	  31.026909709999998 121.43973774 1.75  0.0 0.0
2015-07-01-23 42 06.890	  31.026909709999998 121.43973774 1.75  0.0 0.0
2015-07-01-23 42 07.007	  31.026909709999998 121.43973774 1.75  0.0 0.0
2015-07-01-23 42 07.131	  31.026909709999998 121.43973774 1.75  0.0 0.0
2015-07-01-23 42 07.264	  31.026909709999998 121.43973774 1.75  0.0 0.0
2015-07-01-23 42 07.380	  31.026909709999998 121.43973774 1.75  0.0 0.0
2015-07-01-23 42 07.519	  31.026909709999998 121.43973774 1.75  0.0 0.0
2015-07-01-23 42 07.678	  31.026909709999998 121.43973774 1.75  0.0 0.0
2015-07-01-23 42 07.794	  31.026909709999998 121.43973774 1.75  0.0 0.0
2015-07-01-23 42 07.968	  31.02688083 121.43974504 1.75  0.0 0.0
2015-07-01-23 42 08.119	  31.02688083 121.43974504 1.75  0.0 0.0
2015-07-01-23 42 08.235	  31.02688083 121.43974504 1.75  0.0 0.0
2015-07-01-23 42 08.429	  31.02688083 121.43974504 1.75  0.0 0.0
2015-07-01-23 42 08.572	  31.02688083 121.43974504 1.75  0.0 0.0
2015-07-01-23 42 08.735	  31.02688083 121.43974504 1.75  0.0 0.0
2015-07-01-23 42 08.879	  31.02688083 121.43974504 1.75  0.0 0.0
2015-07-01-23 42 09.035	  31.02688083 121.43974504 1.75  0.0 0.0
2015-07-01-23 42 09.173	  31.02688083 121.43974504 1.75  0.0 0.0
2015-07-01-23 42 09.327	  31.02688083 121.43974504 1.75  0.0 0.0
2015-07-01-23 42 09.484	  31.02688083 121.43974504 1.75  0.0 0.0
2015-07-01-23 42 09.659	  31.02688083 121.43974504 1.75  0.0 0.0
2015-07-01-23 42 09.775	  31.02688083 121.43974504 1.75  0.0 0.0
2015-07-01-23 42 09.931	  31.02685263 121.43975715 1.75  0.0 0.0
2015-07-01-23 42 10.046	  31.02685263 121.43975715 1.75  0.0 0.0
2015-07-01-23 42 10.266	  31.02685263 121.43975715 1.75  0.0 0.0
2015-07-01-23 42 10.383	  31.02685263 121.43975715 1.75  0.0 0.0
2015-07-01-23 42 10.582	  31.02685263 121.43975715 1.75  0.0 0.0
2015-07-01-23 42 10.730	  31.02685263 121.43975715 1.75  0.0 0.0
2015-07-01-23 42 10.979	  31.02685263 121.43975715 1.75  0.0 0.0
2015-07-01-23 42 11.094	  31.02685263 121.43975715 1.75  0.0 0.0
2015-07-01-23 42 11.223	  31.02685263 121.43975715 1.75  0.0 0.0
2015-07-01-23 42 11.385	  31.02685263 121.43975715 1.75  0.0 0.0
2015-07-01-23 42 11.572	  31.02685263 121.43975715 1.75  0.0 0.0
2015-07-01-23 42 11.712	  31.02685263 121.43975715 1.75  0.0 0.0
2015-07-01-23 42 11.879	  31.02682445 121.43976729 1.75  0.0 0.0
2015-07-01-23 42 11.994	  31.02682445 121.43976729 1.75  0.0 0.0
2015-07-01-23 42 12.155	  31.02682445 121.43976729 1.75  0.0 0.0
2015-07-01-23 42 12.308	  31.02682445 121.43976729 1.75  0.0 0.0
2015-07-01-23 42 12.438	  31.02682445 121.43976729 1.75  0.0 0.0
2015-07-01-23 42 12.603	  31.02682445 121.43976729 1.75  0.0 0.0
2015-07-01-23 42 12.804	  31.02682445 121.43976729 1.75  0.0 0.0
2015-07-01-23 42 12.920	  31.02682445 121.43976729 1.75  0.0 0.0
2015-07-01-23 42 13.055	  31.02682445 121.43976729 1.75  0.0 0.0
2015-07-01-23 42 13.191	  31.02682445 121.43976729 1.75  0.0 0.0
2015-07-01-23 42 13.398	  31.02682445 121.43976729 1.75  0.0 0.0
2015-07-01-23 42 13.528	  31.02682445 121.43976729 1.75  0.0 0.0
2015-07-01-23 42 13.659	  31.02682445 121.43976729 1.75  0.0 0.0
2015-07-01-23 42 13.797	  31.02679686 121.43977509 1.5  0.0 0.0
2015-07-01-23 42 14.003	  31.02679686 121.43977509 1.5  0.0 0.0
2015-07-01-23 42 14.130	  31.02679686 121.43977509 1.5  0.0 0.0
2015-07-01-23 42 14.279	  31.02679686 121.43977509 1.5  0.0 0.0
2015-07-01-23 42 14.507	  31.02679686 121.43977509 1.5  0.0 0.0
2015-07-01-23 42 14.643	  31.02679686 121.43977509 1.5  0.0 0.0
2015-07-01-23 42 14.808	  31.02679686 121.43977509 1.5  0.0 0.0
2015-07-01-23 42 14.940	  31.02679686 121.43977509 1.5  0.0 0.0
2015-07-01-23 42 15.057	  31.02679686 121.43977509 1.5  0.0 0.0
2015-07-01-23 42 15.198	  31.02679686 121.43977509 1.5  0.0 0.0
2015-07-01-23 42 15.334	  31.02679686 121.43977509 1.5  0.0 0.0
2015-07-01-23 42 15.498	  31.02679686 121.43977509 1.5  0.0 0.0
2015-07-01-23 42 15.629	  31.02679686 121.43977509 1.5  0.0 0.0
2015-07-01-23 42 15.774	  31.02679686 121.43977509 1.5  0.0 0.0
2015-07-01-23 42 15.912	  31.02676943 121.43978493 1.5  0.0 0.0
2015-07-01-23 42 16.026	  31.02676943 121.43978493 1.5  0.0 0.0
2015-07-01-23 42 16.161	  31.02676943 121.43978493 1.5  0.0 0.0
2015-07-01-23 42 16.289	  31.02676943 121.43978493 1.5  0.0 0.0
2015-07-01-23 42 16.407	  31.02676943 121.43978493 1.5  0.0 0.0
2015-07-01-23 42 16.545	  31.02676943 121.43978493 1.5  0.0 0.0
2015-07-01-23 42 16.695	  31.02676943 121.43978493 1.5  0.0 0.0
2015-07-01-23 42 16.850	  31.02676943 121.43978493 1.5  0.0 0.0
2015-07-01-23 42 16.972	  31.02676943 121.43978493 1.5  0.0 0.0
2015-07-01-23 42 17.100	  31.02676943 121.43978493 1.5  0.0 0.0
2015-07-01-23 42 17.225	  31.02676943 121.43978493 1.5  0.0 0.0
2015-07-01-23 42 17.383	  31.02676943 121.43978493 1.5  0.0 0.0
2015-07-01-23 42 17.519	  31.02676943 121.43978493 1.5  0.0 0.0
2015-07-01-23 42 17.691	  31.02676943 121.43978493 1.5  0.0 0.0
2015-07-01-23 42 17.831	  31.02676943 121.43978493 1.5  0.0 0.0
2015-07-01-23 42 17.984	  31.02674149 121.43979579 1.5  0.0 0.0
2015-07-01-23 42 18.124	  31.02674149 121.43979579 1.5  0.0 0.0
2015-07-01-23 42 18.288	  31.02674149 121.43979579 1.5  0.0 0.0
2015-07-01-23 42 18.444	  31.02674149 121.43979579 1.5  0.0 0.0
2015-07-01-23 42 18.561	  31.02674149 121.43979579 1.5  0.0 0.0
2015-07-01-23 42 18.708	  31.02674149 121.43979579 1.5  0.0 0.0
2015-07-01-23 42 18.824	  31.02674149 121.43979579 1.5  0.0 0.0
2015-07-01-23 42 18.942	  31.02674149 121.43979579 1.5  0.0 0.0
2015-07-01-23 42 19.059	  31.02674149 121.43979579 1.5  0.0 0.0
2015-07-01-23 42 19.192	  31.02674149 121.43979579 1.5  0.0 0.0
2015-07-01-23 42 19.381	  31.02674149 121.43979579 1.5  0.0 0.0
2015-07-01-23 42 19.496	  31.02674149 121.43979579 1.5  0.0 0.0
2015-07-01-23 42 19.612	  31.02674149 121.43979579 1.5  0.0 0.0
2015-07-01-23 42 19.763	  31.02674149 121.43979579 1.5  0.0 0.0
2015-07-01-23 42 19.913	  31.02671275 121.43981045 1.5  0.0 0.0
2015-07-01-23 42 20.029	  31.02671275 121.43981045 1.5  0.0 0.0
2015-07-01-23 42 20.179	  31.02671275 121.43981045 1.5  0.0 0.0
2015-07-01-23 42 20.320	  31.02671275 121.43981045 1.5  0.0 0.0
2015-07-01-23 42 20.459	  31.02671275 121.43981045 1.5  0.0 0.0
2015-07-01-23 42 20.602	  31.02671275 121.43981045 1.5  0.0 0.0
2015-07-01-23 42 20.762	  31.02671275 121.43981045 1.5  0.0 0.0
2015-07-01-23 42 20.906	  31.02671275 121.43981045 1.5  0.0 0.0
2015-07-01-23 42 21.041	  31.02671275 121.43981045 1.5  0.0 0.0
2015-07-01-23 42 21.188	  31.02671275 121.43981045 1.5  0.0 0.0
2015-07-01-23 42 21.336	  31.02671275 121.43981045 1.5  0.0 0.0
2015-07-01-23 42 21.476	  31.02671275 121.43981045 1.5  0.0 0.0
2015-07-01-23 42 21.624	  31.02671275 121.43981045 1.5  0.0 0.0
2015-07-01-23 42 21.741	  31.02671275 121.43981045 1.5  0.0 0.0
2015-07-01-23 42 21.855	  31.02668554 121.43983191 1.75  0.0 0.0
2015-07-01-23 42 21.984	  31.02668554 121.43983191 1.75  0.0 0.0
2015-07-01-23 42 22.110	  31.02668554 121.43983191 1.75  0.0 0.0
2015-07-01-23 42 22.270	  31.02668554 121.43983191 1.75  0.0 0.0
2015-07-01-23 42 22.388	  31.02668554 121.43983191 1.75  0.0 0.0
2015-07-01-23 42 22.537	  31.02668554 121.43983191 1.75  0.0 0.0
2015-07-01-23 42 22.653	  31.02668554 121.43983191 1.75  0.0 0.0
2015-07-01-23 42 22.769	  31.02668554 121.43983191 1.75  0.0 0.0
2015-07-01-23 42 22.894	  31.02668554 121.43983191 1.75  0.0 0.0
2015-07-01-23 42 23.018	  31.02668554 121.43983191 1.75  0.0 0.0
2015-07-01-23 42 23.167	  31.02668554 121.43983191 1.75  0.0 0.0
2015-07-01-23 42 23.329	  31.02668554 121.43983191 1.75  0.0 0.0
2015-07-01-23 42 23.445	  31.02668554 121.43983191 1.75  0.0 0.0
2015-07-01-23 42 23.634	  31.02668554 121.43983191 1.75  0.0 0.0
2015-07-01-23 42 23.777	  31.02668554 121.43983191 1.75  0.0 0.0
2015-07-01-23 42 23.928	  31.02665746 121.43984922 1.75  0.0 0.0
2015-07-01-23 42 24.046	  31.02665746 121.43984922 1.75  0.0 0.0
2015-07-01-23 42 24.171	  31.02665746 121.43984922 1.75  0.0 0.0
2015-07-01-23 42 24.331	  31.02665746 121.43984922 1.75  0.0 0.0
2015-07-01-23 42 24.450	  31.02665746 121.43984922 1.75  0.0 0.0
2015-07-01-23 42 24.612	  31.02665746 121.43984922 1.75  0.0 0.0
2015-07-01-23 42 24.746	  31.02665746 121.43984922 1.75  0.0 0.0
2015-07-01-23 42 24.907	  31.02665746 121.43984922 1.75  0.0 0.0
2015-07-01-23 42 25.022	  31.02665746 121.43984922 1.75  0.0 0.0
2015-07-01-23 42 25.160	  31.02665746 121.43984922 1.75  0.0 0.0
2015-07-01-23 42 25.328	  31.02665746 121.43984922 1.75  0.0 0.0
2015-07-01-23 42 25.445	  31.02665746 121.43984922 1.75  0.0 0.0
2015-07-01-23 42 25.594	  31.02665746 121.43984922 1.75  0.0 0.0
2015-07-01-23 42 25.721	  31.02665746 121.43984922 1.75  0.0 0.0
2015-07-01-23 42 25.867	  31.02662801 121.43986581 1.75  0.0 0.0
2015-07-01-23 42 25.994	  31.02662801 121.43986581 1.75  0.0 0.0
2015-07-01-23 42 26.137	  31.02662801 121.43986581 1.75  0.0 0.0
2015-07-01-23 42 26.268	  31.02662801 121.43986581 1.75  0.0 0.0
2015-07-01-23 42 26.387	  31.02662801 121.43986581 1.75  0.0 0.0
2015-07-01-23 42 26.525	  31.02662801 121.43986581 1.75  0.0 0.0
2015-07-01-23 42 26.672	  31.02662801 121.43986581 1.75  0.0 0.0
2015-07-01-23 42 26.809	  31.02662801 121.43986581 1.75  0.0 0.0
2015-07-01-23 42 26.986	  31.02662801 121.43986581 1.75  0.0 0.0
2015-07-01-23 42 27.104	  31.02662801 121.43986581 1.75  0.0 0.0
2015-07-01-23 42 27.222	  31.02662801 121.43986581 1.75  0.0 0.0
2015-07-01-23 42 27.378	  31.02662801 121.43986581 1.75  0.0 0.0
2015-07-01-23 42 27.517	  31.02662801 121.43986581 1.75  0.0 0.0
2015-07-01-23 42 27.674	  31.02662801 121.43986581 1.75  0.0 0.0
2015-07-01-23 42 27.820	  31.0265995 121.43988567 1.75  0.0 0.0
2015-07-01-23 42 27.985	  31.0265995 121.43988567 1.75  0.0 0.0
2015-07-01-23 42 28.100	  31.0265995 121.43988567 1.75  0.0 0.0
2015-07-01-23 42 28.215	  31.0265995 121.43988567 1.75  0.0 0.0
2015-07-01-23 42 28.366	  31.0265995 121.43988567 1.75  0.0 0.0
2015-07-01-23 42 28.525	  31.0265995 121.43988567 1.75  0.0 0.0
2015-07-01-23 42 28.627	  31.0265995 121.43988567 1.75  0.0 0.0
2015-07-01-23 42 28.734	  31.0265995 121.43988567 1.75  0.0 0.0
2015-07-01-23 42 28.884	  31.0265995 121.43988567 1.75  0.0 0.0
2015-07-01-23 42 28.999	  31.0265995 121.43988567 1.75  0.0 0.0
2015-07-01-23 42 29.129	  31.0265995 121.43988567 1.75  0.0 0.0
2015-07-01-23 42 29.272	  31.0265995 121.43988567 1.75  0.0 0.0
2015-07-01-23 42 29.443	  31.0265995 121.43988567 1.75  0.0 0.0
2015-07-01-23 42 29.587	  31.0265995 121.43988567 1.75  0.0 0.0
2015-07-01-23 42 29.752	  31.0265995 121.43988567 1.75  0.0 0.0
2015-07-01-23 42 29.867	  31.02657182 121.43990358 1.75  0.0 0.0
2015-07-01-23 42 30.031	  31.02657182 121.43990358 1.75  0.0 0.0
2015-07-01-23 42 30.166	  31.02657182 121.43990358 1.75  0.0 0.0
2015-07-01-23 42 30.312	  31.02657182 121.43990358 1.75  0.0 0.0
2015-07-01-23 42 30.454	  31.02657182 121.43990358 1.75  0.0 0.0
2015-07-01-23 42 30.562	  31.02657182 121.43990358 1.75  0.0 0.0
2015-07-01-23 42 30.686	  31.02657182 121.43990358 1.75  0.0 0.0
2015-07-01-23 42 30.851	  31.02657182 121.43990358 1.75  0.0 0.0
