2015-07-01-23 51 38.883	  0.0 0.0 0.0  0.0 0.0
2015-07-01-23 51 38.988	  0.0 0.0 0.0  0.0 0.0
2015-07-01-23 51 39.089	  0.0 0.0 0.0  0.0 0.0
2015-07-01-23 51 39.191	  0.0 0.0 0.0  0.0 0.0
2015-07-01-23 51 39.294	  0.0 0.0 0.0  0.0 0.0
2015-07-01-23 51 39.396	  0.0 0.0 0.0  0.0 0.0
2015-07-01-23 51 39.498	  0.0 0.0 0.0  0.0 0.0
2015-07-01-23 51 39.600	  0.0 0.0 0.0  0.0 0.0
2015-07-01-23 51 39.701	  0.0 0.0 0.0  0.0 0.0
2015-07-01-23 51 39.804	  0.0 0.0 0.0  0.0 0.0
2015-07-01-23 51 39.906	  0.0 0.0 0.0  0.0 0.0
2015-07-01-23 51 40.007	  0.0 0.0 0.0  0.0 0.0
2015-07-01-23 51 40.109	  0.0 0.0 0.0  0.0 0.0
2015-07-01-23 51 40.211	  0.0 0.0 0.0  0.0 0.0
2015-07-01-23 51 40.313	  0.0 0.0 0.0  0.0 0.0
2015-07-01-23 51 40.415	  0.0 0.0 0.0  0.0 0.0
2015-07-01-23 51 40.516	  31.02651698 121.43994302 1.75  0.0 0.0
2015-07-01-23 51 40.618	  31.02651698 121.43994302 1.75  0.0 0.0
2015-07-01-23 51 40.721	  31.02651698 121.43994302 1.75  0.0 0.0
2015-07-01-23 51 40.823	  31.02651698 121.43994302 1.75  0.0 0.0
2015-07-01-23 51 40.925	  31.02651698 121.43994302 1.75  0.0 0.0
2015-07-01-23 51 41.027	  31.02651698 121.43994302 1.75  0.0 0.0
2015-07-01-23 51 41.129	  31.02651698 121.43994302 1.75  0.0 0.0
2015-07-01-23 51 41.231	  31.02651698 121.43994302 1.75  0.0 0.0
2015-07-01-23 51 41.332	  31.02651698 121.43994302 1.75  0.0 0.0
2015-07-01-23 51 41.434	  31.02651698 121.43994302 1.75  0.0 0.0
2015-07-01-23 51 41.537	  31.02651698 121.43994302 1.75  0.0 0.0
2015-07-01-23 51 41.638	  31.02651698 121.43994302 1.75  0.0 0.0
2015-07-01-23 51 41.740	  31.02651698 121.43994302 1.75  0.0 0.0
2015-07-01-23 51 41.843	  31.02651698 121.43994302 1.75  0.0 0.0
2015-07-01-23 51 41.945	  31.02651698 121.43994302 1.75  0.0 0.0
2015-07-01-23 51 42.046	  31.02651698 121.43994302 1.75  0.0 0.0
2015-07-01-23 51 42.148	  31.02651698 121.43994302 1.75  0.0 0.0
2015-07-01-23 51 42.254	  31.02651698 121.43994302 1.75  0.0 0.0
2015-07-01-23 51 42.357	  31.02651698 121.43994302 1.75  0.0 0.0
2015-07-01-23 51 42.459	  31.02651698 121.43994302 1.75  0.0 0.0
2015-07-01-23 51 42.561	  31.02651698 121.43994302 1.75  0.0 0.0
2015-07-01-23 51 42.666	  31.02651698 121.43994302 1.75  0.0 0.0
2015-07-01-23 51 42.779	  31.02651698 121.43994302 1.75  0.0 0.0
2015-07-01-23 51 42.881	  31.02651698 121.43994302 1.75  0.0 0.0
2015-07-01-23 51 42.983	  31.02656766 121.43992296 1.5  0.0 0.0
2015-07-01-23 51 43.085	  31.02656766 121.43992296 1.5  0.0 0.0
2015-07-01-23 51 43.187	  31.02656766 121.43992296 1.5  0.0 0.0
2015-07-01-23 51 43.292	  31.02656766 121.43992296 1.5  0.0 0.0
2015-07-01-23 51 43.395	  31.02656766 121.43992296 1.5  0.0 0.0
2015-07-01-23 51 43.503	  31.02656766 121.43992296 1.5  0.0 0.0
2015-07-01-23 51 43.609	  31.02656766 121.43992296 1.5  0.0 0.0
2015-07-01-23 51 43.713	  31.02656766 121.43992296 1.5  0.0 0.0
2015-07-01-23 51 43.814	  31.02656766 121.43992296 1.5  0.0 0.0
2015-07-01-23 51 43.916	  31.02659021 121.43990801 1.5  0.0 0.0
2015-07-01-23 51 44.018	  31.02659021 121.43990801 1.5  0.0 0.0
2015-07-01-23 51 44.122	  31.02659021 121.43990801 1.5  0.0 0.0
2015-07-01-23 51 44.227	  31.02659021 121.43990801 1.5  0.0 0.0
2015-07-01-23 51 44.330	  31.02659021 121.43990801 1.5  0.0 0.0
2015-07-01-23 51 44.435	  31.02659021 121.43990801 1.5  0.0 0.0
2015-07-01-23 51 44.540	  31.02659021 121.43990801 1.5  0.0 0.0
2015-07-01-23 51 44.644	  31.02659021 121.43990801 1.5  0.0 0.0
2015-07-01-23 51 44.748	  31.02659021 121.43990801 1.5  0.0 0.0
2015-07-01-23 51 44.851	  31.02659021 121.43990801 1.5  0.0 0.0
2015-07-01-23 51 44.955	  31.02661013 121.43989637 1.5  0.0 0.0
2015-07-01-23 51 45.057	  31.02661013 121.43989637 1.5  0.0 0.0
2015-07-01-23 51 45.159	  31.02661013 121.43989637 1.5  0.0 0.0
2015-07-01-23 51 45.262	  31.02661013 121.43989637 1.5  0.0 0.0
2015-07-01-23 51 45.367	  31.02661013 121.43989637 1.5  0.0 0.0
2015-07-01-23 51 45.471	  31.02661013 121.43989637 1.5  0.0 0.0
2015-07-01-23 51 45.576	  31.02661013 121.43989637 1.5  0.0 0.0
2015-07-01-23 51 45.681	  31.02661013 121.43989637 1.5  0.0 0.0
2015-07-01-23 51 45.783	  31.02661013 121.43989637 1.5  0.0 0.0
2015-07-01-23 51 45.885	  31.02661013 121.43989637 1.5  0.0 0.0
2015-07-01-23 51 45.990	  31.02661013 121.43989637 1.5  0.0 0.0
2015-07-01-23 51 46.091	  31.02661013 121.43989637 1.5  0.0 0.0
2015-07-01-23 51 46.192	  31.02661013 121.43989637 1.5  0.0 0.0
2015-07-01-23 51 46.295	  31.02661013 121.43989637 1.5  0.0 0.0
2015-07-01-23 51 46.397	  31.02661013 121.43989637 1.5  0.0 0.0
2015-07-01-23 51 46.500	  31.02661013 121.43989637 1.5  0.0 0.0
2015-07-01-23 51 46.605	  31.02661013 121.43989637 1.5  0.0 0.0
2015-07-01-23 51 46.711	  31.02661013 121.43989637 1.5  0.0 0.0
2015-07-01-23 51 46.815	  31.02661013 121.43989637 1.5  0.0 0.0
2015-07-01-23 51 46.926	  31.02661013 121.43989637 1.5  0.0 0.0
2015-07-01-23 51 47.027	  31.02665261 121.43987836 1.5  0.0 0.0
2015-07-01-23 51 47.129	  31.02665261 121.43987836 1.5  0.0 0.0
2015-07-01-23 51 47.231	  31.02665261 121.43987836 1.5  0.0 0.0
2015-07-01-23 51 47.333	  31.02665261 121.43987836 1.5  0.0 0.0
2015-07-01-23 51 47.435	  31.02665261 121.43987836 1.5  0.0 0.0
2015-07-01-23 51 47.551	  31.02665261 121.43987836 1.5  0.0 0.0
2015-07-01-23 51 47.653	  31.02665261 121.43987836 1.5  0.0 0.0
2015-07-01-23 51 47.755	  31.02665261 121.43987836 1.5  0.0 0.0
2015-07-01-23 51 47.856	  31.02665261 121.43987836 1.5  0.0 0.0
2015-07-01-23 51 47.959	  31.02665261 121.43987836 1.5  0.0 0.0
2015-07-01-23 51 48.062	  31.02665261 121.43987836 1.5  0.0 0.0
2015-07-01-23 51 48.170	  31.02665261 121.43987836 1.5  0.0 0.0
2015-07-01-23 51 48.271	  31.02665261 121.43987836 1.5  0.0 0.0
2015-07-01-23 51 48.373	  31.02665261 121.43987836 1.5  0.0 0.0
2015-07-01-23 51 48.475	  31.02665261 121.43987836 1.5  0.0 0.0
2015-07-01-23 51 48.576	  31.02665261 121.43987836 1.5  0.0 0.0
2015-07-01-23 51 48.679	  31.02665261 121.43987836 1.5  0.0 0.0
2015-07-01-23 51 48.788	  31.02665261 121.43987836 1.5  0.0 0.0
2015-07-01-23 51 48.890	  31.02665261 121.43987836 1.5  0.0 0.0
2015-07-01-23 51 48.992	  31.02669248 121.43986371 1.5  0.0 0.0
2015-07-01-23 51 49.095	  31.02669248 121.43986371 1.5  0.0 0.0
2015-07-01-23 51 49.197	  31.02669248 121.43986371 1.5  0.0 0.0
2015-07-01-23 51 49.298	  31.02669248 121.43986371 1.5  0.0 0.0
2015-07-01-23 51 49.401	  31.02669248 121.43986371 1.5  0.0 0.0
2015-07-01-23 51 49.503	  31.02669248 121.43986371 1.5  0.0 0.0
2015-07-01-23 51 49.621	  31.02669248 121.43986371 1.5  0.0 0.0
2015-07-01-23 51 49.722	  31.02669248 121.43986371 1.5  0.0 0.0
2015-07-01-23 51 49.824	  31.02669248 121.43986371 1.5  0.0 0.0
2015-07-01-23 51 49.926	  31.02669248 121.43986371 1.5  0.0 0.0
2015-07-01-23 51 50.027	  31.02669248 121.43986371 1.5  0.0 0.0
2015-07-01-23 51 50.129	  31.02669248 121.43986371 1.5  0.0 0.0
2015-07-01-23 51 50.230	  31.02669248 121.43986371 1.5  0.0 0.0
2015-07-01-23 51 50.332	  31.02669248 121.43986371 1.5  0.0 0.0
2015-07-01-23 51 50.435	  31.02669248 121.43986371 1.5  0.0 0.0
2015-07-01-23 51 50.537	  31.02669248 121.43986371 1.5  0.0 0.0
2015-07-01-23 51 50.642	  31.02669248 121.43986371 1.5  0.0 0.0
2015-07-01-23 51 50.745	  31.02669248 121.43986371 1.5  0.0 0.0
2015-07-01-23 51 50.848	  31.02669248 121.43986371 1.5  0.0 0.0
2015-07-01-23 51 50.950	  31.02669248 121.43986371 1.5  0.0 0.0
2015-07-01-23 51 51.060	  31.02672875 121.43984803 1.5  0.0 0.0
2015-07-01-23 51 51.163	  31.02672875 121.43984803 1.5  0.0 0.0
2015-07-01-23 51 51.265	  31.02672875 121.43984803 1.5  0.0 0.0
2015-07-01-23 51 51.368	  31.02672875 121.43984803 1.5  0.0 0.0
2015-07-01-23 51 51.473	  31.02672875 121.43984803 1.5  0.0 0.0
2015-07-01-23 51 51.579	  31.02672875 121.43984803 1.5  0.0 0.0
2015-07-01-23 51 51.693	  31.02672875 121.43984803 1.5  0.0 0.0
2015-07-01-23 51 51.795	  31.02672875 121.43984803 1.5  0.0 0.0
2015-07-01-23 51 51.900	  31.02672875 121.43984803 1.5  0.0 0.0
2015-07-01-23 51 52.009	  31.02674701 121.43983915 1.5  0.0 0.0
2015-07-01-23 51 52.111	  31.02674701 121.43983915 1.5  0.0 0.0
2015-07-01-23 51 52.217	  31.02674701 121.43983915 1.5  0.0 0.0
2015-07-01-23 51 52.318	  31.02674701 121.43983915 1.5  0.0 0.0
2015-07-01-23 51 52.427	  31.02674701 121.43983915 1.5  0.0 0.0
2015-07-01-23 51 52.533	  31.02674701 121.43983915 1.5  0.0 0.0
2015-07-01-23 51 52.639	  31.02674701 121.43983915 1.5  0.0 0.0
2015-07-01-23 51 52.743	  31.02674701 121.43983915 1.5  0.0 0.0
2015-07-01-23 51 52.844	  31.02674701 121.43983915 1.5  0.0 0.0
2015-07-01-23 51 52.946	  31.02676375 121.43983007 1.5  0.0 0.0
2015-07-01-23 51 53.051	  31.02676375 121.43983007 1.5  0.0 0.0
2015-07-01-23 51 53.152	  31.02676375 121.43983007 1.5  0.0 0.0
2015-07-01-23 51 53.254	  31.02676375 121.43983007 1.5  0.0 0.0
2015-07-01-23 51 53.360	  31.02676375 121.43983007 1.5  0.0 0.0
2015-07-01-23 51 53.469	  31.02676375 121.43983007 1.5  0.0 0.0
2015-07-01-23 51 53.574	  31.02676375 121.43983007 1.5  0.0 0.0
2015-07-01-23 51 53.679	  31.02676375 121.43983007 1.5  0.0 0.0
2015-07-01-23 51 53.780	  31.02676375 121.43983007 1.5  0.0 0.0
2015-07-01-23 51 53.881	  31.02676375 121.43983007 1.5  0.0 0.0
2015-07-01-23 51 53.983	  31.02676375 121.43983007 1.5  0.0 0.0
2015-07-01-23 51 54.085	  31.02676375 121.43983007 1.5  0.0 0.0
2015-07-01-23 51 54.189	  31.02676375 121.43983007 1.5  0.0 0.0
2015-07-01-23 51 54.293	  31.02676375 121.43983007 1.5  0.0 0.0
2015-07-01-23 51 54.394	  31.02676375 121.43983007 1.5  0.0 0.0
2015-07-01-23 51 54.497	  31.02676375 121.43983007 1.5  0.0 0.0
2015-07-01-23 51 54.603	  31.02676375 121.43983007 1.5  0.0 0.0
2015-07-01-23 51 54.708	  31.02676375 121.43983007 1.5  0.0 0.0
2015-07-01-23 51 54.809	  31.02676375 121.43983007 1.5  0.0 0.0
2015-07-01-23 51 54.911	  31.02676375 121.43983007 1.5  0.0 0.0
2015-07-01-23 51 55.013	  31.02679114 121.43980754 1.5  0.0 0.0
2015-07-01-23 51 55.115	  31.02679114 121.43980754 1.5  0.0 0.0
2015-07-01-23 51 55.217	  31.02679114 121.43980754 1.5  0.0 0.0
2015-07-01-23 51 55.322	  31.02679114 121.43980754 1.5  0.0 0.0
2015-07-01-23 51 55.427	  31.02679114 121.43980754 1.5  0.0 0.0
2015-07-01-23 51 55.539	  31.02679114 121.43980754 1.5  0.0 0.0
2015-07-01-23 51 55.641	  31.02679114 121.43980754 1.5  0.0 0.0
2015-07-01-23 51 55.743	  31.02679114 121.43980754 1.5  0.0 0.0
2015-07-01-23 51 55.850	  31.02679114 121.43980754 1.5  0.0 0.0
2015-07-01-23 51 55.962	  31.02679114 121.43980754 1.5  0.0 0.0
2015-07-01-23 51 56.074	  31.02679114 121.43980754 1.5  0.0 0.0
2015-07-01-23 51 56.175	  31.02679114 121.43980754 1.5  0.0 0.0
2015-07-01-23 51 56.277	  31.02679114 121.43980754 1.5  0.0 0.0
2015-07-01-23 51 56.382	  31.02679114 121.43980754 1.5  0.0 0.0
2015-07-01-23 51 56.484	  31.02679114 121.43980754 1.5  0.0 0.0
2015-07-01-23 51 56.585	  31.02679114 121.43980754 1.5  0.0 0.0
2015-07-01-23 51 56.687	  31.02679114 121.43980754 1.5  0.0 0.0
2015-07-01-23 51 56.798	  31.02679114 121.43980754 1.5  0.0 0.0
2015-07-01-23 51 56.901	  31.02679114 121.43980754 1.5  0.0 0.0
2015-07-01-23 51 57.003	  31.02681478 121.43978433 1.5  0.0 0.0
2015-07-01-23 51 57.105	  31.02681478 121.43978433 1.5  0.0 0.0
2015-07-01-23 51 57.212	  31.02681478 121.43978433 1.5  0.0 0.0
2015-07-01-23 51 57.316	  31.02681478 121.43978433 1.5  0.0 0.0
2015-07-01-23 51 57.423	  31.02681478 121.43978433 1.5  0.0 0.0
2015-07-01-23 51 57.528	  31.02681478 121.43978433 1.5  0.0 0.0
2015-07-01-23 51 57.637	  31.02681478 121.43978433 1.5  0.0 0.0
2015-07-01-23 51 57.738	  31.02681478 121.43978433 1.5  0.0 0.0
2015-07-01-23 51 57.839	  31.02681478 121.43978433 1.5  0.0 0.0
2015-07-01-23 51 57.941	  31.02681478 121.43978433 1.5  0.0 0.0
2015-07-01-23 51 58.048	  31.02681478 121.43978433 1.5  0.0 0.0
2015-07-01-23 51 58.149	  31.02681478 121.43978433 1.5  0.0 0.0
2015-07-01-23 51 58.253	  31.02681478 121.43978433 1.5  0.0 0.0
2015-07-01-23 51 58.357	  31.02681478 121.43978433 1.5  0.0 0.0
2015-07-01-23 51 58.468	  31.02681478 121.43978433 1.5  0.0 0.0
2015-07-01-23 51 58.569	  31.02681478 121.43978433 1.5  0.0 0.0
2015-07-01-23 51 58.670	  31.02681478 121.43978433 1.5  0.0 0.0
2015-07-01-23 51 58.776	  31.02681478 121.43978433 1.5  0.0 0.0
2015-07-01-23 51 58.892	  31.02681478 121.43978433 1.5  0.0 0.0
2015-07-01-23 51 58.994	  31.02684049 121.43976178 1.5  0.0 0.0
2015-07-01-23 51 59.096	  31.02684049 121.43976178 1.5  0.0 0.0
2015-07-01-23 51 59.198	  31.02684049 121.43976178 1.5  0.0 0.0
2015-07-01-23 51 59.303	  31.02684049 121.43976178 1.5  0.0 0.0
2015-07-01-23 51 59.406	  31.02684049 121.43976178 1.5  0.0 0.0
2015-07-01-23 51 59.510	  31.02684049 121.43976178 1.5  0.0 0.0
2015-07-01-23 51 59.623	  31.02684049 121.43976178 1.5  0.0 0.0
2015-07-01-23 51 59.724	  31.02684049 121.43976178 1.5  0.0 0.0
2015-07-01-23 51 59.826	  31.02684049 121.43976178 1.5  0.0 0.0
2015-07-01-23 51 59.928	  31.02684049 121.43976178 1.5  0.0 0.0
2015-07-01-23 52 00.089	  31.02684049 121.43976178 1.5  0.0 0.0
2015-07-01-23 52 00.191	  31.02684049 121.43976178 1.5  0.0 0.0
2015-07-01-23 52 00.292	  31.02684049 121.43976178 1.5  0.0 0.0
2015-07-01-23 52 00.400	  31.02684049 121.43976178 1.5  0.0 0.0
2015-07-01-23 52 00.502	  31.02684049 121.43976178 1.5  0.0 0.0
2015-07-01-23 52 00.604	  31.02684049 121.43976178 1.5  0.0 0.0
2015-07-01-23 52 00.710	  31.02684049 121.43976178 1.5  0.0 0.0
2015-07-01-23 52 00.816	  31.02684049 121.43976178 1.5  0.0 0.0
2015-07-01-23 52 00.917	  31.02684049 121.43976178 1.5  0.0 0.0
2015-07-01-23 52 01.018	  31.02686738 121.43973937 1.5  0.0 0.0
2015-07-01-23 52 01.121	  31.02686738 121.43973937 1.5  0.0 0.0
2015-07-01-23 52 01.225	  31.02686738 121.43973937 1.5  0.0 0.0
2015-07-01-23 52 01.331	  31.02686738 121.43973937 1.5  0.0 0.0
2015-07-01-23 52 01.440	  31.02686738 121.43973937 1.5  0.0 0.0
2015-07-01-23 52 01.545	  31.02686738 121.43973937 1.5  0.0 0.0
2015-07-01-23 52 01.646	  31.02686738 121.43973937 1.5  0.0 0.0
2015-07-01-23 52 01.747	  31.02686738 121.43973937 1.5  0.0 0.0
2015-07-01-23 52 01.849	  31.02686738 121.43973937 1.5  0.0 0.0
2015-07-01-23 52 01.952	  31.02686738 121.43973937 1.5  0.0 0.0
2015-07-01-23 52 02.054	  31.02686738 121.43973937 1.5  0.0 0.0
2015-07-01-23 52 02.161	  31.02686738 121.43973937 1.5  0.0 0.0
2015-07-01-23 52 02.263	  31.02686738 121.43973937 1.5  0.0 0.0
2015-07-01-23 52 02.364	  31.02686738 121.43973937 1.5  0.0 0.0
2015-07-01-23 52 02.469	  31.02686738 121.43973937 1.5  0.0 0.0
2015-07-01-23 52 02.574	  31.02686738 121.43973937 1.5  0.0 0.0
2015-07-01-23 52 02.681	  31.02686738 121.43973937 1.5  0.0 0.0
2015-07-01-23 52 02.782	  31.02686738 121.43973937 1.5  0.0 0.0
2015-07-01-23 52 02.884	  31.02686738 121.43973937 1.5  0.0 0.0
2015-07-01-23 52 02.986	  31.02689384 121.43972117 1.5  0.0 0.0
2015-07-01-23 52 03.088	  31.02689384 121.43972117 1.5  0.0 0.0
2015-07-01-23 52 03.190	  31.02689384 121.43972117 1.5  0.0 0.0
2015-07-01-23 52 03.294	  31.02689384 121.43972117 1.5  0.0 0.0
2015-07-01-23 52 03.411	  31.02689384 121.43972117 1.5  0.0 0.0
2015-07-01-23 52 03.514	  31.02689384 121.43972117 1.5  0.0 0.0
2015-07-01-23 52 03.616	  31.02689384 121.43972117 1.5  0.0 0.0
2015-07-01-23 52 03.731	  31.02689384 121.43972117 1.5  0.0 0.0
2015-07-01-23 52 03.833	  31.02689384 121.43972117 1.5  0.0 0.0
2015-07-01-23 52 03.938	  31.02689384 121.43972117 1.5  0.0 0.0
2015-07-01-23 52 04.041	  31.02689384 121.43972117 1.5  0.0 0.0
2015-07-01-23 52 04.143	  31.02689384 121.43972117 1.5  0.0 0.0
2015-07-01-23 52 04.246	  31.02689384 121.43972117 1.5  0.0 0.0
2015-07-01-23 52 04.356	  31.02689384 121.43972117 1.5  0.0 0.0
2015-07-01-23 52 04.459	  31.02689384 121.43972117 1.5  0.0 0.0
2015-07-01-23 52 04.567	  31.02689384 121.43972117 1.5  0.0 0.0
2015-07-01-23 52 04.669	  31.02689384 121.43972117 1.5  0.0 0.0
2015-07-01-23 52 04.772	  31.02689384 121.43972117 1.5  0.0 0.0
2015-07-01-23 52 04.886	  31.02689384 121.43972117 1.5  0.0 0.0
2015-07-01-23 52 04.987	  31.02692394 121.43971036 1.5  0.0 0.0
2015-07-01-23 52 05.092	  31.02692394 121.43971036 1.5  0.0 0.0
2015-07-01-23 52 05.201	  31.02692394 121.43971036 1.5  0.0 0.0
2015-07-01-23 52 05.306	  31.02692394 121.43971036 1.5  0.0 0.0
2015-07-01-23 52 05.409	  31.02692394 121.43971036 1.5  0.0 0.0
2015-07-01-23 52 05.521	  31.02692394 121.43971036 1.5  0.0 0.0
2015-07-01-23 52 05.623	  31.02692394 121.43971036 1.5  0.0 0.0
2015-07-01-23 52 05.724	  31.02692394 121.43971036 1.5  0.0 0.0
2015-07-01-23 52 05.829	  31.02692394 121.43971036 1.5  0.0 0.0
2015-07-01-23 52 05.934	  31.02692394 121.43971036 1.5  0.0 0.0
2015-07-01-23 52 06.038	  31.02692394 121.43971036 1.5  0.0 0.0
2015-07-01-23 52 06.148	  31.02692394 121.43971036 1.5  0.0 0.0
2015-07-01-23 52 06.253	  31.02692394 121.43971036 1.5  0.0 0.0
2015-07-01-23 52 06.358	  31.02692394 121.43971036 1.5  0.0 0.0
2015-07-01-23 52 06.466	  31.02692394 121.43971036 1.5  0.0 0.0
2015-07-01-23 52 06.568	  31.02692394 121.43971036 1.5  0.0 0.0
2015-07-01-23 52 06.670	  31.02692394 121.43971036 1.5  0.0 0.0
2015-07-01-23 52 06.789	  31.02692394 121.43971036 1.5  0.0 0.0
2015-07-01-23 52 06.892	  31.02692394 121.43971036 1.5  0.0 0.0
2015-07-01-23 52 06.997	  31.02695222 121.43970079 1.5  0.0 0.0
2015-07-01-23 52 07.105	  31.02695222 121.43970079 1.5  0.0 0.0
2015-07-01-23 52 07.208	  31.02695222 121.43970079 1.5  0.0 0.0
2015-07-01-23 52 07.313	  31.02695222 121.43970079 1.5  0.0 0.0
2015-07-01-23 52 07.425	  31.02695222 121.43970079 1.5  0.0 0.0
2015-07-01-23 52 07.528	  31.02695222 121.43970079 1.5  0.0 0.0
2015-07-01-23 52 07.631	  31.02695222 121.43970079 1.5  0.0 0.0
2015-07-01-23 52 07.737	  31.02695222 121.43970079 1.5  0.0 0.0
2015-07-01-23 52 07.840	  31.02695222 121.43970079 1.5  0.0 0.0
2015-07-01-23 52 07.942	  31.02695222 121.43970079 1.5  0.0 0.0
2015-07-01-23 52 08.083	  31.02695222 121.43970079 1.5  0.0 0.0
2015-07-01-23 52 08.185	  31.02695222 121.43970079 1.5  0.0 0.0
2015-07-01-23 52 08.287	  31.02695222 121.43970079 1.5  0.0 0.0
2015-07-01-23 52 08.398	  31.02695222 121.43970079 1.5  0.0 0.0
2015-07-01-23 52 08.501	  31.02695222 121.43970079 1.5  0.0 0.0
2015-07-01-23 52 08.612	  31.02695222 121.43970079 1.5  0.0 0.0
2015-07-01-23 52 08.728	  31.02695222 121.43970079 1.5  0.0 0.0
2015-07-01-23 52 08.830	  31.02695222 121.43970079 1.5  0.0 0.0
2015-07-01-23 52 08.933	  31.02697651 121.43968969 1.5  0.0 0.0
2015-07-01-23 52 09.044	  31.02697651 121.43968969 1.5  0.0 0.0
2015-07-01-23 52 09.145	  31.02697651 121.43968969 1.5  0.0 0.0
2015-07-01-23 52 09.246	  31.02697651 121.43968969 1.5  0.0 0.0
2015-07-01-23 52 09.354	  31.02697651 121.43968969 1.5  0.0 0.0
2015-07-01-23 52 09.456	  31.02697651 121.43968969 1.5  0.0 0.0
2015-07-01-23 52 09.561	  31.02697651 121.43968969 1.5  0.0 0.0
2015-07-01-23 52 09.666	  31.02697651 121.43968969 1.5  0.0 0.0
2015-07-01-23 52 09.781	  31.02697651 121.43968969 1.5  0.0 0.0
2015-07-01-23 52 09.883	  31.02697651 121.43968969 1.5  0.0 0.0
2015-07-01-23 52 09.986	  31.02697651 121.43968969 1.5  0.0 0.0
2015-07-01-23 52 10.092	  31.02697651 121.43968969 1.5  0.0 0.0
2015-07-01-23 52 10.196	  31.02697651 121.43968969 1.5  0.0 0.0
2015-07-01-23 52 10.299	  31.02697651 121.43968969 1.5  0.0 0.0
2015-07-01-23 52 10.408	  31.02697651 121.43968969 1.5  0.0 0.0
2015-07-01-23 52 10.510	  31.02697651 121.43968969 1.5  0.0 0.0
2015-07-01-23 52 10.612	  31.02697651 121.43968969 1.5  0.0 0.0
2015-07-01-23 52 10.721	  31.02697651 121.43968969 1.5  0.0 0.0
2015-07-01-23 52 10.822	  31.02697651 121.43968969 1.5  0.0 0.0
2015-07-01-23 52 10.924	  31.02700221 121.43967498 1.5  0.0 0.0
2015-07-01-23 52 11.036	  31.02700221 121.43967498 1.5  0.0 0.0
2015-07-01-23 52 11.139	  31.02700221 121.43967498 1.5  0.0 0.0
2015-07-01-23 52 11.241	  31.02700221 121.43967498 1.5  0.0 0.0
2015-07-01-23 52 11.350	  31.02700221 121.43967498 1.5  0.0 0.0
2015-07-01-23 52 11.455	  31.02700221 121.43967498 1.5  0.0 0.0
2015-07-01-23 52 11.559	  31.02700221 121.43967498 1.5  0.0 0.0
2015-07-01-23 52 11.715	  31.02700221 121.43967498 1.5  0.0 0.0
2015-07-01-23 52 11.817	  31.02700221 121.43967498 1.5  0.0 0.0
2015-07-01-23 52 11.927	  31.02700221 121.43967498 1.5  0.0 0.0
2015-07-01-23 52 12.043	  31.02700221 121.43967498 1.5  0.0 0.0
2015-07-01-23 52 12.147	  31.02700221 121.43967498 1.5  0.0 0.0
2015-07-01-23 52 12.286	  31.02700221 121.43967498 1.5  0.0 0.0
2015-07-01-23 52 12.393	  31.02700221 121.43967498 1.5  0.0 0.0
2015-07-01-23 52 12.498	  31.02700221 121.43967498 1.5  0.0 0.0
2015-07-01-23 52 12.601	  31.02700221 121.43967498 1.5  0.0 0.0
2015-07-01-23 52 12.705	  31.02700221 121.43967498 1.5  0.0 0.0
2015-07-01-23 52 12.849	  31.02700221 121.43967498 1.5  0.0 0.0
2015-07-01-23 52 12.954	  31.0270319 121.43966515 1.5  0.0 0.0
2015-07-01-23 52 13.059	  31.0270319 121.43966515 1.5  0.0 0.0
2015-07-01-23 52 13.161	  31.0270319 121.43966515 1.5  0.0 0.0
2015-07-01-23 52 13.264	  31.0270319 121.43966515 1.5  0.0 0.0
2015-07-01-23 52 13.410	  31.0270319 121.43966515 1.5  0.0 0.0
2015-07-01-23 52 13.511	  31.0270319 121.43966515 1.5  0.0 0.0
2015-07-01-23 52 13.614	  31.0270319 121.43966515 1.5  0.0 0.0
2015-07-01-23 52 13.716	  31.0270319 121.43966515 1.5  0.0 0.0
2015-07-01-23 52 13.819	  31.0270319 121.43966515 1.5  0.0 0.0
2015-07-01-23 52 13.954	  31.0270319 121.43966515 1.5  0.0 0.0
2015-07-01-23 52 14.058	  31.0270319 121.43966515 1.5  0.0 0.0
2015-07-01-23 52 14.171	  31.0270319 121.43966515 1.5  0.0 0.0
2015-07-01-23 52 14.279	  31.0270319 121.43966515 1.5  0.0 0.0
2015-07-01-23 52 14.383	  31.0270319 121.43966515 1.5  0.0 0.0
2015-07-01-23 52 14.490	  31.0270319 121.43966515 1.5  0.0 0.0
2015-07-01-23 52 14.596	  31.0270319 121.43966515 1.5  0.0 0.0
2015-07-01-23 52 14.700	  31.0270319 121.43966515 1.5  0.0 0.0
2015-07-01-23 52 14.807	  31.0270319 121.43966515 1.5  0.0 0.0
2015-07-01-23 52 14.929	  31.02706629 121.43965453 1.5  0.0 0.0
2015-07-01-23 52 15.031	  31.02706629 121.43965453 1.5  0.0 0.0
2015-07-01-23 52 15.132	  31.02706629 121.43965453 1.5  0.0 0.0
2015-07-01-23 52 15.235	  31.02706629 121.43965453 1.5  0.0 0.0
2015-07-01-23 52 15.337	  31.02706629 121.43965453 1.5  0.0 0.0
2015-07-01-23 52 15.439	  31.02706629 121.43965453 1.5  0.0 0.0
2015-07-01-23 52 15.540	  31.02706629 121.43965453 1.5  0.0 0.0
2015-07-01-23 52 15.734	  31.02706629 121.43965453 1.5  0.0 0.0
2015-07-01-23 52 15.835	  31.02706629 121.43965453 1.5  0.0 0.0
2015-07-01-23 52 15.943	  31.02706629 121.43965453 1.5  0.0 0.0
2015-07-01-23 52 16.054	  31.02706629 121.43965453 1.5  0.0 0.0
2015-07-01-23 52 16.156	  31.02706629 121.43965453 1.5  0.0 0.0
2015-07-01-23 52 16.258	  31.02706629 121.43965453 1.5  0.0 0.0
2015-07-01-23 52 16.360	  31.02706629 121.43965453 1.5  0.0 0.0
2015-07-01-23 52 16.462	  31.02706629 121.43965453 1.5  0.0 0.0
2015-07-01-23 52 16.566	  31.02706629 121.43965453 1.5  0.0 0.0
2015-07-01-23 52 16.668	  31.02706629 121.43965453 1.5  0.0 0.0
2015-07-01-23 52 16.772	  31.02706629 121.43965453 1.5  0.0 0.0
2015-07-01-23 52 16.884	  31.02706629 121.43965453 1.5  0.0 0.0
2015-07-01-23 52 16.986	  31.0271003 121.43964111 1.5  0.0 0.0
2015-07-01-23 52 17.097	  31.0271003 121.43964111 1.5  0.0 0.0
2015-07-01-23 52 17.199	  31.0271003 121.43964111 1.5  0.0 0.0
2015-07-01-23 52 17.302	  31.0271003 121.43964111 1.5  0.0 0.0
2015-07-01-23 52 17.404	  31.0271003 121.43964111 1.5  0.0 0.0
2015-07-01-23 52 17.506	  31.0271003 121.43964111 1.5  0.0 0.0
2015-07-01-23 52 17.608	  31.0271003 121.43964111 1.5  0.0 0.0
2015-07-01-23 52 17.718	  31.0271003 121.43964111 1.5  0.0 0.0
2015-07-01-23 52 17.823	  31.0271003 121.43964111 1.5  0.0 0.0
2015-07-01-23 52 17.932	  31.0271003 121.43964111 1.5  0.0 0.0
2015-07-01-23 52 18.035	  31.0271003 121.43964111 1.5  0.0 0.0
2015-07-01-23 52 18.146	  31.0271003 121.43964111 1.5  0.0 0.0
2015-07-01-23 52 18.248	  31.0271003 121.43964111 1.5  0.0 0.0
2015-07-01-23 52 18.352	  31.0271003 121.43964111 1.5  0.0 0.0
2015-07-01-23 52 18.454	  31.0271003 121.43964111 1.5  0.0 0.0
2015-07-01-23 52 18.556	  31.0271003 121.43964111 1.5  0.0 0.0
2015-07-01-23 52 18.658	  31.0271003 121.43964111 1.5  0.0 0.0
2015-07-01-23 52 18.761	  31.0271003 121.43964111 1.5  0.0 0.0
2015-07-01-23 52 18.865	  31.0271003 121.43964111 1.5  0.0 0.0
2015-07-01-23 52 18.981	  31.02713345 121.43962744 1.5  0.0 0.0
2015-07-01-23 52 19.085	  31.02713345 121.43962744 1.5  0.0 0.0
2015-07-01-23 52 19.186	  31.02713345 121.43962744 1.5  0.0 0.0
2015-07-01-23 52 19.288	  31.02713345 121.43962744 1.5  0.0 0.0
2015-07-01-23 52 19.398	  31.02713345 121.43962744 1.5  0.0 0.0
2015-07-01-23 52 19.503	  31.02713345 121.43962744 1.5  0.0 0.0
2015-07-01-23 52 19.632	  31.02713345 121.43962744 1.5  0.0 0.0
2015-07-01-23 52 19.737	  31.02713345 121.43962744 1.5  0.0 0.0
2015-07-01-23 52 19.895	  31.02713345 121.43962744 1.5  0.0 0.0
2015-07-01-23 52 20.000	  31.02713345 121.43962744 1.5  0.0 0.0
2015-07-01-23 52 20.108	  31.02713345 121.43962744 1.5  0.0 0.0
2015-07-01-23 52 20.210	  31.02713345 121.43962744 1.5  0.0 0.0
2015-07-01-23 52 20.314	  31.02713345 121.43962744 1.5  0.0 0.0
2015-07-01-23 52 20.420	  31.02713345 121.43962744 1.5  0.0 0.0
2015-07-01-23 52 20.532	  31.02713345 121.43962744 1.5  0.0 0.0
2015-07-01-23 52 20.634	  31.02713345 121.43962744 1.5  0.0 0.0
2015-07-01-23 52 20.742	  31.02713345 121.43962744 1.5  0.0 0.0
2015-07-01-23 52 20.846	  31.02713345 121.43962744 1.5  0.0 0.0
2015-07-01-23 52 20.949	  31.02716127 121.43961689 1.5  0.0 0.0
2015-07-01-23 52 21.053	  31.02716127 121.43961689 1.5  0.0 0.0
2015-07-01-23 52 21.161	  31.02716127 121.43961689 1.5  0.0 0.0
2015-07-01-23 52 21.266	  31.02716127 121.43961689 1.5  0.0 0.0
2015-07-01-23 52 21.378	  31.02716127 121.43961689 1.5  0.0 0.0
2015-07-01-23 52 21.485	  31.02716127 121.43961689 1.5  0.0 0.0
2015-07-01-23 52 21.600	  31.02716127 121.43961689 1.5  0.0 0.0
2015-07-01-23 52 21.702	  31.02716127 121.43961689 1.5  0.0 0.0
2015-07-01-23 52 21.806	  31.02716127 121.43961689 1.5  0.0 0.0
2015-07-01-23 52 21.909	  31.02716127 121.43961689 1.5  0.0 0.0
2015-07-01-23 52 22.011	  31.02716127 121.43961689 1.5  0.0 0.0
2015-07-01-23 52 22.113	  31.02716127 121.43961689 1.5  0.0 0.0
2015-07-01-23 52 22.219	  31.02716127 121.43961689 1.5  0.0 0.0
2015-07-01-23 52 22.323	  31.02716127 121.43961689 1.5  0.0 0.0
2015-07-01-23 52 22.436	  31.02716127 121.43961689 1.5  0.0 0.0
2015-07-01-23 52 22.538	  31.02716127 121.43961689 1.5  0.0 0.0
2015-07-01-23 52 22.641	  31.02716127 121.43961689 1.5  0.0 0.0
2015-07-01-23 52 22.744	  31.02716127 121.43961689 1.5  0.0 0.0
2015-07-01-23 52 22.847	  31.02716127 121.43961689 1.5  0.0 0.0
2015-07-01-23 52 22.949	  31.0271914 121.43960861 1.5  0.0 0.0
2015-07-01-23 52 23.064	  31.0271914 121.43960861 1.5  0.0 0.0
2015-07-01-23 52 23.165	  31.0271914 121.43960861 1.5  0.0 0.0
2015-07-01-23 52 23.266	  31.0271914 121.43960861 1.5  0.0 0.0
2015-07-01-23 52 23.372	  31.0271914 121.43960861 1.5  0.0 0.0
2015-07-01-23 52 23.489	  31.0271914 121.43960861 1.5  0.0 0.0
2015-07-01-23 52 23.592	  31.0271914 121.43960861 1.5  0.0 0.0
2015-07-01-23 52 23.693	  31.0271914 121.43960861 1.5  0.0 0.0
2015-07-01-23 52 23.795	  31.0271914 121.43960861 1.5  0.0 0.0
2015-07-01-23 52 23.898	  31.0271914 121.43960861 1.5  0.0 0.0
2015-07-01-23 52 24.001	  31.0271914 121.43960861 1.5  0.0 0.0
2015-07-01-23 52 24.112	  31.0271914 121.43960861 1.5  0.0 0.0
2015-07-01-23 52 24.214	  31.0271914 121.43960861 1.5  0.0 0.0
2015-07-01-23 52 24.319	  31.0271914 121.43960861 1.5  0.0 0.0
2015-07-01-23 52 24.422	  31.0271914 121.43960861 1.5  0.0 0.0
2015-07-01-23 52 24.541	  31.0271914 121.43960861 1.5  0.0 0.0
2015-07-01-23 52 24.643	  31.0271914 121.43960861 1.5  0.0 0.0
2015-07-01-23 52 24.745	  31.0271914 121.43960861 1.5  0.0 0.0
2015-07-01-23 52 24.851	  31.0271914 121.43960861 1.5  0.0 0.0
2015-07-01-23 52 24.958	  31.0271914 121.43960861 1.5  0.0 0.0
2015-07-01-23 52 25.082	  31.02721907 121.43959682 1.5  0.0 0.0
2015-07-01-23 52 25.183	  31.02721907 121.43959682 1.5  0.0 0.0
2015-07-01-23 52 25.285	  31.02721907 121.43959682 1.5  0.0 0.0
2015-07-01-23 52 25.387	  31.02721907 121.43959682 1.5  0.0 0.0
2015-07-01-23 52 25.501	  31.02721907 121.43959682 1.5  0.0 0.0
2015-07-01-23 52 25.603	  31.02721907 121.43959682 1.5  0.0 0.0
2015-07-01-23 52 25.711	  31.02721907 121.43959682 1.5  0.0 0.0
2015-07-01-23 52 25.813	  31.02721907 121.43959682 1.5  0.0 0.0
2015-07-01-23 52 25.922	  31.02721907 121.43959682 1.5  0.0 0.0
2015-07-01-23 52 26.080	  31.02721907 121.43959682 1.5  0.0 0.0
2015-07-01-23 52 26.185	  31.02721907 121.43959682 1.5  0.0 0.0
2015-07-01-23 52 26.287	  31.02721907 121.43959682 1.5  0.0 0.0
2015-07-01-23 52 26.398	  31.02721907 121.43959682 1.5  0.0 0.0
2015-07-01-23 52 26.500	  31.02721907 121.43959682 1.5  0.0 0.0
2015-07-01-23 52 26.607	  31.02721907 121.43959682 1.5  0.0 0.0
2015-07-01-23 52 26.710	  31.02721907 121.43959682 1.5  0.0 0.0
2015-07-01-23 52 26.822	  31.02721907 121.43959682 1.5  0.0 0.0
2015-07-01-23 52 26.924	  31.02721907 121.43959682 1.5  0.0 0.0
2015-07-01-23 52 27.028	  31.02724829 121.43958756 1.5  0.0 0.0
2015-07-01-23 52 27.131	  31.02724829 121.43958756 1.5  0.0 0.0
2015-07-01-23 52 27.249	  31.02724829 121.43958756 1.5  0.0 0.0
2015-07-01-23 52 27.351	  31.02724829 121.43958756 1.5  0.0 0.0
2015-07-01-23 52 27.458	  31.02724829 121.43958756 1.5  0.0 0.0
2015-07-01-23 52 27.562	  31.02724829 121.43958756 1.5  0.0 0.0
2015-07-01-23 52 27.678	  31.02724829 121.43958756 1.5  0.0 0.0
2015-07-01-23 52 27.780	  31.02724829 121.43958756 1.5  0.0 0.0
2015-07-01-23 52 27.884	  31.02724829 121.43958756 1.5  0.0 0.0
2015-07-01-23 52 27.987	  31.02724829 121.43958756 1.5  0.0 0.0
2015-07-01-23 52 28.094	  31.02724829 121.43958756 1.5  0.0 0.0
2015-07-01-23 52 28.200	  31.02724829 121.43958756 1.5  0.0 0.0
2015-07-01-23 52 28.317	  31.02724829 121.43958756 1.5  0.0 0.0
2015-07-01-23 52 28.419	  31.02724829 121.43958756 1.5  0.0 0.0
2015-07-01-23 52 28.522	  31.02724829 121.43958756 1.5  0.0 0.0
2015-07-01-23 52 28.625	  31.02724829 121.43958756 1.5  0.0 0.0
2015-07-01-23 52 28.741	  31.02724829 121.43958756 1.5  0.0 0.0
2015-07-01-23 52 28.842	  31.02724829 121.43958756 1.5  0.0 0.0
2015-07-01-23 52 28.949	  31.02727704 121.43958053 1.5  0.0 0.0
2015-07-01-23 52 29.051	  31.02727704 121.43958053 1.5  0.0 0.0
2015-07-01-23 52 29.162	  31.02727704 121.43958053 1.5  0.0 0.0
2015-07-01-23 52 29.264	  31.02727704 121.43958053 1.5  0.0 0.0
2015-07-01-23 52 29.372	  31.02727704 121.43958053 1.5  0.0 0.0
2015-07-01-23 52 29.479	  31.02727704 121.43958053 1.5  0.0 0.0
2015-07-01-23 52 29.589	  31.02727704 121.43958053 1.5  0.0 0.0
2015-07-01-23 52 29.694	  31.02727704 121.43958053 1.5  0.0 0.0
2015-07-01-23 52 29.797	  31.02727704 121.43958053 1.5  0.0 0.0
2015-07-01-23 52 29.903	  31.02727704 121.43958053 1.5  0.0 0.0
2015-07-01-23 52 30.007	  31.02727704 121.43958053 1.5  0.0 0.0
2015-07-01-23 52 30.114	  31.02727704 121.43958053 1.5  0.0 0.0
2015-07-01-23 52 30.219	  31.02727704 121.43958053 1.5  0.0 0.0
2015-07-01-23 52 30.330	  31.02727704 121.43958053 1.5  0.0 0.0
2015-07-01-23 52 30.432	  31.02727704 121.43958053 1.5  0.0 0.0
2015-07-01-23 52 30.543	  31.02727704 121.43958053 1.5  0.0 0.0
2015-07-01-23 52 30.645	  31.02727704 121.43958053 1.5  0.0 0.0
2015-07-01-23 52 30.757	  31.02727704 121.43958053 1.5  0.0 0.0
2015-07-01-23 52 30.862	  31.02727704 121.43958053 1.5  0.0 0.0
2015-07-01-23 52 30.972	  31.02730973 121.43957542 1.5  0.0 0.0
2015-07-01-23 52 31.077	  31.02730973 121.43957542 1.5  0.0 0.0
2015-07-01-23 52 31.182	  31.02730973 121.43957542 1.5  0.0 0.0
2015-07-01-23 52 31.287	  31.02730973 121.43957542 1.5  0.0 0.0
2015-07-01-23 52 31.401	  31.02730973 121.43957542 1.5  0.0 0.0
2015-07-01-23 52 31.503	  31.02730973 121.43957542 1.5  0.0 0.0
2015-07-01-23 52 31.610	  31.02730973 121.43957542 1.5  0.0 0.0
2015-07-01-23 52 31.713	  31.02730973 121.43957542 1.5  0.0 0.0
2015-07-01-23 52 31.834	  31.02730973 121.43957542 1.5  0.0 0.0
2015-07-01-23 52 31.938	  31.02730973 121.43957542 1.5  0.0 0.0
2015-07-01-23 52 32.046	  31.02730973 121.43957542 1.5  0.0 0.0
2015-07-01-23 52 32.149	  31.02730973 121.43957542 1.5  0.0 0.0
2015-07-01-23 52 32.331	  31.02730973 121.43957542 1.5  0.0 0.0
2015-07-01-23 52 32.434	  31.02730973 121.43957542 1.5  0.0 0.0
2015-07-01-23 52 32.593	  31.02730973 121.43957542 1.5  0.0 0.0
2015-07-01-23 52 32.712	  31.02730973 121.43957542 1.5  0.0 0.0
2015-07-01-23 52 32.814	  31.02730973 121.43957542 1.5  0.0 0.0
2015-07-01-23 52 32.922	  31.02733914 121.43956788 1.5  0.0 0.0
2015-07-01-23 52 33.029	  31.02733914 121.43956788 1.5  0.0 0.0
2015-07-01-23 52 33.176	  31.02733914 121.43956788 1.5  0.0 0.0
2015-07-01-23 52 33.278	  31.02733914 121.43956788 1.5  0.0 0.0
2015-07-01-23 52 33.404	  31.02733914 121.43956788 1.5  0.0 0.0
2015-07-01-23 52 33.506	  31.02733914 121.43956788 1.5  0.0 0.0
2015-07-01-23 52 33.637	  31.02733914 121.43956788 1.5  0.0 0.0
2015-07-01-23 52 33.740	  31.02733914 121.43956788 1.5  0.0 0.0
2015-07-01-23 52 33.909	  31.02733914 121.43956788 1.5  0.0 0.0
2015-07-01-23 52 34.013	  31.02735694 121.43955825 1.5  0.0 0.0
2015-07-01-23 52 34.118	  31.02735694 121.43955825 1.5  0.0 0.0
2015-07-01-23 52 34.292	  31.02735694 121.43955825 1.5  0.0 0.0
2015-07-01-23 52 34.394	  31.02735694 121.43955825 1.5  0.0 0.0
2015-07-01-23 52 34.542	  31.02735694 121.43955825 1.5  0.0 0.0
2015-07-01-23 52 34.652	  31.02735694 121.43955825 1.5  0.0 0.0
2015-07-01-23 52 34.754	  31.02735694 121.43955825 1.5  0.0 0.0
2015-07-01-23 52 34.857	  31.02735694 121.43955825 1.5  0.0 0.0
2015-07-01-23 52 35.030	  31.02735694 121.43955825 1.5  0.0 0.0
2015-07-01-23 52 35.136	  31.02735694 121.43955825 1.5  0.0 0.0
2015-07-01-23 52 35.287	  31.02735694 121.43955825 1.5  0.0 0.0
2015-07-01-23 52 35.391	  31.02735694 121.43955825 1.5  0.0 0.0
2015-07-01-23 52 35.492	  31.02735694 121.43955825 1.5  0.0 0.0
2015-07-01-23 52 35.636	  31.02735694 121.43955825 1.5  0.0 0.0
2015-07-01-23 52 35.739	  31.02735694 121.43955825 1.5  0.0 0.0
2015-07-01-23 52 35.896	  31.02735694 121.43955825 1.5  0.0 0.0
2015-07-01-23 52 36.012	  31.02738477 121.43954277 1.5  0.0 0.0
2015-07-01-23 52 36.114	  31.02738477 121.43954277 1.5  0.0 0.0
2015-07-01-23 52 36.230	  31.02738477 121.43954277 1.5  0.0 0.0
2015-07-01-23 52 36.332	  31.02738477 121.43954277 1.5  0.0 0.0
2015-07-01-23 52 36.515	  31.02738477 121.43954277 1.5  0.0 0.0
2015-07-01-23 52 36.623	  31.02738477 121.43954277 1.5  0.0 0.0
2015-07-01-23 52 36.728	  31.02738477 121.43954277 1.5  0.0 0.0
2015-07-01-23 52 36.887	  31.02738477 121.43954277 1.5  0.0 0.0
2015-07-01-23 52 36.989	  31.02738477 121.43954277 1.5  0.0 0.0
2015-07-01-23 52 37.107	  31.02738477 121.43954277 1.5  0.0 0.0
2015-07-01-23 52 37.209	  31.02738477 121.43954277 1.5  0.0 0.0
2015-07-01-23 52 37.312	  31.02738477 121.43954277 1.5  0.0 0.0
2015-07-01-23 52 37.485	  31.02738477 121.43954277 1.5  0.0 0.0
2015-07-01-23 52 37.586	  31.02738477 121.43954277 1.5  0.0 0.0
2015-07-01-23 52 37.706	  31.02738477 121.43954277 1.5  0.0 0.0
2015-07-01-23 52 37.809	  31.02738477 121.43954277 1.5  0.0 0.0
2015-07-01-23 52 37.914	  31.02738477 121.43954277 1.5  0.0 0.0
2015-07-01-23 52 38.091	  31.02741227 121.43952551 1.5  0.0 0.0
2015-07-01-23 52 38.192	  31.02741227 121.43952551 1.5  0.0 0.0
2015-07-01-23 52 38.312	  31.02741227 121.43952551 1.5  0.0 0.0
2015-07-01-23 52 38.421	  31.02741227 121.43952551 1.5  0.0 0.0
2015-07-01-23 52 38.526	  31.02741227 121.43952551 1.5  0.0 0.0
2015-07-01-23 52 38.689	  31.02741227 121.43952551 1.5  0.0 0.0
2015-07-01-23 52 38.793	  31.02741227 121.43952551 1.5  0.0 0.0
2015-07-01-23 52 38.934	  31.02741227 121.43952551 1.5  0.0 0.0
2015-07-01-23 52 39.043	  31.02741227 121.43952551 1.5  0.0 0.0
2015-07-01-23 52 39.144	  31.02741227 121.43952551 1.5  0.0 0.0
2015-07-01-23 52 39.272	  31.02741227 121.43952551 1.5  0.0 0.0
2015-07-01-23 52 39.374	  31.02741227 121.43952551 1.5  0.0 0.0
2015-07-01-23 52 39.480	  31.02741227 121.43952551 1.5  0.0 0.0
2015-07-01-23 52 39.639	  31.02741227 121.43952551 1.5  0.0 0.0
2015-07-01-23 52 39.744	  31.02741227 121.43952551 1.5  0.0 0.0
2015-07-01-23 52 39.846	  31.02741227 121.43952551 1.5  0.0 0.0
2015-07-01-23 52 39.949	  31.02744181 121.43950967 1.5  0.0 0.0
2015-07-01-23 52 40.086	  31.02744181 121.43950967 1.5  0.0 0.0
2015-07-01-23 52 40.188	  31.02744181 121.43950967 1.5  0.0 0.0
2015-07-01-23 52 40.291	  31.02744181 121.43950967 1.5  0.0 0.0
2015-07-01-23 52 40.457	  31.02744181 121.43950967 1.5  0.0 0.0
2015-07-01-23 52 40.559	  31.02744181 121.43950967 1.5  0.0 0.0
2015-07-01-23 52 40.662	  31.02744181 121.43950967 1.5  0.0 0.0
2015-07-01-23 52 40.808	  31.02744181 121.43950967 1.5  0.0 0.0
2015-07-01-23 52 40.913	  31.02744181 121.43950967 1.5  0.0 0.0
2015-07-01-23 52 41.040	  31.02744181 121.43950967 1.5  0.0 0.0
2015-07-01-23 52 41.148	  31.02744181 121.43950967 1.5  0.0 0.0
2015-07-01-23 52 41.253	  31.02744181 121.43950967 1.5  0.0 0.0
2015-07-01-23 52 41.434	  31.02744181 121.43950967 1.5  0.0 0.0
2015-07-01-23 52 41.539	  31.02744181 121.43950967 1.5  0.0 0.0
2015-07-01-23 52 41.645	  31.02744181 121.43950967 1.5  0.0 0.0
2015-07-01-23 52 41.787	  31.02744181 121.43950967 1.5  0.0 0.0
2015-07-01-23 52 41.892	  31.02744181 121.43950967 1.5  0.0 0.0
2015-07-01-23 52 41.998	  31.02747169 121.43949757 1.5  0.0 0.0
2015-07-01-23 52 42.104	  31.02747169 121.43949757 1.5  0.0 0.0
2015-07-01-23 52 42.208	  31.02747169 121.43949757 1.5  0.0 0.0
2015-07-01-23 52 42.362	  31.02747169 121.43949757 1.5  0.0 0.0
2015-07-01-23 52 42.529	  31.02747169 121.43949757 1.5  0.0 0.0
2015-07-01-23 52 42.631	  31.02747169 121.43949757 1.5  0.0 0.0
2015-07-01-23 52 42.734	  31.02747169 121.43949757 1.5  0.0 0.0
2015-07-01-23 52 42.885	  31.02747169 121.43949757 1.5  0.0 0.0
2015-07-01-23 52 43.069	  31.02747169 121.43949757 1.5  0.0 0.0
2015-07-01-23 52 43.172	  31.02747169 121.43949757 1.5  0.0 0.0
2015-07-01-23 52 43.275	  31.02747169 121.43949757 1.5  0.0 0.0
2015-07-01-23 52 43.436	  31.02747169 121.43949757 1.5  0.0 0.0
2015-07-01-23 52 43.545	  31.02747169 121.43949757 1.5  0.0 0.0
2015-07-01-23 52 43.651	  31.02747169 121.43949757 1.5  0.0 0.0
2015-07-01-23 52 43.825	  31.02747169 121.43949757 1.5  0.0 0.0
2015-07-01-23 52 43.935	  31.0275001 121.4394845 1.5  0.0 0.0
2015-07-01-23 52 44.056	  31.0275001 121.4394845 1.5  0.0 0.0
2015-07-01-23 52 44.174	  31.0275001 121.4394845 1.5  0.0 0.0
2015-07-01-23 52 44.277	  31.0275001 121.4394845 1.5  0.0 0.0
2015-07-01-23 52 44.380	  31.0275001 121.4394845 1.5  0.0 0.0
2015-07-01-23 52 44.526	  31.0275001 121.4394845 1.5  0.0 0.0
2015-07-01-23 52 44.678	  31.0275001 121.4394845 1.5  0.0 0.0
2015-07-01-23 52 44.780	  31.0275001 121.4394845 1.5  0.0 0.0
2015-07-01-23 52 44.885	  31.0275001 121.4394845 1.5  0.0 0.0
2015-07-01-23 52 45.020	  31.0275001 121.4394845 1.5  0.0 0.0
2015-07-01-23 52 45.135	  31.0275001 121.4394845 1.5  0.0 0.0
2015-07-01-23 52 45.271	  31.0275001 121.4394845 1.5  0.0 0.0
2015-07-01-23 52 45.439	  31.0275001 121.4394845 1.5  0.0 0.0
2015-07-01-23 52 45.551	  31.0275001 121.4394845 1.5  0.0 0.0
2015-07-01-23 52 45.657	  31.0275001 121.4394845 1.5  0.0 0.0
2015-07-01-23 52 45.837	  31.0275001 121.4394845 1.5  0.0 0.0
2015-07-01-23 52 45.956	  31.0275001 121.4394845 1.5  0.0 0.0
2015-07-01-23 52 46.078	  31.0275307 121.43947176 1.5  0.0 0.0
2015-07-01-23 52 46.194	  31.0275307 121.43947176 1.5  0.0 0.0
2015-07-01-23 52 46.295	  31.0275307 121.43947176 1.5  0.0 0.0
2015-07-01-23 52 46.398	  31.0275307 121.43947176 1.5  0.0 0.0
2015-07-01-23 52 46.563	  31.0275307 121.43947176 1.5  0.0 0.0
2015-07-01-23 52 46.664	  31.0275307 121.43947176 1.5  0.0 0.0
2015-07-01-23 52 46.783	  31.0275307 121.43947176 1.5  0.0 0.0
2015-07-01-23 52 46.930	  31.0275307 121.43947176 1.5  0.0 0.0
2015-07-01-23 52 47.102	  31.0275307 121.43947176 1.5  0.0 0.0
2015-07-01-23 52 47.218	  31.0275307 121.43947176 1.5  0.0 0.0
2015-07-01-23 52 47.323	  31.0275307 121.43947176 1.5  0.0 0.0
2015-07-01-23 52 47.426	  31.0275307 121.43947176 1.5  0.0 0.0
2015-07-01-23 52 47.581	  31.0275307 121.43947176 1.5  0.0 0.0
2015-07-01-23 52 47.732	  31.0275307 121.43947176 1.5  0.0 0.0
2015-07-01-23 52 47.887	  31.0275307 121.43947176 1.5  0.0 0.0
2015-07-01-23 52 47.988	  31.027558289999998 121.43946011 1.75  0.0 0.0
2015-07-01-23 52 48.131	  31.027558289999998 121.43946011 1.75  0.0 0.0
2015-07-01-23 52 48.251	  31.027558289999998 121.43946011 1.75  0.0 0.0
2015-07-01-23 52 48.354	  31.027558289999998 121.43946011 1.75  0.0 0.0
2015-07-01-23 52 48.457	  31.027558289999998 121.43946011 1.75  0.0 0.0
2015-07-01-23 52 48.575	  31.027558289999998 121.43946011 1.75  0.0 0.0
2015-07-01-23 52 48.722	  31.027558289999998 121.43946011 1.75  0.0 0.0
2015-07-01-23 52 48.823	  31.027558289999998 121.43946011 1.75  0.0 0.0
2015-07-01-23 52 48.926	  31.027558289999998 121.43946011 1.75  0.0 0.0
2015-07-01-23 52 49.068	  31.027558289999998 121.43946011 1.75  0.0 0.0
2015-07-01-23 52 49.217	  31.027558289999998 121.43946011 1.75  0.0 0.0
2015-07-01-23 52 49.324	  31.027558289999998 121.43946011 1.75  0.0 0.0
2015-07-01-23 52 49.427	  31.027558289999998 121.43946011 1.75  0.0 0.0
2015-07-01-23 52 49.567	  31.027558289999998 121.43946011 1.75  0.0 0.0
2015-07-01-23 52 49.733	  31.027558289999998 121.43946011 1.75  0.0 0.0
2015-07-01-23 52 49.837	  31.027558289999998 121.43946011 1.75  0.0 0.0
2015-07-01-23 52 49.941	  31.02758761 121.4394521 1.75  0.0 0.0
2015-07-01-23 52 50.130	  31.02758761 121.4394521 1.75  0.0 0.0
2015-07-01-23 52 50.232	  31.02758761 121.4394521 1.75  0.0 0.0
2015-07-01-23 52 50.366	  31.02758761 121.4394521 1.75  0.0 0.0
2015-07-01-23 52 50.504	  31.02758761 121.4394521 1.75  0.0 0.0
2015-07-01-23 52 50.671	  31.02758761 121.4394521 1.75  0.0 0.0
2015-07-01-23 52 50.775	  31.02758761 121.4394521 1.75  0.0 0.0
2015-07-01-23 52 50.877	  31.02758761 121.4394521 1.75  0.0 0.0
2015-07-01-23 52 51.025	  31.02758761 121.4394521 1.75  0.0 0.0
2015-07-01-23 52 51.183	  31.02758761 121.4394521 1.75  0.0 0.0
2015-07-01-23 52 51.297	  31.02758761 121.4394521 1.75  0.0 0.0
2015-07-01-23 52 51.400	  31.02758761 121.4394521 1.75  0.0 0.0
2015-07-01-23 52 51.547	  31.02758761 121.4394521 1.75  0.0 0.0
2015-07-01-23 52 51.692	  31.02758761 121.4394521 1.75  0.0 0.0
2015-07-01-23 52 51.795	  31.02758761 121.4394521 1.75  0.0 0.0
2015-07-01-23 52 51.899	  31.02758761 121.4394521 1.75  0.0 0.0
2015-07-01-23 52 52.060	  31.0276171 121.43944386 1.75  0.0 0.0
2015-07-01-23 52 52.176	  31.0276171 121.43944386 1.75  0.0 0.0
2015-07-01-23 52 52.317	  31.0276171 121.43944386 1.75  0.0 0.0
2015-07-01-23 52 52.429	  31.0276171 121.43944386 1.75  0.0 0.0
2015-07-01-23 52 52.533	  31.0276171 121.43944386 1.75  0.0 0.0
2015-07-01-23 52 52.653	  31.0276171 121.43944386 1.75  0.0 0.0
2015-07-01-23 52 52.775	  31.0276171 121.43944386 1.75  0.0 0.0
2015-07-01-23 52 52.879	  31.0276171 121.43944386 1.75  0.0 0.0
2015-07-01-23 52 52.981	  31.0276171 121.43944386 1.75  0.0 0.0
2015-07-01-23 52 53.134	  31.0276171 121.43944386 1.75  0.0 0.0
2015-07-01-23 52 53.255	  31.0276171 121.43944386 1.75  0.0 0.0
2015-07-01-23 52 53.357	  31.0276171 121.43944386 1.75  0.0 0.0
2015-07-01-23 52 53.460	  31.0276171 121.43944386 1.75  0.0 0.0
2015-07-01-23 52 53.629	  31.0276171 121.43944386 1.75  0.0 0.0
2015-07-01-23 52 53.771	  31.0276171 121.43944386 1.75  0.0 0.0
2015-07-01-23 52 53.877	  31.0276171 121.43944386 1.75  0.0 0.0
2015-07-01-23 52 53.978	  31.02764533 121.43942826 1.75  0.0 0.0
2015-07-01-23 52 54.098	  31.02764533 121.43942826 1.75  0.0 0.0
2015-07-01-23 52 54.218	  31.02764533 121.43942826 1.75  0.0 0.0
2015-07-01-23 52 54.330	  31.02764533 121.43942826 1.75  0.0 0.0
2015-07-01-23 52 54.434	  31.02764533 121.43942826 1.75  0.0 0.0
2015-07-01-23 52 54.591	  31.02764533 121.43942826 1.75  0.0 0.0
2015-07-01-23 52 54.722	  31.02764533 121.43942826 1.75  0.0 0.0
2015-07-01-23 52 54.829	  31.02764533 121.43942826 1.75  0.0 0.0
2015-07-01-23 52 54.933	  31.02764533 121.43942826 1.75  0.0 0.0
2015-07-01-23 52 55.072	  31.02764533 121.43942826 1.75  0.0 0.0
2015-07-01-23 52 55.178	  31.02764533 121.43942826 1.75  0.0 0.0
2015-07-01-23 52 55.316	  31.02764533 121.43942826 1.75  0.0 0.0
2015-07-01-23 52 55.426	  31.02764533 121.43942826 1.75  0.0 0.0
2015-07-01-23 52 55.528	  31.02764533 121.43942826 1.75  0.0 0.0
2015-07-01-23 52 55.646	  31.02764533 121.43942826 1.75  0.0 0.0
2015-07-01-23 52 55.788	  31.02764533 121.43942826 1.75  0.0 0.0
2015-07-01-23 52 55.890	  31.02764533 121.43942826 1.75  0.0 0.0
2015-07-01-23 52 55.992	  31.0276739 121.4394169 1.75  0.0 0.0
2015-07-01-23 52 56.142	  31.0276739 121.4394169 1.75  0.0 0.0
2015-07-01-23 52 56.245	  31.0276739 121.4394169 1.75  0.0 0.0
2015-07-01-23 52 56.436	  31.0276739 121.4394169 1.75  0.0 0.0
2015-07-01-23 52 56.576	  31.0276739 121.4394169 1.75  0.0 0.0
2015-07-01-23 52 56.678	  31.0276739 121.4394169 1.75  0.0 0.0
2015-07-01-23 52 56.781	  31.0276739 121.4394169 1.75  0.0 0.0
2015-07-01-23 52 56.923	  31.0276739 121.4394169 1.75  0.0 0.0
2015-07-01-23 52 57.027	  31.0276739 121.4394169 1.75  0.0 0.0
2015-07-01-23 52 57.202	  31.0276739 121.4394169 1.75  0.0 0.0
2015-07-01-23 52 57.319	  31.0276739 121.4394169 1.75  0.0 0.0
2015-07-01-23 52 57.421	  31.0276739 121.4394169 1.75  0.0 0.0
2015-07-01-23 52 57.529	  31.0276739 121.4394169 1.75  0.0 0.0
2015-07-01-23 52 57.686	  31.0276739 121.4394169 1.75  0.0 0.0
2015-07-01-23 52 57.805	  31.0276739 121.4394169 1.75  0.0 0.0
2015-07-01-23 52 57.911	  31.0276739 121.4394169 1.75  0.0 0.0
2015-07-01-23 52 58.013	  31.02770208 121.43940508 1.75  0.0 0.0
2015-07-01-23 52 58.151	  31.02770208 121.43940508 1.75  0.0 0.0
2015-07-01-23 52 58.331	  31.02770208 121.43940508 1.75  0.0 0.0
2015-07-01-23 52 58.432	  31.02770208 121.43940508 1.75  0.0 0.0
2015-07-01-23 52 58.535	  31.02770208 121.43940508 1.75  0.0 0.0
2015-07-01-23 52 58.655	  31.02770208 121.43940508 1.75  0.0 0.0
2015-07-01-23 52 58.793	  31.02770208 121.43940508 1.75  0.0 0.0
2015-07-01-23 52 58.904	  31.02770208 121.43940508 1.75  0.0 0.0
2015-07-01-23 52 59.010	  31.02770208 121.43940508 1.75  0.0 0.0
2015-07-01-23 52 59.145	  31.02770208 121.43940508 1.75  0.0 0.0
2015-07-01-23 52 59.292	  31.02770208 121.43940508 1.75  0.0 0.0
2015-07-01-23 52 59.403	  31.02770208 121.43940508 1.75  0.0 0.0
2015-07-01-23 52 59.508	  31.02770208 121.43940508 1.75  0.0 0.0
2015-07-01-23 52 59.669	  31.02770208 121.43940508 1.75  0.0 0.0
2015-07-01-23 52 59.810	  31.02770208 121.43940508 1.75  0.0 0.0
2015-07-01-23 52 59.912	  31.02770208 121.43940508 1.75  0.0 0.0
2015-07-01-23 53 00.014	  31.02773354 121.43939343 1.75  0.0 0.0
2015-07-01-23 53 00.146	  31.02773354 121.43939343 1.75  0.0 0.0
2015-07-01-23 53 00.266	  31.02773354 121.43939343 1.75  0.0 0.0
