2015-07-08-15 35 12.219	  0.0 0.0 0.0  0.0 0.0
2015-07-08-15 35 12.322	  0.0 0.0 0.0  0.0 0.0
2015-07-08-15 35 12.424	  0.0 0.0 0.0  0.0 0.0
2015-07-08-15 35 12.527	  0.0 0.0 0.0  0.0 0.0
2015-07-08-15 35 12.629	  0.0 0.0 0.0  0.0 0.0
2015-07-08-15 35 12.734	  0.0 0.0 0.0  0.0 0.0
2015-07-08-15 35 12.836	  0.0 0.0 0.0  0.0 0.0
2015-07-08-15 35 12.938	  0.0 0.0 0.0  0.0 0.0
2015-07-08-15 35 13.040	  0.0 0.0 0.0  0.0 0.0
2015-07-08-15 35 13.142	  0.0 0.0 0.0  0.0 0.0
2015-07-08-15 35 13.243	  0.0 0.0 0.0  0.0 0.0
2015-07-08-15 35 13.346	  0.0 0.0 0.0  0.0 0.0
2015-07-08-15 35 13.448	  0.0 0.0 0.0  0.0 0.0
2015-07-08-15 35 13.549	  0.0 0.0 0.0  0.0 0.0
2015-07-08-15 35 13.651	  0.0 0.0 0.0  0.0 0.0
2015-07-08-15 35 13.753	  0.0 0.0 0.0  0.0 0.0
2015-07-08-15 35 13.855	  0.0 0.0 0.0  0.0 0.0
2015-07-08-15 35 13.958	  0.0 0.0 0.0  0.0 0.0
2015-07-08-15 35 14.059	  31.02651534 121.43987779 1.25  0.0 0.0
2015-07-08-15 35 14.162	  31.02651534 121.43987779 1.25  0.0 0.0
2015-07-08-15 35 14.264	  31.02651534 121.43987779 1.25  0.0 0.0
2015-07-08-15 35 14.365	  31.02651534 121.43987779 1.25  0.0 0.0
2015-07-08-15 35 14.467	  31.02651534 121.43987779 1.25  0.0 0.0
2015-07-08-15 35 14.570	  31.02651534 121.43987779 1.25  0.0 0.0
2015-07-08-15 35 14.672	  31.02651534 121.43987779 1.25  0.0 0.0
2015-07-08-15 35 14.774	  31.02651534 121.43987779 1.25  0.0 0.0
2015-07-08-15 35 14.877	  31.02651534 121.43987779 1.25  0.0 0.0
2015-07-08-15 35 14.981	  31.02653151 121.43985736 1.25  0.0 0.0
2015-07-08-15 35 15.083	  31.02653151 121.43985736 1.25  0.0 0.0
2015-07-08-15 35 15.185	  31.02653151 121.43985736 1.25  0.0 0.0
2015-07-08-15 35 15.291	  31.02653151 121.43985736 1.25  0.0 0.0
2015-07-08-15 35 15.392	  31.02653151 121.43985736 1.25  0.0 0.0
2015-07-08-15 35 15.494	  31.02653151 121.43985736 1.25  0.0 0.0
2015-07-08-15 35 15.597	  31.02653151 121.43985736 1.25  0.0 0.0
2015-07-08-15 35 15.704	  31.02653151 121.43985736 1.25  0.0 0.0
2015-07-08-15 35 15.806	  31.02653151 121.43985736 1.25  0.0 0.0
2015-07-08-15 35 15.912	  31.02656066 121.43984593 1.25  0.0 0.0
2015-07-08-15 35 16.026	  31.02656066 121.43984593 1.25  0.0 0.0
2015-07-08-15 35 16.128	  31.02656066 121.43984593 1.25  0.0 0.0
2015-07-08-15 35 16.229	  31.02656066 121.43984593 1.25  0.0 0.0
2015-07-08-15 35 16.331	  31.02656066 121.43984593 1.25  0.0 0.0
2015-07-08-15 35 16.435	  31.02656066 121.43984593 1.25  0.0 0.0
2015-07-08-15 35 16.540	  31.02656066 121.43984593 1.25  0.0 0.0
2015-07-08-15 35 16.647	  31.02656066 121.43984593 1.25  0.0 0.0
2015-07-08-15 35 16.749	  31.02656066 121.43984593 1.25  0.0 0.0
2015-07-08-15 35 16.851	  31.02656066 121.43984593 1.25  0.0 0.0
2015-07-08-15 35 16.956	  31.0265835 121.43984168 1.25  0.0 0.0
2015-07-08-15 35 17.057	  31.0265835 121.43984168 1.25  0.0 0.0
2015-07-08-15 35 17.159	  31.0265835 121.43984168 1.25  0.0 0.0
2015-07-08-15 35 17.261	  31.0265835 121.43984168 1.25  0.0 0.0
2015-07-08-15 35 17.364	  31.0265835 121.43984168 1.25  0.0 0.0
2015-07-08-15 35 17.472	  31.0265835 121.43984168 1.25  0.0 0.0
2015-07-08-15 35 17.573	  31.0265835 121.43984168 1.25  0.0 0.0
2015-07-08-15 35 17.674	  31.0265835 121.43984168 1.25  0.0 0.0
2015-07-08-15 35 17.776	  31.0265835 121.43984168 1.25  0.0 0.0
2015-07-08-15 35 17.878	  31.0265835 121.43984168 1.25  0.0 0.0
2015-07-08-15 35 17.981	  31.0265835 121.43984168 1.25  0.0 0.0
2015-07-08-15 35 18.086	  31.02660509 121.43983779 1.25  0.0 0.0
2015-07-08-15 35 18.189	  31.02660509 121.43983779 1.25  0.0 0.0
2015-07-08-15 35 18.292	  31.02660509 121.43983779 1.25  0.0 0.0
2015-07-08-15 35 18.393	  31.02660509 121.43983779 1.25  0.0 0.0
2015-07-08-15 35 18.504	  31.02660509 121.43983779 1.25  0.0 0.0
2015-07-08-15 35 18.606	  31.02660509 121.43983779 1.25  0.0 0.0
2015-07-08-15 35 18.707	  31.02660509 121.43983779 1.25  0.0 0.0
2015-07-08-15 35 18.810	  31.02660509 121.43983779 1.25  0.0 0.0
2015-07-08-15 35 18.912	  31.02660509 121.43983779 1.25  0.0 0.0
2015-07-08-15 35 19.014	  31.02660509 121.43983779 1.25  0.0 0.0
2015-07-08-15 35 19.117	  31.02660509 121.43983779 1.25  0.0 0.0
2015-07-08-15 35 19.218	  31.02660509 121.43983779 1.25  0.0 0.0
2015-07-08-15 35 19.319	  31.02660509 121.43983779 1.25  0.0 0.0
2015-07-08-15 35 19.421	  31.02660509 121.43983779 1.25  0.0 0.0
2015-07-08-15 35 19.523	  31.02660509 121.43983779 1.25  0.0 0.0
2015-07-08-15 35 19.625	  31.02660509 121.43983779 1.25  0.0 0.0
2015-07-08-15 35 19.727	  31.02660509 121.43983779 1.25  0.0 0.0
2015-07-08-15 35 19.830	  31.02660509 121.43983779 1.25  0.0 0.0
2015-07-08-15 35 19.933	  31.02660509 121.43983779 1.25  0.0 0.0
2015-07-08-15 35 20.038	  31.02660509 121.43983779 1.25  0.0 0.0
2015-07-08-15 35 20.142	  31.02663631 121.43982928 1.25  0.0 0.0
2015-07-08-15 35 20.245	  31.02663631 121.43982928 1.25  0.0 0.0
2015-07-08-15 35 20.346	  31.02663631 121.43982928 1.25  0.0 0.0
2015-07-08-15 35 20.452	  31.02663631 121.43982928 1.25  0.0 0.0
2015-07-08-15 35 20.554	  31.02663631 121.43982928 1.25  0.0 0.0
2015-07-08-15 35 20.656	  31.02663631 121.43982928 1.25  0.0 0.0
2015-07-08-15 35 20.760	  31.02663631 121.43982928 1.25  0.0 0.0
2015-07-08-15 35 20.864	  31.02663631 121.43982928 1.25  0.0 0.0
2015-07-08-15 35 20.969	  31.02663631 121.43982928 1.25  0.0 0.0
2015-07-08-15 35 21.079	  31.02663631 121.43982928 1.25  0.0 0.0
2015-07-08-15 35 21.180	  31.02663631 121.43982928 1.25  0.0 0.0
2015-07-08-15 35 21.282	  31.02663631 121.43982928 1.25  0.0 0.0
2015-07-08-15 35 21.384	  31.02663631 121.43982928 1.25  0.0 0.0
2015-07-08-15 35 21.491	  31.02663631 121.43982928 1.25  0.0 0.0
2015-07-08-15 35 21.597	  31.02663631 121.43982928 1.25  0.0 0.0
2015-07-08-15 35 21.701	  31.02663631 121.43982928 1.25  0.0 0.0
2015-07-08-15 35 21.803	  31.02663631 121.43982928 1.25  0.0 0.0
2015-07-08-15 35 21.904	  31.02663631 121.43982928 1.25  0.0 0.0
2015-07-08-15 35 22.007	  31.02666495 121.43982041 1.25  0.0 0.0
2015-07-08-15 35 22.122	  31.02666495 121.43982041 1.25  0.0 0.0
2015-07-08-15 35 22.225	  31.02666495 121.43982041 1.25  0.0 0.0
2015-07-08-15 35 22.327	  31.02666495 121.43982041 1.25  0.0 0.0
2015-07-08-15 35 22.432	  31.02666495 121.43982041 1.25  0.0 0.0
2015-07-08-15 35 22.537	  31.02666495 121.43982041 1.25  0.0 0.0
2015-07-08-15 35 22.650	  31.02666495 121.43982041 1.25  0.0 0.0
2015-07-08-15 35 22.752	  31.02666495 121.43982041 1.25  0.0 0.0
2015-07-08-15 35 22.857	  31.02666495 121.43982041 1.25  0.0 0.0
2015-07-08-15 35 22.964	  31.02666495 121.43982041 1.25  0.0 0.0
2015-07-08-15 35 23.107	  31.02666495 121.43982041 1.25  0.0 0.0
2015-07-08-15 35 23.212	  31.02666495 121.43982041 1.25  0.0 0.0
2015-07-08-15 35 23.313	  31.02666495 121.43982041 1.25  0.0 0.0
2015-07-08-15 35 23.416	  31.02666495 121.43982041 1.25  0.0 0.0
2015-07-08-15 35 23.522	  31.02666495 121.43982041 1.25  0.0 0.0
2015-07-08-15 35 23.626	  31.02666495 121.43982041 1.25  0.0 0.0
2015-07-08-15 35 23.741	  31.02666495 121.43982041 1.25  0.0 0.0
2015-07-08-15 35 23.843	  31.02666495 121.43982041 1.25  0.0 0.0
2015-07-08-15 35 23.945	  31.02669303 121.43981419 1.25  0.0 0.0
2015-07-08-15 35 24.049	  31.02669303 121.43981419 1.25  0.0 0.0
2015-07-08-15 35 24.154	  31.02669303 121.43981419 1.25  0.0 0.0
2015-07-08-15 35 24.259	  31.02669303 121.43981419 1.25  0.0 0.0
2015-07-08-15 35 24.361	  31.02669303 121.43981419 1.25  0.0 0.0
2015-07-08-15 35 24.468	  31.02669303 121.43981419 1.25  0.0 0.0
2015-07-08-15 35 24.574	  31.02669303 121.43981419 1.25  0.0 0.0
2015-07-08-15 35 24.684	  31.02669303 121.43981419 1.25  0.0 0.0
2015-07-08-15 35 24.795	  31.02669303 121.43981419 1.25  0.0 0.0
2015-07-08-15 35 24.896	  31.02669303 121.43981419 1.25  0.0 0.0
2015-07-08-15 35 25.000	  31.02669303 121.43981419 1.25  0.0 0.0
2015-07-08-15 35 25.102	  31.02669303 121.43981419 1.25  0.0 0.0
2015-07-08-15 35 25.208	  31.02669303 121.43981419 1.25  0.0 0.0
2015-07-08-15 35 25.324	  31.02669303 121.43981419 1.25  0.0 0.0
2015-07-08-15 35 25.426	  31.02669303 121.43981419 1.25  0.0 0.0
2015-07-08-15 35 25.529	  31.02669303 121.43981419 1.25  0.0 0.0
2015-07-08-15 35 25.631	  31.02669303 121.43981419 1.25  0.0 0.0
2015-07-08-15 35 25.737	  31.02669303 121.43981419 1.25  0.0 0.0
2015-07-08-15 35 25.848	  31.02669303 121.43981419 1.25  0.0 0.0
2015-07-08-15 35 25.949	  31.02671919 121.4398111 1.25  0.0 0.0
2015-07-08-15 35 26.069	  31.02671919 121.4398111 1.25  0.0 0.0
2015-07-08-15 35 26.175	  31.02671919 121.4398111 1.25  0.0 0.0
2015-07-08-15 35 26.283	  31.02671919 121.4398111 1.25  0.0 0.0
2015-07-08-15 35 26.392	  31.02671919 121.4398111 1.25  0.0 0.0
2015-07-08-15 35 26.494	  31.02671919 121.4398111 1.25  0.0 0.0
2015-07-08-15 35 26.598	  31.02671919 121.4398111 1.25  0.0 0.0
2015-07-08-15 35 26.703	  31.02671919 121.4398111 1.25  0.0 0.0
2015-07-08-15 35 26.805	  31.02671919 121.4398111 1.25  0.0 0.0
2015-07-08-15 35 26.907	  31.02671919 121.4398111 1.25  0.0 0.0
2015-07-08-15 35 27.009	  31.02671919 121.4398111 1.25  0.0 0.0
2015-07-08-15 35 27.114	  31.02671919 121.4398111 1.25  0.0 0.0
2015-07-08-15 35 27.219	  31.02671919 121.4398111 1.25  0.0 0.0
2015-07-08-15 35 27.320	  31.02671919 121.4398111 1.25  0.0 0.0
2015-07-08-15 35 27.422	  31.02671919 121.4398111 1.25  0.0 0.0
2015-07-08-15 35 27.524	  31.02671919 121.4398111 1.25  0.0 0.0
2015-07-08-15 35 27.626	  31.02671919 121.4398111 1.25  0.0 0.0
2015-07-08-15 35 27.728	  31.02671919 121.4398111 1.25  0.0 0.0
2015-07-08-15 35 27.830	  31.02671919 121.4398111 1.25  0.0 0.0
2015-07-08-15 35 27.935	  31.02671919 121.4398111 1.25  0.0 0.0
2015-07-08-15 35 28.037	  31.02671919 121.4398111 1.25  0.0 0.0
2015-07-08-15 35 28.139	  31.02674307 121.43980995 1.25  0.0 0.0
2015-07-08-15 35 28.241	  31.02674307 121.43980995 1.25  0.0 0.0
2015-07-08-15 35 28.347	  31.02674307 121.43980995 1.25  0.0 0.0
2015-07-08-15 35 28.452	  31.02674307 121.43980995 1.25  0.0 0.0
2015-07-08-15 35 28.561	  31.02674307 121.43980995 1.25  0.0 0.0
2015-07-08-15 35 28.667	  31.02674307 121.43980995 1.25  0.0 0.0
2015-07-08-15 35 28.776	  31.02674307 121.43980995 1.25  0.0 0.0
2015-07-08-15 35 28.878	  31.02674307 121.43980995 1.25  0.0 0.0
2015-07-08-15 35 28.982	  31.02674307 121.43980995 1.25  0.0 0.0
2015-07-08-15 35 29.090	  31.02674307 121.43980995 1.25  0.0 0.0
2015-07-08-15 35 29.198	  31.02674307 121.43980995 1.25  0.0 0.0
2015-07-08-15 35 29.300	  31.02674307 121.43980995 1.25  0.0 0.0
2015-07-08-15 35 29.403	  31.02674307 121.43980995 1.25  0.0 0.0
2015-07-08-15 35 29.509	  31.02674307 121.43980995 1.25  0.0 0.0
2015-07-08-15 35 29.618	  31.02674307 121.43980995 1.25  0.0 0.0
2015-07-08-15 35 29.720	  31.02674307 121.43980995 1.25  0.0 0.0
2015-07-08-15 35 29.823	  31.02674307 121.43980995 1.25  0.0 0.0
2015-07-08-15 35 29.931	  31.02674307 121.43980995 1.25  0.0 0.0
2015-07-08-15 35 30.044	  31.02676606 121.4398032 1.25  0.0 0.0
2015-07-08-15 35 30.146	  31.02676606 121.4398032 1.25  0.0 0.0
2015-07-08-15 35 30.247	  31.02676606 121.4398032 1.25  0.0 0.0
2015-07-08-15 35 30.353	  31.02676606 121.4398032 1.25  0.0 0.0
2015-07-08-15 35 30.465	  31.02676606 121.4398032 1.25  0.0 0.0
2015-07-08-15 35 30.567	  31.02676606 121.4398032 1.25  0.0 0.0
2015-07-08-15 35 30.669	  31.02676606 121.4398032 1.25  0.0 0.0
2015-07-08-15 35 30.771	  31.02676606 121.4398032 1.25  0.0 0.0
2015-07-08-15 35 30.878	  31.02676606 121.4398032 1.25  0.0 0.0
2015-07-08-15 35 30.985	  31.02676606 121.4398032 1.25  0.0 0.0
2015-07-08-15 35 31.093	  31.02676606 121.4398032 1.25  0.0 0.0
2015-07-08-15 35 31.195	  31.02676606 121.4398032 1.25  0.0 0.0
2015-07-08-15 35 31.304	  31.02676606 121.4398032 1.25  0.0 0.0
2015-07-08-15 35 31.407	  31.02676606 121.4398032 1.25  0.0 0.0
2015-07-08-15 35 31.510	  31.02676606 121.4398032 1.25  0.0 0.0
2015-07-08-15 35 31.612	  31.02676606 121.4398032 1.25  0.0 0.0
2015-07-08-15 35 31.718	  31.02676606 121.4398032 1.25  0.0 0.0
2015-07-08-15 35 31.820	  31.02676606 121.4398032 1.25  0.0 0.0
2015-07-08-15 35 31.927	  31.02678999 121.43979252 1.25  0.0 0.0
2015-07-08-15 35 32.065	  31.02678999 121.43979252 1.25  0.0 0.0
2015-07-08-15 35 32.167	  31.02678999 121.43979252 1.25  0.0 0.0
2015-07-08-15 35 32.269	  31.02678999 121.43979252 1.25  0.0 0.0
2015-07-08-15 35 32.374	  31.02678999 121.43979252 1.25  0.0 0.0
2015-07-08-15 35 32.480	  31.02678999 121.43979252 1.25  0.0 0.0
2015-07-08-15 35 32.596	  31.02678999 121.43979252 1.25  0.0 0.0
2015-07-08-15 35 32.699	  31.02678999 121.43979252 1.25  0.0 0.0
2015-07-08-15 35 32.804	  31.02678999 121.43979252 1.25  0.0 0.0
2015-07-08-15 35 32.906	  31.02678999 121.43979252 1.25  0.0 0.0
2015-07-08-15 35 33.008	  31.02678999 121.43979252 1.25  0.0 0.0
2015-07-08-15 35 33.111	  31.02678999 121.43979252 1.25  0.0 0.0
2015-07-08-15 35 33.224	  31.02678999 121.43979252 1.25  0.0 0.0
2015-07-08-15 35 33.325	  31.02678999 121.43979252 1.25  0.0 0.0
2015-07-08-15 35 33.427	  31.02678999 121.43979252 1.25  0.0 0.0
2015-07-08-15 35 33.530	  31.02678999 121.43979252 1.25  0.0 0.0
2015-07-08-15 35 33.640	  31.02678999 121.43979252 1.25  0.0 0.0
2015-07-08-15 35 33.741	  31.02678999 121.43979252 1.25  0.0 0.0
2015-07-08-15 35 33.844	  31.02678999 121.43979252 1.25  0.0 0.0
2015-07-08-15 35 33.948	  31.02678999 121.43979252 1.25  0.0 0.0
2015-07-08-15 35 34.055	  31.0268126 121.43978224 1.25  0.0 0.0
2015-07-08-15 35 34.157	  31.0268126 121.43978224 1.25  0.0 0.0
2015-07-08-15 35 34.259	  31.0268126 121.43978224 1.25  0.0 0.0
2015-07-08-15 35 34.363	  31.0268126 121.43978224 1.25  0.0 0.0
2015-07-08-15 35 34.469	  31.0268126 121.43978224 1.25  0.0 0.0
2015-07-08-15 35 34.576	  31.0268126 121.43978224 1.25  0.0 0.0
2015-07-08-15 35 34.698	  31.0268126 121.43978224 1.25  0.0 0.0
2015-07-08-15 35 34.800	  31.0268126 121.43978224 1.25  0.0 0.0
2015-07-08-15 35 34.901	  31.0268126 121.43978224 1.25  0.0 0.0
2015-07-08-15 35 35.006	  31.0268126 121.43978224 1.25  0.0 0.0
2015-07-08-15 35 35.109	  31.0268126 121.43978224 1.25  0.0 0.0
2015-07-08-15 35 35.215	  31.0268126 121.43978224 1.25  0.0 0.0
2015-07-08-15 35 35.320	  31.0268126 121.43978224 1.25  0.0 0.0
2015-07-08-15 35 35.422	  31.0268126 121.43978224 1.25  0.0 0.0
2015-07-08-15 35 35.525	  31.0268126 121.43978224 1.25  0.0 0.0
2015-07-08-15 35 35.639	  31.0268126 121.43978224 1.25  0.0 0.0
2015-07-08-15 35 35.740	  31.0268126 121.43978224 1.25  0.0 0.0
2015-07-08-15 35 35.841	  31.0268126 121.43978224 1.25  0.0 0.0
2015-07-08-15 35 35.943	  31.0268126 121.43978224 1.25  0.0 0.0
2015-07-08-15 35 36.044	  31.0268126 121.43978224 1.25  0.0 0.0
2015-07-08-15 35 36.145	  31.0268342 121.4397716 1.25  0.0 0.0
2015-07-08-15 35 36.249	  31.0268342 121.4397716 1.25  0.0 0.0
2015-07-08-15 35 36.351	  31.0268342 121.4397716 1.25  0.0 0.0
2015-07-08-15 35 36.453	  31.0268342 121.4397716 1.25  0.0 0.0
2015-07-08-15 35 36.565	  31.0268342 121.4397716 1.25  0.0 0.0
2015-07-08-15 35 36.668	  31.0268342 121.4397716 1.25  0.0 0.0
2015-07-08-15 35 36.770	  31.0268342 121.4397716 1.25  0.0 0.0
2015-07-08-15 35 36.873	  31.0268342 121.4397716 1.25  0.0 0.0
2015-07-08-15 35 36.977	  31.0268342 121.4397716 1.25  0.0 0.0
2015-07-08-15 35 37.084	  31.0268342 121.4397716 1.25  0.0 0.0
2015-07-08-15 35 37.186	  31.0268342 121.4397716 1.25  0.0 0.0
2015-07-08-15 35 37.288	  31.0268342 121.4397716 1.25  0.0 0.0
2015-07-08-15 35 37.390	  31.0268342 121.4397716 1.25  0.0 0.0
2015-07-08-15 35 37.493	  31.0268342 121.4397716 1.25  0.0 0.0
2015-07-08-15 35 37.595	  31.0268342 121.4397716 1.25  0.0 0.0
2015-07-08-15 35 37.697	  31.0268342 121.4397716 1.25  0.0 0.0
2015-07-08-15 35 37.805	  31.0268342 121.4397716 1.25  0.0 0.0
2015-07-08-15 35 37.914	  31.0268342 121.4397716 1.25  0.0 0.0
2015-07-08-15 35 38.018	  31.02685499 121.43976171 1.25  0.0 0.0
2015-07-08-15 35 38.119	  31.02685499 121.43976171 1.25  0.0 0.0
2015-07-08-15 35 38.221	  31.02685499 121.43976171 1.25  0.0 0.0
2015-07-08-15 35 38.324	  31.02685499 121.43976171 1.25  0.0 0.0
2015-07-08-15 35 38.428	  31.02685499 121.43976171 1.25  0.0 0.0
2015-07-08-15 35 38.533	  31.02685499 121.43976171 1.25  0.0 0.0
2015-07-08-15 35 38.644	  31.02685499 121.43976171 1.25  0.0 0.0
2015-07-08-15 35 38.745	  31.02685499 121.43976171 1.25  0.0 0.0
2015-07-08-15 35 38.850	  31.02685499 121.43976171 1.25  0.0 0.0
2015-07-08-15 35 38.960	  31.02685499 121.43976171 1.25  0.0 0.0
2015-07-08-15 35 39.061	  31.02685499 121.43976171 1.25  0.0 0.0
2015-07-08-15 35 39.179	  31.02685499 121.43976171 1.25  0.0 0.0
2015-07-08-15 35 39.282	  31.02685499 121.43976171 1.25  0.0 0.0
2015-07-08-15 35 39.383	  31.02685499 121.43976171 1.25  0.0 0.0
2015-07-08-15 35 39.485	  31.02685499 121.43976171 1.25  0.0 0.0
2015-07-08-15 35 39.591	  31.02685499 121.43976171 1.25  0.0 0.0
2015-07-08-15 35 39.694	  31.02685499 121.43976171 1.25  0.0 0.0
2015-07-08-15 35 39.797	  31.02685499 121.43976171 1.25  0.0 0.0
2015-07-08-15 35 39.909	  31.02685499 121.43976171 1.25  0.0 0.0
2015-07-08-15 35 40.010	  31.02687541 121.43975192 1.25  0.0 0.0
2015-07-08-15 35 40.111	  31.02687541 121.43975192 1.25  0.0 0.0
2015-07-08-15 35 40.216	  31.02687541 121.43975192 1.25  0.0 0.0
2015-07-08-15 35 40.320	  31.02687541 121.43975192 1.25  0.0 0.0
2015-07-08-15 35 40.426	  31.02687541 121.43975192 1.25  0.0 0.0
2015-07-08-15 35 40.540	  31.02687541 121.43975192 1.25  0.0 0.0
2015-07-08-15 35 40.642	  31.02687541 121.43975192 1.25  0.0 0.0
2015-07-08-15 35 40.743	  31.02687541 121.43975192 1.25  0.0 0.0
2015-07-08-15 35 40.854	  31.02687541 121.43975192 1.25  0.0 0.0
2015-07-08-15 35 40.960	  31.02687541 121.43975192 1.25  0.0 0.0
2015-07-08-15 35 41.068	  31.02687541 121.43975192 1.25  0.0 0.0
2015-07-08-15 35 41.174	  31.02687541 121.43975192 1.25  0.0 0.0
2015-07-08-15 35 41.276	  31.02687541 121.43975192 1.25  0.0 0.0
2015-07-08-15 35 41.380	  31.02687541 121.43975192 1.25  0.0 0.0
2015-07-08-15 35 41.493	  31.02687541 121.43975192 1.25  0.0 0.0
2015-07-08-15 35 41.594	  31.02687541 121.43975192 1.25  0.0 0.0
2015-07-08-15 35 41.696	  31.02687541 121.43975192 1.25  0.0 0.0
2015-07-08-15 35 41.801	  31.02687541 121.43975192 1.25  0.0 0.0
2015-07-08-15 35 41.906	  31.02687541 121.43975192 1.25  0.0 0.0
2015-07-08-15 35 42.010	  31.02689579 121.4397405 1.25  0.0 0.0
2015-07-08-15 35 42.114	  31.02689579 121.4397405 1.25  0.0 0.0
2015-07-08-15 35 42.215	  31.02689579 121.4397405 1.25  0.0 0.0
2015-07-08-15 35 42.317	  31.02689579 121.4397405 1.25  0.0 0.0
2015-07-08-15 35 42.426	  31.02689579 121.4397405 1.25  0.0 0.0
2015-07-08-15 35 42.529	  31.02689579 121.4397405 1.25  0.0 0.0
2015-07-08-15 35 42.635	  31.02689579 121.4397405 1.25  0.0 0.0
2015-07-08-15 35 42.739	  31.02689579 121.4397405 1.25  0.0 0.0
2015-07-08-15 35 42.841	  31.02689579 121.4397405 1.25  0.0 0.0
2015-07-08-15 35 42.945	  31.02689579 121.4397405 1.25  0.0 0.0
2015-07-08-15 35 43.051	  31.02689579 121.4397405 1.25  0.0 0.0
2015-07-08-15 35 43.167	  31.02689579 121.4397405 1.25  0.0 0.0
2015-07-08-15 35 43.269	  31.02689579 121.4397405 1.25  0.0 0.0
2015-07-08-15 35 43.370	  31.02689579 121.4397405 1.25  0.0 0.0
2015-07-08-15 35 43.475	  31.02689579 121.4397405 1.25  0.0 0.0
2015-07-08-15 35 43.583	  31.02689579 121.4397405 1.25  0.0 0.0
2015-07-08-15 35 43.687	  31.02689579 121.4397405 1.25  0.0 0.0
2015-07-08-15 35 43.798	  31.02689579 121.4397405 1.25  0.0 0.0
2015-07-08-15 35 43.900	  31.02689579 121.4397405 1.25  0.0 0.0
2015-07-08-15 35 44.002	  31.02691639 121.43973151 1.25  0.0 0.0
2015-07-08-15 35 44.106	  31.02691639 121.43973151 1.25  0.0 0.0
2015-07-08-15 35 44.208	  31.02691639 121.43973151 1.25  0.0 0.0
2015-07-08-15 35 44.310	  31.02691639 121.43973151 1.25  0.0 0.0
2015-07-08-15 35 44.420	  31.02691639 121.43973151 1.25  0.0 0.0
2015-07-08-15 35 44.522	  31.02691639 121.43973151 1.25  0.0 0.0
2015-07-08-15 35 44.624	  31.02691639 121.43973151 1.25  0.0 0.0
2015-07-08-15 35 44.730	  31.02691639 121.43973151 1.25  0.0 0.0
2015-07-08-15 35 44.835	  31.02691639 121.43973151 1.25  0.0 0.0
2015-07-08-15 35 44.943	  31.02691639 121.43973151 1.25  0.0 0.0
2015-07-08-15 35 45.115	  31.02691639 121.43973151 1.25  0.0 0.0
2015-07-08-15 35 45.218	  31.02691639 121.43973151 1.25  0.0 0.0
2015-07-08-15 35 45.336	  31.02691639 121.43973151 1.25  0.0 0.0
2015-07-08-15 35 45.438	  31.02691639 121.43973151 1.25  0.0 0.0
2015-07-08-15 35 45.540	  31.02691639 121.43973151 1.25  0.0 0.0
2015-07-08-15 35 45.707	  31.02691639 121.43973151 1.25  0.0 0.0
2015-07-08-15 35 45.810	  31.02691639 121.43973151 1.25  0.0 0.0
2015-07-08-15 35 45.921	  31.02691639 121.43973151 1.25  0.0 0.0
2015-07-08-15 35 46.025	  31.02693802 121.43972472 1.25  0.0 0.0
2015-07-08-15 35 46.131	  31.02693802 121.43972472 1.25  0.0 0.0
2015-07-08-15 35 46.258	  31.02693802 121.43972472 1.25  0.0 0.0
2015-07-08-15 35 46.363	  31.02693802 121.43972472 1.25  0.0 0.0
2015-07-08-15 35 46.475	  31.02693802 121.43972472 1.25  0.0 0.0
2015-07-08-15 35 46.579	  31.02693802 121.43972472 1.25  0.0 0.0
2015-07-08-15 35 46.682	  31.02693802 121.43972472 1.25  0.0 0.0
2015-07-08-15 35 46.856	  31.02693802 121.43972472 1.25  0.0 0.0
2015-07-08-15 35 46.958	  31.02693802 121.43972472 1.25  0.0 0.0
2015-07-08-15 35 47.067	  31.02693802 121.43972472 1.25  0.0 0.0
2015-07-08-15 35 47.169	  31.02693802 121.43972472 1.25  0.0 0.0
2015-07-08-15 35 47.274	  31.02693802 121.43972472 1.25  0.0 0.0
2015-07-08-15 35 47.405	  31.02693802 121.43972472 1.25  0.0 0.0
2015-07-08-15 35 47.507	  31.02693802 121.43972472 1.25  0.0 0.0
2015-07-08-15 35 47.610	  31.02693802 121.43972472 1.25  0.0 0.0
2015-07-08-15 35 47.712	  31.02693802 121.43972472 1.25  0.0 0.0
2015-07-08-15 35 47.814	  31.02693802 121.43972472 1.25  0.0 0.0
2015-07-08-15 35 47.938	  31.0269612 121.43971671 1.25  0.0 0.0
2015-07-08-15 35 48.047	  31.0269612 121.43971671 1.25  0.0 0.0
2015-07-08-15 35 48.148	  31.0269612 121.43971671 1.25  0.0 0.0
2015-07-08-15 35 48.250	  31.0269612 121.43971671 1.25  0.0 0.0
2015-07-08-15 35 48.361	  31.0269612 121.43971671 1.25  0.0 0.0
2015-07-08-15 35 48.462	  31.0269612 121.43971671 1.25  0.0 0.0
2015-07-08-15 35 48.564	  31.0269612 121.43971671 1.25  0.0 0.0
2015-07-08-15 35 48.670	  31.0269612 121.43971671 1.25  0.0 0.0
2015-07-08-15 35 48.778	  31.0269612 121.43971671 1.25  0.0 0.0
2015-07-08-15 35 48.885	  31.0269612 121.43971671 1.25  0.0 0.0
2015-07-08-15 35 48.987	  31.0269612 121.43971671 1.25  0.0 0.0
2015-07-08-15 35 49.103	  31.0269612 121.43971671 1.25  0.0 0.0
2015-07-08-15 35 49.210	  31.0269612 121.43971671 1.25  0.0 0.0
2015-07-08-15 35 49.321	  31.0269612 121.43971671 1.25  0.0 0.0
2015-07-08-15 35 49.423	  31.0269612 121.43971671 1.25  0.0 0.0
2015-07-08-15 35 49.525	  31.0269612 121.43971671 1.25  0.0 0.0
2015-07-08-15 35 49.627	  31.0269612 121.43971671 1.25  0.0 0.0
2015-07-08-15 35 49.730	  31.0269612 121.43971671 1.25  0.0 0.0
2015-07-08-15 35 49.832	  31.0269612 121.43971671 1.25  0.0 0.0
2015-07-08-15 35 49.933	  31.0269612 121.43971671 1.25  0.0 0.0
2015-07-08-15 35 50.054	  31.02698341 121.43971164 1.25  0.0 0.0
2015-07-08-15 35 50.157	  31.02698341 121.43971164 1.25  0.0 0.0
2015-07-08-15 35 50.272	  31.02698341 121.43971164 1.25  0.0 0.0
2015-07-08-15 35 50.375	  31.02698341 121.43971164 1.25  0.0 0.0
2015-07-08-15 35 50.477	  31.02698341 121.43971164 1.25  0.0 0.0
2015-07-08-15 35 50.579	  31.02698341 121.43971164 1.25  0.0 0.0
2015-07-08-15 35 50.681	  31.02698341 121.43971164 1.25  0.0 0.0
2015-07-08-15 35 50.784	  31.02698341 121.43971164 1.25  0.0 0.0
2015-07-08-15 35 50.891	  31.02698341 121.43971164 1.25  0.0 0.0
2015-07-08-15 35 51.004	  31.02698341 121.43971164 1.25  0.0 0.0
2015-07-08-15 35 51.105	  31.02698341 121.43971164 1.25  0.0 0.0
2015-07-08-15 35 51.208	  31.02698341 121.43971164 1.25  0.0 0.0
2015-07-08-15 35 51.310	  31.02698341 121.43971164 1.25  0.0 0.0
2015-07-08-15 35 51.413	  31.02698341 121.43971164 1.25  0.0 0.0
2015-07-08-15 35 51.520	  31.02698341 121.43971164 1.25  0.0 0.0
2015-07-08-15 35 51.624	  31.02698341 121.43971164 1.25  0.0 0.0
2015-07-08-15 35 51.728	  31.02698341 121.43971164 1.25  0.0 0.0
2015-07-08-15 35 51.832	  31.02698341 121.43971164 1.25  0.0 0.0
2015-07-08-15 35 51.940	  31.02698341 121.43971164 1.25  0.0 0.0
2015-07-08-15 35 52.042	  31.02698341 121.43971164 1.25  0.0 0.0
2015-07-08-15 35 52.148	  31.027006 121.43970663 1.25  0.0 0.0
2015-07-08-15 35 52.252	  31.027006 121.43970663 1.25  0.0 0.0
2015-07-08-15 35 52.360	  31.027006 121.43970663 1.25  0.0 0.0
2015-07-08-15 35 52.464	  31.027006 121.43970663 1.25  0.0 0.0
2015-07-08-15 35 52.580	  31.027006 121.43970663 1.25  0.0 0.0
2015-07-08-15 35 52.682	  31.027006 121.43970663 1.25  0.0 0.0
2015-07-08-15 35 52.787	  31.027006 121.43970663 1.25  0.0 0.0
2015-07-08-15 35 52.890	  31.027006 121.43970663 1.25  0.0 0.0
2015-07-08-15 35 53.000	  31.027006 121.43970663 1.25  0.0 0.0
2015-07-08-15 35 53.105	  31.027006 121.43970663 1.25  0.0 0.0
2015-07-08-15 35 53.222	  31.027006 121.43970663 1.25  0.0 0.0
2015-07-08-15 35 53.323	  31.027006 121.43970663 1.25  0.0 0.0
2015-07-08-15 35 53.428	  31.027006 121.43970663 1.25  0.0 0.0
2015-07-08-15 35 53.531	  31.027006 121.43970663 1.25  0.0 0.0
2015-07-08-15 35 53.648	  31.027006 121.43970663 1.25  0.0 0.0
2015-07-08-15 35 53.753	  31.027006 121.43970663 1.25  0.0 0.0
2015-07-08-15 35 53.862	  31.027006 121.43970663 1.25  0.0 0.0
2015-07-08-15 35 53.965	  31.027006 121.43970663 1.25  0.0 0.0
2015-07-08-15 35 54.079	  31.02702835 121.43969787 1.25  0.0 0.0
2015-07-08-15 35 54.181	  31.02702835 121.43969787 1.25  0.0 0.0
2015-07-08-15 35 54.285	  31.02702835 121.43969787 1.25  0.0 0.0
2015-07-08-15 35 54.388	  31.02702835 121.43969787 1.25  0.0 0.0
2015-07-08-15 35 54.491	  31.02702835 121.43969787 1.25  0.0 0.0
2015-07-08-15 35 54.593	  31.02702835 121.43969787 1.25  0.0 0.0
2015-07-08-15 35 54.695	  31.02702835 121.43969787 1.25  0.0 0.0
2015-07-08-15 35 54.797	  31.02702835 121.43969787 1.25  0.0 0.0
2015-07-08-15 35 54.903	  31.02702835 121.43969787 1.25  0.0 0.0
2015-07-08-15 35 55.012	  31.02702835 121.43969787 1.25  0.0 0.0
2015-07-08-15 35 55.116	  31.02702835 121.43969787 1.25  0.0 0.0
2015-07-08-15 35 55.219	  31.02702835 121.43969787 1.25  0.0 0.0
2015-07-08-15 35 55.326	  31.02702835 121.43969787 1.25  0.0 0.0
2015-07-08-15 35 55.433	  31.02702835 121.43969787 1.25  0.0 0.0
2015-07-08-15 35 55.539	  31.02702835 121.43969787 1.25  0.0 0.0
2015-07-08-15 35 55.640	  31.02702835 121.43969787 1.25  0.0 0.0
2015-07-08-15 35 55.744	  31.02702835 121.43969787 1.25  0.0 0.0
2015-07-08-15 35 55.850	  31.02702835 121.43969787 1.25  0.0 0.0
2015-07-08-15 35 55.963	  31.02704877 121.43968603 1.25  0.0 0.0
2015-07-08-15 35 56.068	  31.02704877 121.43968603 1.25  0.0 0.0
2015-07-08-15 35 56.173	  31.02704877 121.43968603 1.25  0.0 0.0
2015-07-08-15 35 56.277	  31.02704877 121.43968603 1.25  0.0 0.0
2015-07-08-15 35 56.385	  31.02704877 121.43968603 1.25  0.0 0.0
2015-07-08-15 35 56.490	  31.02704877 121.43968603 1.25  0.0 0.0
2015-07-08-15 35 56.600	  31.02704877 121.43968603 1.25  0.0 0.0
2015-07-08-15 35 56.705	  31.02704877 121.43968603 1.25  0.0 0.0
2015-07-08-15 35 56.823	  31.02704877 121.43968603 1.25  0.0 0.0
2015-07-08-15 35 56.925	  31.02704877 121.43968603 1.25  0.0 0.0
2015-07-08-15 35 57.039	  31.02704877 121.43968603 1.25  0.0 0.0
2015-07-08-15 35 57.141	  31.02704877 121.43968603 1.25  0.0 0.0
2015-07-08-15 35 57.250	  31.02704877 121.43968603 1.25  0.0 0.0
2015-07-08-15 35 57.353	  31.02704877 121.43968603 1.25  0.0 0.0
2015-07-08-15 35 57.464	  31.02704877 121.43968603 1.25  0.0 0.0
2015-07-08-15 35 57.566	  31.02704877 121.43968603 1.25  0.0 0.0
2015-07-08-15 35 57.671	  31.02704877 121.43968603 1.25  0.0 0.0
2015-07-08-15 35 57.773	  31.02704877 121.43968603 1.25  0.0 0.0
2015-07-08-15 35 57.883	  31.02704877 121.43968603 1.25  0.0 0.0
2015-07-08-15 35 57.985	  31.02706946 121.43967496 1.25  0.0 0.0
2015-07-08-15 35 58.087	  31.02706946 121.43967496 1.25  0.0 0.0
2015-07-08-15 35 58.195	  31.02706946 121.43967496 1.25  0.0 0.0
2015-07-08-15 35 58.298	  31.02706946 121.43967496 1.25  0.0 0.0
2015-07-08-15 35 58.411	  31.02706946 121.43967496 1.25  0.0 0.0
2015-07-08-15 35 58.512	  31.02706946 121.43967496 1.25  0.0 0.0
2015-07-08-15 35 58.619	  31.02706946 121.43967496 1.25  0.0 0.0
2015-07-08-15 35 58.722	  31.02706946 121.43967496 1.25  0.0 0.0
2015-07-08-15 35 58.832	  31.02706946 121.43967496 1.25  0.0 0.0
2015-07-08-15 35 58.934	  31.02706946 121.43967496 1.25  0.0 0.0
2015-07-08-15 35 59.039	  31.02706946 121.43967496 1.25  0.0 0.0
2015-07-08-15 35 59.142	  31.02706946 121.43967496 1.25  0.0 0.0
2015-07-08-15 35 59.247	  31.02706946 121.43967496 1.25  0.0 0.0
2015-07-08-15 35 59.350	  31.02706946 121.43967496 1.25  0.0 0.0
2015-07-08-15 35 59.460	  31.02706946 121.43967496 1.25  0.0 0.0
2015-07-08-15 35 59.562	  31.02706946 121.43967496 1.25  0.0 0.0
2015-07-08-15 35 59.671	  31.02706946 121.43967496 1.25  0.0 0.0
2015-07-08-15 35 59.774	  31.02706946 121.43967496 1.25  0.0 0.0
2015-07-08-15 35 59.883	  31.02706946 121.43967496 1.25  0.0 0.0
2015-07-08-15 35 59.986	  31.02706946 121.43967496 1.25  0.0 0.0
2015-07-08-15 36 00.105	  31.02709057 121.43966437 1.25  0.0 0.0
2015-07-08-15 36 00.206	  31.02709057 121.43966437 1.25  0.0 0.0
2015-07-08-15 36 00.310	  31.02709057 121.43966437 1.25  0.0 0.0
2015-07-08-15 36 00.413	  31.02709057 121.43966437 1.25  0.0 0.0
2015-07-08-15 36 00.527	  31.02709057 121.43966437 1.25  0.0 0.0
2015-07-08-15 36 00.629	  31.02709057 121.43966437 1.25  0.0 0.0
2015-07-08-15 36 00.736	  31.02709057 121.43966437 1.25  0.0 0.0
2015-07-08-15 36 00.839	  31.02709057 121.43966437 1.25  0.0 0.0
2015-07-08-15 36 00.952	  31.02709057 121.43966437 1.25  0.0 0.0
2015-07-08-15 36 01.054	  31.02709057 121.43966437 1.25  0.0 0.0
2015-07-08-15 36 01.164	  31.02709057 121.43966437 1.25  0.0 0.0
2015-07-08-15 36 01.267	  31.02709057 121.43966437 1.25  0.0 0.0
2015-07-08-15 36 01.375	  31.02709057 121.43966437 1.25  0.0 0.0
2015-07-08-15 36 01.480	  31.02709057 121.43966437 1.25  0.0 0.0
2015-07-08-15 36 01.588	  31.02709057 121.43966437 1.25  0.0 0.0
2015-07-08-15 36 01.691	  31.02709057 121.43966437 1.25  0.0 0.0
2015-07-08-15 36 01.801	  31.02709057 121.43966437 1.25  0.0 0.0
2015-07-08-15 36 01.903	  31.02709057 121.43966437 1.25  0.0 0.0
2015-07-08-15 36 02.009	  31.02711275 121.43965421 1.25  0.0 0.0
2015-07-08-15 36 02.115	  31.02711275 121.43965421 1.25  0.0 0.0
2015-07-08-15 36 02.221	  31.02711275 121.43965421 1.25  0.0 0.0
2015-07-08-15 36 02.327	  31.02711275 121.43965421 1.25  0.0 0.0
2015-07-08-15 36 02.436	  31.02711275 121.43965421 1.25  0.0 0.0
2015-07-08-15 36 02.539	  31.02711275 121.43965421 1.25  0.0 0.0
2015-07-08-15 36 02.650	  31.02711275 121.43965421 1.25  0.0 0.0
2015-07-08-15 36 02.757	  31.02711275 121.43965421 1.25  0.0 0.0
2015-07-08-15 36 02.867	  31.02711275 121.43965421 1.25  0.0 0.0
2015-07-08-15 36 02.975	  31.02711275 121.43965421 1.25  0.0 0.0
2015-07-08-15 36 03.111	  31.02711275 121.43965421 1.25  0.0 0.0
2015-07-08-15 36 03.216	  31.02711275 121.43965421 1.25  0.0 0.0
2015-07-08-15 36 03.318	  31.02711275 121.43965421 1.25  0.0 0.0
2015-07-08-15 36 03.432	  31.02711275 121.43965421 1.25  0.0 0.0
2015-07-08-15 36 03.534	  31.02711275 121.43965421 1.25  0.0 0.0
2015-07-08-15 36 03.640	  31.02711275 121.43965421 1.25  0.0 0.0
2015-07-08-15 36 03.743	  31.02711275 121.43965421 1.25  0.0 0.0
2015-07-08-15 36 03.853	  31.02711275 121.43965421 1.25  0.0 0.0
2015-07-08-15 36 03.954	  31.02713447 121.43964446 1.25  0.0 0.0
2015-07-08-15 36 04.063	  31.02713447 121.43964446 1.25  0.0 0.0
2015-07-08-15 36 04.168	  31.02713447 121.43964446 1.25  0.0 0.0
2015-07-08-15 36 04.281	  31.02713447 121.43964446 1.25  0.0 0.0
2015-07-08-15 36 04.386	  31.02713447 121.43964446 1.25  0.0 0.0
2015-07-08-15 36 04.497	  31.02713447 121.43964446 1.25  0.0 0.0
2015-07-08-15 36 04.599	  31.02713447 121.43964446 1.25  0.0 0.0
2015-07-08-15 36 04.706	  31.02713447 121.43964446 1.25  0.0 0.0
2015-07-08-15 36 04.808	  31.02713447 121.43964446 1.25  0.0 0.0
2015-07-08-15 36 04.916	  31.02713447 121.43964446 1.25  0.0 0.0
2015-07-08-15 36 05.055	  31.02713447 121.43964446 1.25  0.0 0.0
2015-07-08-15 36 05.174	  31.02713447 121.43964446 1.25  0.0 0.0
2015-07-08-15 36 05.276	  31.02713447 121.43964446 1.25  0.0 0.0
2015-07-08-15 36 05.407	  31.02713447 121.43964446 1.25  0.0 0.0
2015-07-08-15 36 05.512	  31.02713447 121.43964446 1.25  0.0 0.0
2015-07-08-15 36 05.617	  31.02713447 121.43964446 1.25  0.0 0.0
2015-07-08-15 36 05.765	  31.02713447 121.43964446 1.25  0.0 0.0
2015-07-08-15 36 05.867	  31.02713447 121.43964446 1.25  0.0 0.0
2015-07-08-15 36 06.015	  31.02715566 121.43963236 1.25  0.0 0.0
2015-07-08-15 36 06.117	  31.02715566 121.43963236 1.25  0.0 0.0
2015-07-08-15 36 06.222	  31.02715566 121.43963236 1.25  0.0 0.0
2015-07-08-15 36 06.331	  31.02715566 121.43963236 1.25  0.0 0.0
2015-07-08-15 36 06.433	  31.02715566 121.43963236 1.25  0.0 0.0
2015-07-08-15 36 06.561	  31.02715566 121.43963236 1.25  0.0 0.0
2015-07-08-15 36 06.666	  31.02715566 121.43963236 1.25  0.0 0.0
2015-07-08-15 36 06.818	  31.02715566 121.43963236 1.25  0.0 0.0
2015-07-08-15 36 06.923	  31.02715566 121.43963236 1.25  0.0 0.0
2015-07-08-15 36 07.106	  31.02715566 121.43963236 1.25  0.0 0.0
2015-07-08-15 36 07.212	  31.02715566 121.43963236 1.25  0.0 0.0
2015-07-08-15 36 07.355	  31.02715566 121.43963236 1.25  0.0 0.0
2015-07-08-15 36 07.460	  31.02715566 121.43963236 1.25  0.0 0.0
2015-07-08-15 36 07.565	  31.02715566 121.43963236 1.25  0.0 0.0
2015-07-08-15 36 07.718	  31.02715566 121.43963236 1.25  0.0 0.0
2015-07-08-15 36 07.819	  31.02715566 121.43963236 1.25  0.0 0.0
2015-07-08-15 36 07.968	  31.02715566 121.43963236 1.25  0.0 0.0
2015-07-08-15 36 08.077	  31.02715566 121.43963236 1.25  0.0 0.0
2015-07-08-15 36 08.182	  31.02717611 121.43961899 1.25  0.0 0.0
2015-07-08-15 36 08.283	  31.02717611 121.43961899 1.25  0.0 0.0
2015-07-08-15 36 08.426	  31.02717611 121.43961899 1.25  0.0 0.0
2015-07-08-15 36 08.532	  31.02717611 121.43961899 1.25  0.0 0.0
2015-07-08-15 36 08.704	  31.02717611 121.43961899 1.25  0.0 0.0
2015-07-08-15 36 08.810	  31.02717611 121.43961899 1.25  0.0 0.0
2015-07-08-15 36 08.918	  31.02717611 121.43961899 1.25  0.0 0.0
2015-07-08-15 36 09.085	  31.02717611 121.43961899 1.25  0.0 0.0
2015-07-08-15 36 09.189	  31.02717611 121.43961899 1.25  0.0 0.0
2015-07-08-15 36 09.334	  31.02717611 121.43961899 1.25  0.0 0.0
2015-07-08-15 36 09.437	  31.02717611 121.43961899 1.25  0.0 0.0
2015-07-08-15 36 09.544	  31.02717611 121.43961899 1.25  0.0 0.0
2015-07-08-15 36 09.709	  31.02717611 121.43961899 1.25  0.0 0.0
2015-07-08-15 36 09.811	  31.02717611 121.43961899 1.25  0.0 0.0
2015-07-08-15 36 09.959	  31.02717611 121.43961899 1.25  0.0 0.0
2015-07-08-15 36 10.061	  31.02719654 121.4396076 1.25  0.0 0.0
2015-07-08-15 36 10.163	  31.02719654 121.4396076 1.25  0.0 0.0
2015-07-08-15 36 10.330	  31.02719654 121.4396076 1.25  0.0 0.0
2015-07-08-15 36 10.432	  31.02719654 121.4396076 1.25  0.0 0.0
2015-07-08-15 36 10.561	  31.02719654 121.4396076 1.25  0.0 0.0
2015-07-08-15 36 10.670	  31.02719654 121.4396076 1.25  0.0 0.0
2015-07-08-15 36 10.772	  31.02719654 121.4396076 1.25  0.0 0.0
2015-07-08-15 36 10.914	  31.02719654 121.4396076 1.25  0.0 0.0
2015-07-08-15 36 11.016	  31.02719654 121.4396076 1.25  0.0 0.0
2015-07-08-15 36 11.134	  31.02719654 121.4396076 1.25  0.0 0.0
2015-07-08-15 36 11.246	  31.02719654 121.4396076 1.25  0.0 0.0
2015-07-08-15 36 11.347	  31.02719654 121.4396076 1.25  0.0 0.0
2015-07-08-15 36 11.463	  31.02719654 121.4396076 1.25  0.0 0.0
2015-07-08-15 36 11.566	  31.02719654 121.4396076 1.25  0.0 0.0
2015-07-08-15 36 11.679	  31.02719654 121.4396076 1.25  0.0 0.0
2015-07-08-15 36 11.787	  31.02719654 121.4396076 1.25  0.0 0.0
2015-07-08-15 36 11.891	  31.02719654 121.4396076 1.25  0.0 0.0
2015-07-08-15 36 12.077	  31.02721729 121.43959742 1.25  0.0 0.0
2015-07-08-15 36 12.179	  31.02721729 121.43959742 1.25  0.0 0.0
2015-07-08-15 36 12.294	  31.02721729 121.43959742 1.25  0.0 0.0
2015-07-08-15 36 12.399	  31.02721729 121.43959742 1.25  0.0 0.0
2015-07-08-15 36 12.504	  31.02721729 121.43959742 1.25  0.0 0.0
2015-07-08-15 36 12.659	  31.02721729 121.43959742 1.25  0.0 0.0
2015-07-08-15 36 12.761	  31.02721729 121.43959742 1.25  0.0 0.0
2015-07-08-15 36 12.865	  31.02721729 121.43959742 1.25  0.0 0.0
2015-07-08-15 36 13.006	  31.02721729 121.43959742 1.25  0.0 0.0
2015-07-08-15 36 13.108	  31.02721729 121.43959742 1.25  0.0 0.0
2015-07-08-15 36 13.218	  31.02721729 121.43959742 1.25  0.0 0.0
2015-07-08-15 36 13.320	  31.02721729 121.43959742 1.25  0.0 0.0
2015-07-08-15 36 13.470	  31.02721729 121.43959742 1.25  0.0 0.0
2015-07-08-15 36 13.573	  31.02721729 121.43959742 1.25  0.0 0.0
2015-07-08-15 36 13.675	  31.02721729 121.43959742 1.25  0.0 0.0
2015-07-08-15 36 13.826	  31.02721729 121.43959742 1.25  0.0 0.0
2015-07-08-15 36 13.930	  31.02723898 121.43958906 1.25  0.0 0.0
2015-07-08-15 36 14.058	  31.02723898 121.43958906 1.25  0.0 0.0
2015-07-08-15 36 14.163	  31.02723898 121.43958906 1.25  0.0 0.0
2015-07-08-15 36 14.265	  31.02723898 121.43958906 1.25  0.0 0.0
2015-07-08-15 36 14.410	  31.02723898 121.43958906 1.25  0.0 0.0
2015-07-08-15 36 14.514	  31.02723898 121.43958906 1.25  0.0 0.0
2015-07-08-15 36 14.617	  31.02723898 121.43958906 1.25  0.0 0.0
2015-07-08-15 36 14.793	  31.02723898 121.43958906 1.25  0.0 0.0
2015-07-08-15 36 14.898	  31.02723898 121.43958906 1.25  0.0 0.0
2015-07-08-15 36 15.003	  31.02723898 121.43958906 1.25  0.0 0.0
2015-07-08-15 36 15.161	  31.02723898 121.43958906 1.25  0.0 0.0
2015-07-08-15 36 15.262	  31.02723898 121.43958906 1.25  0.0 0.0
2015-07-08-15 36 15.364	  31.02723898 121.43958906 1.25  0.0 0.0
2015-07-08-15 36 15.525	  31.02723898 121.43958906 1.25  0.0 0.0
2015-07-08-15 36 15.629	  31.02723898 121.43958906 1.25  0.0 0.0
2015-07-08-15 36 15.735	  31.02723898 121.43958906 1.25  0.0 0.0
2015-07-08-15 36 15.896	  31.02723898 121.43958906 1.25  0.0 0.0
2015-07-08-15 36 16.002	  31.02723898 121.43958906 1.25  0.0 0.0
2015-07-08-15 36 16.108	  31.02726201 121.43958161 1.25  0.0 0.0
2015-07-08-15 36 16.273	  31.02726201 121.43958161 1.25  0.0 0.0
2015-07-08-15 36 16.377	  31.02726201 121.43958161 1.25  0.0 0.0
2015-07-08-15 36 16.479	  31.02726201 121.43958161 1.25  0.0 0.0
2015-07-08-15 36 16.650	  31.02726201 121.43958161 1.25  0.0 0.0
2015-07-08-15 36 16.752	  31.02726201 121.43958161 1.25  0.0 0.0
2015-07-08-15 36 16.875	  31.02726201 121.43958161 1.25  0.0 0.0
2015-07-08-15 36 16.985	  31.02726201 121.43958161 1.25  0.0 0.0
2015-07-08-15 36 17.093	  31.02726201 121.43958161 1.25  0.0 0.0
2015-07-08-15 36 17.221	  31.02726201 121.43958161 1.25  0.0 0.0
2015-07-08-15 36 17.326	  31.02726201 121.43958161 1.25  0.0 0.0
2015-07-08-15 36 17.430	  31.02726201 121.43958161 1.25  0.0 0.0
2015-07-08-15 36 17.605	  31.02726201 121.43958161 1.25  0.0 0.0
2015-07-08-15 36 17.712	  31.02726201 121.43958161 1.25  0.0 0.0
2015-07-08-15 36 17.817	  31.02726201 121.43958161 1.25  0.0 0.0
2015-07-08-15 36 17.959	  31.02726201 121.43958161 1.25  0.0 0.0
2015-07-08-15 36 18.063	  31.02728483 121.43957454 1.25  0.0 0.0
2015-07-08-15 36 18.164	  31.02728483 121.43957454 1.25  0.0 0.0
2015-07-08-15 36 18.285	  31.02728483 121.43957454 1.25  0.0 0.0
2015-07-08-15 36 18.387	  31.02728483 121.43957454 1.25  0.0 0.0
2015-07-08-15 36 18.542	  31.02728483 121.43957454 1.25  0.0 0.0
2015-07-08-15 36 18.652	  31.02728483 121.43957454 1.25  0.0 0.0
2015-07-08-15 36 18.755	  31.02728483 121.43957454 1.25  0.0 0.0
2015-07-08-15 36 18.909	  31.02728483 121.43957454 1.25  0.0 0.0
2015-07-08-15 36 19.019	  31.02728483 121.43957454 1.25  0.0 0.0
2015-07-08-15 36 19.120	  31.02728483 121.43957454 1.25  0.0 0.0
2015-07-08-15 36 19.252	  31.02728483 121.43957454 1.25  0.0 0.0
2015-07-08-15 36 19.360	  31.02728483 121.43957454 1.25  0.0 0.0
2015-07-08-15 36 19.462	  31.02728483 121.43957454 1.25  0.0 0.0
2015-07-08-15 36 19.603	  31.02728483 121.43957454 1.25  0.0 0.0
2015-07-08-15 36 19.761	  31.02728483 121.43957454 1.25  0.0 0.0
2015-07-08-15 36 19.862	  31.02728483 121.43957454 1.25  0.0 0.0
2015-07-08-15 36 19.966	  31.0273069 121.43956749 1.25  0.0 0.0
2015-07-08-15 36 20.109	  31.0273069 121.43956749 1.25  0.0 0.0
2015-07-08-15 36 20.244	  31.0273069 121.43956749 1.25  0.0 0.0
2015-07-08-15 36 20.360	  31.0273069 121.43956749 1.25  0.0 0.0
2015-07-08-15 36 20.462	  31.0273069 121.43956749 1.25  0.0 0.0
2015-07-08-15 36 20.596	  31.0273069 121.43956749 1.25  0.0 0.0
2015-07-08-15 36 20.713	  31.0273069 121.43956749 1.25  0.0 0.0
2015-07-08-15 36 20.822	  31.0273069 121.43956749 1.25  0.0 0.0
2015-07-08-15 36 20.925	  31.0273069 121.43956749 1.25  0.0 0.0
2015-07-08-15 36 21.109	  31.0273069 121.43956749 1.25  0.0 0.0
2015-07-08-15 36 21.250	  31.0273069 121.43956749 1.25  0.0 0.0
2015-07-08-15 36 21.352	  31.0273069 121.43956749 1.25  0.0 0.0
2015-07-08-15 36 21.457	  31.0273069 121.43956749 1.25  0.0 0.0
2015-07-08-15 36 21.614	  31.0273069 121.43956749 1.25  0.0 0.0
2015-07-08-15 36 21.730	  31.0273069 121.43956749 1.25  0.0 0.0
2015-07-08-15 36 21.833	  31.0273069 121.43956749 1.25  0.0 0.0
2015-07-08-15 36 21.937	  31.02732754 121.43955965 1.25  0.0 0.0
2015-07-08-15 36 22.073	  31.02732754 121.43955965 1.25  0.0 0.0
2015-07-08-15 36 22.201	  31.02732754 121.43955965 1.25  0.0 0.0
2015-07-08-15 36 22.314	  31.02732754 121.43955965 1.25  0.0 0.0
2015-07-08-15 36 22.416	  31.02732754 121.43955965 1.25  0.0 0.0
2015-07-08-15 36 22.542	  31.02732754 121.43955965 1.25  0.0 0.0
2015-07-08-15 36 22.705	  31.02732754 121.43955965 1.25  0.0 0.0
2015-07-08-15 36 22.811	  31.02732754 121.43955965 1.25  0.0 0.0
2015-07-08-15 36 22.913	  31.02732754 121.43955965 1.25  0.0 0.0
2015-07-08-15 36 23.089	  31.02732754 121.43955965 1.25  0.0 0.0
2015-07-08-15 36 23.227	  31.02732754 121.43955965 1.25  0.0 0.0
2015-07-08-15 36 23.334	  31.02732754 121.43955965 1.25  0.0 0.0
2015-07-08-15 36 23.451	  31.02732754 121.43955965 1.25  0.0 0.0
2015-07-08-15 36 23.557	  31.02732754 121.43955965 1.25  0.0 0.0
2015-07-08-15 36 23.664	  31.02732754 121.43955965 1.25  0.0 0.0
2015-07-08-15 36 23.810	  31.02732754 121.43955965 1.25  0.0 0.0
2015-07-08-15 36 23.926	  31.02732754 121.43955965 1.25  0.0 0.0
2015-07-08-15 36 24.031	  31.02732754 121.43955965 1.25  0.0 0.0
2015-07-08-15 36 24.136	  31.02734744 121.43954923 1.25  0.0 0.0
2015-07-08-15 36 24.276	  31.02734744 121.43954923 1.25  0.0 0.0
2015-07-08-15 36 24.395	  31.02734744 121.43954923 1.25  0.0 0.0
2015-07-08-15 36 24.500	  31.02734744 121.43954923 1.25  0.0 0.0
2015-07-08-15 36 24.605	  31.02734744 121.43954923 1.25  0.0 0.0
2015-07-08-15 36 24.758	  31.02734744 121.43954923 1.25  0.0 0.0
2015-07-08-15 36 24.872	  31.02734744 121.43954923 1.25  0.0 0.0
2015-07-08-15 36 24.976	  31.02734744 121.43954923 1.25  0.0 0.0
2015-07-08-15 36 25.078	  31.02734744 121.43954923 1.25  0.0 0.0
2015-07-08-15 36 25.221	  31.02734744 121.43954923 1.25  0.0 0.0
2015-07-08-15 36 25.384	  31.02734744 121.43954923 1.25  0.0 0.0
2015-07-08-15 36 25.503	  31.02734744 121.43954923 1.25  0.0 0.0
2015-07-08-15 36 25.606	  31.02734744 121.43954923 1.25  0.0 0.0
2015-07-08-15 36 25.752	  31.02734744 121.43954923 1.25  0.0 0.0
2015-07-08-15 36 25.904	  31.02734744 121.43954923 1.25  0.0 0.0
2015-07-08-15 36 26.014	  31.02734744 121.43954923 1.25  0.0 0.0
2015-07-08-15 36 26.116	  31.02736807 121.43953905 1.25  0.0 0.0
2015-07-08-15 36 26.235	  31.02736807 121.43953905 1.25  0.0 0.0
2015-07-08-15 36 26.377	  31.02736807 121.43953905 1.25  0.0 0.0
2015-07-08-15 36 26.483	  31.02736807 121.43953905 1.25  0.0 0.0
2015-07-08-15 36 26.587	  31.02736807 121.43953905 1.25  0.0 0.0
2015-07-08-15 36 26.755	  31.02736807 121.43953905 1.25  0.0 0.0
2015-07-08-15 36 26.873	  31.02736807 121.43953905 1.25  0.0 0.0
2015-07-08-15 36 26.980	  31.02736807 121.43953905 1.25  0.0 0.0
2015-07-08-15 36 27.094	  31.02736807 121.43953905 1.25  0.0 0.0
2015-07-08-15 36 27.238	  31.02736807 121.43953905 1.25  0.0 0.0
2015-07-08-15 36 27.368	  31.02736807 121.43953905 1.25  0.0 0.0
2015-07-08-15 36 27.483	  31.02736807 121.43953905 1.25  0.0 0.0
2015-07-08-15 36 27.586	  31.02736807 121.43953905 1.25  0.0 0.0
2015-07-08-15 36 27.707	  31.02736807 121.43953905 1.25  0.0 0.0
2015-07-08-15 36 27.852	  31.02736807 121.43953905 1.25  0.0 0.0
2015-07-08-15 36 27.954	  31.02738978 121.43953112 1.25  0.0 0.0
2015-07-08-15 36 28.060	  31.02738978 121.43953112 1.25  0.0 0.0
2015-07-08-15 36 28.213	  31.02738978 121.43953112 1.25  0.0 0.0
2015-07-08-15 36 28.331	  31.02738978 121.43953112 1.25  0.0 0.0
2015-07-08-15 36 28.463	  31.02738978 121.43953112 1.25  0.0 0.0
2015-07-08-15 36 28.600	  31.02738978 121.43953112 1.25  0.0 0.0
2015-07-08-15 36 28.701	  31.02738978 121.43953112 1.25  0.0 0.0
2015-07-08-15 36 28.805	  31.02738978 121.43953112 1.25  0.0 0.0
2015-07-08-15 36 28.967	  31.02738978 121.43953112 1.25  0.0 0.0
2015-07-08-15 36 29.086	  31.02738978 121.43953112 1.25  0.0 0.0
2015-07-08-15 36 29.193	  31.02738978 121.43953112 1.25  0.0 0.0
2015-07-08-15 36 29.299	  31.02738978 121.43953112 1.25  0.0 0.0
2015-07-08-15 36 29.463	  31.02738978 121.43953112 1.25  0.0 0.0
2015-07-08-15 36 29.615	  31.02738978 121.43953112 1.25  0.0 0.0
2015-07-08-15 36 29.728	  31.02738978 121.43953112 1.25  0.0 0.0
2015-07-08-15 36 29.831	  31.02738978 121.43953112 1.25  0.0 0.0
2015-07-08-15 36 29.975	  31.02741262 121.43952351 1.25  0.0 0.0
2015-07-08-15 36 30.110	  31.02741262 121.43952351 1.25  0.0 0.0
2015-07-08-15 36 30.218	  31.02741262 121.43952351 1.25  0.0 0.0
2015-07-08-15 36 30.321	  31.02741262 121.43952351 1.25  0.0 0.0
2015-07-08-15 36 30.487	  31.02741262 121.43952351 1.25  0.0 0.0
2015-07-08-15 36 30.592	  31.02741262 121.43952351 1.25  0.0 0.0
2015-07-08-15 36 30.711	  31.02741262 121.43952351 1.25  0.0 0.0
2015-07-08-15 36 30.827	  31.02741262 121.43952351 1.25  0.0 0.0
2015-07-08-15 36 30.928	  31.02741262 121.43952351 1.25  0.0 0.0
2015-07-08-15 36 31.042	  31.02741262 121.43952351 1.25  0.0 0.0
2015-07-08-15 36 31.215	  31.02741262 121.43952351 1.25  0.0 0.0
2015-07-08-15 36 31.350	  31.02741262 121.43952351 1.25  0.0 0.0
2015-07-08-15 36 31.454	  31.02741262 121.43952351 1.25  0.0 0.0
2015-07-08-15 36 31.561	  31.02741262 121.43952351 1.25  0.0 0.0
2015-07-08-15 36 31.674	  31.02741262 121.43952351 1.25  0.0 0.0
2015-07-08-15 36 31.791	  31.02741262 121.43952351 1.25  0.0 0.0
2015-07-08-15 36 31.897	  31.02741262 121.43952351 1.25  0.0 0.0
2015-07-08-15 36 32.000	  31.0274342 121.43951491 1.25  0.0 0.0
2015-07-08-15 36 32.140	  31.0274342 121.43951491 1.25  0.0 0.0
2015-07-08-15 36 32.286	  31.0274342 121.43951491 1.25  0.0 0.0
2015-07-08-15 36 32.391	  31.0274342 121.43951491 1.25  0.0 0.0
2015-07-08-15 36 32.494	  31.0274342 121.43951491 1.25  0.0 0.0
2015-07-08-15 36 32.603	  31.0274342 121.43951491 1.25  0.0 0.0
2015-07-08-15 36 32.721	  31.0274342 121.43951491 1.25  0.0 0.0
2015-07-08-15 36 32.839	  31.0274342 121.43951491 1.25  0.0 0.0
2015-07-08-15 36 32.941	  31.0274342 121.43951491 1.25  0.0 0.0
2015-07-08-15 36 33.087	  31.0274342 121.43951491 1.25  0.0 0.0
2015-07-08-15 36 33.226	  31.0274342 121.43951491 1.25  0.0 0.0
2015-07-08-15 36 33.333	  31.0274342 121.43951491 1.25  0.0 0.0
2015-07-08-15 36 33.435	  31.0274342 121.43951491 1.25  0.0 0.0
2015-07-08-15 36 33.540	  31.0274342 121.43951491 1.25  0.0 0.0
2015-07-08-15 36 33.646	  31.0274342 121.43951491 1.25  0.0 0.0
2015-07-08-15 36 33.758	  31.0274342 121.43951491 1.25  0.0 0.0
2015-07-08-15 36 33.875	  31.0274342 121.43951491 1.25  0.0 0.0
2015-07-08-15 36 34.014	  31.02745598 121.43950419 1.25  0.0 0.0
2015-07-08-15 36 34.123	  31.02745598 121.43950419 1.25  0.0 0.0
2015-07-08-15 36 34.225	  31.02745598 121.43950419 1.25  0.0 0.0
2015-07-08-15 36 34.329	  31.02745598 121.43950419 1.25  0.0 0.0
2015-07-08-15 36 34.443	  31.02745598 121.43950419 1.25  0.0 0.0
2015-07-08-15 36 34.544	  31.02745598 121.43950419 1.25  0.0 0.0
2015-07-08-15 36 34.646	  31.02745598 121.43950419 1.25  0.0 0.0
2015-07-08-15 36 34.781	  31.02745598 121.43950419 1.25  0.0 0.0
2015-07-08-15 36 34.946	  31.02745598 121.43950419 1.25  0.0 0.0
2015-07-08-15 36 35.066	  31.02745598 121.43950419 1.25  0.0 0.0
2015-07-08-15 36 35.202	  31.02745598 121.43950419 1.25  0.0 0.0
2015-07-08-15 36 35.361	  31.02745598 121.43950419 1.25  0.0 0.0
2015-07-08-15 36 35.478	  31.02745598 121.43950419 1.25  0.0 0.0
2015-07-08-15 36 35.618	  31.02745598 121.43950419 1.25  0.0 0.0
2015-07-08-15 36 35.788	  31.02745598 121.43950419 1.25  0.0 0.0
2015-07-08-15 36 35.913	  31.02745598 121.43950419 1.25  0.0 0.0
2015-07-08-15 36 36.027	  31.02747737 121.43949459 1.25  0.0 0.0
2015-07-08-15 36 36.132	  31.02747737 121.43949459 1.25  0.0 0.0
2015-07-08-15 36 36.242	  31.02747737 121.43949459 1.25  0.0 0.0
2015-07-08-15 36 36.359	  31.02747737 121.43949459 1.25  0.0 0.0
2015-07-08-15 36 36.476	  31.02747737 121.43949459 1.25  0.0 0.0
2015-07-08-15 36 36.630	  31.02747737 121.43949459 1.25  0.0 0.0
2015-07-08-15 36 36.766	  31.02747737 121.43949459 1.25  0.0 0.0
2015-07-08-15 36 36.883	  31.02747737 121.43949459 1.25  0.0 0.0
2015-07-08-15 36 37.001	  31.02747737 121.43949459 1.25  0.0 0.0
2015-07-08-15 36 37.120	  31.02747737 121.43949459 1.25  0.0 0.0
2015-07-08-15 36 37.282	  31.02747737 121.43949459 1.25  0.0 0.0
2015-07-08-15 36 37.422	  31.02747737 121.43949459 1.25  0.0 0.0
2015-07-08-15 36 37.553	  31.02747737 121.43949459 1.25  0.0 0.0
2015-07-08-15 36 37.670	  31.02747737 121.43949459 1.25  0.0 0.0
2015-07-08-15 36 37.802	  31.02747737 121.43949459 1.25  0.0 0.0
2015-07-08-15 36 37.924	  31.02747737 121.43949459 1.25  0.0 0.0
2015-07-08-15 36 38.085	  31.02749861 121.43948404 1.25  0.0 0.0
2015-07-08-15 36 38.206	  31.02749861 121.43948404 1.25  0.0 0.0
2015-07-08-15 36 38.322	  31.02749861 121.43948404 1.25  0.0 0.0
2015-07-08-15 36 38.467	  31.02749861 121.43948404 1.25  0.0 0.0
2015-07-08-15 36 38.611	  31.02749861 121.43948404 1.25  0.0 0.0
2015-07-08-15 36 38.730	  31.02749861 121.43948404 1.25  0.0 0.0
2015-07-08-15 36 38.833	  31.02749861 121.43948404 1.25  0.0 0.0
2015-07-08-15 36 38.935	  31.02749861 121.43948404 1.25  0.0 0.0
2015-07-08-15 36 39.065	  31.02749861 121.43948404 1.25  0.0 0.0
2015-07-08-15 36 39.208	  31.02749861 121.43948404 1.25  0.0 0.0
2015-07-08-15 36 39.365	  31.02749861 121.43948404 1.25  0.0 0.0
2015-07-08-15 36 39.505	  31.02749861 121.43948404 1.25  0.0 0.0
2015-07-08-15 36 39.654	  31.02749861 121.43948404 1.25  0.0 0.0
2015-07-08-15 36 39.796	  31.02749861 121.43948404 1.25  0.0 0.0
2015-07-08-15 36 39.914	  31.02749861 121.43948404 1.25  0.0 0.0
2015-07-08-15 36 40.061	  31.02751948 121.43947436 1.25  0.0 0.0
2015-07-08-15 36 40.202	  31.02751948 121.43947436 1.25  0.0 0.0
2015-07-08-15 36 40.341	  31.02751948 121.43947436 1.25  0.0 0.0
2015-07-08-15 36 40.509	  31.02751948 121.43947436 1.25  0.0 0.0
2015-07-08-15 36 40.628	  31.02751948 121.43947436 1.25  0.0 0.0
2015-07-08-15 36 40.749	  31.02751948 121.43947436 1.25  0.0 0.0
2015-07-08-15 36 40.912	  31.02751948 121.43947436 1.25  0.0 0.0
2015-07-08-15 36 41.047	  31.02751948 121.43947436 1.25  0.0 0.0
2015-07-08-15 36 41.213	  31.02751948 121.43947436 1.25  0.0 0.0
2015-07-08-15 36 41.340	  31.02751948 121.43947436 1.25  0.0 0.0
2015-07-08-15 36 41.459	  31.02751948 121.43947436 1.25  0.0 0.0
2015-07-08-15 36 41.637	  31.02751948 121.43947436 1.25  0.0 0.0
2015-07-08-15 36 41.742	  31.02751948 121.43947436 1.25  0.0 0.0
2015-07-08-15 36 41.847	  31.02751948 121.43947436 1.25  0.0 0.0
2015-07-08-15 36 41.966	  31.02754012 121.43946472 1.25  0.0 0.0
2015-07-08-15 36 42.068	  31.02754012 121.43946472 1.25  0.0 0.0
2015-07-08-15 36 42.171	  31.02754012 121.43946472 1.25  0.0 0.0
2015-07-08-15 36 42.274	  31.02754012 121.43946472 1.25  0.0 0.0
2015-07-08-15 36 42.384	  31.02754012 121.43946472 1.25  0.0 0.0
2015-07-08-15 36 42.492	  31.02754012 121.43946472 1.25  0.0 0.0
2015-07-08-15 36 42.600	  31.02754012 121.43946472 1.25  0.0 0.0
2015-07-08-15 36 42.705	  31.02754012 121.43946472 1.25  0.0 0.0
2015-07-08-15 36 42.825	  31.02754012 121.43946472 1.25  0.0 0.0
2015-07-08-15 36 42.933	  31.02754012 121.43946472 1.25  0.0 0.0
2015-07-08-15 36 43.039	  31.02754012 121.43946472 1.25  0.0 0.0
2015-07-08-15 36 43.143	  31.02754012 121.43946472 1.25  0.0 0.0
2015-07-08-15 36 43.245	  31.02754012 121.43946472 1.25  0.0 0.0
2015-07-08-15 36 43.347	  31.02754012 121.43946472 1.25  0.0 0.0
2015-07-08-15 36 43.453	  31.02754012 121.43946472 1.25  0.0 0.0
2015-07-08-15 36 43.556	  31.02754012 121.43946472 1.25  0.0 0.0
2015-07-08-15 36 43.664	  31.02754012 121.43946472 1.25  0.0 0.0
2015-07-08-15 36 43.770	  31.02754012 121.43946472 1.25  0.0 0.0
2015-07-08-15 36 43.914	  31.02754012 121.43946472 1.25  0.0 0.0
2015-07-08-15 36 44.026	  31.02756116 121.43945566 1.25  0.0 0.0
2015-07-08-15 36 44.134	  31.02756116 121.43945566 1.25  0.0 0.0
2015-07-08-15 36 44.243	  31.02756116 121.43945566 1.25  0.0 0.0
2015-07-08-15 36 44.358	  31.02756116 121.43945566 1.25  0.0 0.0
2015-07-08-15 36 44.460	  31.02756116 121.43945566 1.25  0.0 0.0
2015-07-08-15 36 44.566	  31.02756116 121.43945566 1.25  0.0 0.0
2015-07-08-15 36 44.672	  31.02756116 121.43945566 1.25  0.0 0.0
2015-07-08-15 36 44.777	  31.02756116 121.43945566 1.25  0.0 0.0
2015-07-08-15 36 44.886	  31.02756116 121.43945566 1.25  0.0 0.0
2015-07-08-15 36 44.989	  31.02756116 121.43945566 1.25  0.0 0.0
2015-07-08-15 36 45.091	  31.02756116 121.43945566 1.25  0.0 0.0
2015-07-08-15 36 45.197	  31.02756116 121.43945566 1.25  0.0 0.0
2015-07-08-15 36 45.308	  31.02756116 121.43945566 1.25  0.0 0.0
2015-07-08-15 36 45.414	  31.02756116 121.43945566 1.25  0.0 0.0
2015-07-08-15 36 45.523	  31.02756116 121.43945566 1.25  0.0 0.0
2015-07-08-15 36 45.639	  31.02756116 121.43945566 1.25  0.0 0.0
2015-07-08-15 36 45.743	  31.02756116 121.43945566 1.25  0.0 0.0
2015-07-08-15 36 45.845	  31.02756116 121.43945566 1.25  0.0 0.0
2015-07-08-15 36 45.951	  31.0275822 121.43944685 1.25  0.0 0.0
2015-07-08-15 36 46.053	  31.0275822 121.43944685 1.25  0.0 0.0
2015-07-08-15 36 46.165	  31.0275822 121.43944685 1.25  0.0 0.0
2015-07-08-15 36 46.272	  31.0275822 121.43944685 1.25  0.0 0.0
2015-07-08-15 36 46.374	  31.0275822 121.43944685 1.25  0.0 0.0
2015-07-08-15 36 46.475	  31.0275822 121.43944685 1.25  0.0 0.0
2015-07-08-15 36 46.586	  31.0275822 121.43944685 1.25  0.0 0.0
2015-07-08-15 36 46.689	  31.0275822 121.43944685 1.25  0.0 0.0
2015-07-08-15 36 46.797	  31.0275822 121.43944685 1.25  0.0 0.0
2015-07-08-15 36 46.902	  31.0275822 121.43944685 1.25  0.0 0.0
2015-07-08-15 36 47.006	  31.0275822 121.43944685 1.25  0.0 0.0
2015-07-08-15 36 47.110	  31.0275822 121.43944685 1.25  0.0 0.0
2015-07-08-15 36 47.215	  31.0275822 121.43944685 1.25  0.0 0.0
2015-07-08-15 36 47.321	  31.0275822 121.43944685 1.25  0.0 0.0
2015-07-08-15 36 47.426	  31.0275822 121.43944685 1.25  0.0 0.0
2015-07-08-15 36 47.531	  31.0275822 121.43944685 1.25  0.0 0.0
2015-07-08-15 36 47.634	  31.0275822 121.43944685 1.25  0.0 0.0
2015-07-08-15 36 47.740	  31.0275822 121.43944685 1.25  0.0 0.0
2015-07-08-15 36 47.851	  31.0275822 121.43944685 1.25  0.0 0.0
2015-07-08-15 36 47.965	  31.0275822 121.43944685 1.25  0.0 0.0
2015-07-08-15 36 48.070	  31.0275822 121.43944685 1.25  0.0 0.0
2015-07-08-15 36 48.177	  31.02760402 121.43944001 1.25  0.0 0.0
2015-07-08-15 36 48.279	  31.02760402 121.43944001 1.25  0.0 0.0
2015-07-08-15 36 48.389	  31.02760402 121.43944001 1.25  0.0 0.0
2015-07-08-15 36 48.499	  31.02760402 121.43944001 1.25  0.0 0.0
2015-07-08-15 36 48.603	  31.02760402 121.43944001 1.25  0.0 0.0
2015-07-08-15 36 48.707	  31.02760402 121.43944001 1.25  0.0 0.0
2015-07-08-15 36 48.819	  31.02760402 121.43944001 1.25  0.0 0.0
2015-07-08-15 36 48.966	  31.02760402 121.43944001 1.25  0.0 0.0
2015-07-08-15 36 49.133	  31.02760402 121.43944001 1.25  0.0 0.0
2015-07-08-15 36 49.249	  31.02760402 121.43944001 1.25  0.0 0.0
2015-07-08-15 36 49.366	  31.02760402 121.43944001 1.25  0.0 0.0
2015-07-08-15 36 49.487	  31.02760402 121.43944001 1.25  0.0 0.0
2015-07-08-15 36 49.642	  31.02760402 121.43944001 1.25  0.0 0.0
2015-07-08-15 36 49.767	  31.02760402 121.43944001 1.25  0.0 0.0
2015-07-08-15 36 49.869	  31.02760402 121.43944001 1.25  0.0 0.0
2015-07-08-15 36 49.976	  31.02762469 121.43943057 1.25  0.0 0.0
2015-07-08-15 36 50.093	  31.02762469 121.43943057 1.25  0.0 0.0
2015-07-08-15 36 50.195	  31.02762469 121.43943057 1.25  0.0 0.0
2015-07-08-15 36 50.297	  31.02762469 121.43943057 1.25  0.0 0.0
2015-07-08-15 36 50.409	  31.02762469 121.43943057 1.25  0.0 0.0
2015-07-08-15 36 50.511	  31.02762469 121.43943057 1.25  0.0 0.0
2015-07-08-15 36 50.614	  31.02762469 121.43943057 1.25  0.0 0.0
2015-07-08-15 36 50.722	  31.02762469 121.43943057 1.25  0.0 0.0
2015-07-08-15 36 50.827	  31.02762469 121.43943057 1.25  0.0 0.0
2015-07-08-15 36 50.937	  31.02762469 121.43943057 1.25  0.0 0.0
2015-07-08-15 36 51.048	  31.02762469 121.43943057 1.25  0.0 0.0
2015-07-08-15 36 51.152	  31.02762469 121.43943057 1.25  0.0 0.0
2015-07-08-15 36 51.253	  31.02762469 121.43943057 1.25  0.0 0.0
2015-07-08-15 36 51.359	  31.02762469 121.43943057 1.25  0.0 0.0
2015-07-08-15 36 51.466	  31.02762469 121.43943057 1.25  0.0 0.0
2015-07-08-15 36 51.571	  31.02762469 121.43943057 1.25  0.0 0.0
2015-07-08-15 36 51.687	  31.02762469 121.43943057 1.25  0.0 0.0
2015-07-08-15 36 51.792	  31.02762469 121.43943057 1.25  0.0 0.0
2015-07-08-15 36 51.896	  31.02762469 121.43943057 1.25  0.0 0.0
2015-07-08-15 36 51.998	  31.02764504 121.43941953 1.25  0.0 0.0
2015-07-08-15 36 52.106	  31.02764504 121.43941953 1.25  0.0 0.0
2015-07-08-15 36 52.210	  31.02764504 121.43941953 1.25  0.0 0.0
2015-07-08-15 36 52.315	  31.02764504 121.43941953 1.25  0.0 0.0
2015-07-08-15 36 52.421	  31.02764504 121.43941953 1.25  0.0 0.0
2015-07-08-15 36 52.537	  31.02764504 121.43941953 1.25  0.0 0.0
2015-07-08-15 36 52.641	  31.02764504 121.43941953 1.25  0.0 0.0
2015-07-08-15 36 52.742	  31.02764504 121.43941953 1.25  0.0 0.0
2015-07-08-15 36 52.845	  31.02764504 121.43941953 1.25  0.0 0.0
2015-07-08-15 36 52.953	  31.02764504 121.43941953 1.25  0.0 0.0
2015-07-08-15 36 53.056	  31.02764504 121.43941953 1.25  0.0 0.0
2015-07-08-15 36 53.159	  31.02764504 121.43941953 1.25  0.0 0.0
2015-07-08-15 36 53.272	  31.02764504 121.43941953 1.25  0.0 0.0
2015-07-08-15 36 53.384	  31.02764504 121.43941953 1.25  0.0 0.0
2015-07-08-15 36 53.489	  31.02764504 121.43941953 1.25  0.0 0.0
2015-07-08-15 36 53.597	  31.02764504 121.43941953 1.25  0.0 0.0
2015-07-08-15 36 53.703	  31.02764504 121.43941953 1.25  0.0 0.0
2015-07-08-15 36 53.818	  31.02764504 121.43941953 1.25  0.0 0.0
2015-07-08-15 36 53.922	  31.02764504 121.43941953 1.25  0.0 0.0
2015-07-08-15 36 54.068	  31.0276657 121.43940804 1.25  0.0 0.0
2015-07-08-15 36 54.216	  31.0276657 121.43940804 1.25  0.0 0.0
2015-07-08-15 36 54.363	  31.0276657 121.43940804 1.25  0.0 0.0
2015-07-08-15 36 54.481	  31.0276657 121.43940804 1.25  0.0 0.0
2015-07-08-15 36 54.609	  31.0276657 121.43940804 1.25  0.0 0.0
2015-07-08-15 36 54.761	  31.0276657 121.43940804 1.25  0.0 0.0
2015-07-08-15 36 54.877	  31.0276657 121.43940804 1.25  0.0 0.0
2015-07-08-15 36 55.033	  31.0276657 121.43940804 1.25  0.0 0.0
2015-07-08-15 36 55.204	  31.0276657 121.43940804 1.25  0.0 0.0
2015-07-08-15 36 55.328	  31.0276657 121.43940804 1.25  0.0 0.0
2015-07-08-15 36 55.434	  31.0276657 121.43940804 1.25  0.0 0.0
2015-07-08-15 36 55.579	  31.0276657 121.43940804 1.25  0.0 0.0
2015-07-08-15 36 55.696	  31.0276657 121.43940804 1.25  0.0 0.0
2015-07-08-15 36 55.858	  31.0276657 121.43940804 1.25  0.0 0.0
2015-07-08-15 36 55.992	  31.02768584 121.43939665 1.25  0.0 0.0
2015-07-08-15 36 56.121	  31.02768584 121.43939665 1.25  0.0 0.0
2015-07-08-15 36 56.271	  31.02768584 121.43939665 1.25  0.0 0.0
2015-07-08-15 36 56.435	  31.02768584 121.43939665 1.25  0.0 0.0
2015-07-08-15 36 56.556	  31.02768584 121.43939665 1.25  0.0 0.0
2015-07-08-15 36 56.704	  31.02768584 121.43939665 1.25  0.0 0.0
2015-07-08-15 36 56.857	  31.02768584 121.43939665 1.25  0.0 0.0
2015-07-08-15 36 57.012	  31.02768584 121.43939665 1.25  0.0 0.0
2015-07-08-15 36 57.130	  31.02768584 121.43939665 1.25  0.0 0.0
2015-07-08-15 36 57.248	  31.02768584 121.43939665 1.25  0.0 0.0
2015-07-08-15 36 57.391	  31.02768584 121.43939665 1.25  0.0 0.0
2015-07-08-15 36 57.511	  31.02768584 121.43939665 1.25  0.0 0.0
2015-07-08-15 36 57.683	  31.02768584 121.43939665 1.25  0.0 0.0
2015-07-08-15 36 57.828	  31.02768584 121.43939665 1.25  0.0 0.0
2015-07-08-15 36 57.958	  31.02768584 121.43939665 1.25  0.0 0.0
2015-07-08-15 36 58.123	  31.02770786 121.43938767 1.25  0.0 0.0
2015-07-08-15 36 58.247	  31.02770786 121.43938767 1.25  0.0 0.0
2015-07-08-15 36 58.355	  31.02770786 121.43938767 1.25  0.0 0.0
2015-07-08-15 36 58.467	  31.02770786 121.43938767 1.25  0.0 0.0
2015-07-08-15 36 58.569	  31.02770786 121.43938767 1.25  0.0 0.0
2015-07-08-15 36 58.671	  31.02770786 121.43938767 1.25  0.0 0.0
2015-07-08-15 36 58.783	  31.02770786 121.43938767 1.25  0.0 0.0
2015-07-08-15 36 58.907	  31.02770786 121.43938767 1.25  0.0 0.0
2015-07-08-15 36 59.050	  31.02770786 121.43938767 1.25  0.0 0.0
2015-07-08-15 36 59.191	  31.02770786 121.43938767 1.25  0.0 0.0
2015-07-08-15 36 59.345	  31.02770786 121.43938767 1.25  0.0 0.0
2015-07-08-15 36 59.500	  31.02770786 121.43938767 1.25  0.0 0.0
2015-07-08-15 36 59.633	  31.02770786 121.43938767 1.25  0.0 0.0
2015-07-08-15 36 59.789	  31.02770786 121.43938767 1.25  0.0 0.0
2015-07-08-15 36 59.946	  31.02772993 121.43937901 1.25  0.0 0.0
2015-07-08-15 37 00.110	  31.02772993 121.43937901 1.25  0.0 0.0
2015-07-08-15 37 00.226	  31.02772993 121.43937901 1.25  0.0 0.0
2015-07-08-15 37 00.343	  31.02772993 121.43937901 1.25  0.0 0.0
2015-07-08-15 37 00.512	  31.02772993 121.43937901 1.25  0.0 0.0
2015-07-08-15 37 00.654	  31.02772993 121.43937901 1.25  0.0 0.0
2015-07-08-15 37 00.798	  31.02772993 121.43937901 1.25  0.0 0.0
2015-07-08-15 37 00.941	  31.02772993 121.43937901 1.25  0.0 0.0
2015-07-08-15 37 01.061	  31.02772993 121.43937901 1.25  0.0 0.0
2015-07-08-15 37 01.181	  31.02772993 121.43937901 1.25  0.0 0.0
2015-07-08-15 37 01.300	  31.02772993 121.43937901 1.25  0.0 0.0
2015-07-08-15 37 01.447	  31.02772993 121.43937901 1.25  0.0 0.0
2015-07-08-15 37 01.567	  31.02772993 121.43937901 1.25  0.0 0.0
2015-07-08-15 37 01.688	  31.02772993 121.43937901 1.25  0.0 0.0
2015-07-08-15 37 01.814	  31.02772993 121.43937901 1.25  0.0 0.0
