2015-07-08-15 42 22.407	  0.0 0.0 0.0  0.0 0.0
2015-07-08-15 42 22.508	  0.0 0.0 0.0  0.0 0.0
2015-07-08-15 42 22.610	  0.0 0.0 0.0  0.0 0.0
2015-07-08-15 42 22.713	  0.0 0.0 0.0  0.0 0.0
2015-07-08-15 42 22.816	  0.0 0.0 0.0  0.0 0.0
2015-07-08-15 42 22.918	  0.0 0.0 0.0  0.0 0.0
2015-07-08-15 42 23.020	  0.0 0.0 0.0  0.0 0.0
2015-07-08-15 42 23.123	  0.0 0.0 0.0  0.0 0.0
2015-07-08-15 42 23.224	  0.0 0.0 0.0  0.0 0.0
2015-07-08-15 42 23.326	  0.0 0.0 0.0  0.0 0.0
2015-07-08-15 42 23.428	  0.0 0.0 0.0  0.0 0.0
2015-07-08-15 42 23.530	  0.0 0.0 0.0  0.0 0.0
2015-07-08-15 42 23.632	  0.0 0.0 0.0  0.0 0.0
2015-07-08-15 42 23.734	  0.0 0.0 0.0  0.0 0.0
2015-07-08-15 42 23.836	  0.0 0.0 0.0  0.0 0.0
2015-07-08-15 42 23.938	  31.0265108 121.43984205 1.0  0.0 0.0
2015-07-08-15 42 24.041	  31.0265108 121.43984205 1.0  0.0 0.0
2015-07-08-15 42 24.143	  31.0265108 121.43984205 1.0  0.0 0.0
2015-07-08-15 42 24.245	  31.0265108 121.43984205 1.0  0.0 0.0
2015-07-08-15 42 24.351	  31.0265108 121.43984205 1.0  0.0 0.0
2015-07-08-15 42 24.453	  31.0265108 121.43984205 1.0  0.0 0.0
2015-07-08-15 42 24.554	  31.0265108 121.43984205 1.0  0.0 0.0
2015-07-08-15 42 24.656	  31.0265108 121.43984205 1.0  0.0 0.0
2015-07-08-15 42 24.759	  31.0265108 121.43984205 1.0  0.0 0.0
2015-07-08-15 42 24.860	  31.0265108 121.43984205 1.0  0.0 0.0
2015-07-08-15 42 24.962	  31.02653018 121.43983989 1.0  0.0 0.0
2015-07-08-15 42 25.065	  31.02653018 121.43983989 1.0  0.0 0.0
2015-07-08-15 42 25.167	  31.02653018 121.43983989 1.0  0.0 0.0
2015-07-08-15 42 25.269	  31.02653018 121.43983989 1.0  0.0 0.0
2015-07-08-15 42 25.374	  31.02653018 121.43983989 1.0  0.0 0.0
2015-07-08-15 42 25.483	  31.02653018 121.43983989 1.0  0.0 0.0
2015-07-08-15 42 25.585	  31.02653018 121.43983989 1.0  0.0 0.0
2015-07-08-15 42 25.688	  31.02653018 121.43983989 1.0  0.0 0.0
2015-07-08-15 42 25.792	  31.02653018 121.43983989 1.0  0.0 0.0
2015-07-08-15 42 25.898	  31.02653018 121.43983989 1.0  0.0 0.0
2015-07-08-15 42 26.009	  31.02655631 121.43983977 1.0  0.0 0.0
2015-07-08-15 42 26.112	  31.02655631 121.43983977 1.0  0.0 0.0
2015-07-08-15 42 26.213	  31.02655631 121.43983977 1.0  0.0 0.0
2015-07-08-15 42 26.321	  31.02655631 121.43983977 1.0  0.0 0.0
2015-07-08-15 42 26.425	  31.02655631 121.43983977 1.0  0.0 0.0
2015-07-08-15 42 26.533	  31.02655631 121.43983977 1.0  0.0 0.0
2015-07-08-15 42 26.639	  31.02655631 121.43983977 1.0  0.0 0.0
2015-07-08-15 42 26.745	  31.02655631 121.43983977 1.0  0.0 0.0
2015-07-08-15 42 26.849	  31.02655631 121.43983977 1.0  0.0 0.0
2015-07-08-15 42 26.951	  31.02657721 121.43984048 1.0  0.0 0.0
2015-07-08-15 42 27.061	  31.02657721 121.43984048 1.0  0.0 0.0
2015-07-08-15 42 27.163	  31.02657721 121.43984048 1.0  0.0 0.0
2015-07-08-15 42 27.265	  31.02657721 121.43984048 1.0  0.0 0.0
2015-07-08-15 42 27.372	  31.02657721 121.43984048 1.0  0.0 0.0
2015-07-08-15 42 27.478	  31.02657721 121.43984048 1.0  0.0 0.0
2015-07-08-15 42 27.581	  31.02657721 121.43984048 1.0  0.0 0.0
2015-07-08-15 42 27.711	  31.02657721 121.43984048 1.0  0.0 0.0
2015-07-08-15 42 27.829	  31.02657721 121.43984048 1.0  0.0 0.0
2015-07-08-15 42 27.932	  31.02657721 121.43984048 1.0  0.0 0.0
2015-07-08-15 42 28.034	  31.02657721 121.43984048 1.0  0.0 0.0
2015-07-08-15 42 28.140	  31.02659525 121.43984213 1.0  0.0 0.0
2015-07-08-15 42 28.241	  31.02659525 121.43984213 1.0  0.0 0.0
2015-07-08-15 42 28.343	  31.02659525 121.43984213 1.0  0.0 0.0
2015-07-08-15 42 28.448	  31.02659525 121.43984213 1.0  0.0 0.0
2015-07-08-15 42 28.550	  31.02659525 121.43984213 1.0  0.0 0.0
2015-07-08-15 42 28.652	  31.02659525 121.43984213 1.0  0.0 0.0
2015-07-08-15 42 28.753	  31.02659525 121.43984213 1.0  0.0 0.0
2015-07-08-15 42 28.855	  31.02659525 121.43984213 1.0  0.0 0.0
2015-07-08-15 42 28.960	  31.02659525 121.43984213 1.0  0.0 0.0
2015-07-08-15 42 29.065	  31.02659525 121.43984213 1.0  0.0 0.0
2015-07-08-15 42 29.166	  31.02659525 121.43984213 1.0  0.0 0.0
2015-07-08-15 42 29.267	  31.02659525 121.43984213 1.0  0.0 0.0
2015-07-08-15 42 29.369	  31.02659525 121.43984213 1.0  0.0 0.0
2015-07-08-15 42 29.470	  31.02659525 121.43984213 1.0  0.0 0.0
2015-07-08-15 42 29.575	  31.02659525 121.43984213 1.0  0.0 0.0
2015-07-08-15 42 29.680	  31.02659525 121.43984213 1.0  0.0 0.0
2015-07-08-15 42 29.783	  31.02659525 121.43984213 1.0  0.0 0.0
2015-07-08-15 42 29.884	  31.02659525 121.43984213 1.0  0.0 0.0
2015-07-08-15 42 29.987	  31.02662672 121.43984711 1.0  0.0 0.0
2015-07-08-15 42 30.098	  31.02662672 121.43984711 1.0  0.0 0.0
2015-07-08-15 42 30.200	  31.02662672 121.43984711 1.0  0.0 0.0
2015-07-08-15 42 30.302	  31.02662672 121.43984711 1.0  0.0 0.0
2015-07-08-15 42 30.410	  31.02662672 121.43984711 1.0  0.0 0.0
2015-07-08-15 42 30.511	  31.02662672 121.43984711 1.0  0.0 0.0
2015-07-08-15 42 30.613	  31.02662672 121.43984711 1.0  0.0 0.0
2015-07-08-15 42 30.716	  31.02662672 121.43984711 1.0  0.0 0.0
2015-07-08-15 42 30.817	  31.02662672 121.43984711 1.0  0.0 0.0
2015-07-08-15 42 30.920	  31.02662672 121.43984711 1.0  0.0 0.0
2015-07-08-15 42 31.025	  31.02662672 121.43984711 1.0  0.0 0.0
2015-07-08-15 42 31.126	  31.02662672 121.43984711 1.0  0.0 0.0
2015-07-08-15 42 31.228	  31.02662672 121.43984711 1.0  0.0 0.0
2015-07-08-15 42 31.330	  31.02662672 121.43984711 1.0  0.0 0.0
2015-07-08-15 42 31.435	  31.02662672 121.43984711 1.0  0.0 0.0
2015-07-08-15 42 31.540	  31.02662672 121.43984711 1.0  0.0 0.0
2015-07-08-15 42 31.648	  31.02662672 121.43984711 1.0  0.0 0.0
2015-07-08-15 42 31.751	  31.02662672 121.43984711 1.0  0.0 0.0
2015-07-08-15 42 31.855	  31.02662672 121.43984711 1.0  0.0 0.0
2015-07-08-15 42 31.962	  31.02662672 121.43984711 1.0  0.0 0.0
2015-07-08-15 42 32.068	  31.02665499 121.43984671 1.0  0.0 0.0
2015-07-08-15 42 32.170	  31.02665499 121.43984671 1.0  0.0 0.0
2015-07-08-15 42 32.271	  31.02665499 121.43984671 1.0  0.0 0.0
2015-07-08-15 42 32.373	  31.02665499 121.43984671 1.0  0.0 0.0
2015-07-08-15 42 32.477	  31.02665499 121.43984671 1.0  0.0 0.0
2015-07-08-15 42 32.586	  31.02665499 121.43984671 1.0  0.0 0.0
2015-07-08-15 42 32.690	  31.02665499 121.43984671 1.0  0.0 0.0
2015-07-08-15 42 32.793	  31.02665499 121.43984671 1.0  0.0 0.0
2015-07-08-15 42 32.903	  31.02665499 121.43984671 1.0  0.0 0.0
2015-07-08-15 42 33.007	  31.02665499 121.43984671 1.0  0.0 0.0
2015-07-08-15 42 33.109	  31.02665499 121.43984671 1.0  0.0 0.0
2015-07-08-15 42 33.211	  31.02665499 121.43984671 1.0  0.0 0.0
2015-07-08-15 42 33.317	  31.02665499 121.43984671 1.0  0.0 0.0
2015-07-08-15 42 33.424	  31.02665499 121.43984671 1.0  0.0 0.0
2015-07-08-15 42 33.529	  31.02665499 121.43984671 1.0  0.0 0.0
2015-07-08-15 42 33.631	  31.02665499 121.43984671 1.0  0.0 0.0
2015-07-08-15 42 33.732	  31.02665499 121.43984671 1.0  0.0 0.0
2015-07-08-15 42 33.834	  31.02665499 121.43984671 1.0  0.0 0.0
2015-07-08-15 42 33.936	  31.02665499 121.43984671 1.0  0.0 0.0
2015-07-08-15 42 34.042	  31.02665499 121.43984671 1.0  0.0 0.0
2015-07-08-15 42 34.143	  31.02665499 121.43984671 1.0  0.0 0.0
2015-07-08-15 42 34.247	  31.02667923 121.43984213 1.0  0.0 0.0
2015-07-08-15 42 34.350	  31.02667923 121.43984213 1.0  0.0 0.0
2015-07-08-15 42 34.456	  31.02667923 121.43984213 1.0  0.0 0.0
2015-07-08-15 42 34.568	  31.02667923 121.43984213 1.0  0.0 0.0
2015-07-08-15 42 34.670	  31.02667923 121.43984213 1.0  0.0 0.0
2015-07-08-15 42 34.772	  31.02667923 121.43984213 1.0  0.0 0.0
2015-07-08-15 42 34.879	  31.02667923 121.43984213 1.0  0.0 0.0
2015-07-08-15 42 34.985	  31.02667923 121.43984213 1.0  0.0 0.0
2015-07-08-15 42 35.095	  31.02667923 121.43984213 1.0  0.0 0.0
2015-07-08-15 42 35.198	  31.02667923 121.43984213 1.0  0.0 0.0
2015-07-08-15 42 35.300	  31.02667923 121.43984213 1.0  0.0 0.0
2015-07-08-15 42 35.401	  31.02667923 121.43984213 1.0  0.0 0.0
2015-07-08-15 42 35.503	  31.02667923 121.43984213 1.0  0.0 0.0
2015-07-08-15 42 35.611	  31.02667923 121.43984213 1.0  0.0 0.0
2015-07-08-15 42 35.714	  31.02667923 121.43984213 1.0  0.0 0.0
2015-07-08-15 42 35.820	  31.02667923 121.43984213 1.0  0.0 0.0
2015-07-08-15 42 35.930	  31.02667923 121.43984213 1.0  0.0 0.0
2015-07-08-15 42 36.035	  31.02667923 121.43984213 1.0  0.0 0.0
2015-07-08-15 42 36.140	  31.02670569 121.43983452 1.0  0.0 0.0
2015-07-08-15 42 36.243	  31.02670569 121.43983452 1.0  0.0 0.0
2015-07-08-15 42 36.345	  31.02670569 121.43983452 1.0  0.0 0.0
2015-07-08-15 42 36.447	  31.02670569 121.43983452 1.0  0.0 0.0
2015-07-08-15 42 36.550	  31.02670569 121.43983452 1.0  0.0 0.0
2015-07-08-15 42 36.655	  31.02670569 121.43983452 1.0  0.0 0.0
2015-07-08-15 42 36.759	  31.02670569 121.43983452 1.0  0.0 0.0
2015-07-08-15 42 36.865	  31.02670569 121.43983452 1.0  0.0 0.0
2015-07-08-15 42 36.971	  31.02670569 121.43983452 1.0  0.0 0.0
2015-07-08-15 42 37.075	  31.02670569 121.43983452 1.0  0.0 0.0
2015-07-08-15 42 37.176	  31.02670569 121.43983452 1.0  0.0 0.0
2015-07-08-15 42 37.278	  31.02670569 121.43983452 1.0  0.0 0.0
2015-07-08-15 42 37.380	  31.02670569 121.43983452 1.0  0.0 0.0
2015-07-08-15 42 37.485	  31.02670569 121.43983452 1.0  0.0 0.0
2015-07-08-15 42 37.593	  31.02670569 121.43983452 1.0  0.0 0.0
2015-07-08-15 42 37.697	  31.02670569 121.43983452 1.0  0.0 0.0
2015-07-08-15 42 37.801	  31.02670569 121.43983452 1.0  0.0 0.0
2015-07-08-15 42 37.907	  31.02670569 121.43983452 1.0  0.0 0.0
2015-07-08-15 42 38.010	  31.02672516 121.43982535 1.0  0.0 0.0
2015-07-08-15 42 38.113	  31.02672516 121.43982535 1.0  0.0 0.0
2015-07-08-15 42 38.221	  31.02672516 121.43982535 1.0  0.0 0.0
2015-07-08-15 42 38.333	  31.02672516 121.43982535 1.0  0.0 0.0
2015-07-08-15 42 38.435	  31.02672516 121.43982535 1.0  0.0 0.0
2015-07-08-15 42 38.536	  31.02672516 121.43982535 1.0  0.0 0.0
2015-07-08-15 42 38.639	  31.02672516 121.43982535 1.0  0.0 0.0
2015-07-08-15 42 38.745	  31.02672516 121.43982535 1.0  0.0 0.0
2015-07-08-15 42 38.851	  31.02672516 121.43982535 1.0  0.0 0.0
2015-07-08-15 42 38.957	  31.02672516 121.43982535 1.0  0.0 0.0
2015-07-08-15 42 39.107	  31.02672516 121.43982535 1.0  0.0 0.0
2015-07-08-15 42 39.219	  31.02672516 121.43982535 1.0  0.0 0.0
2015-07-08-15 42 39.323	  31.02672516 121.43982535 1.0  0.0 0.0
2015-07-08-15 42 39.428	  31.02672516 121.43982535 1.0  0.0 0.0
2015-07-08-15 42 39.533	  31.02672516 121.43982535 1.0  0.0 0.0
2015-07-08-15 42 39.646	  31.02672516 121.43982535 1.0  0.0 0.0
2015-07-08-15 42 39.748	  31.02672516 121.43982535 1.0  0.0 0.0
2015-07-08-15 42 39.851	  31.02672516 121.43982535 1.0  0.0 0.0
2015-07-08-15 42 39.953	  31.02672516 121.43982535 1.0  0.0 0.0
2015-07-08-15 42 40.060	  31.02674226 121.43981351 1.0  0.0 0.0
2015-07-08-15 42 40.162	  31.02674226 121.43981351 1.0  0.0 0.0
2015-07-08-15 42 40.266	  31.02674226 121.43981351 1.0  0.0 0.0
2015-07-08-15 42 40.370	  31.02674226 121.43981351 1.0  0.0 0.0
2015-07-08-15 42 40.482	  31.02674226 121.43981351 1.0  0.0 0.0
2015-07-08-15 42 40.589	  31.02674226 121.43981351 1.0  0.0 0.0
2015-07-08-15 42 40.693	  31.02674226 121.43981351 1.0  0.0 0.0
2015-07-08-15 42 40.798	  31.02674226 121.43981351 1.0  0.0 0.0
2015-07-08-15 42 40.913	  31.02674226 121.43981351 1.0  0.0 0.0
2015-07-08-15 42 41.015	  31.02674226 121.43981351 1.0  0.0 0.0
2015-07-08-15 42 41.117	  31.02674226 121.43981351 1.0  0.0 0.0
2015-07-08-15 42 41.221	  31.02674226 121.43981351 1.0  0.0 0.0
2015-07-08-15 42 41.341	  31.02674226 121.43981351 1.0  0.0 0.0
2015-07-08-15 42 41.442	  31.02674226 121.43981351 1.0  0.0 0.0
2015-07-08-15 42 41.544	  31.02674226 121.43981351 1.0  0.0 0.0
2015-07-08-15 42 41.646	  31.02674226 121.43981351 1.0  0.0 0.0
2015-07-08-15 42 41.751	  31.02674226 121.43981351 1.0  0.0 0.0
2015-07-08-15 42 41.856	  31.02674226 121.43981351 1.0  0.0 0.0
2015-07-08-15 42 41.959	  31.02674226 121.43981351 1.0  0.0 0.0
2015-07-08-15 42 42.066	  31.02674226 121.43981351 1.0  0.0 0.0
2015-07-08-15 42 42.184	  31.02676094 121.43980552 1.0  0.0 0.0
2015-07-08-15 42 42.286	  31.02676094 121.43980552 1.0  0.0 0.0
2015-07-08-15 42 42.388	  31.02676094 121.43980552 1.0  0.0 0.0
2015-07-08-15 42 42.490	  31.02676094 121.43980552 1.0  0.0 0.0
2015-07-08-15 42 42.595	  31.02676094 121.43980552 1.0  0.0 0.0
2015-07-08-15 42 42.699	  31.02676094 121.43980552 1.0  0.0 0.0
2015-07-08-15 42 42.805	  31.02676094 121.43980552 1.0  0.0 0.0
2015-07-08-15 42 42.911	  31.02676094 121.43980552 1.0  0.0 0.0
2015-07-08-15 42 43.015	  31.02676094 121.43980552 1.0  0.0 0.0
2015-07-08-15 42 43.117	  31.02676094 121.43980552 1.0  0.0 0.0
2015-07-08-15 42 43.255	  31.02676094 121.43980552 1.0  0.0 0.0
2015-07-08-15 42 43.357	  31.02676094 121.43980552 1.0  0.0 0.0
2015-07-08-15 42 43.459	  31.02676094 121.43980552 1.0  0.0 0.0
2015-07-08-15 42 43.562	  31.02676094 121.43980552 1.0  0.0 0.0
2015-07-08-15 42 43.663	  31.02676094 121.43980552 1.0  0.0 0.0
2015-07-08-15 42 43.764	  31.02676094 121.43980552 1.0  0.0 0.0
2015-07-08-15 42 43.866	  31.02676094 121.43980552 1.0  0.0 0.0
2015-07-08-15 42 43.985	  31.02676094 121.43980552 1.0  0.0 0.0
2015-07-08-15 42 44.086	  31.02677907 121.43979663 1.0  0.0 0.0
2015-07-08-15 42 44.188	  31.02677907 121.43979663 1.0  0.0 0.0
2015-07-08-15 42 44.290	  31.02677907 121.43979663 1.0  0.0 0.0
2015-07-08-15 42 44.396	  31.02677907 121.43979663 1.0  0.0 0.0
2015-07-08-15 42 44.500	  31.02677907 121.43979663 1.0  0.0 0.0
2015-07-08-15 42 44.606	  31.02677907 121.43979663 1.0  0.0 0.0
2015-07-08-15 42 44.709	  31.02677907 121.43979663 1.0  0.0 0.0
2015-07-08-15 42 44.812	  31.02677907 121.43979663 1.0  0.0 0.0
2015-07-08-15 42 44.913	  31.02677907 121.43979663 1.0  0.0 0.0
2015-07-08-15 42 45.023	  31.02677907 121.43979663 1.0  0.0 0.0
2015-07-08-15 42 45.130	  31.02677907 121.43979663 1.0  0.0 0.0
2015-07-08-15 42 45.234	  31.02677907 121.43979663 1.0  0.0 0.0
2015-07-08-15 42 45.340	  31.02677907 121.43979663 1.0  0.0 0.0
2015-07-08-15 42 45.441	  31.02677907 121.43979663 1.0  0.0 0.0
2015-07-08-15 42 45.543	  31.02677907 121.43979663 1.0  0.0 0.0
2015-07-08-15 42 45.648	  31.02677907 121.43979663 1.0  0.0 0.0
2015-07-08-15 42 45.757	  31.02677907 121.43979663 1.0  0.0 0.0
2015-07-08-15 42 45.858	  31.02677907 121.43979663 1.0  0.0 0.0
2015-07-08-15 42 45.960	  31.02677907 121.43979663 1.0  0.0 0.0
2015-07-08-15 42 46.062	  31.02679857 121.43978713999999 1.0  0.0 0.0
2015-07-08-15 42 46.165	  31.02679857 121.43978713999999 1.0  0.0 0.0
2015-07-08-15 42 46.267	  31.02679857 121.43978713999999 1.0  0.0 0.0
2015-07-08-15 42 46.375	  31.02679857 121.43978713999999 1.0  0.0 0.0
2015-07-08-15 42 46.476	  31.02679857 121.43978713999999 1.0  0.0 0.0
2015-07-08-15 42 46.578	  31.02679857 121.43978713999999 1.0  0.0 0.0
2015-07-08-15 42 46.680	  31.02679857 121.43978713999999 1.0  0.0 0.0
2015-07-08-15 42 46.782	  31.02679857 121.43978713999999 1.0  0.0 0.0
2015-07-08-15 42 46.884	  31.02679857 121.43978713999999 1.0  0.0 0.0
2015-07-08-15 42 46.989	  31.02679857 121.43978713999999 1.0  0.0 0.0
2015-07-08-15 42 47.093	  31.02679857 121.43978713999999 1.0  0.0 0.0
2015-07-08-15 42 47.196	  31.02679857 121.43978713999999 1.0  0.0 0.0
2015-07-08-15 42 47.307	  31.02679857 121.43978713999999 1.0  0.0 0.0
2015-07-08-15 42 47.408	  31.02679857 121.43978713999999 1.0  0.0 0.0
2015-07-08-15 42 47.510	  31.02679857 121.43978713999999 1.0  0.0 0.0
2015-07-08-15 42 47.617	  31.02679857 121.43978713999999 1.0  0.0 0.0
2015-07-08-15 42 47.719	  31.02679857 121.43978713999999 1.0  0.0 0.0
2015-07-08-15 42 47.825	  31.02679857 121.43978713999999 1.0  0.0 0.0
2015-07-08-15 42 47.934	  31.02679857 121.43978713999999 1.0  0.0 0.0
2015-07-08-15 42 48.038	  31.02681899 121.43978145 1.0  0.0 0.0
2015-07-08-15 42 48.141	  31.02681899 121.43978145 1.0  0.0 0.0
2015-07-08-15 42 48.244	  31.02681899 121.43978145 1.0  0.0 0.0
2015-07-08-15 42 48.346	  31.02681899 121.43978145 1.0  0.0 0.0
2015-07-08-15 42 48.452	  31.02681899 121.43978145 1.0  0.0 0.0
2015-07-08-15 42 48.555	  31.02681899 121.43978145 1.0  0.0 0.0
2015-07-08-15 42 48.665	  31.02681899 121.43978145 1.0  0.0 0.0
2015-07-08-15 42 48.766	  31.02681899 121.43978145 1.0  0.0 0.0
2015-07-08-15 42 48.869	  31.02681899 121.43978145 1.0  0.0 0.0
2015-07-08-15 42 48.975	  31.02681899 121.43978145 1.0  0.0 0.0
2015-07-08-15 42 49.082	  31.02681899 121.43978145 1.0  0.0 0.0
2015-07-08-15 42 49.184	  31.02681899 121.43978145 1.0  0.0 0.0
2015-07-08-15 42 49.289	  31.02681899 121.43978145 1.0  0.0 0.0
2015-07-08-15 42 49.392	  31.02681899 121.43978145 1.0  0.0 0.0
2015-07-08-15 42 49.497	  31.02681899 121.43978145 1.0  0.0 0.0
2015-07-08-15 42 49.605	  31.02681899 121.43978145 1.0  0.0 0.0
2015-07-08-15 42 49.707	  31.02681899 121.43978145 1.0  0.0 0.0
2015-07-08-15 42 49.809	  31.02681899 121.43978145 1.0  0.0 0.0
2015-07-08-15 42 49.915	  31.02681899 121.43978145 1.0  0.0 0.0
2015-07-08-15 42 50.018	  31.02681899 121.43978145 1.0  0.0 0.0
2015-07-08-15 42 50.125	  31.02681899 121.43978145 1.0  0.0 0.0
2015-07-08-15 42 50.252	  31.02683787 121.43977718 1.0  0.0 0.0
2015-07-08-15 42 50.353	  31.02683787 121.43977718 1.0  0.0 0.0
2015-07-08-15 42 50.455	  31.02683787 121.43977718 1.0  0.0 0.0
2015-07-08-15 42 50.564	  31.02683787 121.43977718 1.0  0.0 0.0
2015-07-08-15 42 50.667	  31.02683787 121.43977718 1.0  0.0 0.0
2015-07-08-15 42 50.769	  31.02683787 121.43977718 1.0  0.0 0.0
2015-07-08-15 42 50.880	  31.02683787 121.43977718 1.0  0.0 0.0
2015-07-08-15 42 50.982	  31.02683787 121.43977718 1.0  0.0 0.0
2015-07-08-15 42 51.083	  31.02683787 121.43977718 1.0  0.0 0.0
2015-07-08-15 42 51.188	  31.02683787 121.43977718 1.0  0.0 0.0
2015-07-08-15 42 51.290	  31.02683787 121.43977718 1.0  0.0 0.0
2015-07-08-15 42 51.393	  31.02683787 121.43977718 1.0  0.0 0.0
2015-07-08-15 42 51.503	  31.02683787 121.43977718 1.0  0.0 0.0
2015-07-08-15 42 51.604	  31.02683787 121.43977718 1.0  0.0 0.0
2015-07-08-15 42 51.705	  31.02683787 121.43977718 1.0  0.0 0.0
2015-07-08-15 42 51.817	  31.02683787 121.43977718 1.0  0.0 0.0
2015-07-08-15 42 51.919	  31.02683787 121.43977718 1.0  0.0 0.0
2015-07-08-15 42 52.021	  31.02683787 121.43977718 1.0  0.0 0.0
2015-07-08-15 42 52.131	  31.02685639 121.4397705 1.0  0.0 0.0
2015-07-08-15 42 52.233	  31.02685639 121.4397705 1.0  0.0 0.0
2015-07-08-15 42 52.336	  31.02685639 121.4397705 1.0  0.0 0.0
2015-07-08-15 42 52.441	  31.02685639 121.4397705 1.0  0.0 0.0
2015-07-08-15 42 52.546	  31.02685639 121.4397705 1.0  0.0 0.0
2015-07-08-15 42 52.650	  31.02685639 121.4397705 1.0  0.0 0.0
2015-07-08-15 42 52.805	  31.02685639 121.4397705 1.0  0.0 0.0
2015-07-08-15 42 52.910	  31.02685639 121.4397705 1.0  0.0 0.0
2015-07-08-15 42 53.014	  31.02685639 121.4397705 1.0  0.0 0.0
2015-07-08-15 42 53.117	  31.02685639 121.4397705 1.0  0.0 0.0
2015-07-08-15 42 53.248	  31.02685639 121.4397705 1.0  0.0 0.0
2015-07-08-15 42 53.350	  31.02685639 121.4397705 1.0  0.0 0.0
2015-07-08-15 42 53.454	  31.02685639 121.4397705 1.0  0.0 0.0
2015-07-08-15 42 53.561	  31.02685639 121.4397705 1.0  0.0 0.0
2015-07-08-15 42 53.666	  31.02685639 121.4397705 1.0  0.0 0.0
2015-07-08-15 42 53.811	  31.02685639 121.4397705 1.0  0.0 0.0
2015-07-08-15 42 53.916	  31.02685639 121.4397705 1.0  0.0 0.0
2015-07-08-15 42 54.025	  31.02687175 121.43975771 1.0  0.0 0.0
2015-07-08-15 42 54.128	  31.02687175 121.43975771 1.0  0.0 0.0
2015-07-08-15 42 54.231	  31.02687175 121.43975771 1.0  0.0 0.0
2015-07-08-15 42 54.405	  31.02687175 121.43975771 1.0  0.0 0.0
2015-07-08-15 42 54.506	  31.02687175 121.43975771 1.0  0.0 0.0
2015-07-08-15 42 54.610	  31.02687175 121.43975771 1.0  0.0 0.0
2015-07-08-15 42 54.715	  31.02687175 121.43975771 1.0  0.0 0.0
2015-07-08-15 42 54.820	  31.02687175 121.43975771 1.0  0.0 0.0
2015-07-08-15 42 54.937	  31.02687175 121.43975771 1.0  0.0 0.0
2015-07-08-15 42 55.038	  31.02687175 121.43975771 1.0  0.0 0.0
2015-07-08-15 42 55.140	  31.02687175 121.43975771 1.0  0.0 0.0
2015-07-08-15 42 55.291	  31.02687175 121.43975771 1.0  0.0 0.0
2015-07-08-15 42 55.396	  31.02687175 121.43975771 1.0  0.0 0.0
2015-07-08-15 42 55.509	  31.02687175 121.43975771 1.0  0.0 0.0
2015-07-08-15 42 55.611	  31.02687175 121.43975771 1.0  0.0 0.0
2015-07-08-15 42 55.712	  31.02687175 121.43975771 1.0  0.0 0.0
2015-07-08-15 42 55.834	  31.02687175 121.43975771 1.0  0.0 0.0
2015-07-08-15 42 55.936	  31.02687175 121.43975771 1.0  0.0 0.0
2015-07-08-15 42 56.042	  31.02688788 121.43974712 1.0  0.0 0.0
2015-07-08-15 42 56.144	  31.02688788 121.43974712 1.0  0.0 0.0
2015-07-08-15 42 56.246	  31.02688788 121.43974712 1.0  0.0 0.0
2015-07-08-15 42 56.377	  31.02688788 121.43974712 1.0  0.0 0.0
2015-07-08-15 42 56.482	  31.02688788 121.43974712 1.0  0.0 0.0
2015-07-08-15 42 56.592	  31.02688788 121.43974712 1.0  0.0 0.0
2015-07-08-15 42 56.693	  31.02688788 121.43974712 1.0  0.0 0.0
2015-07-08-15 42 56.795	  31.02688788 121.43974712 1.0  0.0 0.0
2015-07-08-15 42 56.952	  31.02688788 121.43974712 1.0  0.0 0.0
2015-07-08-15 42 57.054	  31.02688788 121.43974712 1.0  0.0 0.0
2015-07-08-15 42 57.159	  31.02688788 121.43974712 1.0  0.0 0.0
2015-07-08-15 42 57.261	  31.02688788 121.43974712 1.0  0.0 0.0
2015-07-08-15 42 57.363	  31.02688788 121.43974712 1.0  0.0 0.0
2015-07-08-15 42 57.482	  31.02688788 121.43974712 1.0  0.0 0.0
2015-07-08-15 42 57.586	  31.02688788 121.43974712 1.0  0.0 0.0
2015-07-08-15 42 57.754	  31.02688788 121.43974712 1.0  0.0 0.0
2015-07-08-15 42 57.855	  31.02688788 121.43974712 1.0  0.0 0.0
2015-07-08-15 42 57.971	  31.02688788 121.43974712 1.0  0.0 0.0
2015-07-08-15 42 58.073	  31.02688788 121.43974712 1.0  0.0 0.0
2015-07-08-15 42 58.175	  31.02690618 121.43973899 1.0  0.0 0.0
2015-07-08-15 42 58.277	  31.02690618 121.43973899 1.0  0.0 0.0
2015-07-08-15 42 58.382	  31.02690618 121.43973899 1.0  0.0 0.0
2015-07-08-15 42 58.493	  31.02690618 121.43973899 1.0  0.0 0.0
2015-07-08-15 42 58.604	  31.02690618 121.43973899 1.0  0.0 0.0
2015-07-08-15 42 58.705	  31.02690618 121.43973899 1.0  0.0 0.0
2015-07-08-15 42 58.847	  31.02690618 121.43973899 1.0  0.0 0.0
2015-07-08-15 42 58.949	  31.02690618 121.43973899 1.0  0.0 0.0
2015-07-08-15 42 59.077	  31.02690618 121.43973899 1.0  0.0 0.0
2015-07-08-15 42 59.180	  31.02690618 121.43973899 1.0  0.0 0.0
2015-07-08-15 42 59.305	  31.02690618 121.43973899 1.0  0.0 0.0
2015-07-08-15 42 59.407	  31.02690618 121.43973899 1.0  0.0 0.0
2015-07-08-15 42 59.575	  31.02690618 121.43973899 1.0  0.0 0.0
2015-07-08-15 42 59.678	  31.02690618 121.43973899 1.0  0.0 0.0
2015-07-08-15 42 59.856	  31.02690618 121.43973899 1.0  0.0 0.0
2015-07-08-15 42 59.960	  31.02690618 121.43973899 1.0  0.0 0.0
2015-07-08-15 43 00.148	  31.02692309 121.43972915 1.0  0.0 0.0
2015-07-08-15 43 00.250	  31.02692309 121.43972915 1.0  0.0 0.0
2015-07-08-15 43 00.389	  31.02692309 121.43972915 1.0  0.0 0.0
2015-07-08-15 43 00.490	  31.02692309 121.43972915 1.0  0.0 0.0
2015-07-08-15 43 00.655	  31.02692309 121.43972915 1.0  0.0 0.0
2015-07-08-15 43 00.758	  31.02692309 121.43972915 1.0  0.0 0.0
2015-07-08-15 43 00.884	  31.02692309 121.43972915 1.0  0.0 0.0
2015-07-08-15 43 00.990	  31.02692309 121.43972915 1.0  0.0 0.0
2015-07-08-15 43 01.149	  31.02692309 121.43972915 1.0  0.0 0.0
2015-07-08-15 43 01.250	  31.02692309 121.43972915 1.0  0.0 0.0
2015-07-08-15 43 01.389	  31.02692309 121.43972915 1.0  0.0 0.0
2015-07-08-15 43 01.491	  31.02692309 121.43972915 1.0  0.0 0.0
2015-07-08-15 43 01.653	  31.02692309 121.43972915 1.0  0.0 0.0
2015-07-08-15 43 01.756	  31.02692309 121.43972915 1.0  0.0 0.0
2015-07-08-15 43 01.928	  31.02692309 121.43972915 1.0  0.0 0.0
2015-07-08-15 43 02.031	  31.02692309 121.43972915 1.0  0.0 0.0
2015-07-08-15 43 02.170	  31.02692309 121.43972915 1.0  0.0 0.0
2015-07-08-15 43 02.271	  31.02692309 121.43972915 1.0  0.0 0.0
2015-07-08-15 43 02.399	  31.02692309 121.43972915 1.0  0.0 0.0
2015-07-08-15 43 02.509	  31.02692309 121.43972915 1.0  0.0 0.0
2015-07-08-15 43 02.627	  31.02692309 121.43972915 1.0  0.0 0.0
2015-07-08-15 43 02.729	  31.02692309 121.43972915 1.0  0.0 0.0
2015-07-08-15 43 02.909	  31.02692309 121.43972915 1.0  0.0 0.0
2015-07-08-15 43 03.011	  31.02694497 121.43971499 1.0  0.0 0.0
2015-07-08-15 43 03.135	  31.02694497 121.43971499 1.0  0.0 0.0
2015-07-08-15 43 03.240	  31.02694497 121.43971499 1.0  0.0 0.0
2015-07-08-15 43 03.346	  31.02694497 121.43971499 1.0  0.0 0.0
2015-07-08-15 43 03.464	  31.02694497 121.43971499 1.0  0.0 0.0
2015-07-08-15 43 03.567	  31.02694497 121.43971499 1.0  0.0 0.0
2015-07-08-15 43 03.672	  31.02694497 121.43971499 1.0  0.0 0.0
2015-07-08-15 43 03.787	  31.02694497 121.43971499 1.0  0.0 0.0
2015-07-08-15 43 03.889	  31.02694497 121.43971499 1.0  0.0 0.0
2015-07-08-15 43 04.043	  31.02694497 121.43971499 1.0  0.0 0.0
2015-07-08-15 43 04.145	  31.02694497 121.43971499 1.0  0.0 0.0
2015-07-08-15 43 04.298	  31.02694497 121.43971499 1.0  0.0 0.0
2015-07-08-15 43 04.400	  31.02694497 121.43971499 1.0  0.0 0.0
2015-07-08-15 43 04.541	  31.02694497 121.43971499 1.0  0.0 0.0
2015-07-08-15 43 04.645	  31.02694497 121.43971499 1.0  0.0 0.0
2015-07-08-15 43 04.807	  31.02694497 121.43971499 1.0  0.0 0.0
2015-07-08-15 43 04.914	  31.02694497 121.43971499 1.0  0.0 0.0
2015-07-08-15 43 05.019	  31.02694497 121.43971499 1.0  0.0 0.0
2015-07-08-15 43 05.172	  31.02694497 121.43971499 1.0  0.0 0.0
2015-07-08-15 43 05.274	  31.02694497 121.43971499 1.0  0.0 0.0
2015-07-08-15 43 05.409	  31.02694497 121.43971499 1.0  0.0 0.0
2015-07-08-15 43 05.515	  31.02694497 121.43971499 1.0  0.0 0.0
2015-07-08-15 43 05.669	  31.02694497 121.43971499 1.0  0.0 0.0
2015-07-08-15 43 05.772	  31.02694497 121.43971499 1.0  0.0 0.0
2015-07-08-15 43 05.933	  31.02694497 121.43971499 1.0  0.0 0.0
2015-07-08-15 43 06.037	  31.02694497 121.43971499 1.0  0.0 0.0
2015-07-08-15 43 06.225	  31.02697022 121.43970533 1.0  0.0 0.0
2015-07-08-15 43 06.327	  31.02697022 121.43970533 1.0  0.0 0.0
2015-07-08-15 43 06.477	  31.02697022 121.43970533 1.0  0.0 0.0
2015-07-08-15 43 06.582	  31.02697022 121.43970533 1.0  0.0 0.0
2015-07-08-15 43 06.689	  31.02697022 121.43970533 1.0  0.0 0.0
2015-07-08-15 43 06.806	  31.02697022 121.43970533 1.0  0.0 0.0
2015-07-08-15 43 06.908	  31.02697022 121.43970533 1.0  0.0 0.0
2015-07-08-15 43 07.051	  31.02697022 121.43970533 1.0  0.0 0.0
2015-07-08-15 43 07.154	  31.02697022 121.43970533 1.0  0.0 0.0
2015-07-08-15 43 07.278	  31.02697022 121.43970533 1.0  0.0 0.0
2015-07-08-15 43 07.380	  31.02697022 121.43970533 1.0  0.0 0.0
2015-07-08-15 43 07.482	  31.02697022 121.43970533 1.0  0.0 0.0
2015-07-08-15 43 07.598	  31.02697022 121.43970533 1.0  0.0 0.0
2015-07-08-15 43 07.700	  31.02697022 121.43970533 1.0  0.0 0.0
2015-07-08-15 43 07.859	  31.02697022 121.43970533 1.0  0.0 0.0
2015-07-08-15 43 07.964	  31.02697022 121.43970533 1.0  0.0 0.0
2015-07-08-15 43 08.114	  31.02697022 121.43970533 1.0  0.0 0.0
2015-07-08-15 43 08.218	  31.02697022 121.43970533 1.0  0.0 0.0
2015-07-08-15 43 08.324	  31.02697022 121.43970533 1.0  0.0 0.0
2015-07-08-15 43 08.427	  31.02697022 121.43970533 1.0  0.0 0.0
2015-07-08-15 43 08.530	  31.02697022 121.43970533 1.0  0.0 0.0
2015-07-08-15 43 08.637	  31.02697022 121.43970533 1.0  0.0 0.0
2015-07-08-15 43 08.751	  31.02697022 121.43970533 1.0  0.0 0.0
2015-07-08-15 43 08.853	  31.02697022 121.43970533 1.0  0.0 0.0
2015-07-08-15 43 08.967	  31.02697022 121.43970533 1.0  0.0 0.0
2015-07-08-15 43 09.069	  31.02699443 121.43969181 1.0  0.0 0.0
2015-07-08-15 43 09.172	  31.02699443 121.43969181 1.0  0.0 0.0
2015-07-08-15 43 09.282	  31.02699443 121.43969181 1.0  0.0 0.0
2015-07-08-15 43 09.388	  31.02699443 121.43969181 1.0  0.0 0.0
2015-07-08-15 43 09.539	  31.02699443 121.43969181 1.0  0.0 0.0
2015-07-08-15 43 09.643	  31.02699443 121.43969181 1.0  0.0 0.0
2015-07-08-15 43 09.747	  31.02699443 121.43969181 1.0  0.0 0.0
2015-07-08-15 43 09.857	  31.02699443 121.43969181 1.0  0.0 0.0
2015-07-08-15 43 09.961	  31.02699443 121.43969181 1.0  0.0 0.0
2015-07-08-15 43 10.123	  31.02699443 121.43969181 1.0  0.0 0.0
2015-07-08-15 43 10.225	  31.02699443 121.43969181 1.0  0.0 0.0
2015-07-08-15 43 10.327	  31.02699443 121.43969181 1.0  0.0 0.0
2015-07-08-15 43 10.441	  31.02699443 121.43969181 1.0  0.0 0.0
2015-07-08-15 43 10.543	  31.02699443 121.43969181 1.0  0.0 0.0
2015-07-08-15 43 10.681	  31.02699443 121.43969181 1.0  0.0 0.0
2015-07-08-15 43 10.784	  31.02699443 121.43969181 1.0  0.0 0.0
2015-07-08-15 43 10.887	  31.02699443 121.43969181 1.0  0.0 0.0
2015-07-08-15 43 10.995	  31.02701092 121.43968315 1.0  0.0 0.0
2015-07-08-15 43 11.097	  31.02701092 121.43968315 1.0  0.0 0.0
2015-07-08-15 43 11.240	  31.02701092 121.43968315 1.0  0.0 0.0
2015-07-08-15 43 11.345	  31.02701092 121.43968315 1.0  0.0 0.0
2015-07-08-15 43 11.448	  31.02701092 121.43968315 1.0  0.0 0.0
2015-07-08-15 43 11.606	  31.02701092 121.43968315 1.0  0.0 0.0
2015-07-08-15 43 11.708	  31.02701092 121.43968315 1.0  0.0 0.0
2015-07-08-15 43 11.810	  31.02701092 121.43968315 1.0  0.0 0.0
2015-07-08-15 43 11.929	  31.02701092 121.43968315 1.0  0.0 0.0
2015-07-08-15 43 12.039	  31.02701092 121.43968315 1.0  0.0 0.0
2015-07-08-15 43 12.156	  31.02701092 121.43968315 1.0  0.0 0.0
2015-07-08-15 43 12.262	  31.02701092 121.43968315 1.0  0.0 0.0
2015-07-08-15 43 12.365	  31.02701092 121.43968315 1.0  0.0 0.0
2015-07-08-15 43 12.557	  31.02701092 121.43968315 1.0  0.0 0.0
2015-07-08-15 43 12.662	  31.02701092 121.43968315 1.0  0.0 0.0
2015-07-08-15 43 12.765	  31.02701092 121.43968315 1.0  0.0 0.0
2015-07-08-15 43 12.909	  31.02701092 121.43968315 1.0  0.0 0.0
2015-07-08-15 43 13.015	  31.02701092 121.43968315 1.0  0.0 0.0
2015-07-08-15 43 13.172	  31.02702934 121.43967917 1.0  0.0 0.0
2015-07-08-15 43 13.274	  31.02702934 121.43967917 1.0  0.0 0.0
2015-07-08-15 43 13.423	  31.02702934 121.43967917 1.0  0.0 0.0
2015-07-08-15 43 13.525	  31.02702934 121.43967917 1.0  0.0 0.0
2015-07-08-15 43 13.724	  31.02702934 121.43967917 1.0  0.0 0.0
2015-07-08-15 43 13.828	  31.02702934 121.43967917 1.0  0.0 0.0
2015-07-08-15 43 13.945	  31.02702934 121.43967917 1.0  0.0 0.0
2015-07-08-15 43 14.050	  31.02702934 121.43967917 1.0  0.0 0.0
2015-07-08-15 43 14.162	  31.02702934 121.43967917 1.0  0.0 0.0
2015-07-08-15 43 14.263	  31.02702934 121.43967917 1.0  0.0 0.0
2015-07-08-15 43 14.369	  31.02702934 121.43967917 1.0  0.0 0.0
2015-07-08-15 43 14.472	  31.02702934 121.43967917 1.0  0.0 0.0
2015-07-08-15 43 14.639	  31.02702934 121.43967917 1.0  0.0 0.0
2015-07-08-15 43 14.741	  31.02702934 121.43967917 1.0  0.0 0.0
2015-07-08-15 43 14.879	  31.02702934 121.43967917 1.0  0.0 0.0
2015-07-08-15 43 14.989	  31.02702934 121.43967917 1.0  0.0 0.0
2015-07-08-15 43 15.090	  31.02702934 121.43967917 1.0  0.0 0.0
2015-07-08-15 43 15.196	  31.02704854 121.43967345 1.0  0.0 0.0
2015-07-08-15 43 15.298	  31.02704854 121.43967345 1.0  0.0 0.0
2015-07-08-15 43 15.411	  31.02704854 121.43967345 1.0  0.0 0.0
2015-07-08-15 43 15.513	  31.02704854 121.43967345 1.0  0.0 0.0
2015-07-08-15 43 15.658	  31.02704854 121.43967345 1.0  0.0 0.0
2015-07-08-15 43 15.764	  31.02704854 121.43967345 1.0  0.0 0.0
2015-07-08-15 43 15.938	  31.02704854 121.43967345 1.0  0.0 0.0
2015-07-08-15 43 16.039	  31.02704854 121.43967345 1.0  0.0 0.0
2015-07-08-15 43 16.141	  31.02704854 121.43967345 1.0  0.0 0.0
2015-07-08-15 43 16.250	  31.02704854 121.43967345 1.0  0.0 0.0
2015-07-08-15 43 16.351	  31.02704854 121.43967345 1.0  0.0 0.0
2015-07-08-15 43 16.490	  31.02704854 121.43967345 1.0  0.0 0.0
2015-07-08-15 43 16.596	  31.02704854 121.43967345 1.0  0.0 0.0
2015-07-08-15 43 16.756	  31.02704854 121.43967345 1.0  0.0 0.0
2015-07-08-15 43 16.859	  31.02704854 121.43967345 1.0  0.0 0.0
2015-07-08-15 43 17.004	  31.02704854 121.43967345 1.0  0.0 0.0
2015-07-08-15 43 17.123	  31.02706815 121.43966633 1.0  0.0 0.0
2015-07-08-15 43 17.283	  31.02706815 121.43966633 1.0  0.0 0.0
2015-07-08-15 43 17.385	  31.02706815 121.43966633 1.0  0.0 0.0
2015-07-08-15 43 17.488	  31.02706815 121.43966633 1.0  0.0 0.0
2015-07-08-15 43 17.603	  31.02706815 121.43966633 1.0  0.0 0.0
2015-07-08-15 43 17.706	  31.02706815 121.43966633 1.0  0.0 0.0
2015-07-08-15 43 17.871	  31.02706815 121.43966633 1.0  0.0 0.0
2015-07-08-15 43 17.973	  31.02706815 121.43966633 1.0  0.0 0.0
2015-07-08-15 43 18.149	  31.02706815 121.43966633 1.0  0.0 0.0
2015-07-08-15 43 18.253	  31.02706815 121.43966633 1.0  0.0 0.0
2015-07-08-15 43 18.355	  31.02706815 121.43966633 1.0  0.0 0.0
2015-07-08-15 43 18.489	  31.02706815 121.43966633 1.0  0.0 0.0
2015-07-08-15 43 18.597	  31.02706815 121.43966633 1.0  0.0 0.0
2015-07-08-15 43 18.750	  31.02706815 121.43966633 1.0  0.0 0.0
2015-07-08-15 43 18.853	  31.02706815 121.43966633 1.0  0.0 0.0
2015-07-08-15 43 18.996	  31.02708828 121.43966019 1.0  0.0 0.0
2015-07-08-15 43 19.108	  31.02708828 121.43966019 1.0  0.0 0.0
2015-07-08-15 43 19.212	  31.02708828 121.43966019 1.0  0.0 0.0
2015-07-08-15 43 19.360	  31.02708828 121.43966019 1.0  0.0 0.0
2015-07-08-15 43 19.462	  31.02708828 121.43966019 1.0  0.0 0.0
2015-07-08-15 43 19.628	  31.02708828 121.43966019 1.0  0.0 0.0
2015-07-08-15 43 19.730	  31.02708828 121.43966019 1.0  0.0 0.0
2015-07-08-15 43 19.834	  31.02708828 121.43966019 1.0  0.0 0.0
2015-07-08-15 43 19.964	  31.02708828 121.43966019 1.0  0.0 0.0
2015-07-08-15 43 20.072	  31.02708828 121.43966019 1.0  0.0 0.0
2015-07-08-15 43 20.206	  31.02708828 121.43966019 1.0  0.0 0.0
2015-07-08-15 43 20.311	  31.02708828 121.43966019 1.0  0.0 0.0
2015-07-08-15 43 20.418	  31.02708828 121.43966019 1.0  0.0 0.0
2015-07-08-15 43 20.563	  31.02708828 121.43966019 1.0  0.0 0.0
2015-07-08-15 43 20.667	  31.02708828 121.43966019 1.0  0.0 0.0
2015-07-08-15 43 20.770	  31.02708828 121.43966019 1.0  0.0 0.0
2015-07-08-15 43 20.913	  31.02708828 121.43966019 1.0  0.0 0.0
2015-07-08-15 43 21.026	  31.02710815 121.43964882 1.0  0.0 0.0
2015-07-08-15 43 21.127	  31.02710815 121.43964882 1.0  0.0 0.0
2015-07-08-15 43 21.253	  31.02710815 121.43964882 1.0  0.0 0.0
2015-07-08-15 43 21.360	  31.02710815 121.43964882 1.0  0.0 0.0
2015-07-08-15 43 21.463	  31.02710815 121.43964882 1.0  0.0 0.0
2015-07-08-15 43 21.605	  31.02710815 121.43964882 1.0  0.0 0.0
2015-07-08-15 43 21.708	  31.02710815 121.43964882 1.0  0.0 0.0
2015-07-08-15 43 21.866	  31.02710815 121.43964882 1.0  0.0 0.0
2015-07-08-15 43 22.054	  31.02710815 121.43964882 1.0  0.0 0.0
2015-07-08-15 43 22.157	  31.02710815 121.43964882 1.0  0.0 0.0
2015-07-08-15 43 22.308	  31.02710815 121.43964882 1.0  0.0 0.0
2015-07-08-15 43 22.413	  31.02710815 121.43964882 1.0  0.0 0.0
2015-07-08-15 43 22.517	  31.02710815 121.43964882 1.0  0.0 0.0
2015-07-08-15 43 22.652	  31.02710815 121.43964882 1.0  0.0 0.0
2015-07-08-15 43 22.760	  31.02710815 121.43964882 1.0  0.0 0.0
2015-07-08-15 43 22.927	  31.02710815 121.43964882 1.0  0.0 0.0
2015-07-08-15 43 23.078	  31.02710815 121.43964882 1.0  0.0 0.0
2015-07-08-15 43 23.183	  31.02712519 121.4396362 1.0  0.0 0.0
2015-07-08-15 43 23.343	  31.02712519 121.4396362 1.0  0.0 0.0
2015-07-08-15 43 23.454	  31.02712519 121.4396362 1.0  0.0 0.0
2015-07-08-15 43 23.557	  31.02712519 121.4396362 1.0  0.0 0.0
2015-07-08-15 43 23.713	  31.02712519 121.4396362 1.0  0.0 0.0
2015-07-08-15 43 23.866	  31.02712519 121.4396362 1.0  0.0 0.0
2015-07-08-15 43 23.971	  31.02712519 121.4396362 1.0  0.0 0.0
2015-07-08-15 43 24.078	  31.02712519 121.4396362 1.0  0.0 0.0
2015-07-08-15 43 24.180	  31.02712519 121.4396362 1.0  0.0 0.0
2015-07-08-15 43 24.300	  31.02712519 121.4396362 1.0  0.0 0.0
2015-07-08-15 43 24.410	  31.02712519 121.4396362 1.0  0.0 0.0
2015-07-08-15 43 24.514	  31.02712519 121.4396362 1.0  0.0 0.0
2015-07-08-15 43 24.630	  31.02712519 121.4396362 1.0  0.0 0.0
2015-07-08-15 43 24.737	  31.02712519 121.4396362 1.0  0.0 0.0
2015-07-08-15 43 24.838	  31.02712519 121.4396362 1.0  0.0 0.0
2015-07-08-15 43 24.960	  31.02712519 121.4396362 1.0  0.0 0.0
2015-07-08-15 43 25.064	  31.02714416 121.43962872 1.0  0.0 0.0
2015-07-08-15 43 25.167	  31.02714416 121.43962872 1.0  0.0 0.0
2015-07-08-15 43 25.323	  31.02714416 121.43962872 1.0  0.0 0.0
2015-07-08-15 43 25.434	  31.02714416 121.43962872 1.0  0.0 0.0
2015-07-08-15 43 25.539	  31.02714416 121.43962872 1.0  0.0 0.0
2015-07-08-15 43 25.691	  31.02714416 121.43962872 1.0  0.0 0.0
2015-07-08-15 43 25.800	  31.02714416 121.43962872 1.0  0.0 0.0
2015-07-08-15 43 25.902	  31.02714416 121.43962872 1.0  0.0 0.0
2015-07-08-15 43 26.053	  31.02714416 121.43962872 1.0  0.0 0.0
2015-07-08-15 43 26.159	  31.02714416 121.43962872 1.0  0.0 0.0
2015-07-08-15 43 26.261	  31.02714416 121.43962872 1.0  0.0 0.0
2015-07-08-15 43 26.412	  31.02714416 121.43962872 1.0  0.0 0.0
2015-07-08-15 43 26.521	  31.02714416 121.43962872 1.0  0.0 0.0
2015-07-08-15 43 26.632	  31.02714416 121.43962872 1.0  0.0 0.0
2015-07-08-15 43 26.819	  31.02714416 121.43962872 1.0  0.0 0.0
2015-07-08-15 43 26.923	  31.02714416 121.43962872 1.0  0.0 0.0
2015-07-08-15 43 27.026	  31.02716369 121.43962228 1.0  0.0 0.0
2015-07-08-15 43 27.149	  31.02716369 121.43962228 1.0  0.0 0.0
2015-07-08-15 43 27.254	  31.02716369 121.43962228 1.0  0.0 0.0
2015-07-08-15 43 27.358	  31.02716369 121.43962228 1.0  0.0 0.0
2015-07-08-15 43 27.514	  31.02716369 121.43962228 1.0  0.0 0.0
2015-07-08-15 43 27.621	  31.02716369 121.43962228 1.0  0.0 0.0
2015-07-08-15 43 27.728	  31.02716369 121.43962228 1.0  0.0 0.0
2015-07-08-15 43 27.900	  31.02716369 121.43962228 1.0  0.0 0.0
2015-07-08-15 43 28.005	  31.02716369 121.43962228 1.0  0.0 0.0
2015-07-08-15 43 28.122	  31.02716369 121.43962228 1.0  0.0 0.0
2015-07-08-15 43 28.252	  31.02716369 121.43962228 1.0  0.0 0.0
2015-07-08-15 43 28.356	  31.02716369 121.43962228 1.0  0.0 0.0
2015-07-08-15 43 28.459	  31.02716369 121.43962228 1.0  0.0 0.0
2015-07-08-15 43 28.595	  31.02716369 121.43962228 1.0  0.0 0.0
2015-07-08-15 43 28.711	  31.02716369 121.43962228 1.0  0.0 0.0
2015-07-08-15 43 28.821	  31.02716369 121.43962228 1.0  0.0 0.0
2015-07-08-15 43 28.923	  31.02716369 121.43962228 1.0  0.0 0.0
2015-07-08-15 43 29.051	  31.02718246 121.4396163 1.0  0.0 0.0
2015-07-08-15 43 29.167	  31.02718246 121.4396163 1.0  0.0 0.0
2015-07-08-15 43 29.269	  31.02718246 121.4396163 1.0  0.0 0.0
2015-07-08-15 43 29.375	  31.02718246 121.4396163 1.0  0.0 0.0
2015-07-08-15 43 29.544	  31.02718246 121.4396163 1.0  0.0 0.0
2015-07-08-15 43 29.645	  31.02718246 121.4396163 1.0  0.0 0.0
2015-07-08-15 43 29.801	  31.02718246 121.4396163 1.0  0.0 0.0
2015-07-08-15 43 29.917	  31.02718246 121.4396163 1.0  0.0 0.0
2015-07-08-15 43 30.031	  31.02718246 121.4396163 1.0  0.0 0.0
2015-07-08-15 43 30.134	  31.02718246 121.4396163 1.0  0.0 0.0
2015-07-08-15 43 30.251	  31.02718246 121.4396163 1.0  0.0 0.0
2015-07-08-15 43 30.357	  31.02718246 121.4396163 1.0  0.0 0.0
2015-07-08-15 43 30.464	  31.02718246 121.4396163 1.0  0.0 0.0
2015-07-08-15 43 30.612	  31.02718246 121.4396163 1.0  0.0 0.0
2015-07-08-15 43 30.719	  31.02718246 121.4396163 1.0  0.0 0.0
2015-07-08-15 43 30.824	  31.02718246 121.4396163 1.0  0.0 0.0
2015-07-08-15 43 30.997	  31.02718246 121.4396163 1.0  0.0 0.0
2015-07-08-15 43 31.101	  31.02718246 121.4396163 1.0  0.0 0.0
2015-07-08-15 43 31.246	  31.02718246 121.4396163 1.0  0.0 0.0
2015-07-08-15 43 31.390	  31.02718246 121.4396163 1.0  0.0 0.0
2015-07-08-15 43 31.497	  31.02718246 121.4396163 1.0  0.0 0.0
2015-07-08-15 43 31.605	  31.02718246 121.4396163 1.0  0.0 0.0
2015-07-08-15 43 31.752	  31.02718246 121.4396163 1.0  0.0 0.0
2015-07-08-15 43 31.860	  31.02718246 121.4396163 1.0  0.0 0.0
2015-07-08-15 43 31.964	  31.02718246 121.4396163 1.0  0.0 0.0
2015-07-08-15 43 32.134	  31.02720871 121.43961107 1.0  0.0 0.0
2015-07-08-15 43 32.273	  31.02720871 121.43961107 1.0  0.0 0.0
2015-07-08-15 43 32.381	  31.02720871 121.43961107 1.0  0.0 0.0
2015-07-08-15 43 32.483	  31.02720871 121.43961107 1.0  0.0 0.0
2015-07-08-15 43 32.646	  31.02720871 121.43961107 1.0  0.0 0.0
2015-07-08-15 43 32.782	  31.02720871 121.43961107 1.0  0.0 0.0
2015-07-08-15 43 32.950	  31.02720871 121.43961107 1.0  0.0 0.0
2015-07-08-15 43 33.066	  31.02720871 121.43961107 1.0  0.0 0.0
2015-07-08-15 43 33.206	  31.02720871 121.43961107 1.0  0.0 0.0
2015-07-08-15 43 33.351	  31.02720871 121.43961107 1.0  0.0 0.0
2015-07-08-15 43 33.507	  31.02720871 121.43961107 1.0  0.0 0.0
2015-07-08-15 43 33.623	  31.02720871 121.43961107 1.0  0.0 0.0
2015-07-08-15 43 33.739	  31.02720871 121.43961107 1.0  0.0 0.0
2015-07-08-15 43 33.866	  31.02720871 121.43961107 1.0  0.0 0.0
2015-07-08-15 43 34.022	  31.02720871 121.43961107 1.0  0.0 0.0
2015-07-08-15 43 34.162	  31.02720871 121.43961107 1.0  0.0 0.0
2015-07-08-15 43 34.277	  31.02720871 121.43961107 1.0  0.0 0.0
2015-07-08-15 43 34.417	  31.02720871 121.43961107 1.0  0.0 0.0
2015-07-08-15 43 34.534	  31.02720871 121.43961107 1.0  0.0 0.0
2015-07-08-15 43 34.643	  31.02720871 121.43961107 1.0  0.0 0.0
2015-07-08-15 43 34.749	  31.02720871 121.43961107 1.0  0.0 0.0
2015-07-08-15 43 34.905	  31.02723376 121.43960222 1.0  0.0 0.0
2015-07-08-15 43 35.069	  31.02723376 121.43960222 1.0  0.0 0.0
2015-07-08-15 43 35.203	  31.02723376 121.43960222 1.0  0.0 0.0
2015-07-08-15 43 35.307	  31.02723376 121.43960222 1.0  0.0 0.0
2015-07-08-15 43 35.417	  31.02723376 121.43960222 1.0  0.0 0.0
2015-07-08-15 43 35.582	  31.02723376 121.43960222 1.0  0.0 0.0
2015-07-08-15 43 35.721	  31.02723376 121.43960222 1.0  0.0 0.0
2015-07-08-15 43 35.831	  31.02723376 121.43960222 1.0  0.0 0.0
2015-07-08-15 43 35.937	  31.02723376 121.43960222 1.0  0.0 0.0
2015-07-08-15 43 36.119	  31.02723376 121.43960222 1.0  0.0 0.0
2015-07-08-15 43 36.263	  31.02723376 121.43960222 1.0  0.0 0.0
2015-07-08-15 43 36.407	  31.02723376 121.43960222 1.0  0.0 0.0
2015-07-08-15 43 36.550	  31.02723376 121.43960222 1.0  0.0 0.0
2015-07-08-15 43 36.691	  31.02723376 121.43960222 1.0  0.0 0.0
2015-07-08-15 43 36.828	  31.02723376 121.43960222 1.0  0.0 0.0
2015-07-08-15 43 36.930	  31.02723376 121.43960222 1.0  0.0 0.0
2015-07-08-15 43 37.040	  31.02723376 121.43960222 1.0  0.0 0.0
2015-07-08-15 43 37.180	  31.02723376 121.43960222 1.0  0.0 0.0
2015-07-08-15 43 37.299	  31.02723376 121.43960222 1.0  0.0 0.0
2015-07-08-15 43 37.451	  31.02723376 121.43960222 1.0  0.0 0.0
2015-07-08-15 43 37.612	  31.02723376 121.43960222 1.0  0.0 0.0
2015-07-08-15 43 37.730	  31.02723376 121.43960222 1.0  0.0 0.0
2015-07-08-15 43 37.907	  31.02723376 121.43960222 1.0  0.0 0.0
2015-07-08-15 43 38.062	  31.02725839 121.4395949 1.0  0.0 0.0
2015-07-08-15 43 38.201	  31.02725839 121.4395949 1.0  0.0 0.0
2015-07-08-15 43 38.329	  31.02725839 121.4395949 1.0  0.0 0.0
2015-07-08-15 43 38.454	  31.02725839 121.4395949 1.0  0.0 0.0
2015-07-08-15 43 38.602	  31.02725839 121.4395949 1.0  0.0 0.0
2015-07-08-15 43 38.745	  31.02725839 121.4395949 1.0  0.0 0.0
2015-07-08-15 43 38.874	  31.02725839 121.4395949 1.0  0.0 0.0
2015-07-08-15 43 39.043	  31.02725839 121.4395949 1.0  0.0 0.0
2015-07-08-15 43 39.189	  31.02725839 121.4395949 1.0  0.0 0.0
2015-07-08-15 43 39.334	  31.02725839 121.4395949 1.0  0.0 0.0
2015-07-08-15 43 39.482	  31.02725839 121.4395949 1.0  0.0 0.0
2015-07-08-15 43 39.600	  31.02725839 121.4395949 1.0  0.0 0.0
2015-07-08-15 43 39.726	  31.02725839 121.4395949 1.0  0.0 0.0
2015-07-08-15 43 39.839	  31.02725839 121.4395949 1.0  0.0 0.0
2015-07-08-15 43 40.007	  31.02725839 121.4395949 1.0  0.0 0.0
2015-07-08-15 43 40.126	  31.02725839 121.4395949 1.0  0.0 0.0
2015-07-08-15 43 40.266	  31.02725839 121.4395949 1.0  0.0 0.0
2015-07-08-15 43 40.385	  31.02725839 121.4395949 1.0  0.0 0.0
2015-07-08-15 43 40.502	  31.02725839 121.4395949 1.0  0.0 0.0
2015-07-08-15 43 40.658	  31.02725839 121.4395949 1.0  0.0 0.0
2015-07-08-15 43 40.792	  31.02725839 121.4395949 1.0  0.0 0.0
2015-07-08-15 43 40.913	  31.02725839 121.4395949 1.0  0.0 0.0
2015-07-08-15 43 41.015	  31.02725839 121.4395949 1.0  0.0 0.0
2015-07-08-15 43 41.134	  31.02728108 121.43958623 1.0  0.0 0.0
2015-07-08-15 43 41.285	  31.02728108 121.43958623 1.0  0.0 0.0
2015-07-08-15 43 41.462	  31.02728108 121.43958623 1.0  0.0 0.0
2015-07-08-15 43 41.653	  31.02728108 121.43958623 1.0  0.0 0.0
2015-07-08-15 43 41.772	  31.02728108 121.43958623 1.0  0.0 0.0
2015-07-08-15 43 41.889	  31.02728108 121.43958623 1.0  0.0 0.0
2015-07-08-15 43 42.020	  31.02728108 121.43958623 1.0  0.0 0.0
2015-07-08-15 43 42.169	  31.02728108 121.43958623 1.0  0.0 0.0
2015-07-08-15 43 42.285	  31.02728108 121.43958623 1.0  0.0 0.0
2015-07-08-15 43 42.409	  31.02728108 121.43958623 1.0  0.0 0.0
2015-07-08-15 43 42.564	  31.02728108 121.43958623 1.0  0.0 0.0
2015-07-08-15 43 42.702	  31.02728108 121.43958623 1.0  0.0 0.0
2015-07-08-15 43 42.819	  31.02728108 121.43958623 1.0  0.0 0.0
2015-07-08-15 43 42.965	  31.02728108 121.43958623 1.0  0.0 0.0
2015-07-08-15 43 43.117	  31.02728108 121.43958623 1.0  0.0 0.0
2015-07-08-15 43 43.267	  31.02728108 121.43958623 1.0  0.0 0.0
2015-07-08-15 43 43.455	  31.02728108 121.43958623 1.0  0.0 0.0
2015-07-08-15 43 43.594	  31.02728108 121.43958623 1.0  0.0 0.0
2015-07-08-15 43 43.771	  31.02728108 121.43958623 1.0  0.0 0.0
2015-07-08-15 43 43.916	  31.02728108 121.43958623 1.0  0.0 0.0
2015-07-08-15 43 44.055	  31.02730596 121.43957593 1.0  0.0 0.0
2015-07-08-15 43 44.197	  31.02730596 121.43957593 1.0  0.0 0.0
2015-07-08-15 43 44.319	  31.02730596 121.43957593 1.0  0.0 0.0
2015-07-08-15 43 44.460	  31.02730596 121.43957593 1.0  0.0 0.0
2015-07-08-15 43 44.627	  31.02730596 121.43957593 1.0  0.0 0.0
2015-07-08-15 43 44.743	  31.02730596 121.43957593 1.0  0.0 0.0
2015-07-08-15 43 44.934	  31.02730596 121.43957593 1.0  0.0 0.0
2015-07-08-15 43 45.076	  31.02730596 121.43957593 1.0  0.0 0.0
2015-07-08-15 43 45.193	  31.02730596 121.43957593 1.0  0.0 0.0
2015-07-08-15 43 45.313	  31.02730596 121.43957593 1.0  0.0 0.0
2015-07-08-15 43 45.451	  31.02730596 121.43957593 1.0  0.0 0.0
2015-07-08-15 43 45.583	  31.02730596 121.43957593 1.0  0.0 0.0
2015-07-08-15 43 45.736	  31.02730596 121.43957593 1.0  0.0 0.0
2015-07-08-15 43 45.851	  31.02730596 121.43957593 1.0  0.0 0.0
2015-07-08-15 43 46.009	  31.02730596 121.43957593 1.0  0.0 0.0
2015-07-08-15 43 46.126	  31.02730596 121.43957593 1.0  0.0 0.0
2015-07-08-15 43 46.264	  31.02732377 121.43956823 1.0  0.0 0.0
2015-07-08-15 43 46.393	  31.02732377 121.43956823 1.0  0.0 0.0
2015-07-08-15 43 46.565	  31.02732377 121.43956823 1.0  0.0 0.0
2015-07-08-15 43 46.708	  31.02732377 121.43956823 1.0  0.0 0.0
2015-07-08-15 43 46.851	  31.02732377 121.43956823 1.0  0.0 0.0
2015-07-08-15 43 46.996	  31.02732377 121.43956823 1.0  0.0 0.0
2015-07-08-15 43 47.135	  31.02732377 121.43956823 1.0  0.0 0.0
2015-07-08-15 43 47.262	  31.02732377 121.43956823 1.0  0.0 0.0
2015-07-08-15 43 47.395	  31.02732377 121.43956823 1.0  0.0 0.0
2015-07-08-15 43 47.558	  31.02732377 121.43956823 1.0  0.0 0.0
2015-07-08-15 43 47.674	  31.02732377 121.43956823 1.0  0.0 0.0
2015-07-08-15 43 47.815	  31.02732377 121.43956823 1.0  0.0 0.0
2015-07-08-15 43 47.979	  31.02732377 121.43956823 1.0  0.0 0.0
2015-07-08-15 43 48.098	  31.02732377 121.43956823 1.0  0.0 0.0
2015-07-08-15 43 48.259	  31.02732377 121.43956823 1.0  0.0 0.0
2015-07-08-15 43 48.376	  31.02732377 121.43956823 1.0  0.0 0.0
2015-07-08-15 43 48.492	  31.02732377 121.43956823 1.0  0.0 0.0
2015-07-08-15 43 48.619	  31.02732377 121.43956823 1.0  0.0 0.0
2015-07-08-15 43 48.758	  31.02732377 121.43956823 1.0  0.0 0.0
2015-07-08-15 43 48.902	  31.02732377 121.43956823 1.0  0.0 0.0
2015-07-08-15 43 49.051	  31.0273482 121.4395557 1.0  0.0 0.0
2015-07-08-15 43 49.205	  31.0273482 121.4395557 1.0  0.0 0.0
2015-07-08-15 43 49.320	  31.0273482 121.4395557 1.0  0.0 0.0
2015-07-08-15 43 49.448	  31.0273482 121.4395557 1.0  0.0 0.0
2015-07-08-15 43 49.596	  31.0273482 121.4395557 1.0  0.0 0.0
2015-07-08-15 43 49.741	  31.0273482 121.4395557 1.0  0.0 0.0
2015-07-08-15 43 49.861	  31.0273482 121.4395557 1.0  0.0 0.0
2015-07-08-15 43 49.997	  31.0273482 121.4395557 1.0  0.0 0.0
2015-07-08-15 43 50.122	  31.0273482 121.4395557 1.0  0.0 0.0
2015-07-08-15 43 50.243	  31.0273482 121.4395557 1.0  0.0 0.0
2015-07-08-15 43 50.386	  31.0273482 121.4395557 1.0  0.0 0.0
2015-07-08-15 43 50.503	  31.0273482 121.4395557 1.0  0.0 0.0
2015-07-08-15 43 50.662	  31.0273482 121.4395557 1.0  0.0 0.0
2015-07-08-15 43 50.795	  31.0273482 121.4395557 1.0  0.0 0.0
2015-07-08-15 43 50.959	  31.02736432 121.43954443 1.0  0.0 0.0
2015-07-08-15 43 51.098	  31.02736432 121.43954443 1.0  0.0 0.0
2015-07-08-15 43 51.249	  31.02736432 121.43954443 1.0  0.0 0.0
2015-07-08-15 43 51.377	  31.02736432 121.43954443 1.0  0.0 0.0
2015-07-08-15 43 51.522	  31.02736432 121.43954443 1.0  0.0 0.0
2015-07-08-15 43 51.664	  31.02736432 121.43954443 1.0  0.0 0.0
2015-07-08-15 43 51.803	  31.02736432 121.43954443 1.0  0.0 0.0
2015-07-08-15 43 51.968	  31.02736432 121.43954443 1.0  0.0 0.0
2015-07-08-15 43 52.118	  31.02736432 121.43954443 1.0  0.0 0.0
2015-07-08-15 43 52.245	  31.02736432 121.43954443 1.0  0.0 0.0
2015-07-08-15 43 52.393	  31.02736432 121.43954443 1.0  0.0 0.0
2015-07-08-15 43 52.515	  31.02736432 121.43954443 1.0  0.0 0.0
2015-07-08-15 43 52.679	  31.02736432 121.43954443 1.0  0.0 0.0
2015-07-08-15 43 52.822	  31.02736432 121.43954443 1.0  0.0 0.0
2015-07-08-15 43 52.980	  31.02737917 121.43953157 1.0  0.0 0.0
2015-07-08-15 43 53.090	  31.02737917 121.43953157 1.0  0.0 0.0
2015-07-08-15 43 53.205	  31.02737917 121.43953157 1.0  0.0 0.0
2015-07-08-15 43 53.322	  31.02737917 121.43953157 1.0  0.0 0.0
2015-07-08-15 43 53.507	  31.02737917 121.43953157 1.0  0.0 0.0
2015-07-08-15 43 53.679	  31.02737917 121.43953157 1.0  0.0 0.0
2015-07-08-15 43 53.843	  31.02737917 121.43953157 1.0  0.0 0.0
2015-07-08-15 43 54.009	  31.02737917 121.43953157 1.0  0.0 0.0
2015-07-08-15 43 54.126	  31.02737917 121.43953157 1.0  0.0 0.0
2015-07-08-15 43 54.277	  31.02737917 121.43953157 1.0  0.0 0.0
2015-07-08-15 43 54.413	  31.02737917 121.43953157 1.0  0.0 0.0
2015-07-08-15 43 54.575	  31.02737917 121.43953157 1.0  0.0 0.0
2015-07-08-15 43 54.732	  31.02737917 121.43953157 1.0  0.0 0.0
2015-07-08-15 43 54.850	  31.02737917 121.43953157 1.0  0.0 0.0
2015-07-08-15 43 55.003	  31.02737917 121.43953157 1.0  0.0 0.0
2015-07-08-15 43 55.129	  31.02739535 121.43952186 1.0  0.0 0.0
2015-07-08-15 43 55.296	  31.02739535 121.43952186 1.0  0.0 0.0
2015-07-08-15 43 55.426	  31.02739535 121.43952186 1.0  0.0 0.0
2015-07-08-15 43 55.587	  31.02739535 121.43952186 1.0  0.0 0.0
2015-07-08-15 43 55.691	  31.02739535 121.43952186 1.0  0.0 0.0
2015-07-08-15 43 55.830	  31.02739535 121.43952186 1.0  0.0 0.0
2015-07-08-15 43 55.981	  31.02739535 121.43952186 1.0  0.0 0.0
2015-07-08-15 43 56.142	  31.02739535 121.43952186 1.0  0.0 0.0
2015-07-08-15 43 56.296	  31.02739535 121.43952186 1.0  0.0 0.0
2015-07-08-15 43 56.402	  31.02739535 121.43952186 1.0  0.0 0.0
2015-07-08-15 43 56.507	  31.02739535 121.43952186 1.0  0.0 0.0
2015-07-08-15 43 56.646	  31.02739535 121.43952186 1.0  0.0 0.0
2015-07-08-15 43 56.810	  31.02739535 121.43952186 1.0  0.0 0.0
2015-07-08-15 43 56.952	  31.02739535 121.43952186 1.0  0.0 0.0
2015-07-08-15 43 57.104	  31.02739535 121.43952186 1.0  0.0 0.0
2015-07-08-15 43 57.249	  31.02739535 121.43952186 1.0  0.0 0.0
2015-07-08-15 43 57.382	  31.02739535 121.43952186 1.0  0.0 0.0
2015-07-08-15 43 57.560	  31.02739535 121.43952186 1.0  0.0 0.0
2015-07-08-15 43 57.678	  31.02739535 121.43952186 1.0  0.0 0.0
2015-07-08-15 43 57.797	  31.02739535 121.43952186 1.0  0.0 0.0
2015-07-08-15 43 57.945	  31.02739535 121.43952186 1.0  0.0 0.0
2015-07-08-15 43 58.087	  31.02742091 121.43951354 1.0  0.0 0.0
2015-07-08-15 43 58.209	  31.02742091 121.43951354 1.0  0.0 0.0
2015-07-08-15 43 58.327	  31.02742091 121.43951354 1.0  0.0 0.0
2015-07-08-15 43 58.467	  31.02742091 121.43951354 1.0  0.0 0.0
2015-07-08-15 43 58.612	  31.02742091 121.43951354 1.0  0.0 0.0
2015-07-08-15 43 58.757	  31.02742091 121.43951354 1.0  0.0 0.0
2015-07-08-15 43 58.878	  31.02742091 121.43951354 1.0  0.0 0.0
2015-07-08-15 43 59.025	  31.02742091 121.43951354 1.0  0.0 0.0
2015-07-08-15 43 59.141	  31.02742091 121.43951354 1.0  0.0 0.0
2015-07-08-15 43 59.278	  31.02742091 121.43951354 1.0  0.0 0.0
2015-07-08-15 43 59.463	  31.02742091 121.43951354 1.0  0.0 0.0
2015-07-08-15 43 59.605	  31.02742091 121.43951354 1.0  0.0 0.0
2015-07-08-15 43 59.748	  31.02742091 121.43951354 1.0  0.0 0.0
2015-07-08-15 43 59.909	  31.02742091 121.43951354 1.0  0.0 0.0
2015-07-08-15 44 00.046	  31.02743835 121.43950749 1.0  0.0 0.0
2015-07-08-15 44 00.173	  31.02743835 121.43950749 1.0  0.0 0.0
2015-07-08-15 44 00.309	  31.02743835 121.43950749 1.0  0.0 0.0
2015-07-08-15 44 00.431	  31.02743835 121.43950749 1.0  0.0 0.0
2015-07-08-15 44 00.557	  31.02743835 121.43950749 1.0  0.0 0.0
2015-07-08-15 44 00.714	  31.02743835 121.43950749 1.0  0.0 0.0
2015-07-08-15 44 00.899	  31.02743835 121.43950749 1.0  0.0 0.0
2015-07-08-15 44 01.056	  31.02743835 121.43950749 1.0  0.0 0.0
2015-07-08-15 44 01.163	  31.02743835 121.43950749 1.0  0.0 0.0
2015-07-08-15 44 01.264	  31.02743835 121.43950749 1.0  0.0 0.0
2015-07-08-15 44 01.367	  31.02743835 121.43950749 1.0  0.0 0.0
2015-07-08-15 44 01.485	  31.02743835 121.43950749 1.0  0.0 0.0
2015-07-08-15 44 01.587	  31.02743835 121.43950749 1.0  0.0 0.0
2015-07-08-15 44 01.691	  31.02743835 121.43950749 1.0  0.0 0.0
2015-07-08-15 44 01.795	  31.02743835 121.43950749 1.0  0.0 0.0
2015-07-08-15 44 01.898	  31.02743835 121.43950749 1.0  0.0 0.0
2015-07-08-15 44 02.001	  31.02743835 121.43950749 1.0  0.0 0.0
2015-07-08-15 44 02.104	  31.02743835 121.43950749 1.0  0.0 0.0
2015-07-08-15 44 02.210	  31.02745614 121.43950299 1.0  0.0 0.0
2015-07-08-15 44 02.318	  31.02745614 121.43950299 1.0  0.0 0.0
2015-07-08-15 44 02.433	  31.02745614 121.43950299 1.0  0.0 0.0
2015-07-08-15 44 02.535	  31.02745614 121.43950299 1.0  0.0 0.0
2015-07-08-15 44 02.639	  31.02745614 121.43950299 1.0  0.0 0.0
2015-07-08-15 44 02.744	  31.02745614 121.43950299 1.0  0.0 0.0
2015-07-08-15 44 02.847	  31.02745614 121.43950299 1.0  0.0 0.0
2015-07-08-15 44 02.959	  31.02745614 121.43950299 1.0  0.0 0.0
2015-07-08-15 44 03.081	  31.02745614 121.43950299 1.0  0.0 0.0
2015-07-08-15 44 03.185	  31.02745614 121.43950299 1.0  0.0 0.0
2015-07-08-15 44 03.291	  31.02745614 121.43950299 1.0  0.0 0.0
2015-07-08-15 44 03.393	  31.02745614 121.43950299 1.0  0.0 0.0
2015-07-08-15 44 03.500	  31.02745614 121.43950299 1.0  0.0 0.0
2015-07-08-15 44 03.602	  31.02745614 121.43950299 1.0  0.0 0.0
2015-07-08-15 44 03.707	  31.02745614 121.43950299 1.0  0.0 0.0
2015-07-08-15 44 03.814	  31.02745614 121.43950299 1.0  0.0 0.0
2015-07-08-15 44 03.919	  31.02745614 121.43950299 1.0  0.0 0.0
2015-07-08-15 44 04.025	  31.02745614 121.43950299 1.0  0.0 0.0
2015-07-08-15 44 04.132	  31.02745614 121.43950299 1.0  0.0 0.0
2015-07-08-15 44 04.238	  31.02745614 121.43950299 1.0  0.0 0.0
2015-07-08-15 44 04.340	  31.02745614 121.43950299 1.0  0.0 0.0
2015-07-08-15 44 04.450	  31.02745614 121.43950299 1.0  0.0 0.0
2015-07-08-15 44 04.565	  31.02745614 121.43950299 1.0  0.0 0.0
2015-07-08-15 44 04.673	  31.02745614 121.43950299 1.0  0.0 0.0
2015-07-08-15 44 04.781	  31.02745614 121.43950299 1.0  0.0 0.0
2015-07-08-15 44 04.886	  31.02745614 121.43950299 1.0  0.0 0.0
2015-07-08-15 44 04.997	  31.02745614 121.43950299 1.0  0.0 0.0
2015-07-08-15 44 05.108	  31.02748253 121.43949718 1.0  0.0 0.0
2015-07-08-15 44 05.212	  31.02748253 121.43949718 1.0  0.0 0.0
2015-07-08-15 44 05.317	  31.02748253 121.43949718 1.0  0.0 0.0
2015-07-08-15 44 05.419	  31.02748253 121.43949718 1.0  0.0 0.0
2015-07-08-15 44 05.525	  31.02748253 121.43949718 1.0  0.0 0.0
2015-07-08-15 44 05.639	  31.02748253 121.43949718 1.0  0.0 0.0
2015-07-08-15 44 05.746	  31.02748253 121.43949718 1.0  0.0 0.0
2015-07-08-15 44 05.857	  31.02748253 121.43949718 1.0  0.0 0.0
2015-07-08-15 44 06.002	  31.02748253 121.43949718 1.0  0.0 0.0
2015-07-08-15 44 06.159	  31.02748253 121.43949718 1.0  0.0 0.0
2015-07-08-15 44 06.276	  31.02748253 121.43949718 1.0  0.0 0.0
2015-07-08-15 44 06.408	  31.02748253 121.43949718 1.0  0.0 0.0
2015-07-08-15 44 06.537	  31.02748253 121.43949718 1.0  0.0 0.0
2015-07-08-15 44 06.707	  31.02748253 121.43949718 1.0  0.0 0.0
2015-07-08-15 44 06.854	  31.02748253 121.43949718 1.0  0.0 0.0
2015-07-08-15 44 06.996	  31.02748253 121.43949718 1.0  0.0 0.0
2015-07-08-15 44 07.143	  31.02748253 121.43949718 1.0  0.0 0.0
2015-07-08-15 44 07.260	  31.02748253 121.43949718 1.0  0.0 0.0
2015-07-08-15 44 07.407	  31.02748253 121.43949718 1.0  0.0 0.0
2015-07-08-15 44 07.559	  31.02748253 121.43949718 1.0  0.0 0.0
2015-07-08-15 44 07.679	  31.02748253 121.43949718 1.0  0.0 0.0
2015-07-08-15 44 07.814	  31.02748253 121.43949718 1.0  0.0 0.0
2015-07-08-15 44 08.001	  31.02750574 121.43948143 1.0  0.0 0.0
2015-07-08-15 44 08.141	  31.02750574 121.43948143 1.0  0.0 0.0
2015-07-08-15 44 08.294	  31.02750574 121.43948143 1.0  0.0 0.0
2015-07-08-15 44 08.461	  31.02750574 121.43948143 1.0  0.0 0.0
2015-07-08-15 44 08.606	  31.02750574 121.43948143 1.0  0.0 0.0
2015-07-08-15 44 08.723	  31.02750574 121.43948143 1.0  0.0 0.0
2015-07-08-15 44 08.898	  31.02750574 121.43948143 1.0  0.0 0.0
2015-07-08-15 44 09.039	  31.02750574 121.43948143 1.0  0.0 0.0
2015-07-08-15 44 09.185	  31.02750574 121.43948143 1.0  0.0 0.0
2015-07-08-15 44 09.329	  31.02750574 121.43948143 1.0  0.0 0.0
2015-07-08-15 44 09.491	  31.02750574 121.43948143 1.0  0.0 0.0
2015-07-08-15 44 09.600	  31.02750574 121.43948143 1.0  0.0 0.0
2015-07-08-15 44 09.706	  31.02750574 121.43948143 1.0  0.0 0.0
2015-07-08-15 44 09.809	  31.02750574 121.43948143 1.0  0.0 0.0
2015-07-08-15 44 09.911	  31.02750574 121.43948143 1.0  0.0 0.0
2015-07-08-15 44 10.013	  31.02750574 121.43948143 1.0  0.0 0.0
2015-07-08-15 44 10.121	  31.02752013 121.4394684 1.0  0.0 0.0
2015-07-08-15 44 10.257	  31.02752013 121.4394684 1.0  0.0 0.0
2015-07-08-15 44 10.405	  31.02752013 121.4394684 1.0  0.0 0.0
2015-07-08-15 44 10.558	  31.02752013 121.4394684 1.0  0.0 0.0
2015-07-08-15 44 10.704	  31.02752013 121.4394684 1.0  0.0 0.0
2015-07-08-15 44 10.851	  31.02752013 121.4394684 1.0  0.0 0.0
2015-07-08-15 44 11.007	  31.02752013 121.4394684 1.0  0.0 0.0
2015-07-08-15 44 11.125	  31.02752013 121.4394684 1.0  0.0 0.0
2015-07-08-15 44 11.275	  31.02752013 121.4394684 1.0  0.0 0.0
2015-07-08-15 44 11.408	  31.02752013 121.4394684 1.0  0.0 0.0
2015-07-08-15 44 11.530	  31.02752013 121.4394684 1.0  0.0 0.0
2015-07-08-15 44 11.694	  31.02752013 121.4394684 1.0  0.0 0.0
2015-07-08-15 44 11.835	  31.02752013 121.4394684 1.0  0.0 0.0
2015-07-08-15 44 11.977	  31.02752013 121.4394684 1.0  0.0 0.0
2015-07-08-15 44 12.100	  31.02753693 121.43946002 1.0  0.0 0.0
2015-07-08-15 44 12.271	  31.02753693 121.43946002 1.0  0.0 0.0
2015-07-08-15 44 12.403	  31.02753693 121.43946002 1.0  0.0 0.0
2015-07-08-15 44 12.521	  31.02753693 121.43946002 1.0  0.0 0.0
2015-07-08-15 44 12.706	  31.02753693 121.43946002 1.0  0.0 0.0
2015-07-08-15 44 12.858	  31.02753693 121.43946002 1.0  0.0 0.0
2015-07-08-15 44 12.994	  31.02753693 121.43946002 1.0  0.0 0.0
2015-07-08-15 44 13.132	  31.02753693 121.43946002 1.0  0.0 0.0
2015-07-08-15 44 13.278	  31.02753693 121.43946002 1.0  0.0 0.0
2015-07-08-15 44 13.406	  31.02753693 121.43946002 1.0  0.0 0.0
2015-07-08-15 44 13.523	  31.02753693 121.43946002 1.0  0.0 0.0
2015-07-08-15 44 13.679	  31.02753693 121.43946002 1.0  0.0 0.0
2015-07-08-15 44 13.830	  31.02753693 121.43946002 1.0  0.0 0.0
2015-07-08-15 44 13.936	  31.02753693 121.43946002 1.0  0.0 0.0
2015-07-08-15 44 14.083	  31.02755634 121.43945347 1.0  0.0 0.0
2015-07-08-15 44 14.227	  31.02755634 121.43945347 1.0  0.0 0.0
2015-07-08-15 44 14.345	  31.02755634 121.43945347 1.0  0.0 0.0
2015-07-08-15 44 14.508	  31.02755634 121.43945347 1.0  0.0 0.0
2015-07-08-15 44 14.651	  31.02755634 121.43945347 1.0  0.0 0.0
2015-07-08-15 44 14.794	  31.02755634 121.43945347 1.0  0.0 0.0
2015-07-08-15 44 14.911	  31.02755634 121.43945347 1.0  0.0 0.0
2015-07-08-15 44 15.028	  31.02755634 121.43945347 1.0  0.0 0.0
2015-07-08-15 44 15.153	  31.02755634 121.43945347 1.0  0.0 0.0
2015-07-08-15 44 15.271	  31.02755634 121.43945347 1.0  0.0 0.0
2015-07-08-15 44 15.409	  31.02755634 121.43945347 1.0  0.0 0.0
2015-07-08-15 44 15.527	  31.02755634 121.43945347 1.0  0.0 0.0
2015-07-08-15 44 15.685	  31.02755634 121.43945347 1.0  0.0 0.0
2015-07-08-15 44 15.803	  31.02755634 121.43945347 1.0  0.0 0.0
2015-07-08-15 44 15.920	  31.02757415 121.43944847 1.0  0.0 0.0
2015-07-08-15 44 16.108	  31.02757415 121.43944847 1.0  0.0 0.0
2015-07-08-15 44 16.236	  31.02757415 121.43944847 1.0  0.0 0.0
2015-07-08-15 44 16.408	  31.02757415 121.43944847 1.0  0.0 0.0
2015-07-08-15 44 16.527	  31.02757415 121.43944847 1.0  0.0 0.0
2015-07-08-15 44 16.645	  31.02757415 121.43944847 1.0  0.0 0.0
2015-07-08-15 44 16.789	  31.02757415 121.43944847 1.0  0.0 0.0
2015-07-08-15 44 16.908	  31.02757415 121.43944847 1.0  0.0 0.0
2015-07-08-15 44 17.062	  31.02757415 121.43944847 1.0  0.0 0.0
2015-07-08-15 44 17.189	  31.02757415 121.43944847 1.0  0.0 0.0
2015-07-08-15 44 17.307	  31.02757415 121.43944847 1.0  0.0 0.0
2015-07-08-15 44 17.460	  31.02757415 121.43944847 1.0  0.0 0.0
2015-07-08-15 44 17.589	  31.02757415 121.43944847 1.0  0.0 0.0
2015-07-08-15 44 17.732	  31.02757415 121.43944847 1.0  0.0 0.0
2015-07-08-15 44 17.854	  31.02757415 121.43944847 1.0  0.0 0.0
2015-07-08-15 44 17.996	  31.02757415 121.43944847 1.0  0.0 0.0
2015-07-08-15 44 18.115	  31.02759255 121.43944348 1.0  0.0 0.0
2015-07-08-15 44 18.280	  31.02759255 121.43944348 1.0  0.0 0.0
2015-07-08-15 44 18.397	  31.02759255 121.43944348 1.0  0.0 0.0
2015-07-08-15 44 18.544	  31.02759255 121.43944348 1.0  0.0 0.0
2015-07-08-15 44 18.663	  31.02759255 121.43944348 1.0  0.0 0.0
2015-07-08-15 44 18.789	  31.02759255 121.43944348 1.0  0.0 0.0
2015-07-08-15 44 18.906	  31.02759255 121.43944348 1.0  0.0 0.0
2015-07-08-15 44 19.052	  31.02759255 121.43944348 1.0  0.0 0.0
2015-07-08-15 44 19.209	  31.02759255 121.43944348 1.0  0.0 0.0
2015-07-08-15 44 19.353	  31.02759255 121.43944348 1.0  0.0 0.0
2015-07-08-15 44 19.480	  31.02759255 121.43944348 1.0  0.0 0.0
2015-07-08-15 44 19.623	  31.02759255 121.43944348 1.0  0.0 0.0
2015-07-08-15 44 19.758	  31.02759255 121.43944348 1.0  0.0 0.0
2015-07-08-15 44 19.877	  31.02759255 121.43944348 1.0  0.0 0.0
2015-07-08-15 44 20.015	  31.02759255 121.43944348 1.0  0.0 0.0
2015-07-08-15 44 20.157	  31.02761214 121.43943682 1.0  0.0 0.0
2015-07-08-15 44 20.297	  31.02761214 121.43943682 1.0  0.0 0.0
2015-07-08-15 44 20.448	  31.02761214 121.43943682 1.0  0.0 0.0
2015-07-08-15 44 20.605	  31.02761214 121.43943682 1.0  0.0 0.0
2015-07-08-15 44 20.723	  31.02761214 121.43943682 1.0  0.0 0.0
2015-07-08-15 44 20.850	  31.02761214 121.43943682 1.0  0.0 0.0
2015-07-08-15 44 20.997	  31.02761214 121.43943682 1.0  0.0 0.0
2015-07-08-15 44 21.165	  31.02761214 121.43943682 1.0  0.0 0.0
2015-07-08-15 44 21.297	  31.02761214 121.43943682 1.0  0.0 0.0
2015-07-08-15 44 21.417	  31.02761214 121.43943682 1.0  0.0 0.0
2015-07-08-15 44 21.525	  31.02761214 121.43943682 1.0  0.0 0.0
2015-07-08-15 44 21.673	  31.02761214 121.43943682 1.0  0.0 0.0
2015-07-08-15 44 21.849	  31.02761214 121.43943682 1.0  0.0 0.0
2015-07-08-15 44 22.002	  31.02761214 121.43943682 1.0  0.0 0.0
2015-07-08-15 44 22.130	  31.02763047 121.43943039 1.0  0.0 0.0
2015-07-08-15 44 22.271	  31.02763047 121.43943039 1.0  0.0 0.0
2015-07-08-15 44 22.412	  31.02763047 121.43943039 1.0  0.0 0.0
2015-07-08-15 44 22.529	  31.02763047 121.43943039 1.0  0.0 0.0
2015-07-08-15 44 22.647	  31.02763047 121.43943039 1.0  0.0 0.0
2015-07-08-15 44 22.794	  31.02763047 121.43943039 1.0  0.0 0.0
2015-07-08-15 44 22.910	  31.02763047 121.43943039 1.0  0.0 0.0
2015-07-08-15 44 23.048	  31.02763047 121.43943039 1.0  0.0 0.0
2015-07-08-15 44 23.167	  31.02763047 121.43943039 1.0  0.0 0.0
2015-07-08-15 44 23.295	  31.02763047 121.43943039 1.0  0.0 0.0
2015-07-08-15 44 23.434	  31.02763047 121.43943039 1.0  0.0 0.0
2015-07-08-15 44 23.539	  31.02763047 121.43943039 1.0  0.0 0.0
2015-07-08-15 44 23.643	  31.02763047 121.43943039 1.0  0.0 0.0
2015-07-08-15 44 23.747	  31.02763047 121.43943039 1.0  0.0 0.0
2015-07-08-15 44 23.848	  31.02763047 121.43943039 1.0  0.0 0.0
2015-07-08-15 44 23.950	  31.02763047 121.43943039 1.0  0.0 0.0
2015-07-08-15 44 24.052	  31.02764849 121.43942402 1.0  0.0 0.0
2015-07-08-15 44 24.156	  31.02764849 121.43942402 1.0  0.0 0.0
2015-07-08-15 44 24.261	  31.02764849 121.43942402 1.0  0.0 0.0
2015-07-08-15 44 24.366	  31.02764849 121.43942402 1.0  0.0 0.0
2015-07-08-15 44 24.474	  31.02764849 121.43942402 1.0  0.0 0.0
2015-07-08-15 44 24.580	  31.02764849 121.43942402 1.0  0.0 0.0
2015-07-08-15 44 24.686	  31.02764849 121.43942402 1.0  0.0 0.0
2015-07-08-15 44 24.790	  31.02764849 121.43942402 1.0  0.0 0.0
2015-07-08-15 44 24.895	  31.02764849 121.43942402 1.0  0.0 0.0
2015-07-08-15 44 24.997	  31.02764849 121.43942402 1.0  0.0 0.0
2015-07-08-15 44 25.100	  31.02764849 121.43942402 1.0  0.0 0.0
2015-07-08-15 44 25.202	  31.02764849 121.43942402 1.0  0.0 0.0
2015-07-08-15 44 25.303	  31.02764849 121.43942402 1.0  0.0 0.0
2015-07-08-15 44 25.405	  31.02764849 121.43942402 1.0  0.0 0.0
2015-07-08-15 44 25.506	  31.02764849 121.43942402 1.0  0.0 0.0
2015-07-08-15 44 25.612	  31.02764849 121.43942402 1.0  0.0 0.0
2015-07-08-15 44 25.716	  31.02764849 121.43942402 1.0  0.0 0.0
2015-07-08-15 44 25.828	  31.02764849 121.43942402 1.0  0.0 0.0
2015-07-08-15 44 25.929	  31.02764849 121.43942402 1.0  0.0 0.0
2015-07-08-15 44 26.031	  31.02764849 121.43942402 1.0  0.0 0.0
2015-07-08-15 44 26.134	  31.02766626 121.43941625 1.0  0.0 0.0
2015-07-08-15 44 26.235	  31.02766626 121.43941625 1.0  0.0 0.0
2015-07-08-15 44 26.337	  31.02766626 121.43941625 1.0  0.0 0.0
2015-07-08-15 44 26.439	  31.02766626 121.43941625 1.0  0.0 0.0
2015-07-08-15 44 26.542	  31.02766626 121.43941625 1.0  0.0 0.0
2015-07-08-15 44 26.646	  31.02766626 121.43941625 1.0  0.0 0.0
2015-07-08-15 44 26.752	  31.02766626 121.43941625 1.0  0.0 0.0
2015-07-08-15 44 26.857	  31.02766626 121.43941625 1.0  0.0 0.0
2015-07-08-15 44 26.963	  31.02766626 121.43941625 1.0  0.0 0.0
2015-07-08-15 44 27.069	  31.02766626 121.43941625 1.0  0.0 0.0
2015-07-08-15 44 27.176	  31.02766626 121.43941625 1.0  0.0 0.0
2015-07-08-15 44 27.277	  31.02766626 121.43941625 1.0  0.0 0.0
2015-07-08-15 44 27.378	  31.02766626 121.43941625 1.0  0.0 0.0
2015-07-08-15 44 27.480	  31.02766626 121.43941625 1.0  0.0 0.0
2015-07-08-15 44 27.583	  31.02766626 121.43941625 1.0  0.0 0.0
2015-07-08-15 44 27.687	  31.02766626 121.43941625 1.0  0.0 0.0
2015-07-08-15 44 27.790	  31.02766626 121.43941625 1.0  0.0 0.0
2015-07-08-15 44 27.895	  31.02766626 121.43941625 1.0  0.0 0.0
2015-07-08-15 44 28.009	  31.02766626 121.43941625 1.0  0.0 0.0
2015-07-08-15 44 28.111	  31.02766626 121.43941625 1.0  0.0 0.0
2015-07-08-15 44 28.214	  31.02768334 121.4394085 1.0  0.0 0.0
2015-07-08-15 44 28.316	  31.02768334 121.4394085 1.0  0.0 0.0
2015-07-08-15 44 28.421	  31.02768334 121.4394085 1.0  0.0 0.0
2015-07-08-15 44 28.526	  31.02768334 121.4394085 1.0  0.0 0.0
2015-07-08-15 44 28.635	  31.02768334 121.4394085 1.0  0.0 0.0
2015-07-08-15 44 28.739	  31.02768334 121.4394085 1.0  0.0 0.0
2015-07-08-15 44 28.840	  31.02768334 121.4394085 1.0  0.0 0.0
2015-07-08-15 44 28.942	  31.02768334 121.4394085 1.0  0.0 0.0
2015-07-08-15 44 29.045	  31.02768334 121.4394085 1.0  0.0 0.0
2015-07-08-15 44 29.156	  31.02768334 121.4394085 1.0  0.0 0.0
2015-07-08-15 44 29.258	  31.02768334 121.4394085 1.0  0.0 0.0
2015-07-08-15 44 29.360	  31.02768334 121.4394085 1.0  0.0 0.0
2015-07-08-15 44 29.466	  31.02768334 121.4394085 1.0  0.0 0.0
2015-07-08-15 44 29.569	  31.02768334 121.4394085 1.0  0.0 0.0
2015-07-08-15 44 29.672	  31.02768334 121.4394085 1.0  0.0 0.0
2015-07-08-15 44 29.779	  31.02768334 121.4394085 1.0  0.0 0.0
2015-07-08-15 44 29.883	  31.02768334 121.4394085 1.0  0.0 0.0
2015-07-08-15 44 29.988	  31.02768334 121.4394085 1.0  0.0 0.0
2015-07-08-15 44 30.093	  31.02768334 121.4394085 1.0  0.0 0.0
2015-07-08-15 44 30.195	  31.02768334 121.4394085 1.0  0.0 0.0
2015-07-08-15 44 30.296	  31.02768334 121.4394085 1.0  0.0 0.0
2015-07-08-15 44 30.398	  31.02768334 121.4394085 1.0  0.0 0.0
2015-07-08-15 44 30.499	  31.02768334 121.4394085 1.0  0.0 0.0
2015-07-08-15 44 30.602	  31.02768334 121.4394085 1.0  0.0 0.0
2015-07-08-15 44 30.707	  31.02768334 121.4394085 1.0  0.0 0.0
2015-07-08-15 44 30.814	  31.02768334 121.4394085 1.0  0.0 0.0
2015-07-08-15 44 30.917	  31.02768334 121.4394085 1.0  0.0 0.0
2015-07-08-15 44 31.021	  31.02770674 121.43939482 1.0  0.0 0.0
2015-07-08-15 44 31.122	  31.02770674 121.43939482 1.0  0.0 0.0
2015-07-08-15 44 31.225	  31.02770674 121.43939482 1.0  0.0 0.0
2015-07-08-15 44 31.329	  31.02770674 121.43939482 1.0  0.0 0.0
2015-07-08-15 44 31.465	  31.02770674 121.43939482 1.0  0.0 0.0
2015-07-08-15 44 31.567	  31.02770674 121.43939482 1.0  0.0 0.0
2015-07-08-15 44 31.674	  31.02770674 121.43939482 1.0  0.0 0.0
2015-07-08-15 44 31.780	  31.02770674 121.43939482 1.0  0.0 0.0
2015-07-08-15 44 31.884	  31.02770674 121.43939482 1.0  0.0 0.0
2015-07-08-15 44 31.986	  31.02770674 121.43939482 1.0  0.0 0.0
2015-07-08-15 44 32.087	  31.02770674 121.43939482 1.0  0.0 0.0
2015-07-08-15 44 32.190	  31.02770674 121.43939482 1.0  0.0 0.0
2015-07-08-15 44 32.292	  31.02770674 121.43939482 1.0  0.0 0.0
2015-07-08-15 44 32.394	  31.02770674 121.43939482 1.0  0.0 0.0
2015-07-08-15 44 32.497	  31.02770674 121.43939482 1.0  0.0 0.0
2015-07-08-15 44 32.601	  31.02770674 121.43939482 1.0  0.0 0.0
2015-07-08-15 44 32.707	  31.02770674 121.43939482 1.0  0.0 0.0
2015-07-08-15 44 32.811	  31.02770674 121.43939482 1.0  0.0 0.0
2015-07-08-15 44 32.916	  31.02770674 121.43939482 1.0  0.0 0.0
2015-07-08-15 44 33.021	  31.02772125 121.43938155 1.0  0.0 0.0
2015-07-08-15 44 33.122	  31.02772125 121.43938155 1.0  0.0 0.0
2015-07-08-15 44 33.224	  31.02772125 121.43938155 1.0  0.0 0.0
2015-07-08-15 44 33.327	  31.02772125 121.43938155 1.0  0.0 0.0
2015-07-08-15 44 33.431	  31.02772125 121.43938155 1.0  0.0 0.0
2015-07-08-15 44 33.536	  31.02772125 121.43938155 1.0  0.0 0.0
2015-07-08-15 44 33.651	  31.02772125 121.43938155 1.0  0.0 0.0
2015-07-08-15 44 33.752	  31.02772125 121.43938155 1.0  0.0 0.0
2015-07-08-15 44 33.853	  31.02772125 121.43938155 1.0  0.0 0.0
2015-07-08-15 44 33.956	  31.02772125 121.43938155 1.0  0.0 0.0
2015-07-08-15 44 34.061	  31.02772125 121.43938155 1.0  0.0 0.0
2015-07-08-15 44 34.201	  31.02772125 121.43938155 1.0  0.0 0.0
2015-07-08-15 44 34.302	  31.02772125 121.43938155 1.0  0.0 0.0
2015-07-08-15 44 34.403	  31.02772125 121.43938155 1.0  0.0 0.0
2015-07-08-15 44 34.504	  31.02772125 121.43938155 1.0  0.0 0.0
2015-07-08-15 44 34.610	  31.02772125 121.43938155 1.0  0.0 0.0
2015-07-08-15 44 34.725	  31.02772125 121.43938155 1.0  0.0 0.0
2015-07-08-15 44 34.827	  31.02772125 121.43938155 1.0  0.0 0.0
2015-07-08-15 44 34.929	  31.02772125 121.43938155 1.0  0.0 0.0
2015-07-08-15 44 35.031	  31.02772125 121.43938155 1.0  0.0 0.0
2015-07-08-15 44 35.136	  31.02773777 121.43937077 1.0  0.0 0.0
2015-07-08-15 44 35.241	  31.02773777 121.43937077 1.0  0.0 0.0
2015-07-08-15 44 35.343	  31.02773777 121.43937077 1.0  0.0 0.0
2015-07-08-15 44 35.444	  31.02773777 121.43937077 1.0  0.0 0.0
2015-07-08-15 44 35.545	  31.02773777 121.43937077 1.0  0.0 0.0
2015-07-08-15 44 35.651	  31.02773777 121.43937077 1.0  0.0 0.0
2015-07-08-15 44 35.759	  31.02773777 121.43937077 1.0  0.0 0.0
2015-07-08-15 44 35.861	  31.02773777 121.43937077 1.0  0.0 0.0
2015-07-08-15 44 35.965	  31.02773777 121.43937077 1.0  0.0 0.0
2015-07-08-15 44 36.069	  31.02773777 121.43937077 1.0  0.0 0.0
2015-07-08-15 44 36.174	  31.02773777 121.43937077 1.0  0.0 0.0
2015-07-08-15 44 36.279	  31.02773777 121.43937077 1.0  0.0 0.0
2015-07-08-15 44 36.381	  31.02773777 121.43937077 1.0  0.0 0.0
2015-07-08-15 44 36.486	  31.02773777 121.43937077 1.0  0.0 0.0
2015-07-08-15 44 36.591	  31.02773777 121.43937077 1.0  0.0 0.0
2015-07-08-15 44 36.700	  31.02773777 121.43937077 1.0  0.0 0.0
2015-07-08-15 44 36.805	  31.02773777 121.43937077 1.0  0.0 0.0
2015-07-08-15 44 36.912	  31.02773777 121.43937077 1.0  0.0 0.0
