2015-07-08-15 29 30.412	  0.0 0.0 0.0  0.0 0.0
2015-07-08-15 29 30.514	  0.0 0.0 0.0  0.0 0.0
2015-07-08-15 29 30.618	  0.0 0.0 0.0  0.0 0.0
2015-07-08-15 29 30.721	  0.0 0.0 0.0  0.0 0.0
2015-07-08-15 29 30.823	  0.0 0.0 0.0  0.0 0.0
2015-07-08-15 29 30.924	  0.0 0.0 0.0  0.0 0.0
2015-07-08-15 29 31.025	  0.0 0.0 0.0  0.0 0.0
2015-07-08-15 29 31.127	  0.0 0.0 0.0  0.0 0.0
2015-07-08-15 29 31.229	  0.0 0.0 0.0  0.0 0.0
2015-07-08-15 29 31.331	  0.0 0.0 0.0  0.0 0.0
2015-07-08-15 29 31.433	  0.0 0.0 0.0  0.0 0.0
2015-07-08-15 29 31.534	  0.0 0.0 0.0  0.0 0.0
2015-07-08-15 29 31.636	  0.0 0.0 0.0  0.0 0.0
2015-07-08-15 29 31.739	  0.0 0.0 0.0  0.0 0.0
2015-07-08-15 29 31.840	  0.0 0.0 0.0  0.0 0.0
2015-07-08-15 29 31.942	  0.0 0.0 0.0  0.0 0.0
2015-07-08-15 29 32.044	  0.0 0.0 0.0  0.0 0.0
2015-07-08-15 29 32.146	  0.0 0.0 0.0  0.0 0.0
2015-07-08-15 29 32.247	  0.0 0.0 0.0  0.0 0.0
2015-07-08-15 29 32.349	  0.0 0.0 0.0  0.0 0.0
2015-07-08-15 29 32.457	  0.0 0.0 0.0  0.0 0.0
2015-07-08-15 29 32.560	  0.0 0.0 0.0  0.0 0.0
2015-07-08-15 29 32.661	  0.0 0.0 0.0  0.0 0.0
2015-07-08-15 29 32.763	  0.0 0.0 0.0  0.0 0.0
2015-07-08-15 29 32.865	  0.0 0.0 0.0  0.0 0.0
2015-07-08-15 29 32.967	  0.0 0.0 0.0  0.0 0.0
2015-07-08-15 29 33.068	  0.0 0.0 0.0  0.0 0.0
2015-07-08-15 29 33.170	  0.0 0.0 0.0  0.0 0.0
2015-07-08-15 29 33.272	  0.0 0.0 0.0  0.0 0.0
2015-07-08-15 29 33.376	  0.0 0.0 0.0  0.0 0.0
2015-07-08-15 29 33.482	  0.0 0.0 0.0  0.0 0.0
2015-07-08-15 29 33.583	  0.0 0.0 0.0  0.0 0.0
2015-07-08-15 29 33.685	  0.0 0.0 0.0  0.0 0.0
2015-07-08-15 29 33.807	  0.0 0.0 0.0  0.0 0.0
2015-07-08-15 29 33.910	  0.0 0.0 0.0  0.0 0.0
2015-07-08-15 29 34.012	  0.0 0.0 0.0  0.0 0.0
2015-07-08-15 29 34.122	  0.0 0.0 0.0  0.0 0.0
2015-07-08-15 29 34.224	  0.0 0.0 0.0  0.0 0.0
2015-07-08-15 29 34.327	  0.0 0.0 0.0  0.0 0.0
2015-07-08-15 29 34.435	  0.0 0.0 0.0  0.0 0.0
2015-07-08-15 29 34.538	  0.0 0.0 0.0  0.0 0.0
2015-07-08-15 29 34.640	  0.0 0.0 0.0  0.0 0.0
2015-07-08-15 29 34.742	  0.0 0.0 0.0  0.0 0.0
2015-07-08-15 29 34.845	  0.0 0.0 0.0  0.0 0.0
2015-07-08-15 29 34.954	  0.0 0.0 0.0  0.0 0.0
2015-07-08-15 29 35.061	  0.0 0.0 0.0  0.0 0.0
2015-07-08-15 29 35.169	  0.0 0.0 0.0  0.0 0.0
2015-07-08-15 29 35.273	  0.0 0.0 0.0  0.0 0.0
2015-07-08-15 29 35.378	  0.0 0.0 0.0  0.0 0.0
2015-07-08-15 29 35.487	  0.0 0.0 0.0  0.0 0.0
2015-07-08-15 29 35.590	  0.0 0.0 0.0  0.0 0.0
2015-07-08-15 29 35.692	  0.0 0.0 0.0  0.0 0.0
2015-07-08-15 29 35.796	  31.02776797 121.43916801 1.25  0.0 0.0
2015-07-08-15 29 35.899	  31.02776797 121.43916801 1.25  0.0 0.0
2015-07-08-15 29 36.001	  31.02776797 121.43916801 1.25  0.0 0.0
2015-07-08-15 29 36.106	  31.02776797 121.43916801 1.25  0.0 0.0
2015-07-08-15 29 36.210	  31.02776797 121.43916801 1.25  0.0 0.0
2015-07-08-15 29 36.313	  31.02776797 121.43916801 1.25  0.0 0.0
2015-07-08-15 29 36.417	  31.02776797 121.43916801 1.25  0.0 0.0
2015-07-08-15 29 36.523	  31.02776797 121.43916801 1.25  0.0 0.0
2015-07-08-15 29 36.627	  31.02776797 121.43916801 1.25  0.0 0.0
2015-07-08-15 29 36.733	  31.02772912 121.43916441 1.25  0.0 0.0
2015-07-08-15 29 36.835	  31.02772912 121.43916441 1.25  0.0 0.0
2015-07-08-15 29 36.936	  31.02772912 121.43916441 1.25  0.0 0.0
2015-07-08-15 29 37.040	  31.02772912 121.43916441 1.25  0.0 0.0
2015-07-08-15 29 37.146	  31.02772912 121.43916441 1.25  0.0 0.0
2015-07-08-15 29 37.255	  31.02772912 121.43916441 1.25  0.0 0.0
2015-07-08-15 29 37.360	  31.02772912 121.43916441 1.25  0.0 0.0
2015-07-08-15 29 37.475	  31.02772912 121.43916441 1.25  0.0 0.0
2015-07-08-15 29 37.576	  31.02772912 121.43916441 1.25  0.0 0.0
2015-07-08-15 29 37.678	  31.02772912 121.43916441 1.25  0.0 0.0
2015-07-08-15 29 37.780	  31.02775378 121.43933404 1.5  0.0 0.0
2015-07-08-15 29 37.882	  31.02775378 121.43933404 1.5  0.0 0.0
2015-07-08-15 29 37.985	  31.02775378 121.43933404 1.5  0.0 0.0
2015-07-08-15 29 38.090	  31.02775378 121.43933404 1.5  0.0 0.0
2015-07-08-15 29 38.207	  31.02775378 121.43933404 1.5  0.0 0.0
2015-07-08-15 29 38.309	  31.02775378 121.43933404 1.5  0.0 0.0
2015-07-08-15 29 38.411	  31.02775378 121.43933404 1.5  0.0 0.0
2015-07-08-15 29 38.513	  31.02775378 121.43933404 1.5  0.0 0.0
2015-07-08-15 29 38.617	  31.02775378 121.43933404 1.5  0.0 0.0
2015-07-08-15 29 38.718	  31.02762887 121.43913544 1.0  0.0 0.0
2015-07-08-15 29 38.820	  31.02762887 121.43913544 1.0  0.0 0.0
2015-07-08-15 29 38.922	  31.02762887 121.43913544 1.0  0.0 0.0
2015-07-08-15 29 39.024	  31.02762887 121.43913544 1.0  0.0 0.0
2015-07-08-15 29 39.126	  31.02762887 121.43913544 1.0  0.0 0.0
2015-07-08-15 29 39.232	  31.02762887 121.43913544 1.0  0.0 0.0
2015-07-08-15 29 39.337	  31.02762887 121.43913544 1.0  0.0 0.0
2015-07-08-15 29 39.441	  31.02762887 121.43913544 1.0  0.0 0.0
2015-07-08-15 29 39.544	  31.02762887 121.43913544 1.0  0.0 0.0
2015-07-08-15 29 39.645	  31.02762887 121.43913544 1.0  0.0 0.0
2015-07-08-15 29 39.748	  31.02763006 121.43945689 1.25  0.0 0.0
2015-07-08-15 29 39.853	  31.02763006 121.43945689 1.25  0.0 0.0
2015-07-08-15 29 39.954	  31.02763006 121.43945689 1.25  0.0 0.0
2015-07-08-15 29 40.059	  31.02763006 121.43945689 1.25  0.0 0.0
2015-07-08-15 29 40.162	  31.02763006 121.43945689 1.25  0.0 0.0
2015-07-08-15 29 40.265	  31.02763006 121.43945689 1.25  0.0 0.0
2015-07-08-15 29 40.367	  31.02763006 121.43945689 1.25  0.0 0.0
2015-07-08-15 29 40.472	  31.02763006 121.43945689 1.25  0.0 0.0
2015-07-08-15 29 40.576	  31.02763006 121.43945689 1.25  0.0 0.0
2015-07-08-15 29 40.712	  31.02763006 121.43945689 1.25  0.0 0.0
2015-07-08-15 29 40.814	  31.02763006 121.43945689 1.25  0.0 0.0
2015-07-08-15 29 40.915	  31.02768864 121.43947095 0.0  0.0 0.0
2015-07-08-15 29 41.017	  31.02768864 121.43947095 0.0  0.0 0.0
2015-07-08-15 29 41.120	  31.02768864 121.43947095 0.0  0.0 0.0
2015-07-08-15 29 41.221	  31.02768864 121.43947095 0.0  0.0 0.0
2015-07-08-15 29 41.327	  31.02768864 121.43947095 0.0  0.0 0.0
2015-07-08-15 29 41.428	  31.02768864 121.43947095 0.0  0.0 0.0
2015-07-08-15 29 41.530	  31.02768864 121.43947095 0.0  0.0 0.0
2015-07-08-15 29 41.634	  31.02768864 121.43947095 0.0  0.0 0.0
2015-07-08-15 29 41.737	  31.02768864 121.43947095 0.0  0.0 0.0
2015-07-08-15 29 41.840	  31.02768864 121.43947095 0.0  0.0 0.0
2015-07-08-15 29 41.942	  31.02766478 121.43944079 1.25  0.0 0.0
2015-07-08-15 29 42.043	  31.02766478 121.43944079 1.25  0.0 0.0
2015-07-08-15 29 42.145	  31.02766478 121.43944079 1.25  0.0 0.0
2015-07-08-15 29 42.249	  31.02766478 121.43944079 1.25  0.0 0.0
2015-07-08-15 29 42.361	  31.02766478 121.43944079 1.25  0.0 0.0
2015-07-08-15 29 42.462	  31.02766478 121.43944079 1.25  0.0 0.0
2015-07-08-15 29 42.563	  31.02766478 121.43944079 1.25  0.0 0.0
2015-07-08-15 29 42.665	  31.02766478 121.43944079 1.25  0.0 0.0
2015-07-08-15 29 42.768	  31.02766478 121.43944079 1.25  0.0 0.0
2015-07-08-15 29 42.875	  31.0276446 121.43942673 1.5  0.0 0.0
2015-07-08-15 29 42.989	  31.0276446 121.43942673 1.5  0.0 0.0
2015-07-08-15 29 43.091	  31.0276446 121.43942673 1.5  0.0 0.0
2015-07-08-15 29 43.194	  31.0276446 121.43942673 1.5  0.0 0.0
2015-07-08-15 29 43.300	  31.0276446 121.43942673 1.5  0.0 0.0
2015-07-08-15 29 43.410	  31.0276446 121.43942673 1.5  0.0 0.0
2015-07-08-15 29 43.511	  31.0276446 121.43942673 1.5  0.0 0.0
2015-07-08-15 29 43.613	  31.0276446 121.43942673 1.5  0.0 0.0
2015-07-08-15 29 43.719	  31.0276446 121.43942673 1.5  0.0 0.0
2015-07-08-15 29 43.822	  31.0276446 121.43942673 1.5  0.0 0.0
2015-07-08-15 29 43.932	  31.02762594 121.43941838 1.5  0.0 0.0
2015-07-08-15 29 44.035	  31.02762594 121.43941838 1.5  0.0 0.0
2015-07-08-15 29 44.137	  31.02762594 121.43941838 1.5  0.0 0.0
2015-07-08-15 29 44.239	  31.02762594 121.43941838 1.5  0.0 0.0
2015-07-08-15 29 44.345	  31.02762594 121.43941838 1.5  0.0 0.0
2015-07-08-15 29 44.461	  31.02762594 121.43941838 1.5  0.0 0.0
2015-07-08-15 29 44.562	  31.02762594 121.43941838 1.5  0.0 0.0
2015-07-08-15 29 44.664	  31.02762594 121.43941838 1.5  0.0 0.0
2015-07-08-15 29 44.766	  31.02762594 121.43941838 1.5  0.0 0.0
2015-07-08-15 29 44.869	  31.02762594 121.43941838 1.5  0.0 0.0
2015-07-08-15 29 44.975	  31.02762594 121.43941838 1.5  0.0 0.0
2015-07-08-15 29 45.076	  31.02762594 121.43941838 1.5  0.0 0.0
2015-07-08-15 29 45.178	  31.02762594 121.43941838 1.5  0.0 0.0
2015-07-08-15 29 45.284	  31.02762594 121.43941838 1.5  0.0 0.0
2015-07-08-15 29 45.388	  31.02762594 121.43941838 1.5  0.0 0.0
2015-07-08-15 29 45.493	  31.02762594 121.43941838 1.5  0.0 0.0
2015-07-08-15 29 45.594	  31.02762594 121.43941838 1.5  0.0 0.0
2015-07-08-15 29 45.696	  31.02762594 121.43941838 1.5  0.0 0.0
2015-07-08-15 29 45.802	  31.02762594 121.43941838 1.5  0.0 0.0
2015-07-08-15 29 45.904	  31.02759836 121.43940522 1.25  0.0 0.0
2015-07-08-15 29 46.006	  31.02759836 121.43940522 1.25  0.0 0.0
2015-07-08-15 29 46.107	  31.02759836 121.43940522 1.25  0.0 0.0
2015-07-08-15 29 46.210	  31.02759836 121.43940522 1.25  0.0 0.0
2015-07-08-15 29 46.313	  31.02759836 121.43940522 1.25  0.0 0.0
2015-07-08-15 29 46.421	  31.02759836 121.43940522 1.25  0.0 0.0
2015-07-08-15 29 46.525	  31.02759836 121.43940522 1.25  0.0 0.0
2015-07-08-15 29 46.638	  31.02759836 121.43940522 1.25  0.0 0.0
2015-07-08-15 29 46.740	  31.02759836 121.43940522 1.25  0.0 0.0
2015-07-08-15 29 46.842	  31.02759836 121.43940522 1.25  0.0 0.0
2015-07-08-15 29 46.945	  31.02759836 121.43940522 1.25  0.0 0.0
2015-07-08-15 29 47.060	  31.02759836 121.43940522 1.25  0.0 0.0
2015-07-08-15 29 47.162	  31.02759836 121.43940522 1.25  0.0 0.0
2015-07-08-15 29 47.266	  31.02759836 121.43940522 1.25  0.0 0.0
2015-07-08-15 29 47.372	  31.02759836 121.43940522 1.25  0.0 0.0
2015-07-08-15 29 47.487	  31.02759836 121.43940522 1.25  0.0 0.0
2015-07-08-15 29 47.589	  31.02759836 121.43940522 1.25  0.0 0.0
2015-07-08-15 29 47.690	  31.02759836 121.43940522 1.25  0.0 0.0
2015-07-08-15 29 47.792	  31.02759836 121.43940522 1.25  0.0 0.0
2015-07-08-15 29 47.895	  31.02759836 121.43940522 1.25  0.0 0.0
2015-07-08-15 29 48.006	  31.02757475 121.43939974 1.25  0.0 0.0
2015-07-08-15 29 48.116	  31.02757475 121.43939974 1.25  0.0 0.0
2015-07-08-15 29 48.221	  31.02757475 121.43939974 1.25  0.0 0.0
2015-07-08-15 29 48.330	  31.02757475 121.43939974 1.25  0.0 0.0
2015-07-08-15 29 48.434	  31.02757475 121.43939974 1.25  0.0 0.0
2015-07-08-15 29 48.538	  31.02757475 121.43939974 1.25  0.0 0.0
2015-07-08-15 29 48.641	  31.02757475 121.43939974 1.25  0.0 0.0
2015-07-08-15 29 48.751	  31.02757475 121.43939974 1.25  0.0 0.0
2015-07-08-15 29 48.854	  31.02757475 121.43939974 1.25  0.0 0.0
2015-07-08-15 29 48.961	  31.02757475 121.43939974 1.25  0.0 0.0
2015-07-08-15 29 49.063	  31.02757475 121.43939974 1.25  0.0 0.0
2015-07-08-15 29 49.171	  31.02757475 121.43939974 1.25  0.0 0.0
2015-07-08-15 29 49.275	  31.02757475 121.43939974 1.25  0.0 0.0
2015-07-08-15 29 49.379	  31.02757475 121.43939974 1.25  0.0 0.0
2015-07-08-15 29 49.482	  31.02757475 121.43939974 1.25  0.0 0.0
2015-07-08-15 29 49.593	  31.02757475 121.43939974 1.25  0.0 0.0
2015-07-08-15 29 49.695	  31.02757475 121.43939974 1.25  0.0 0.0
2015-07-08-15 29 49.797	  31.02757475 121.43939974 1.25  0.0 0.0
2015-07-08-15 29 49.900	  31.02757475 121.43939974 1.25  0.0 0.0
2015-07-08-15 29 50.020	  31.02755362 121.43940379 1.25  0.0 0.0
2015-07-08-15 29 50.121	  31.02755362 121.43940379 1.25  0.0 0.0
2015-07-08-15 29 50.223	  31.02755362 121.43940379 1.25  0.0 0.0
2015-07-08-15 29 50.326	  31.02755362 121.43940379 1.25  0.0 0.0
2015-07-08-15 29 50.439	  31.02755362 121.43940379 1.25  0.0 0.0
2015-07-08-15 29 50.543	  31.02755362 121.43940379 1.25  0.0 0.0
2015-07-08-15 29 50.644	  31.02755362 121.43940379 1.25  0.0 0.0
2015-07-08-15 29 50.746	  31.02755362 121.43940379 1.25  0.0 0.0
2015-07-08-15 29 50.862	  31.02755362 121.43940379 1.25  0.0 0.0
2015-07-08-15 29 50.964	  31.02755362 121.43940379 1.25  0.0 0.0
2015-07-08-15 29 51.068	  31.02755362 121.43940379 1.25  0.0 0.0
2015-07-08-15 29 51.172	  31.02755362 121.43940379 1.25  0.0 0.0
2015-07-08-15 29 51.274	  31.02755362 121.43940379 1.25  0.0 0.0
2015-07-08-15 29 51.382	  31.02755362 121.43940379 1.25  0.0 0.0
2015-07-08-15 29 51.501	  31.02755362 121.43940379 1.25  0.0 0.0
2015-07-08-15 29 51.603	  31.02755362 121.43940379 1.25  0.0 0.0
2015-07-08-15 29 51.706	  31.02755362 121.43940379 1.25  0.0 0.0
2015-07-08-15 29 51.810	  31.02755362 121.43940379 1.25  0.0 0.0
2015-07-08-15 29 51.926	  31.02754205 121.43942919 1.25  0.0 0.0
2015-07-08-15 29 52.027	  31.02754205 121.43942919 1.25  0.0 0.0
2015-07-08-15 29 52.129	  31.02754205 121.43942919 1.25  0.0 0.0
2015-07-08-15 29 52.235	  31.02754205 121.43942919 1.25  0.0 0.0
2015-07-08-15 29 52.343	  31.02754205 121.43942919 1.25  0.0 0.0
2015-07-08-15 29 52.445	  31.02754205 121.43942919 1.25  0.0 0.0
2015-07-08-15 29 52.546	  31.02754205 121.43942919 1.25  0.0 0.0
2015-07-08-15 29 52.649	  31.02754205 121.43942919 1.25  0.0 0.0
2015-07-08-15 29 52.756	  31.02754205 121.43942919 1.25  0.0 0.0
2015-07-08-15 29 52.861	  31.02754205 121.43942919 1.25  0.0 0.0
2015-07-08-15 29 52.964	  31.02754205 121.43942919 1.25  0.0 0.0
2015-07-08-15 29 53.067	  31.02754205 121.43942919 1.25  0.0 0.0
2015-07-08-15 29 53.169	  31.02754205 121.43942919 1.25  0.0 0.0
2015-07-08-15 29 53.275	  31.02754205 121.43942919 1.25  0.0 0.0
2015-07-08-15 29 53.381	  31.02754205 121.43942919 1.25  0.0 0.0
2015-07-08-15 29 53.487	  31.02754205 121.43942919 1.25  0.0 0.0
2015-07-08-15 29 53.588	  31.02754205 121.43942919 1.25  0.0 0.0
2015-07-08-15 29 53.690	  31.02754205 121.43942919 1.25  0.0 0.0
2015-07-08-15 29 53.798	  31.02754205 121.43942919 1.25  0.0 0.0
2015-07-08-15 29 53.901	  31.02752105 121.43944241 1.25  0.0 0.0
2015-07-08-15 29 54.005	  31.02752105 121.43944241 1.25  0.0 0.0
2015-07-08-15 29 54.106	  31.02752105 121.43944241 1.25  0.0 0.0
2015-07-08-15 29 54.211	  31.02752105 121.43944241 1.25  0.0 0.0
2015-07-08-15 29 54.318	  31.02752105 121.43944241 1.25  0.0 0.0
2015-07-08-15 29 54.429	  31.02752105 121.43944241 1.25  0.0 0.0
2015-07-08-15 29 54.532	  31.02752105 121.43944241 1.25  0.0 0.0
2015-07-08-15 29 54.634	  31.02752105 121.43944241 1.25  0.0 0.0
2015-07-08-15 29 54.737	  31.02752105 121.43944241 1.25  0.0 0.0
2015-07-08-15 29 54.839	  31.02752105 121.43944241 1.25  0.0 0.0
2015-07-08-15 29 54.941	  31.02752105 121.43944241 1.25  0.0 0.0
2015-07-08-15 29 55.047	  31.02752105 121.43944241 1.25  0.0 0.0
2015-07-08-15 29 55.149	  31.02752105 121.43944241 1.25  0.0 0.0
2015-07-08-15 29 55.251	  31.02752105 121.43944241 1.25  0.0 0.0
2015-07-08-15 29 55.353	  31.02752105 121.43944241 1.25  0.0 0.0
2015-07-08-15 29 55.454	  31.02752105 121.43944241 1.25  0.0 0.0
2015-07-08-15 29 55.560	  31.02752105 121.43944241 1.25  0.0 0.0
2015-07-08-15 29 55.672	  31.02752105 121.43944241 1.25  0.0 0.0
2015-07-08-15 29 55.774	  31.02752105 121.43944241 1.25  0.0 0.0
2015-07-08-15 29 55.875	  31.02752105 121.43944241 1.25  0.0 0.0
2015-07-08-15 29 55.983	  31.02750339 121.43945958 1.25  0.0 0.0
2015-07-08-15 29 56.088	  31.02750339 121.43945958 1.25  0.0 0.0
2015-07-08-15 29 56.224	  31.02750339 121.43945958 1.25  0.0 0.0
2015-07-08-15 29 56.335	  31.02750339 121.43945958 1.25  0.0 0.0
2015-07-08-15 29 56.439	  31.02750339 121.43945958 1.25  0.0 0.0
2015-07-08-15 29 56.557	  31.02750339 121.43945958 1.25  0.0 0.0
2015-07-08-15 29 56.658	  31.02750339 121.43945958 1.25  0.0 0.0
2015-07-08-15 29 56.760	  31.02750339 121.43945958 1.25  0.0 0.0
2015-07-08-15 29 56.862	  31.02750339 121.43945958 1.25  0.0 0.0
2015-07-08-15 29 56.964	  31.02750339 121.43945958 1.25  0.0 0.0
2015-07-08-15 29 57.077	  31.02750339 121.43945958 1.25  0.0 0.0
2015-07-08-15 29 57.182	  31.02750339 121.43945958 1.25  0.0 0.0
2015-07-08-15 29 57.285	  31.02750339 121.43945958 1.25  0.0 0.0
2015-07-08-15 29 57.393	  31.02750339 121.43945958 1.25  0.0 0.0
2015-07-08-15 29 57.498	  31.02750339 121.43945958 1.25  0.0 0.0
2015-07-08-15 29 57.600	  31.02750339 121.43945958 1.25  0.0 0.0
2015-07-08-15 29 57.703	  31.02750339 121.43945958 1.25  0.0 0.0
2015-07-08-15 29 57.811	  31.02750339 121.43945958 1.25  0.0 0.0
2015-07-08-15 29 57.913	  31.02750339 121.43945958 1.25  0.0 0.0
2015-07-08-15 29 58.023	  31.02750339 121.43945958 1.25  0.0 0.0
2015-07-08-15 29 58.133	  31.02750339 121.43945958 1.25  0.0 0.0
2015-07-08-15 29 58.238	  31.02750339 121.43945958 1.25  0.0 0.0
2015-07-08-15 29 58.341	  31.02750339 121.43945958 1.25  0.0 0.0
2015-07-08-15 29 58.450	  31.02750339 121.43945958 1.25  0.0 0.0
2015-07-08-15 29 58.552	  31.02750339 121.43945958 1.25  0.0 0.0
2015-07-08-15 29 58.656	  31.02750339 121.43945958 1.25  0.0 0.0
2015-07-08-15 29 58.761	  31.02750339 121.43945958 1.25  0.0 0.0
2015-07-08-15 29 58.864	  31.02750339 121.43945958 1.25  0.0 0.0
2015-07-08-15 29 58.966	  31.02750339 121.43945958 1.25  0.0 0.0
2015-07-08-15 29 59.070	  31.02750339 121.43945958 1.25  0.0 0.0
2015-07-08-15 29 59.173	  31.02750339 121.43945958 1.25  0.0 0.0
2015-07-08-15 29 59.277	  31.02750339 121.43945958 1.25  0.0 0.0
2015-07-08-15 29 59.394	  31.02750339 121.43945958 1.25  0.0 0.0
2015-07-08-15 29 59.497	  31.02750339 121.43945958 1.25  0.0 0.0
2015-07-08-15 29 59.601	  31.02750339 121.43945958 1.25  0.0 0.0
2015-07-08-15 29 59.710	  31.02750339 121.43945958 1.25  0.0 0.0
2015-07-08-15 29 59.812	  31.02750339 121.43945958 1.25  0.0 0.0
2015-07-08-15 29 59.913	  31.02748788 121.43947829 0.75  0.0 0.0
2015-07-08-15 30 00.019	  31.02748788 121.43947829 0.75  0.0 0.0
2015-07-08-15 30 00.121	  31.02748788 121.43947829 0.75  0.0 0.0
2015-07-08-15 30 00.223	  31.02748788 121.43947829 0.75  0.0 0.0
2015-07-08-15 30 00.336	  31.02748788 121.43947829 0.75  0.0 0.0
2015-07-08-15 30 00.439	  31.02748788 121.43947829 0.75  0.0 0.0
2015-07-08-15 30 00.542	  31.02748788 121.43947829 0.75  0.0 0.0
2015-07-08-15 30 00.651	  31.02748788 121.43947829 0.75  0.0 0.0
2015-07-08-15 30 00.753	  31.02748788 121.43947829 0.75  0.0 0.0
2015-07-08-15 30 00.855	  31.02748788 121.43947829 0.75  0.0 0.0
2015-07-08-15 30 00.961	  31.02748788 121.43947829 0.75  0.0 0.0
2015-07-08-15 30 01.063	  31.02748788 121.43947829 0.75  0.0 0.0
2015-07-08-15 30 01.183	  31.02748788 121.43947829 0.75  0.0 0.0
2015-07-08-15 30 01.285	  31.02748788 121.43947829 0.75  0.0 0.0
2015-07-08-15 30 01.397	  31.02748788 121.43947829 0.75  0.0 0.0
2015-07-08-15 30 01.501	  31.02748788 121.43947829 0.75  0.0 0.0
2015-07-08-15 30 01.604	  31.02748788 121.43947829 0.75  0.0 0.0
2015-07-08-15 30 01.709	  31.02748788 121.43947829 0.75  0.0 0.0
2015-07-08-15 30 01.811	  31.02748788 121.43947829 0.75  0.0 0.0
2015-07-08-15 30 01.913	  31.02748788 121.43947829 0.75  0.0 0.0
2015-07-08-15 30 02.103	  31.02746322 121.43948622 1.25  0.0 0.0
2015-07-08-15 30 02.205	  31.02746322 121.43948622 1.25  0.0 0.0
2015-07-08-15 30 02.307	  31.02746322 121.43948622 1.25  0.0 0.0
2015-07-08-15 30 02.410	  31.02746322 121.43948622 1.25  0.0 0.0
2015-07-08-15 30 02.512	  31.02746322 121.43948622 1.25  0.0 0.0
2015-07-08-15 30 02.620	  31.02746322 121.43948622 1.25  0.0 0.0
2015-07-08-15 30 02.722	  31.02746322 121.43948622 1.25  0.0 0.0
2015-07-08-15 30 02.824	  31.02746322 121.43948622 1.25  0.0 0.0
2015-07-08-15 30 02.931	  31.02746322 121.43948622 1.25  0.0 0.0
2015-07-08-15 30 03.034	  31.02746322 121.43948622 1.25  0.0 0.0
2015-07-08-15 30 03.137	  31.02746322 121.43948622 1.25  0.0 0.0
2015-07-08-15 30 03.283	  31.02746322 121.43948622 1.25  0.0 0.0
2015-07-08-15 30 03.384	  31.02746322 121.43948622 1.25  0.0 0.0
2015-07-08-15 30 03.489	  31.02746322 121.43948622 1.25  0.0 0.0
2015-07-08-15 30 03.592	  31.02746322 121.43948622 1.25  0.0 0.0
2015-07-08-15 30 03.697	  31.02746322 121.43948622 1.25  0.0 0.0
2015-07-08-15 30 03.810	  31.02746322 121.43948622 1.25  0.0 0.0
2015-07-08-15 30 03.911	  31.02746322 121.43948622 1.25  0.0 0.0
2015-07-08-15 30 04.015	  31.02746322 121.43948622 1.25  0.0 0.0
2015-07-08-15 30 04.160	  31.02746322 121.43948622 1.25  0.0 0.0
2015-07-08-15 30 04.261	  31.02746322 121.43948622 1.25  0.0 0.0
2015-07-08-15 30 04.363	  31.02746322 121.43948622 1.25  0.0 0.0
2015-07-08-15 30 04.464	  31.02746322 121.43948622 1.25  0.0 0.0
2015-07-08-15 30 04.568	  31.02746322 121.43948622 1.25  0.0 0.0
2015-07-08-15 30 04.746	  31.02746322 121.43948622 1.25  0.0 0.0
2015-07-08-15 30 04.848	  31.02746322 121.43948622 1.25  0.0 0.0
2015-07-08-15 30 04.953	  31.02746322 121.43948622 1.25  0.0 0.0
2015-07-08-15 30 05.073	  31.02744387 121.43948213 0.0  0.0 0.0
2015-07-08-15 30 05.175	  31.02744387 121.43948213 0.0  0.0 0.0
2015-07-08-15 30 05.311	  31.02744387 121.43948213 0.0  0.0 0.0
2015-07-08-15 30 05.414	  31.02744387 121.43948213 0.0  0.0 0.0
2015-07-08-15 30 05.588	  31.02744387 121.43948213 0.0  0.0 0.0
2015-07-08-15 30 05.691	  31.02744387 121.43948213 0.0  0.0 0.0
2015-07-08-15 30 05.848	  31.02744387 121.43948213 0.0  0.0 0.0
2015-07-08-15 30 05.950	  31.02744387 121.43948213 0.0  0.0 0.0
2015-07-08-15 30 06.056	  31.02744387 121.43948213 0.0  0.0 0.0
2015-07-08-15 30 06.158	  31.02744387 121.43948213 0.0  0.0 0.0
2015-07-08-15 30 06.260	  31.02744387 121.43948213 0.0  0.0 0.0
2015-07-08-15 30 06.405	  31.02744387 121.43948213 0.0  0.0 0.0
2015-07-08-15 30 06.507	  31.02744387 121.43948213 0.0  0.0 0.0
2015-07-08-15 30 06.657	  31.02744387 121.43948213 0.0  0.0 0.0
2015-07-08-15 30 06.759	  31.02744387 121.43948213 0.0  0.0 0.0
2015-07-08-15 30 06.872	  31.02744387 121.43948213 0.0  0.0 0.0
2015-07-08-15 30 06.976	  31.02744387 121.43948213 0.0  0.0 0.0
2015-07-08-15 30 07.077	  31.02744387 121.43948213 0.0  0.0 0.0
2015-07-08-15 30 07.199	  31.02744387 121.43948213 0.0  0.0 0.0
2015-07-08-15 30 07.301	  31.02744387 121.43948213 0.0  0.0 0.0
2015-07-08-15 30 07.449	  31.02744387 121.43948213 0.0  0.0 0.0
2015-07-08-15 30 07.554	  31.02744387 121.43948213 0.0  0.0 0.0
2015-07-08-15 30 07.728	  31.02744387 121.43948213 0.0  0.0 0.0
2015-07-08-15 30 07.832	  31.02744387 121.43948213 0.0  0.0 0.0
2015-07-08-15 30 08.005	  31.02744387 121.43948213 0.0  0.0 0.0
2015-07-08-15 30 08.107	  31.02744387 121.43948213 0.0  0.0 0.0
2015-07-08-15 30 08.263	  31.02744387 121.43948213 0.0  0.0 0.0
2015-07-08-15 30 08.367	  31.02744387 121.43948213 0.0  0.0 0.0
2015-07-08-15 30 08.513	  31.02744387 121.43948213 0.0  0.0 0.0
2015-07-08-15 30 08.615	  31.02744387 121.43948213 0.0  0.0 0.0
2015-07-08-15 30 08.758	  31.02744387 121.43948213 0.0  0.0 0.0
2015-07-08-15 30 08.860	  31.02744387 121.43948213 0.0  0.0 0.0
2015-07-08-15 30 09.019	  31.02744387 121.43948213 0.0  0.0 0.0
2015-07-08-15 30 09.121	  31.02744387 121.43948213 0.0  0.0 0.0
2015-07-08-15 30 09.253	  31.02744387 121.43948213 0.0  0.0 0.0
2015-07-08-15 30 09.359	  31.02744387 121.43948213 0.0  0.0 0.0
2015-07-08-15 30 09.529	  31.02744387 121.43948213 0.0  0.0 0.0
2015-07-08-15 30 09.636	  31.02744387 121.43948213 0.0  0.0 0.0
2015-07-08-15 30 09.804	  31.02744387 121.43948213 0.0  0.0 0.0
2015-07-08-15 30 09.906	  31.02741816 121.43948832 1.0  0.0 0.0
2015-07-08-15 30 10.070	  31.02741816 121.43948832 1.0  0.0 0.0
2015-07-08-15 30 10.172	  31.02741816 121.43948832 1.0  0.0 0.0
2015-07-08-15 30 10.328	  31.02741816 121.43948832 1.0  0.0 0.0
2015-07-08-15 30 10.430	  31.02741816 121.43948832 1.0  0.0 0.0
2015-07-08-15 30 10.531	  31.02741816 121.43948832 1.0  0.0 0.0
2015-07-08-15 30 10.634	  31.02741816 121.43948832 1.0  0.0 0.0
2015-07-08-15 30 10.736	  31.02741816 121.43948832 1.0  0.0 0.0
2015-07-08-15 30 10.838	  31.02741816 121.43948832 1.0  0.0 0.0
2015-07-08-15 30 10.944	  31.02741816 121.43948832 1.0  0.0 0.0
2015-07-08-15 30 11.050	  31.02741816 121.43948832 1.0  0.0 0.0
2015-07-08-15 30 11.152	  31.02741816 121.43948832 1.0  0.0 0.0
2015-07-08-15 30 11.255	  31.02741816 121.43948832 1.0  0.0 0.0
2015-07-08-15 30 11.361	  31.02741816 121.43948832 1.0  0.0 0.0
2015-07-08-15 30 11.463	  31.02741816 121.43948832 1.0  0.0 0.0
2015-07-08-15 30 11.620	  31.02741816 121.43948832 1.0  0.0 0.0
2015-07-08-15 30 11.723	  31.02741816 121.43948832 1.0  0.0 0.0
2015-07-08-15 30 11.840	  31.02741816 121.43948832 1.0  0.0 0.0
2015-07-08-15 30 11.943	  31.02741816 121.43948832 1.0  0.0 0.0
2015-07-08-15 30 12.104	  31.02739696 121.43949815 1.0  0.0 0.0
2015-07-08-15 30 12.208	  31.02739696 121.43949815 1.0  0.0 0.0
2015-07-08-15 30 12.370	  31.02739696 121.43949815 1.0  0.0 0.0
2015-07-08-15 30 12.474	  31.02739696 121.43949815 1.0  0.0 0.0
2015-07-08-15 30 12.653	  31.02739696 121.43949815 1.0  0.0 0.0
2015-07-08-15 30 12.755	  31.02739696 121.43949815 1.0  0.0 0.0
2015-07-08-15 30 12.898	  31.02739696 121.43949815 1.0  0.0 0.0
2015-07-08-15 30 13.001	  31.02739696 121.43949815 1.0  0.0 0.0
2015-07-08-15 30 13.125	  31.02739696 121.43949815 1.0  0.0 0.0
2015-07-08-15 30 13.227	  31.02739696 121.43949815 1.0  0.0 0.0
2015-07-08-15 30 13.365	  31.02739696 121.43949815 1.0  0.0 0.0
2015-07-08-15 30 13.468	  31.02739696 121.43949815 1.0  0.0 0.0
2015-07-08-15 30 13.603	  31.02739696 121.43949815 1.0  0.0 0.0
2015-07-08-15 30 13.705	  31.02739696 121.43949815 1.0  0.0 0.0
2015-07-08-15 30 13.870	  31.02739696 121.43949815 1.0  0.0 0.0
2015-07-08-15 30 13.972	  31.02737823 121.4395139 1.25  0.0 0.0
2015-07-08-15 30 14.118	  31.02737823 121.4395139 1.25  0.0 0.0
2015-07-08-15 30 14.221	  31.02737823 121.4395139 1.25  0.0 0.0
2015-07-08-15 30 14.357	  31.02737823 121.4395139 1.25  0.0 0.0
2015-07-08-15 30 14.459	  31.02737823 121.4395139 1.25  0.0 0.0
2015-07-08-15 30 14.607	  31.02737823 121.4395139 1.25  0.0 0.0
2015-07-08-15 30 14.709	  31.02737823 121.4395139 1.25  0.0 0.0
2015-07-08-15 30 14.852	  31.02737823 121.4395139 1.25  0.0 0.0
2015-07-08-15 30 14.954	  31.02737823 121.4395139 1.25  0.0 0.0
2015-07-08-15 30 15.104	  31.02737823 121.4395139 1.25  0.0 0.0
2015-07-08-15 30 15.210	  31.02737823 121.4395139 1.25  0.0 0.0
2015-07-08-15 30 15.360	  31.02737823 121.4395139 1.25  0.0 0.0
2015-07-08-15 30 15.461	  31.02737823 121.4395139 1.25  0.0 0.0
2015-07-08-15 30 15.578	  31.02737823 121.4395139 1.25  0.0 0.0
2015-07-08-15 30 15.680	  31.02737823 121.4395139 1.25  0.0 0.0
2015-07-08-15 30 15.783	  31.02737823 121.4395139 1.25  0.0 0.0
2015-07-08-15 30 15.924	  31.02735775 121.43953095 1.25  0.0 0.0
2015-07-08-15 30 16.027	  31.02735775 121.43953095 1.25  0.0 0.0
2015-07-08-15 30 16.147	  31.02735775 121.43953095 1.25  0.0 0.0
2015-07-08-15 30 16.251	  31.02735775 121.43953095 1.25  0.0 0.0
2015-07-08-15 30 16.354	  31.02735775 121.43953095 1.25  0.0 0.0
2015-07-08-15 30 16.458	  31.02735775 121.43953095 1.25  0.0 0.0
2015-07-08-15 30 16.561	  31.02735775 121.43953095 1.25  0.0 0.0
2015-07-08-15 30 16.663	  31.02735775 121.43953095 1.25  0.0 0.0
2015-07-08-15 30 16.771	  31.02735775 121.43953095 1.25  0.0 0.0
2015-07-08-15 30 16.877	  31.02735775 121.43953095 1.25  0.0 0.0
2015-07-08-15 30 17.021	  31.02735775 121.43953095 1.25  0.0 0.0
2015-07-08-15 30 17.137	  31.02735775 121.43953095 1.25  0.0 0.0
2015-07-08-15 30 17.240	  31.02735775 121.43953095 1.25  0.0 0.0
2015-07-08-15 30 17.403	  31.02735775 121.43953095 1.25  0.0 0.0
2015-07-08-15 30 17.504	  31.02735775 121.43953095 1.25  0.0 0.0
2015-07-08-15 30 17.612	  31.02735775 121.43953095 1.25  0.0 0.0
2015-07-08-15 30 17.716	  31.02735775 121.43953095 1.25  0.0 0.0
2015-07-08-15 30 17.819	  31.02735775 121.43953095 1.25  0.0 0.0
2015-07-08-15 30 17.970	  31.02733416 121.43954627 1.25  0.0 0.0
2015-07-08-15 30 18.071	  31.02733416 121.43954627 1.25  0.0 0.0
2015-07-08-15 30 18.175	  31.02733416 121.43954627 1.25  0.0 0.0
2015-07-08-15 30 18.286	  31.02733416 121.43954627 1.25  0.0 0.0
2015-07-08-15 30 18.388	  31.02733416 121.43954627 1.25  0.0 0.0
2015-07-08-15 30 18.504	  31.02733416 121.43954627 1.25  0.0 0.0
2015-07-08-15 30 18.606	  31.02733416 121.43954627 1.25  0.0 0.0
2015-07-08-15 30 18.710	  31.02733416 121.43954627 1.25  0.0 0.0
2015-07-08-15 30 18.856	  31.02733416 121.43954627 1.25  0.0 0.0
2015-07-08-15 30 18.960	  31.02733416 121.43954627 1.25  0.0 0.0
2015-07-08-15 30 19.061	  31.02733416 121.43954627 1.25  0.0 0.0
2015-07-08-15 30 19.199	  31.02733416 121.43954627 1.25  0.0 0.0
2015-07-08-15 30 19.305	  31.02733416 121.43954627 1.25  0.0 0.0
2015-07-08-15 30 19.409	  31.02733416 121.43954627 1.25  0.0 0.0
2015-07-08-15 30 19.550	  31.02733416 121.43954627 1.25  0.0 0.0
2015-07-08-15 30 19.652	  31.02733416 121.43954627 1.25  0.0 0.0
2015-07-08-15 30 19.756	  31.02733416 121.43954627 1.25  0.0 0.0
2015-07-08-15 30 19.905	  31.02730934 121.43955687 1.25  0.0 0.0
2015-07-08-15 30 20.023	  31.02730934 121.43955687 1.25  0.0 0.0
2015-07-08-15 30 20.124	  31.02730934 121.43955687 1.25  0.0 0.0
2015-07-08-15 30 20.265	  31.02730934 121.43955687 1.25  0.0 0.0
2015-07-08-15 30 20.407	  31.02730934 121.43955687 1.25  0.0 0.0
2015-07-08-15 30 20.516	  31.02730934 121.43955687 1.25  0.0 0.0
2015-07-08-15 30 20.676	  31.02730934 121.43955687 1.25  0.0 0.0
2015-07-08-15 30 20.787	  31.02730934 121.43955687 1.25  0.0 0.0
2015-07-08-15 30 20.892	  31.02730934 121.43955687 1.25  0.0 0.0
2015-07-08-15 30 21.044	  31.02730934 121.43955687 1.25  0.0 0.0
2015-07-08-15 30 21.152	  31.02730934 121.43955687 1.25  0.0 0.0
2015-07-08-15 30 21.256	  31.02730934 121.43955687 1.25  0.0 0.0
2015-07-08-15 30 21.407	  31.02730934 121.43955687 1.25  0.0 0.0
2015-07-08-15 30 21.524	  31.02730934 121.43955687 1.25  0.0 0.0
2015-07-08-15 30 21.659	  31.02730934 121.43955687 1.25  0.0 0.0
2015-07-08-15 30 21.835	  31.02730934 121.43955687 1.25  0.0 0.0
2015-07-08-15 30 21.951	  31.02730934 121.43955687 1.25  0.0 0.0
2015-07-08-15 30 22.052	  31.02728621 121.43957145 1.25  0.0 0.0
2015-07-08-15 30 22.154	  31.02728621 121.43957145 1.25  0.0 0.0
2015-07-08-15 30 22.261	  31.02728621 121.43957145 1.25  0.0 0.0
2015-07-08-15 30 22.365	  31.02728621 121.43957145 1.25  0.0 0.0
2015-07-08-15 30 22.527	  31.02728621 121.43957145 1.25  0.0 0.0
2015-07-08-15 30 22.632	  31.02728621 121.43957145 1.25  0.0 0.0
2015-07-08-15 30 22.734	  31.02728621 121.43957145 1.25  0.0 0.0
2015-07-08-15 30 22.895	  31.02728621 121.43957145 1.25  0.0 0.0
2015-07-08-15 30 22.998	  31.02728621 121.43957145 1.25  0.0 0.0
2015-07-08-15 30 23.123	  31.02728621 121.43957145 1.25  0.0 0.0
2015-07-08-15 30 23.231	  31.02728621 121.43957145 1.25  0.0 0.0
2015-07-08-15 30 23.335	  31.02728621 121.43957145 1.25  0.0 0.0
2015-07-08-15 30 23.477	  31.02728621 121.43957145 1.25  0.0 0.0
2015-07-08-15 30 23.583	  31.02728621 121.43957145 1.25  0.0 0.0
2015-07-08-15 30 23.684	  31.02728621 121.43957145 1.25  0.0 0.0
2015-07-08-15 30 23.786	  31.02728621 121.43957145 1.25  0.0 0.0
2015-07-08-15 30 23.888	  31.02728621 121.43957145 1.25  0.0 0.0
2015-07-08-15 30 24.067	  31.02726503 121.43959177 1.25  0.0 0.0
2015-07-08-15 30 24.168	  31.02726503 121.43959177 1.25  0.0 0.0
2015-07-08-15 30 24.293	  31.02726503 121.43959177 1.25  0.0 0.0
2015-07-08-15 30 24.402	  31.02726503 121.43959177 1.25  0.0 0.0
2015-07-08-15 30 24.504	  31.02726503 121.43959177 1.25  0.0 0.0
2015-07-08-15 30 24.621	  31.02726503 121.43959177 1.25  0.0 0.0
2015-07-08-15 30 24.723	  31.02726503 121.43959177 1.25  0.0 0.0
2015-07-08-15 30 24.826	  31.02726503 121.43959177 1.25  0.0 0.0
2015-07-08-15 30 24.933	  31.02726503 121.43959177 1.25  0.0 0.0
2015-07-08-15 30 25.038	  31.02726503 121.43959177 1.25  0.0 0.0
2015-07-08-15 30 25.158	  31.02726503 121.43959177 1.25  0.0 0.0
2015-07-08-15 30 25.259	  31.02726503 121.43959177 1.25  0.0 0.0
2015-07-08-15 30 25.406	  31.02726503 121.43959177 1.25  0.0 0.0
2015-07-08-15 30 25.508	  31.02726503 121.43959177 1.25  0.0 0.0
2015-07-08-15 30 25.657	  31.02726503 121.43959177 1.25  0.0 0.0
2015-07-08-15 30 25.766	  31.02726503 121.43959177 1.25  0.0 0.0
2015-07-08-15 30 25.869	  31.0272421 121.43960537 1.25  0.0 0.0
2015-07-08-15 30 26.027	  31.0272421 121.43960537 1.25  0.0 0.0
2015-07-08-15 30 26.129	  31.0272421 121.43960537 1.25  0.0 0.0
2015-07-08-15 30 26.246	  31.0272421 121.43960537 1.25  0.0 0.0
2015-07-08-15 30 26.348	  31.0272421 121.43960537 1.25  0.0 0.0
2015-07-08-15 30 26.450	  31.0272421 121.43960537 1.25  0.0 0.0
2015-07-08-15 30 26.561	  31.0272421 121.43960537 1.25  0.0 0.0
2015-07-08-15 30 26.663	  31.0272421 121.43960537 1.25  0.0 0.0
2015-07-08-15 30 26.807	  31.0272421 121.43960537 1.25  0.0 0.0
2015-07-08-15 30 26.910	  31.0272421 121.43960537 1.25  0.0 0.0
2015-07-08-15 30 27.017	  31.0272421 121.43960537 1.25  0.0 0.0
2015-07-08-15 30 27.119	  31.0272421 121.43960537 1.25  0.0 0.0
2015-07-08-15 30 27.265	  31.0272421 121.43960537 1.25  0.0 0.0
2015-07-08-15 30 27.368	  31.0272421 121.43960537 1.25  0.0 0.0
2015-07-08-15 30 27.515	  31.0272421 121.43960537 1.25  0.0 0.0
2015-07-08-15 30 27.622	  31.0272421 121.43960537 1.25  0.0 0.0
2015-07-08-15 30 27.725	  31.0272421 121.43960537 1.25  0.0 0.0
2015-07-08-15 30 27.870	  31.0272421 121.43960537 1.25  0.0 0.0
2015-07-08-15 30 27.993	  31.02721902 121.43961869 1.25  0.0 0.0
2015-07-08-15 30 28.095	  31.02721902 121.43961869 1.25  0.0 0.0
2015-07-08-15 30 28.210	  31.02721902 121.43961869 1.25  0.0 0.0
2015-07-08-15 30 28.315	  31.02721902 121.43961869 1.25  0.0 0.0
2015-07-08-15 30 28.424	  31.02721902 121.43961869 1.25  0.0 0.0
2015-07-08-15 30 28.603	  31.02721902 121.43961869 1.25  0.0 0.0
2015-07-08-15 30 28.706	  31.02721902 121.43961869 1.25  0.0 0.0
2015-07-08-15 30 28.812	  31.02721902 121.43961869 1.25  0.0 0.0
2015-07-08-15 30 28.986	  31.02721902 121.43961869 1.25  0.0 0.0
2015-07-08-15 30 29.088	  31.02721902 121.43961869 1.25  0.0 0.0
2015-07-08-15 30 29.240	  31.02721902 121.43961869 1.25  0.0 0.0
2015-07-08-15 30 29.389	  31.02721902 121.43961869 1.25  0.0 0.0
2015-07-08-15 30 29.493	  31.02721902 121.43961869 1.25  0.0 0.0
2015-07-08-15 30 29.648	  31.02721902 121.43961869 1.25  0.0 0.0
2015-07-08-15 30 29.797	  31.02721902 121.43961869 1.25  0.0 0.0
2015-07-08-15 30 29.899	  31.0271971 121.43962962 1.25  0.0 0.0
2015-07-08-15 30 30.059	  31.0271971 121.43962962 1.25  0.0 0.0
2015-07-08-15 30 30.179	  31.0271971 121.43962962 1.25  0.0 0.0
2015-07-08-15 30 30.281	  31.0271971 121.43962962 1.25  0.0 0.0
2015-07-08-15 30 30.416	  31.0271971 121.43962962 1.25  0.0 0.0
2015-07-08-15 30 30.538	  31.0271971 121.43962962 1.25  0.0 0.0
2015-07-08-15 30 30.640	  31.0271971 121.43962962 1.25  0.0 0.0
2015-07-08-15 30 30.809	  31.0271971 121.43962962 1.25  0.0 0.0
2015-07-08-15 30 30.949	  31.0271971 121.43962962 1.25  0.0 0.0
2015-07-08-15 30 31.052	  31.0271971 121.43962962 1.25  0.0 0.0
2015-07-08-15 30 31.210	  31.0271971 121.43962962 1.25  0.0 0.0
2015-07-08-15 30 31.330	  31.0271971 121.43962962 1.25  0.0 0.0
2015-07-08-15 30 31.436	  31.0271971 121.43962962 1.25  0.0 0.0
2015-07-08-15 30 31.619	  31.0271971 121.43962962 1.25  0.0 0.0
2015-07-08-15 30 31.739	  31.0271971 121.43962962 1.25  0.0 0.0
2015-07-08-15 30 31.841	  31.0271971 121.43962962 1.25  0.0 0.0
2015-07-08-15 30 31.969	  31.0271741 121.43964267 1.25  0.0 0.0
2015-07-08-15 30 32.138	  31.0271741 121.43964267 1.25  0.0 0.0
2015-07-08-15 30 32.239	  31.0271741 121.43964267 1.25  0.0 0.0
2015-07-08-15 30 32.341	  31.0271741 121.43964267 1.25  0.0 0.0
2015-07-08-15 30 32.509	  31.0271741 121.43964267 1.25  0.0 0.0
2015-07-08-15 30 32.614	  31.0271741 121.43964267 1.25  0.0 0.0
2015-07-08-15 30 32.782	  31.0271741 121.43964267 1.25  0.0 0.0
2015-07-08-15 30 32.900	  31.0271741 121.43964267 1.25  0.0 0.0
2015-07-08-15 30 33.005	  31.0271741 121.43964267 1.25  0.0 0.0
2015-07-08-15 30 33.120	  31.0271741 121.43964267 1.25  0.0 0.0
2015-07-08-15 30 33.245	  31.0271741 121.43964267 1.25  0.0 0.0
2015-07-08-15 30 33.355	  31.0271741 121.43964267 1.25  0.0 0.0
2015-07-08-15 30 33.509	  31.0271741 121.43964267 1.25  0.0 0.0
2015-07-08-15 30 33.626	  31.0271741 121.43964267 1.25  0.0 0.0
2015-07-08-15 30 33.730	  31.0271741 121.43964267 1.25  0.0 0.0
2015-07-08-15 30 33.843	  31.0271741 121.43964267 1.25  0.0 0.0
2015-07-08-15 30 34.013	  31.02715153 121.43965811 1.25  0.0 0.0
2015-07-08-15 30 34.114	  31.02715153 121.43965811 1.25  0.0 0.0
2015-07-08-15 30 34.234	  31.02715153 121.43965811 1.25  0.0 0.0
2015-07-08-15 30 34.409	  31.02715153 121.43965811 1.25  0.0 0.0
2015-07-08-15 30 34.511	  31.02715153 121.43965811 1.25  0.0 0.0
2015-07-08-15 30 34.623	  31.02715153 121.43965811 1.25  0.0 0.0
2015-07-08-15 30 34.793	  31.02715153 121.43965811 1.25  0.0 0.0
2015-07-08-15 30 34.895	  31.02715153 121.43965811 1.25  0.0 0.0
2015-07-08-15 30 35.000	  31.02715153 121.43965811 1.25  0.0 0.0
2015-07-08-15 30 35.117	  31.02715153 121.43965811 1.25  0.0 0.0
2015-07-08-15 30 35.257	  31.02715153 121.43965811 1.25  0.0 0.0
2015-07-08-15 30 35.365	  31.02715153 121.43965811 1.25  0.0 0.0
2015-07-08-15 30 35.466	  31.02715153 121.43965811 1.25  0.0 0.0
2015-07-08-15 30 35.599	  31.02715153 121.43965811 1.25  0.0 0.0
2015-07-08-15 30 35.749	  31.02715153 121.43965811 1.25  0.0 0.0
2015-07-08-15 30 35.852	  31.02715153 121.43965811 1.25  0.0 0.0
2015-07-08-15 30 35.956	  31.02715153 121.43965811 1.25  0.0 0.0
2015-07-08-15 30 36.107	  31.02715153 121.43965811 1.25  0.0 0.0
2015-07-08-15 30 36.210	  31.02715153 121.43965811 1.25  0.0 0.0
2015-07-08-15 30 36.313	  31.02715153 121.43965811 1.25  0.0 0.0
2015-07-08-15 30 36.461	  31.02715153 121.43965811 1.25  0.0 0.0
2015-07-08-15 30 36.618	  31.02715153 121.43965811 1.25  0.0 0.0
2015-07-08-15 30 36.723	  31.02715153 121.43965811 1.25  0.0 0.0
2015-07-08-15 30 36.825	  31.02715153 121.43965811 1.25  0.0 0.0
2015-07-08-15 30 36.942	  31.02715153 121.43965811 1.25  0.0 0.0
2015-07-08-15 30 37.060	  31.0271318 121.43967389 0.75  0.0 0.0
2015-07-08-15 30 37.166	  31.0271318 121.43967389 0.75  0.0 0.0
2015-07-08-15 30 37.271	  31.0271318 121.43967389 0.75  0.0 0.0
2015-07-08-15 30 37.373	  31.0271318 121.43967389 0.75  0.0 0.0
2015-07-08-15 30 37.511	  31.0271318 121.43967389 0.75  0.0 0.0
2015-07-08-15 30 37.667	  31.0271318 121.43967389 0.75  0.0 0.0
2015-07-08-15 30 37.772	  31.0271318 121.43967389 0.75  0.0 0.0
2015-07-08-15 30 37.877	  31.0271318 121.43967389 0.75  0.0 0.0
2015-07-08-15 30 38.027	  31.0271318 121.43967389 0.75  0.0 0.0
2015-07-08-15 30 38.152	  31.0271318 121.43967389 0.75  0.0 0.0
2015-07-08-15 30 38.254	  31.0271318 121.43967389 0.75  0.0 0.0
2015-07-08-15 30 38.359	  31.0271318 121.43967389 0.75  0.0 0.0
2015-07-08-15 30 38.511	  31.0271318 121.43967389 0.75  0.0 0.0
2015-07-08-15 30 38.616	  31.0271318 121.43967389 0.75  0.0 0.0
2015-07-08-15 30 38.773	  31.0271318 121.43967389 0.75  0.0 0.0
2015-07-08-15 30 38.925	  31.0271318 121.43967389 0.75  0.0 0.0
2015-07-08-15 30 39.081	  31.02710715 121.43968164 1.25  0.0 0.0
2015-07-08-15 30 39.198	  31.02710715 121.43968164 1.25  0.0 0.0
2015-07-08-15 30 39.302	  31.02710715 121.43968164 1.25  0.0 0.0
2015-07-08-15 30 39.407	  31.02710715 121.43968164 1.25  0.0 0.0
2015-07-08-15 30 39.574	  31.02710715 121.43968164 1.25  0.0 0.0
2015-07-08-15 30 39.692	  31.02710715 121.43968164 1.25  0.0 0.0
2015-07-08-15 30 39.794	  31.02710715 121.43968164 1.25  0.0 0.0
2015-07-08-15 30 39.897	  31.02710715 121.43968164 1.25  0.0 0.0
2015-07-08-15 30 40.069	  31.02710715 121.43968164 1.25  0.0 0.0
2015-07-08-15 30 40.194	  31.02710715 121.43968164 1.25  0.0 0.0
2015-07-08-15 30 40.341	  31.02710715 121.43968164 1.25  0.0 0.0
2015-07-08-15 30 40.457	  31.02710715 121.43968164 1.25  0.0 0.0
2015-07-08-15 30 40.576	  31.02710715 121.43968164 1.25  0.0 0.0
2015-07-08-15 30 40.716	  31.02710715 121.43968164 1.25  0.0 0.0
2015-07-08-15 30 40.848	  31.02708141 121.43968796 1.25  0.0 0.0
2015-07-08-15 30 41.017	  31.02708141 121.43968796 1.25  0.0 0.0
2015-07-08-15 30 41.133	  31.02708141 121.43968796 1.25  0.0 0.0
2015-07-08-15 30 41.277	  31.02708141 121.43968796 1.25  0.0 0.0
2015-07-08-15 30 41.455	  31.02708141 121.43968796 1.25  0.0 0.0
2015-07-08-15 30 41.572	  31.02708141 121.43968796 1.25  0.0 0.0
2015-07-08-15 30 41.716	  31.02708141 121.43968796 1.25  0.0 0.0
2015-07-08-15 30 41.858	  31.02708141 121.43968796 1.25  0.0 0.0
2015-07-08-15 30 42.021	  31.02708141 121.43968796 1.25  0.0 0.0
2015-07-08-15 30 42.136	  31.02708141 121.43968796 1.25  0.0 0.0
2015-07-08-15 30 42.303	  31.02708141 121.43968796 1.25  0.0 0.0
2015-07-08-15 30 42.418	  31.02708141 121.43968796 1.25  0.0 0.0
2015-07-08-15 30 42.535	  31.02708141 121.43968796 1.25  0.0 0.0
2015-07-08-15 30 42.637	  31.02708141 121.43968796 1.25  0.0 0.0
2015-07-08-15 30 42.739	  31.02708141 121.43968796 1.25  0.0 0.0
2015-07-08-15 30 42.908	  31.02705701 121.43969289 1.25  0.0 0.0
2015-07-08-15 30 43.057	  31.02705701 121.43969289 1.25  0.0 0.0
2015-07-08-15 30 43.161	  31.02705701 121.43969289 1.25  0.0 0.0
2015-07-08-15 30 43.263	  31.02705701 121.43969289 1.25  0.0 0.0
2015-07-08-15 30 43.384	  31.02705701 121.43969289 1.25  0.0 0.0
2015-07-08-15 30 43.502	  31.02705701 121.43969289 1.25  0.0 0.0
2015-07-08-15 30 43.632	  31.02705701 121.43969289 1.25  0.0 0.0
2015-07-08-15 30 43.765	  31.02705701 121.43969289 1.25  0.0 0.0
2015-07-08-15 30 43.885	  31.02705701 121.43969289 1.25  0.0 0.0
2015-07-08-15 30 44.041	  31.02705701 121.43969289 1.25  0.0 0.0
2015-07-08-15 30 44.180	  31.02705701 121.43969289 1.25  0.0 0.0
2015-07-08-15 30 44.322	  31.02705701 121.43969289 1.25  0.0 0.0
2015-07-08-15 30 44.458	  31.02705701 121.43969289 1.25  0.0 0.0
2015-07-08-15 30 44.611	  31.02705701 121.43969289 1.25  0.0 0.0
2015-07-08-15 30 44.752	  31.02705701 121.43969289 1.25  0.0 0.0
2015-07-08-15 30 44.871	  31.02705701 121.43969289 1.25  0.0 0.0
2015-07-08-15 30 45.016	  31.02703201 121.43969801 1.25  0.0 0.0
2015-07-08-15 30 45.132	  31.02703201 121.43969801 1.25  0.0 0.0
2015-07-08-15 30 45.261	  31.02703201 121.43969801 1.25  0.0 0.0
2015-07-08-15 30 45.424	  31.02703201 121.43969801 1.25  0.0 0.0
2015-07-08-15 30 45.595	  31.02703201 121.43969801 1.25  0.0 0.0
2015-07-08-15 30 45.711	  31.02703201 121.43969801 1.25  0.0 0.0
2015-07-08-15 30 45.854	  31.02703201 121.43969801 1.25  0.0 0.0
2015-07-08-15 30 46.001	  31.02703201 121.43969801 1.25  0.0 0.0
2015-07-08-15 30 46.123	  31.02703201 121.43969801 1.25  0.0 0.0
2015-07-08-15 30 46.239	  31.02703201 121.43969801 1.25  0.0 0.0
2015-07-08-15 30 46.370	  31.02703201 121.43969801 1.25  0.0 0.0
2015-07-08-15 30 46.499	  31.02703201 121.43969801 1.25  0.0 0.0
2015-07-08-15 30 46.663	  31.02703201 121.43969801 1.25  0.0 0.0
2015-07-08-15 30 46.804	  31.02703201 121.43969801 1.25  0.0 0.0
2015-07-08-15 30 46.921	  31.02703201 121.43969801 1.25  0.0 0.0
2015-07-08-15 30 47.075	  31.02700816 121.43970793 1.25  0.0 0.0
2015-07-08-15 30 47.224	  31.02700816 121.43970793 1.25  0.0 0.0
2015-07-08-15 30 47.363	  31.02700816 121.43970793 1.25  0.0 0.0
2015-07-08-15 30 47.511	  31.02700816 121.43970793 1.25  0.0 0.0
2015-07-08-15 30 47.675	  31.02700816 121.43970793 1.25  0.0 0.0
2015-07-08-15 30 47.813	  31.02700816 121.43970793 1.25  0.0 0.0
2015-07-08-15 30 47.922	  31.02700816 121.43970793 1.25  0.0 0.0
2015-07-08-15 30 48.024	  31.02700816 121.43970793 1.25  0.0 0.0
2015-07-08-15 30 48.153	  31.02700816 121.43970793 1.25  0.0 0.0
2015-07-08-15 30 48.304	  31.02700816 121.43970793 1.25  0.0 0.0
2015-07-08-15 30 48.455	  31.02700816 121.43970793 1.25  0.0 0.0
2015-07-08-15 30 48.604	  31.02700816 121.43970793 1.25  0.0 0.0
2015-07-08-15 30 48.760	  31.02700816 121.43970793 1.25  0.0 0.0
2015-07-08-15 30 48.899	  31.02698394 121.43971995 1.25  0.0 0.0
2015-07-08-15 30 49.025	  31.02698394 121.43971995 1.25  0.0 0.0
2015-07-08-15 30 49.141	  31.02698394 121.43971995 1.25  0.0 0.0
2015-07-08-15 30 49.307	  31.02698394 121.43971995 1.25  0.0 0.0
2015-07-08-15 30 49.457	  31.02698394 121.43971995 1.25  0.0 0.0
2015-07-08-15 30 49.633	  31.02698394 121.43971995 1.25  0.0 0.0
2015-07-08-15 30 49.784	  31.02698394 121.43971995 1.25  0.0 0.0
2015-07-08-15 30 49.913	  31.02698394 121.43971995 1.25  0.0 0.0
2015-07-08-15 30 50.029	  31.02698394 121.43971995 1.25  0.0 0.0
2015-07-08-15 30 50.234	  31.02698394 121.43971995 1.25  0.0 0.0
2015-07-08-15 30 50.376	  31.02698394 121.43971995 1.25  0.0 0.0
2015-07-08-15 30 50.555	  31.02698394 121.43971995 1.25  0.0 0.0
2015-07-08-15 30 50.688	  31.02698394 121.43971995 1.25  0.0 0.0
2015-07-08-15 30 50.832	  31.02698394 121.43971995 1.25  0.0 0.0
2015-07-08-15 30 50.965	  31.02695923 121.43972992 1.25  0.0 0.0
2015-07-08-15 30 51.107	  31.02695923 121.43972992 1.25  0.0 0.0
2015-07-08-15 30 51.248	  31.02695923 121.43972992 1.25  0.0 0.0
2015-07-08-15 30 51.399	  31.02695923 121.43972992 1.25  0.0 0.0
2015-07-08-15 30 51.563	  31.02695923 121.43972992 1.25  0.0 0.0
2015-07-08-15 30 51.680	  31.02695923 121.43972992 1.25  0.0 0.0
2015-07-08-15 30 51.811	  31.02695923 121.43972992 1.25  0.0 0.0
2015-07-08-15 30 52.032	  31.02695923 121.43972992 1.25  0.0 0.0
2015-07-08-15 30 52.146	  31.02695923 121.43972992 1.25  0.0 0.0
2015-07-08-15 30 52.304	  31.02695923 121.43972992 1.25  0.0 0.0
2015-07-08-15 30 52.481	  31.02695923 121.43972992 1.25  0.0 0.0
2015-07-08-15 30 52.598	  31.02695923 121.43972992 1.25  0.0 0.0
2015-07-08-15 30 52.717	  31.02695923 121.43972992 1.25  0.0 0.0
2015-07-08-15 30 52.975	  31.02693499 121.43973793 1.25  0.0 0.0
2015-07-08-15 30 53.091	  31.02693499 121.43973793 1.25  0.0 0.0
2015-07-08-15 30 53.240	  31.02693499 121.43973793 1.25  0.0 0.0
2015-07-08-15 30 53.407	  31.02693499 121.43973793 1.25  0.0 0.0
2015-07-08-15 30 53.522	  31.02693499 121.43973793 1.25  0.0 0.0
2015-07-08-15 30 53.703	  31.02693499 121.43973793 1.25  0.0 0.0
2015-07-08-15 30 53.865	  31.02693499 121.43973793 1.25  0.0 0.0
2015-07-08-15 30 54.007	  31.02693499 121.43973793 1.25  0.0 0.0
2015-07-08-15 30 54.122	  31.02693499 121.43973793 1.25  0.0 0.0
2015-07-08-15 30 54.238	  31.02693499 121.43973793 1.25  0.0 0.0
2015-07-08-15 30 54.372	  31.02693499 121.43973793 1.25  0.0 0.0
2015-07-08-15 30 54.489	  31.02693499 121.43973793 1.25  0.0 0.0
2015-07-08-15 30 54.645	  31.02693499 121.43973793 1.25  0.0 0.0
2015-07-08-15 30 54.763	  31.02693499 121.43973793 1.25  0.0 0.0
2015-07-08-15 30 54.881	  31.02693499 121.43973793 1.25  0.0 0.0
2015-07-08-15 30 55.016	  31.02691228 121.439747 1.25  0.0 0.0
2015-07-08-15 30 55.158	  31.02691228 121.439747 1.25  0.0 0.0
2015-07-08-15 30 55.308	  31.02691228 121.439747 1.25  0.0 0.0
2015-07-08-15 30 55.426	  31.02691228 121.439747 1.25  0.0 0.0
2015-07-08-15 30 55.547	  31.02691228 121.439747 1.25  0.0 0.0
2015-07-08-15 30 55.702	  31.02691228 121.439747 1.25  0.0 0.0
2015-07-08-15 30 55.854	  31.02691228 121.439747 1.25  0.0 0.0
2015-07-08-15 30 55.980	  31.02691228 121.439747 1.25  0.0 0.0
2015-07-08-15 30 56.100	  31.02691228 121.439747 1.25  0.0 0.0
2015-07-08-15 30 56.254	  31.02691228 121.439747 1.25  0.0 0.0
2015-07-08-15 30 56.387	  31.02691228 121.439747 1.25  0.0 0.0
2015-07-08-15 30 56.503	  31.02691228 121.439747 1.25  0.0 0.0
2015-07-08-15 30 56.651	  31.02691228 121.439747 1.25  0.0 0.0
2015-07-08-15 30 56.841	  31.02691228 121.439747 1.25  0.0 0.0
2015-07-08-15 30 56.973	  31.02688894 121.43975784 1.25  0.0 0.0
2015-07-08-15 30 57.092	  31.02688894 121.43975784 1.25  0.0 0.0
2015-07-08-15 30 57.237	  31.02688894 121.43975784 1.25  0.0 0.0
2015-07-08-15 30 57.394	  31.02688894 121.43975784 1.25  0.0 0.0
2015-07-08-15 30 57.534	  31.02688894 121.43975784 1.25  0.0 0.0
2015-07-08-15 30 57.681	  31.02688894 121.43975784 1.25  0.0 0.0
2015-07-08-15 30 57.827	  31.02688894 121.43975784 1.25  0.0 0.0
2015-07-08-15 30 57.984	  31.02688894 121.43975784 1.25  0.0 0.0
2015-07-08-15 30 58.103	  31.02688894 121.43975784 1.25  0.0 0.0
2015-07-08-15 30 58.256	  31.02688894 121.43975784 1.25  0.0 0.0
2015-07-08-15 30 58.399	  31.02688894 121.43975784 1.25  0.0 0.0
2015-07-08-15 30 58.547	  31.02688894 121.43975784 1.25  0.0 0.0
2015-07-08-15 30 58.681	  31.02688894 121.43975784 1.25  0.0 0.0
2015-07-08-15 30 58.856	  31.02688894 121.43975784 1.25  0.0 0.0
2015-07-08-15 30 58.992	  31.02688894 121.43975784 1.25  0.0 0.0
2015-07-08-15 30 59.113	  31.02686482 121.43976662 1.25  0.0 0.0
2015-07-08-15 30 59.241	  31.02686482 121.43976662 1.25  0.0 0.0
2015-07-08-15 30 59.407	  31.02686482 121.43976662 1.25  0.0 0.0
2015-07-08-15 30 59.524	  31.02686482 121.43976662 1.25  0.0 0.0
2015-07-08-15 30 59.676	  31.02686482 121.43976662 1.25  0.0 0.0
2015-07-08-15 30 59.835	  31.02686482 121.43976662 1.25  0.0 0.0
2015-07-08-15 30 59.988	  31.02686482 121.43976662 1.25  0.0 0.0
2015-07-08-15 31 00.164	  31.02686482 121.43976662 1.25  0.0 0.0
2015-07-08-15 31 00.279	  31.02686482 121.43976662 1.25  0.0 0.0
2015-07-08-15 31 00.411	  31.02686482 121.43976662 1.25  0.0 0.0
2015-07-08-15 31 00.573	  31.02686482 121.43976662 1.25  0.0 0.0
2015-07-08-15 31 00.691	  31.02686482 121.43976662 1.25  0.0 0.0
2015-07-08-15 31 00.809	  31.02686482 121.43976662 1.25  0.0 0.0
2015-07-08-15 31 00.926	  31.02684181 121.43977584 1.25  0.0 0.0
2015-07-08-15 31 01.059	  31.02684181 121.43977584 1.25  0.0 0.0
2015-07-08-15 31 01.196	  31.02684181 121.43977584 1.25  0.0 0.0
2015-07-08-15 31 01.313	  31.02684181 121.43977584 1.25  0.0 0.0
2015-07-08-15 31 01.450	  31.02684181 121.43977584 1.25  0.0 0.0
2015-07-08-15 31 01.615	  31.02684181 121.43977584 1.25  0.0 0.0
2015-07-08-15 31 01.731	  31.02684181 121.43977584 1.25  0.0 0.0
2015-07-08-15 31 01.874	  31.02684181 121.43977584 1.25  0.0 0.0
2015-07-08-15 31 02.024	  31.02684181 121.43977584 1.25  0.0 0.0
2015-07-08-15 31 02.140	  31.02684181 121.43977584 1.25  0.0 0.0
2015-07-08-15 31 02.284	  31.02684181 121.43977584 1.25  0.0 0.0
2015-07-08-15 31 02.405	  31.02684181 121.43977584 1.25  0.0 0.0
2015-07-08-15 31 02.523	  31.02684181 121.43977584 1.25  0.0 0.0
2015-07-08-15 31 02.681	  31.02684181 121.43977584 1.25  0.0 0.0
2015-07-08-15 31 02.826	  31.02684181 121.43977584 1.25  0.0 0.0
2015-07-08-15 31 02.943	  31.02681919 121.43978471 1.25  0.0 0.0
2015-07-08-15 31 03.070	  31.02681919 121.43978471 1.25  0.0 0.0
2015-07-08-15 31 03.198	  31.02681919 121.43978471 1.25  0.0 0.0
2015-07-08-15 31 03.353	  31.02681919 121.43978471 1.25  0.0 0.0
2015-07-08-15 31 03.493	  31.02681919 121.43978471 1.25  0.0 0.0
2015-07-08-15 31 03.638	  31.02681919 121.43978471 1.25  0.0 0.0
2015-07-08-15 31 03.770	  31.02681919 121.43978471 1.25  0.0 0.0
2015-07-08-15 31 03.882	  31.02681919 121.43978471 1.25  0.0 0.0
2015-07-08-15 31 03.984	  31.02681919 121.43978471 1.25  0.0 0.0
2015-07-08-15 31 04.106	  31.02681919 121.43978471 1.25  0.0 0.0
2015-07-08-15 31 04.216	  31.02681919 121.43978471 1.25  0.0 0.0
2015-07-08-15 31 04.324	  31.02681919 121.43978471 1.25  0.0 0.0
2015-07-08-15 31 04.467	  31.02681919 121.43978471 1.25  0.0 0.0
2015-07-08-15 31 04.638	  31.02681919 121.43978471 1.25  0.0 0.0
2015-07-08-15 31 04.794	  31.02681919 121.43978471 1.25  0.0 0.0
2015-07-08-15 31 04.939	  31.02679963 121.43979817 1.25  0.0 0.0
2015-07-08-15 31 05.083	  31.02679963 121.43979817 1.25  0.0 0.0
2015-07-08-15 31 05.232	  31.02679963 121.43979817 1.25  0.0 0.0
2015-07-08-15 31 05.363	  31.02679963 121.43979817 1.25  0.0 0.0
2015-07-08-15 31 05.501	  31.02679963 121.43979817 1.25  0.0 0.0
2015-07-08-15 31 05.663	  31.02679963 121.43979817 1.25  0.0 0.0
2015-07-08-15 31 05.805	  31.02679963 121.43979817 1.25  0.0 0.0
2015-07-08-15 31 05.925	  31.02679963 121.43979817 1.25  0.0 0.0
2015-07-08-15 31 06.061	  31.02679963 121.43979817 1.25  0.0 0.0
2015-07-08-15 31 06.177	  31.02679963 121.43979817 1.25  0.0 0.0
2015-07-08-15 31 06.341	  31.02679963 121.43979817 1.25  0.0 0.0
2015-07-08-15 31 06.504	  31.02679963 121.43979817 1.25  0.0 0.0
2015-07-08-15 31 06.660	  31.02679963 121.43979817 1.25  0.0 0.0
2015-07-08-15 31 06.798	  31.02679963 121.43979817 1.25  0.0 0.0
2015-07-08-15 31 06.922	  31.0267763 121.43980614 1.25  0.0 0.0
2015-07-08-15 31 07.063	  31.0267763 121.43980614 1.25  0.0 0.0
2015-07-08-15 31 07.188	  31.0267763 121.43980614 1.25  0.0 0.0
2015-07-08-15 31 07.305	  31.0267763 121.43980614 1.25  0.0 0.0
2015-07-08-15 31 07.481	  31.0267763 121.43980614 1.25  0.0 0.0
2015-07-08-15 31 07.598	  31.0267763 121.43980614 1.25  0.0 0.0
2015-07-08-15 31 07.741	  31.0267763 121.43980614 1.25  0.0 0.0
2015-07-08-15 31 07.896	  31.0267763 121.43980614 1.25  0.0 0.0
2015-07-08-15 31 08.055	  31.0267763 121.43980614 1.25  0.0 0.0
2015-07-08-15 31 08.173	  31.0267763 121.43980614 1.25  0.0 0.0
2015-07-08-15 31 08.291	  31.0267763 121.43980614 1.25  0.0 0.0
2015-07-08-15 31 08.434	  31.0267763 121.43980614 1.25  0.0 0.0
2015-07-08-15 31 08.557	  31.0267763 121.43980614 1.25  0.0 0.0
2015-07-08-15 31 08.664	  31.0267763 121.43980614 1.25  0.0 0.0
2015-07-08-15 31 08.766	  31.0267763 121.43980614 1.25  0.0 0.0
2015-07-08-15 31 08.872	  31.0267763 121.43980614 1.25  0.0 0.0
2015-07-08-15 31 08.981	  31.0267763 121.43980614 1.25  0.0 0.0
2015-07-08-15 31 09.099	  31.0267539 121.43981887 1.25  0.0 0.0
2015-07-08-15 31 09.244	  31.0267539 121.43981887 1.25  0.0 0.0
2015-07-08-15 31 09.395	  31.0267539 121.43981887 1.25  0.0 0.0
2015-07-08-15 31 09.517	  31.0267539 121.43981887 1.25  0.0 0.0
2015-07-08-15 31 09.661	  31.0267539 121.43981887 1.25  0.0 0.0
2015-07-08-15 31 09.806	  31.0267539 121.43981887 1.25  0.0 0.0
2015-07-08-15 31 09.951	  31.0267539 121.43981887 1.25  0.0 0.0
2015-07-08-15 31 10.069	  31.0267539 121.43981887 1.25  0.0 0.0
2015-07-08-15 31 10.220	  31.0267539 121.43981887 1.25  0.0 0.0
2015-07-08-15 31 10.359	  31.0267539 121.43981887 1.25  0.0 0.0
2015-07-08-15 31 10.499	  31.0267539 121.43981887 1.25  0.0 0.0
2015-07-08-15 31 10.653	  31.0267539 121.43981887 1.25  0.0 0.0
2015-07-08-15 31 10.799	  31.0267539 121.43981887 1.25  0.0 0.0
2015-07-08-15 31 10.915	  31.02672884 121.43982711 1.25  0.0 0.0
2015-07-08-15 31 11.100	  31.02672884 121.43982711 1.25  0.0 0.0
2015-07-08-15 31 11.240	  31.02672884 121.43982711 1.25  0.0 0.0
2015-07-08-15 31 11.380	  31.02672884 121.43982711 1.25  0.0 0.0
2015-07-08-15 31 11.557	  31.02672884 121.43982711 1.25  0.0 0.0
2015-07-08-15 31 11.675	  31.02672884 121.43982711 1.25  0.0 0.0
2015-07-08-15 31 11.800	  31.02672884 121.43982711 1.25  0.0 0.0
2015-07-08-15 31 11.922	  31.02672884 121.43982711 1.25  0.0 0.0
2015-07-08-15 31 12.059	  31.02672884 121.43982711 1.25  0.0 0.0
2015-07-08-15 31 12.187	  31.02672884 121.43982711 1.25  0.0 0.0
2015-07-08-15 31 12.359	  31.02672884 121.43982711 1.25  0.0 0.0
2015-07-08-15 31 12.477	  31.02672884 121.43982711 1.25  0.0 0.0
2015-07-08-15 31 12.614	  31.02672884 121.43982711 1.25  0.0 0.0
2015-07-08-15 31 12.759	  31.02672884 121.43982711 1.25  0.0 0.0
2015-07-08-15 31 12.879	  31.02670481 121.43983447 1.25  0.0 0.0
2015-07-08-15 31 13.035	  31.02670481 121.43983447 1.25  0.0 0.0
2015-07-08-15 31 13.152	  31.02670481 121.43983447 1.25  0.0 0.0
2015-07-08-15 31 13.270	  31.02670481 121.43983447 1.25  0.0 0.0
2015-07-08-15 31 13.439	  31.02670481 121.43983447 1.25  0.0 0.0
2015-07-08-15 31 13.556	  31.02670481 121.43983447 1.25  0.0 0.0
2015-07-08-15 31 13.676	  31.02670481 121.43983447 1.25  0.0 0.0
2015-07-08-15 31 13.782	  31.02670481 121.43983447 1.25  0.0 0.0
2015-07-08-15 31 13.887	  31.02670481 121.43983447 1.25  0.0 0.0
2015-07-08-15 31 14.005	  31.02670481 121.43983447 1.25  0.0 0.0
2015-07-08-15 31 14.110	  31.02670481 121.43983447 1.25  0.0 0.0
2015-07-08-15 31 14.213	  31.02670481 121.43983447 1.25  0.0 0.0
2015-07-08-15 31 14.319	  31.02670481 121.43983447 1.25  0.0 0.0
2015-07-08-15 31 14.422	  31.02670481 121.43983447 1.25  0.0 0.0
2015-07-08-15 31 14.525	  31.02670481 121.43983447 1.25  0.0 0.0
2015-07-08-15 31 14.627	  31.02670481 121.43983447 1.25  0.0 0.0
2015-07-08-15 31 14.729	  31.02670481 121.43983447 1.25  0.0 0.0
2015-07-08-15 31 14.832	  31.02670481 121.43983447 1.25  0.0 0.0
2015-07-08-15 31 14.934	  31.02668237 121.43984303 1.25  0.0 0.0
2015-07-08-15 31 15.043	  31.02668237 121.43984303 1.25  0.0 0.0
2015-07-08-15 31 15.149	  31.02668237 121.43984303 1.25  0.0 0.0
2015-07-08-15 31 15.253	  31.02668237 121.43984303 1.25  0.0 0.0
2015-07-08-15 31 15.393	  31.02668237 121.43984303 1.25  0.0 0.0
2015-07-08-15 31 15.536	  31.02668237 121.43984303 1.25  0.0 0.0
2015-07-08-15 31 15.681	  31.02668237 121.43984303 1.25  0.0 0.0
2015-07-08-15 31 15.827	  31.02668237 121.43984303 1.25  0.0 0.0
2015-07-08-15 31 15.968	  31.02668237 121.43984303 1.25  0.0 0.0
2015-07-08-15 31 16.114	  31.02668237 121.43984303 1.25  0.0 0.0
2015-07-08-15 31 16.252	  31.02668237 121.43984303 1.25  0.0 0.0
2015-07-08-15 31 16.400	  31.02668237 121.43984303 1.25  0.0 0.0
2015-07-08-15 31 16.559	  31.02668237 121.43984303 1.25  0.0 0.0
2015-07-08-15 31 16.677	  31.02668237 121.43984303 1.25  0.0 0.0
2015-07-08-15 31 16.796	  31.02668237 121.43984303 1.25  0.0 0.0
2015-07-08-15 31 16.917	  31.0266582 121.43984978 1.25  0.0 0.0
2015-07-08-15 31 17.038	  31.0266582 121.43984978 1.25  0.0 0.0
2015-07-08-15 31 17.166	  31.0266582 121.43984978 1.25  0.0 0.0
2015-07-08-15 31 17.311	  31.0266582 121.43984978 1.25  0.0 0.0
2015-07-08-15 31 17.430	  31.0266582 121.43984978 1.25  0.0 0.0
2015-07-08-15 31 17.551	  31.0266582 121.43984978 1.25  0.0 0.0
2015-07-08-15 31 17.694	  31.0266582 121.43984978 1.25  0.0 0.0
2015-07-08-15 31 17.835	  31.0266582 121.43984978 1.25  0.0 0.0
2015-07-08-15 31 18.005	  31.0266582 121.43984978 1.25  0.0 0.0
2015-07-08-15 31 18.123	  31.0266582 121.43984978 1.25  0.0 0.0
2015-07-08-15 31 18.242	  31.0266582 121.43984978 1.25  0.0 0.0
2015-07-08-15 31 18.377	  31.0266582 121.43984978 1.25  0.0 0.0
2015-07-08-15 31 18.546	  31.0266582 121.43984978 1.25  0.0 0.0
2015-07-08-15 31 18.688	  31.0266582 121.43984978 1.25  0.0 0.0
2015-07-08-15 31 18.881	  31.0266582 121.43984978 1.25  0.0 0.0
2015-07-08-15 31 19.037	  31.02663801 121.43986287 1.25  0.0 0.0
2015-07-08-15 31 19.186	  31.02663801 121.43986287 1.25  0.0 0.0
2015-07-08-15 31 19.320	  31.02663801 121.43986287 1.25  0.0 0.0
2015-07-08-15 31 19.465	  31.02663801 121.43986287 1.25  0.0 0.0
2015-07-08-15 31 19.613	  31.02663801 121.43986287 1.25  0.0 0.0
2015-07-08-15 31 19.747	  31.02663801 121.43986287 1.25  0.0 0.0
2015-07-08-15 31 19.891	  31.02663801 121.43986287 1.25  0.0 0.0
2015-07-08-15 31 20.046	  31.02663801 121.43986287 1.25  0.0 0.0
2015-07-08-15 31 20.170	  31.02663801 121.43986287 1.25  0.0 0.0
2015-07-08-15 31 20.355	  31.02663801 121.43986287 1.25  0.0 0.0
2015-07-08-15 31 20.472	  31.02663801 121.43986287 1.25  0.0 0.0
2015-07-08-15 31 20.594	  31.02663801 121.43986287 1.25  0.0 0.0
2015-07-08-15 31 20.715	  31.02663801 121.43986287 1.25  0.0 0.0
2015-07-08-15 31 20.842	  31.02663801 121.43986287 1.25  0.0 0.0
2015-07-08-15 31 21.003	  31.02661487 121.4398727 1.25  0.0 0.0
2015-07-08-15 31 21.121	  31.02661487 121.4398727 1.25  0.0 0.0
2015-07-08-15 31 21.258	  31.02661487 121.4398727 1.25  0.0 0.0
2015-07-08-15 31 21.392	  31.02661487 121.4398727 1.25  0.0 0.0
2015-07-08-15 31 21.539	  31.02661487 121.4398727 1.25  0.0 0.0
2015-07-08-15 31 21.660	  31.02661487 121.4398727 1.25  0.0 0.0
2015-07-08-15 31 21.794	  31.02661487 121.4398727 1.25  0.0 0.0
2015-07-08-15 31 21.958	  31.02661487 121.4398727 1.25  0.0 0.0
2015-07-08-15 31 22.076	  31.02661487 121.4398727 1.25  0.0 0.0
2015-07-08-15 31 22.212	  31.02661487 121.4398727 1.25  0.0 0.0
2015-07-08-15 31 22.378	  31.02661487 121.4398727 1.25  0.0 0.0
2015-07-08-15 31 22.495	  31.02661487 121.4398727 1.25  0.0 0.0
