2015-07-01-18 24 50.383	  0.0 0.0 0.0  0.0 0.0
2015-07-01-18 24 50.485	  0.0 0.0 0.0  0.0 0.0
2015-07-01-18 24 50.587	  0.0 0.0 0.0  0.0 0.0
2015-07-01-18 24 50.690	  0.0 0.0 0.0  0.0 0.0
2015-07-01-18 24 50.793	  0.0 0.0 0.0  0.0 0.0
2015-07-01-18 24 50.895	  0.0 0.0 0.0  0.0 0.0
2015-07-01-18 24 50.996	  0.0 0.0 0.0  0.0 0.0
2015-07-01-18 24 51.100	  0.0 0.0 0.0  0.0 0.0
2015-07-01-18 24 51.201	  0.0 0.0 0.0  0.0 0.0
2015-07-01-18 24 51.303	  0.0 0.0 0.0  0.0 0.0
2015-07-01-18 24 51.404	  0.0 0.0 0.0  0.0 0.0
2015-07-01-18 24 51.506	  0.0 0.0 0.0  0.0 0.0
2015-07-01-18 24 51.609	  0.0 0.0 0.0  0.0 0.0
2015-07-01-18 24 51.710	  0.0 0.0 0.0  0.0 0.0
2015-07-01-18 24 51.813	  0.0 0.0 0.0  0.0 0.0
2015-07-01-18 24 51.916	  0.0 0.0 0.0  0.0 0.0
2015-07-01-18 24 52.018	  0.0 0.0 0.0  0.0 0.0
2015-07-01-18 24 52.119	  0.0 0.0 0.0  0.0 0.0
2015-07-01-18 24 52.221	  0.0 0.0 0.0  0.0 0.0
2015-07-01-18 24 52.323	  0.0 0.0 0.0  0.0 0.0
2015-07-01-18 24 52.425	  0.0 0.0 0.0  0.0 0.0
2015-07-01-18 24 52.526	  0.0 0.0 0.0  0.0 0.0
2015-07-01-18 24 52.628	  0.0 0.0 0.0  0.0 0.0
2015-07-01-18 24 52.730	  0.0 0.0 0.0  0.0 0.0
2015-07-01-18 24 52.833	  0.0 0.0 0.0  0.0 0.0
2015-07-01-18 24 52.934	  0.0 0.0 0.0  0.0 0.0
2015-07-01-18 24 53.036	  0.0 0.0 0.0  0.0 0.0
2015-07-01-18 24 53.138	  0.0 0.0 0.0  0.0 0.0
2015-07-01-18 24 53.240	  0.0 0.0 0.0  0.0 0.0
2015-07-01-18 24 53.342	  0.0 0.0 0.0  0.0 0.0
2015-07-01-18 24 53.447	  0.0 0.0 0.0  0.0 0.0
2015-07-01-18 24 53.548	  0.0 0.0 0.0  0.0 0.0
2015-07-01-18 24 53.650	  0.0 0.0 0.0  0.0 0.0
2015-07-01-18 24 53.753	  0.0 0.0 0.0  0.0 0.0
2015-07-01-18 24 53.856	  0.0 0.0 0.0  0.0 0.0
2015-07-01-18 24 53.959	  0.0 0.0 0.0  0.0 0.0
2015-07-01-18 24 54.062	  0.0 0.0 0.0  0.0 0.0
2015-07-01-18 24 54.165	  0.0 0.0 0.0  0.0 0.0
2015-07-01-18 24 54.271	  0.0 0.0 0.0  0.0 0.0
2015-07-01-18 24 54.373	  0.0 0.0 0.0  0.0 0.0
2015-07-01-18 24 54.475	  0.0 0.0 0.0  0.0 0.0
2015-07-01-18 24 54.577	  31.02758835 121.4394101 1.0  0.0 0.0
2015-07-01-18 24 54.686	  31.02758835 121.4394101 1.0  0.0 0.0
2015-07-01-18 24 54.787	  31.02758835 121.4394101 1.0  0.0 0.0
2015-07-01-18 24 54.891	  31.02758835 121.4394101 1.0  0.0 0.0
2015-07-01-18 24 54.995	  31.02758835 121.4394101 1.0  0.0 0.0
2015-07-01-18 24 55.102	  31.02758835 121.4394101 1.0  0.0 0.0
2015-07-01-18 24 55.205	  31.02758835 121.4394101 1.0  0.0 0.0
2015-07-01-18 24 55.306	  31.02758835 121.4394101 1.0  0.0 0.0
2015-07-01-18 24 55.408	  31.02758835 121.4394101 1.0  0.0 0.0
2015-07-01-18 24 55.509	  31.02758835 121.4394101 1.0  0.0 0.0
2015-07-01-18 24 55.615	  31.0275688 121.43942805 1.25  0.0 0.0
2015-07-01-18 24 55.716	  31.0275688 121.43942805 1.25  0.0 0.0
2015-07-01-18 24 55.817	  31.0275688 121.43942805 1.25  0.0 0.0
2015-07-01-18 24 55.919	  31.0275688 121.43942805 1.25  0.0 0.0
2015-07-01-18 24 56.025	  31.0275688 121.43942805 1.25  0.0 0.0
2015-07-01-18 24 56.129	  31.0275688 121.43942805 1.25  0.0 0.0
2015-07-01-18 24 56.245	  31.0275688 121.43942805 1.25  0.0 0.0
2015-07-01-18 24 56.348	  31.0275688 121.43942805 1.25  0.0 0.0
2015-07-01-18 24 56.449	  31.0275688 121.43942805 1.25  0.0 0.0
2015-07-01-18 24 56.551	  31.0275688 121.43942805 1.25  0.0 0.0
2015-07-01-18 24 56.654	  31.02755358 121.43944065 1.25  0.0 0.0
2015-07-01-18 24 56.759	  31.02755358 121.43944065 1.25  0.0 0.0
2015-07-01-18 24 56.862	  31.02755358 121.43944065 1.25  0.0 0.0
2015-07-01-18 24 56.964	  31.02755358 121.43944065 1.25  0.0 0.0
2015-07-01-18 24 57.067	  31.02755358 121.43944065 1.25  0.0 0.0
2015-07-01-18 24 57.169	  31.02755358 121.43944065 1.25  0.0 0.0
2015-07-01-18 24 57.271	  31.02755358 121.43944065 1.25  0.0 0.0
2015-07-01-18 24 57.376	  31.02755358 121.43944065 1.25  0.0 0.0
2015-07-01-18 24 57.480	  31.02755358 121.43944065 1.25  0.0 0.0
2015-07-01-18 24 57.585	  31.02755358 121.43944065 1.25  0.0 0.0
2015-07-01-18 24 57.694	  31.02753651 121.4394483 1.5  0.0 0.0
2015-07-01-18 24 57.796	  31.02753651 121.4394483 1.5  0.0 0.0
2015-07-01-18 24 57.899	  31.02753651 121.4394483 1.5  0.0 0.0
2015-07-01-18 24 58.003	  31.02753651 121.4394483 1.5  0.0 0.0
2015-07-01-18 24 58.111	  31.02753651 121.4394483 1.5  0.0 0.0
2015-07-01-18 24 58.215	  31.02753651 121.4394483 1.5  0.0 0.0
2015-07-01-18 24 58.321	  31.02753651 121.4394483 1.5  0.0 0.0
2015-07-01-18 24 58.423	  31.02753651 121.4394483 1.5  0.0 0.0
2015-07-01-18 24 58.525	  31.02753651 121.4394483 1.5  0.0 0.0
2015-07-01-18 24 58.627	  31.02753651 121.4394483 1.5  0.0 0.0
2015-07-01-18 24 58.729	  31.0275173 121.43945518 1.5  0.0 0.0
2015-07-01-18 24 58.832	  31.0275173 121.43945518 1.5  0.0 0.0
2015-07-01-18 24 58.935	  31.0275173 121.43945518 1.5  0.0 0.0
2015-07-01-18 24 59.038	  31.0275173 121.43945518 1.5  0.0 0.0
2015-07-01-18 24 59.140	  31.0275173 121.43945518 1.5  0.0 0.0
2015-07-01-18 24 59.244	  31.0275173 121.43945518 1.5  0.0 0.0
2015-07-01-18 24 59.348	  31.0275173 121.43945518 1.5  0.0 0.0
2015-07-01-18 24 59.451	  31.0275173 121.43945518 1.5  0.0 0.0
2015-07-01-18 24 59.563	  31.0275173 121.43945518 1.5  0.0 0.0
2015-07-01-18 24 59.665	  31.0275173 121.43945518 1.5  0.0 0.0
2015-07-01-18 24 59.767	  31.0275173 121.43945518 1.5  0.0 0.0
2015-07-01-18 24 59.871	  31.0275173 121.43945518 1.5  0.0 0.0
2015-07-01-18 24 59.975	  31.0275173 121.43945518 1.5  0.0 0.0
2015-07-01-18 25 00.078	  31.0275173 121.43945518 1.5  0.0 0.0
2015-07-01-18 25 00.186	  31.0275173 121.43945518 1.5  0.0 0.0
2015-07-01-18 25 00.287	  31.0275173 121.43945518 1.5  0.0 0.0
2015-07-01-18 25 00.390	  31.0275173 121.43945518 1.5  0.0 0.0
2015-07-01-18 25 00.498	  31.0275173 121.43945518 1.5  0.0 0.0
2015-07-01-18 25 00.603	  31.02748457 121.43946413 1.5  0.0 0.0
2015-07-01-18 25 00.754	  31.02748457 121.43946413 1.5  0.0 0.0
2015-07-01-18 25 00.855	  31.02748457 121.43946413 1.5  0.0 0.0
2015-07-01-18 25 00.958	  31.02748457 121.43946413 1.5  0.0 0.0
2015-07-01-18 25 01.064	  31.02748457 121.43946413 1.5  0.0 0.0
2015-07-01-18 25 01.168	  31.02748457 121.43946413 1.5  0.0 0.0
2015-07-01-18 25 01.272	  31.02748457 121.43946413 1.5  0.0 0.0
2015-07-01-18 25 01.373	  31.02748457 121.43946413 1.5  0.0 0.0
2015-07-01-18 25 01.475	  31.02748457 121.43946413 1.5  0.0 0.0
2015-07-01-18 25 01.578	  31.02748457 121.43946413 1.5  0.0 0.0
2015-07-01-18 25 01.682	  31.02748457 121.43946413 1.5  0.0 0.0
2015-07-01-18 25 01.783	  31.02748457 121.43946413 1.5  0.0 0.0
2015-07-01-18 25 01.886	  31.02748457 121.43946413 1.5  0.0 0.0
2015-07-01-18 25 01.990	  31.02748457 121.43946413 1.5  0.0 0.0
2015-07-01-18 25 02.093	  31.02748457 121.43946413 1.5  0.0 0.0
2015-07-01-18 25 02.201	  31.02748457 121.43946413 1.5  0.0 0.0
2015-07-01-18 25 02.307	  31.02748457 121.43946413 1.5  0.0 0.0
2015-07-01-18 25 02.409	  31.02748457 121.43946413 1.5  0.0 0.0
2015-07-01-18 25 02.513	  31.02748457 121.43946413 1.5  0.0 0.0
2015-07-01-18 25 02.617	  31.02745663 121.43947582 1.5  0.0 0.0
2015-07-01-18 25 02.719	  31.02745663 121.43947582 1.5  0.0 0.0
2015-07-01-18 25 02.823	  31.02745663 121.43947582 1.5  0.0 0.0
2015-07-01-18 25 02.925	  31.02745663 121.43947582 1.5  0.0 0.0
2015-07-01-18 25 03.028	  31.02745663 121.43947582 1.5  0.0 0.0
2015-07-01-18 25 03.134	  31.02745663 121.43947582 1.5  0.0 0.0
2015-07-01-18 25 03.240	  31.02745663 121.43947582 1.5  0.0 0.0
2015-07-01-18 25 03.355	  31.02745663 121.43947582 1.5  0.0 0.0
2015-07-01-18 25 03.456	  31.02745663 121.43947582 1.5  0.0 0.0
2015-07-01-18 25 03.557	  31.02745663 121.43947582 1.5  0.0 0.0
2015-07-01-18 25 03.659	  31.02745663 121.43947582 1.5  0.0 0.0
2015-07-01-18 25 03.761	  31.02745663 121.43947582 1.5  0.0 0.0
2015-07-01-18 25 03.868	  31.02745663 121.43947582 1.5  0.0 0.0
2015-07-01-18 25 03.969	  31.02745663 121.43947582 1.5  0.0 0.0
2015-07-01-18 25 04.072	  31.02745663 121.43947582 1.5  0.0 0.0
2015-07-01-18 25 04.174	  31.02745663 121.43947582 1.5  0.0 0.0
2015-07-01-18 25 04.276	  31.02745663 121.43947582 1.5  0.0 0.0
2015-07-01-18 25 04.386	  31.02745663 121.43947582 1.5  0.0 0.0
2015-07-01-18 25 04.487	  31.02745663 121.43947582 1.5  0.0 0.0
2015-07-01-18 25 04.589	  31.02745663 121.43947582 1.5  0.0 0.0
2015-07-01-18 25 04.693	  31.0274304 121.43948136 1.5  0.0 0.0
2015-07-01-18 25 04.796	  31.0274304 121.43948136 1.5  0.0 0.0
2015-07-01-18 25 04.898	  31.0274304 121.43948136 1.5  0.0 0.0
2015-07-01-18 25 05.001	  31.0274304 121.43948136 1.5  0.0 0.0
2015-07-01-18 25 05.107	  31.0274304 121.43948136 1.5  0.0 0.0
2015-07-01-18 25 05.215	  31.0274304 121.43948136 1.5  0.0 0.0
2015-07-01-18 25 05.323	  31.0274304 121.43948136 1.5  0.0 0.0
2015-07-01-18 25 05.425	  31.0274304 121.43948136 1.5  0.0 0.0
2015-07-01-18 25 05.526	  31.0274304 121.43948136 1.5  0.0 0.0
2015-07-01-18 25 05.627	  31.0274304 121.43948136 1.5  0.0 0.0
2015-07-01-18 25 05.731	  31.0274304 121.43948136 1.5  0.0 0.0
2015-07-01-18 25 05.837	  31.0274304 121.43948136 1.5  0.0 0.0
2015-07-01-18 25 05.938	  31.0274304 121.43948136 1.5  0.0 0.0
2015-07-01-18 25 06.040	  31.0274304 121.43948136 1.5  0.0 0.0
2015-07-01-18 25 06.143	  31.0274304 121.43948136 1.5  0.0 0.0
2015-07-01-18 25 06.245	  31.0274304 121.43948136 1.5  0.0 0.0
2015-07-01-18 25 06.348	  31.0274304 121.43948136 1.5  0.0 0.0
2015-07-01-18 25 06.450	  31.0274304 121.43948136 1.5  0.0 0.0
2015-07-01-18 25 06.553	  31.0274304 121.43948136 1.5  0.0 0.0
2015-07-01-18 25 06.658	  31.0274304 121.43948136 1.5  0.0 0.0
2015-07-01-18 25 06.761	  31.0274019 121.43948886 1.5  0.0 0.0
2015-07-01-18 25 06.863	  31.0274019 121.43948886 1.5  0.0 0.0
2015-07-01-18 25 06.968	  31.0274019 121.43948886 1.5  0.0 0.0
2015-07-01-18 25 07.080	  31.0274019 121.43948886 1.5  0.0 0.0
2015-07-01-18 25 07.182	  31.0274019 121.43948886 1.5  0.0 0.0
2015-07-01-18 25 07.283	  31.0274019 121.43948886 1.5  0.0 0.0
2015-07-01-18 25 07.386	  31.0274019 121.43948886 1.5  0.0 0.0
2015-07-01-18 25 07.504	  31.0274019 121.43948886 1.5  0.0 0.0
2015-07-01-18 25 07.607	  31.0274019 121.43948886 1.5  0.0 0.0
2015-07-01-18 25 07.709	  31.0274019 121.43948886 1.5  0.0 0.0
2015-07-01-18 25 07.813	  31.0274019 121.43948886 1.5  0.0 0.0
2015-07-01-18 25 07.925	  31.0274019 121.43948886 1.5  0.0 0.0
2015-07-01-18 25 08.026	  31.0274019 121.43948886 1.5  0.0 0.0
2015-07-01-18 25 08.127	  31.0274019 121.43948886 1.5  0.0 0.0
2015-07-01-18 25 08.229	  31.0274019 121.43948886 1.5  0.0 0.0
2015-07-01-18 25 08.337	  31.0274019 121.43948886 1.5  0.0 0.0
2015-07-01-18 25 08.439	  31.0274019 121.43948886 1.5  0.0 0.0
2015-07-01-18 25 08.541	  31.0274019 121.43948886 1.5  0.0 0.0
2015-07-01-18 25 08.644	  31.02737311 121.43949941 1.5  0.0 0.0
2015-07-01-18 25 08.755	  31.02737311 121.43949941 1.5  0.0 0.0
2015-07-01-18 25 08.857	  31.02737311 121.43949941 1.5  0.0 0.0
2015-07-01-18 25 08.959	  31.02737311 121.43949941 1.5  0.0 0.0
2015-07-01-18 25 09.066	  31.02737311 121.43949941 1.5  0.0 0.0
2015-07-01-18 25 09.182	  31.02737311 121.43949941 1.5  0.0 0.0
2015-07-01-18 25 09.283	  31.02737311 121.43949941 1.5  0.0 0.0
2015-07-01-18 25 09.385	  31.02737311 121.43949941 1.5  0.0 0.0
2015-07-01-18 25 09.487	  31.02737311 121.43949941 1.5  0.0 0.0
2015-07-01-18 25 09.597	  31.02737311 121.43949941 1.5  0.0 0.0
2015-07-01-18 25 09.698	  31.02737311 121.43949941 1.5  0.0 0.0
2015-07-01-18 25 09.800	  31.02737311 121.43949941 1.5  0.0 0.0
2015-07-01-18 25 09.901	  31.02737311 121.43949941 1.5  0.0 0.0
2015-07-01-18 25 10.016	  31.02737311 121.43949941 1.5  0.0 0.0
2015-07-01-18 25 10.119	  31.02737311 121.43949941 1.5  0.0 0.0
2015-07-01-18 25 10.225	  31.02737311 121.43949941 1.5  0.0 0.0
2015-07-01-18 25 10.328	  31.02737311 121.43949941 1.5  0.0 0.0
2015-07-01-18 25 10.448	  31.02737311 121.43949941 1.5  0.0 0.0
2015-07-01-18 25 10.549	  31.02737311 121.43949941 1.5  0.0 0.0
2015-07-01-18 25 10.650	  31.02734651 121.43951036 1.5  0.0 0.0
2015-07-01-18 25 10.752	  31.02734651 121.43951036 1.5  0.0 0.0
2015-07-01-18 25 10.862	  31.02734651 121.43951036 1.5  0.0 0.0
2015-07-01-18 25 10.963	  31.02734651 121.43951036 1.5  0.0 0.0
2015-07-01-18 25 11.069	  31.02734651 121.43951036 1.5  0.0 0.0
2015-07-01-18 25 11.170	  31.02734651 121.43951036 1.5  0.0 0.0
2015-07-01-18 25 11.275	  31.02734651 121.43951036 1.5  0.0 0.0
2015-07-01-18 25 11.379	  31.02734651 121.43951036 1.5  0.0 0.0
2015-07-01-18 25 11.489	  31.02734651 121.43951036 1.5  0.0 0.0
2015-07-01-18 25 11.594	  31.02734651 121.43951036 1.5  0.0 0.0
2015-07-01-18 25 11.699	  31.02734651 121.43951036 1.5  0.0 0.0
2015-07-01-18 25 11.803	  31.02734651 121.43951036 1.5  0.0 0.0
2015-07-01-18 25 11.909	  31.02734651 121.43951036 1.5  0.0 0.0
2015-07-01-18 25 12.011	  31.02734651 121.43951036 1.5  0.0 0.0
2015-07-01-18 25 12.113	  31.02734651 121.43951036 1.5  0.0 0.0
2015-07-01-18 25 12.219	  31.02734651 121.43951036 1.5  0.0 0.0
2015-07-01-18 25 12.325	  31.02734651 121.43951036 1.5  0.0 0.0
2015-07-01-18 25 12.427	  31.02734651 121.43951036 1.5  0.0 0.0
2015-07-01-18 25 12.529	  31.02734651 121.43951036 1.5  0.0 0.0
2015-07-01-18 25 12.634	  31.02732218 121.43951762 1.5  0.0 0.0
2015-07-01-18 25 12.749	  31.02732218 121.43951762 1.5  0.0 0.0
2015-07-01-18 25 12.851	  31.02732218 121.43951762 1.5  0.0 0.0
2015-07-01-18 25 12.956	  31.02732218 121.43951762 1.5  0.0 0.0
2015-07-01-18 25 13.067	  31.02732218 121.43951762 1.5  0.0 0.0
2015-07-01-18 25 13.169	  31.02732218 121.43951762 1.5  0.0 0.0
2015-07-01-18 25 13.271	  31.02732218 121.43951762 1.5  0.0 0.0
2015-07-01-18 25 13.374	  31.02732218 121.43951762 1.5  0.0 0.0
2015-07-01-18 25 13.476	  31.02732218 121.43951762 1.5  0.0 0.0
2015-07-01-18 25 13.577	  31.02732218 121.43951762 1.5  0.0 0.0
2015-07-01-18 25 13.679	  31.02732218 121.43951762 1.5  0.0 0.0
2015-07-01-18 25 13.782	  31.02732218 121.43951762 1.5  0.0 0.0
2015-07-01-18 25 13.883	  31.02732218 121.43951762 1.5  0.0 0.0
2015-07-01-18 25 13.986	  31.02732218 121.43951762 1.5  0.0 0.0
2015-07-01-18 25 14.088	  31.02732218 121.43951762 1.5  0.0 0.0
2015-07-01-18 25 14.190	  31.02732218 121.43951762 1.5  0.0 0.0
2015-07-01-18 25 14.295	  31.02732218 121.43951762 1.5  0.0 0.0
2015-07-01-18 25 14.409	  31.02732218 121.43951762 1.5  0.0 0.0
2015-07-01-18 25 14.512	  31.02732218 121.43951762 1.5  0.0 0.0
2015-07-01-18 25 14.615	  31.02732218 121.43951762 1.5  0.0 0.0
2015-07-01-18 25 14.726	  31.02729799 121.43952607 1.5  0.0 0.0
2015-07-01-18 25 14.827	  31.02729799 121.43952607 1.5  0.0 0.0
2015-07-01-18 25 14.929	  31.02729799 121.43952607 1.5  0.0 0.0
2015-07-01-18 25 15.030	  31.02729799 121.43952607 1.5  0.0 0.0
2015-07-01-18 25 15.132	  31.02729799 121.43952607 1.5  0.0 0.0
2015-07-01-18 25 15.238	  31.02729799 121.43952607 1.5  0.0 0.0
2015-07-01-18 25 15.355	  31.02729799 121.43952607 1.5  0.0 0.0
2015-07-01-18 25 15.459	  31.02729799 121.43952607 1.5  0.0 0.0
2015-07-01-18 25 15.562	  31.02729799 121.43952607 1.5  0.0 0.0
2015-07-01-18 25 15.663	  31.02729799 121.43952607 1.5  0.0 0.0
2015-07-01-18 25 15.768	  31.02729799 121.43952607 1.5  0.0 0.0
2015-07-01-18 25 15.872	  31.02729799 121.43952607 1.5  0.0 0.0
2015-07-01-18 25 15.977	  31.02729799 121.43952607 1.5  0.0 0.0
2015-07-01-18 25 16.079	  31.02729799 121.43952607 1.5  0.0 0.0
2015-07-01-18 25 16.185	  31.02729799 121.43952607 1.5  0.0 0.0
2015-07-01-18 25 16.290	  31.02729799 121.43952607 1.5  0.0 0.0
2015-07-01-18 25 16.393	  31.02729799 121.43952607 1.5  0.0 0.0
2015-07-01-18 25 16.504	  31.02729799 121.43952607 1.5  0.0 0.0
2015-07-01-18 25 16.605	  31.02727283 121.4395354 1.5  0.0 0.0
2015-07-01-18 25 16.708	  31.02727283 121.4395354 1.5  0.0 0.0
2015-07-01-18 25 16.814	  31.02727283 121.4395354 1.5  0.0 0.0
2015-07-01-18 25 16.916	  31.02727283 121.4395354 1.5  0.0 0.0
2015-07-01-18 25 17.017	  31.02727283 121.4395354 1.5  0.0 0.0
2015-07-01-18 25 17.132	  31.02727283 121.4395354 1.5  0.0 0.0
2015-07-01-18 25 17.237	  31.02727283 121.4395354 1.5  0.0 0.0
2015-07-01-18 25 17.340	  31.02727283 121.4395354 1.5  0.0 0.0
2015-07-01-18 25 17.449	  31.02727283 121.4395354 1.5  0.0 0.0
2015-07-01-18 25 17.552	  31.02727283 121.4395354 1.5  0.0 0.0
2015-07-01-18 25 17.666	  31.02727283 121.4395354 1.5  0.0 0.0
2015-07-01-18 25 17.770	  31.02727283 121.4395354 1.5  0.0 0.0
2015-07-01-18 25 17.873	  31.02727283 121.4395354 1.5  0.0 0.0
2015-07-01-18 25 17.979	  31.02727283 121.4395354 1.5  0.0 0.0
2015-07-01-18 25 18.086	  31.02727283 121.4395354 1.5  0.0 0.0
2015-07-01-18 25 18.188	  31.02727283 121.4395354 1.5  0.0 0.0
2015-07-01-18 25 18.290	  31.02727283 121.4395354 1.5  0.0 0.0
2015-07-01-18 25 18.395	  31.02727283 121.4395354 1.5  0.0 0.0
2015-07-01-18 25 18.496	  31.02727283 121.4395354 1.5  0.0 0.0
2015-07-01-18 25 18.598	  31.0272465 121.43954516 1.5  0.0 0.0
2015-07-01-18 25 18.703	  31.0272465 121.43954516 1.5  0.0 0.0
2015-07-01-18 25 18.805	  31.0272465 121.43954516 1.5  0.0 0.0
2015-07-01-18 25 18.908	  31.0272465 121.43954516 1.5  0.0 0.0
2015-07-01-18 25 19.014	  31.0272465 121.43954516 1.5  0.0 0.0
2015-07-01-18 25 19.116	  31.0272465 121.43954516 1.5  0.0 0.0
2015-07-01-18 25 19.218	  31.0272465 121.43954516 1.5  0.0 0.0
2015-07-01-18 25 19.323	  31.0272465 121.43954516 1.5  0.0 0.0
2015-07-01-18 25 19.426	  31.0272465 121.43954516 1.5  0.0 0.0
2015-07-01-18 25 19.531	  31.0272465 121.43954516 1.5  0.0 0.0
2015-07-01-18 25 19.647	  31.0272465 121.43954516 1.5  0.0 0.0
2015-07-01-18 25 19.748	  31.0272465 121.43954516 1.5  0.0 0.0
2015-07-01-18 25 19.850	  31.0272465 121.43954516 1.5  0.0 0.0
2015-07-01-18 25 19.955	  31.0272465 121.43954516 1.5  0.0 0.0
2015-07-01-18 25 20.060	  31.0272465 121.43954516 1.5  0.0 0.0
2015-07-01-18 25 20.165	  31.0272465 121.43954516 1.5  0.0 0.0
2015-07-01-18 25 20.276	  31.0272465 121.43954516 1.5  0.0 0.0
2015-07-01-18 25 20.378	  31.0272465 121.43954516 1.5  0.0 0.0
2015-07-01-18 25 20.480	  31.0272465 121.43954516 1.5  0.0 0.0
2015-07-01-18 25 20.593	  31.0272465 121.43954516 1.5  0.0 0.0
2015-07-01-18 25 20.695	  31.02722016 121.43955577 1.5  0.0 0.0
2015-07-01-18 25 20.796	  31.02722016 121.43955577 1.5  0.0 0.0
2015-07-01-18 25 20.902	  31.02722016 121.43955577 1.5  0.0 0.0
2015-07-01-18 25 21.004	  31.02722016 121.43955577 1.5  0.0 0.0
2015-07-01-18 25 21.107	  31.02722016 121.43955577 1.5  0.0 0.0
2015-07-01-18 25 21.215	  31.02722016 121.43955577 1.5  0.0 0.0
2015-07-01-18 25 21.326	  31.02722016 121.43955577 1.5  0.0 0.0
2015-07-01-18 25 21.428	  31.02722016 121.43955577 1.5  0.0 0.0
2015-07-01-18 25 21.530	  31.02722016 121.43955577 1.5  0.0 0.0
2015-07-01-18 25 21.640	  31.02722016 121.43955577 1.5  0.0 0.0
2015-07-01-18 25 21.746	  31.02722016 121.43955577 1.5  0.0 0.0
2015-07-01-18 25 21.849	  31.02722016 121.43955577 1.5  0.0 0.0
2015-07-01-18 25 21.957	  31.02722016 121.43955577 1.5  0.0 0.0
2015-07-01-18 25 22.064	  31.02722016 121.43955577 1.5  0.0 0.0
2015-07-01-18 25 22.169	  31.02722016 121.43955577 1.5  0.0 0.0
2015-07-01-18 25 22.287	  31.02722016 121.43955577 1.5  0.0 0.0
2015-07-01-18 25 22.389	  31.02722016 121.43955577 1.5  0.0 0.0
2015-07-01-18 25 22.492	  31.02722016 121.43955577 1.5  0.0 0.0
2015-07-01-18 25 22.607	  31.02722016 121.43955577 1.5  0.0 0.0
2015-07-01-18 25 22.709	  31.02719468 121.43956697 1.5  0.0 0.0
2015-07-01-18 25 22.817	  31.02719468 121.43956697 1.5  0.0 0.0
2015-07-01-18 25 22.928	  31.02719468 121.43956697 1.5  0.0 0.0
2015-07-01-18 25 23.033	  31.02719468 121.43956697 1.5  0.0 0.0
2015-07-01-18 25 23.136	  31.02719468 121.43956697 1.5  0.0 0.0
2015-07-01-18 25 23.255	  31.02719468 121.43956697 1.5  0.0 0.0
2015-07-01-18 25 23.357	  31.02719468 121.43956697 1.5  0.0 0.0
2015-07-01-18 25 23.458	  31.02719468 121.43956697 1.5  0.0 0.0
2015-07-01-18 25 23.569	  31.02719468 121.43956697 1.5  0.0 0.0
2015-07-01-18 25 23.674	  31.02719468 121.43956697 1.5  0.0 0.0
2015-07-01-18 25 23.794	  31.02719468 121.43956697 1.5  0.0 0.0
2015-07-01-18 25 23.907	  31.02719468 121.43956697 1.5  0.0 0.0
2015-07-01-18 25 24.009	  31.02719468 121.43956697 1.5  0.0 0.0
2015-07-01-18 25 24.121	  31.02719468 121.43956697 1.5  0.0 0.0
2015-07-01-18 25 24.224	  31.02719468 121.43956697 1.5  0.0 0.0
2015-07-01-18 25 24.328	  31.02719468 121.43956697 1.5  0.0 0.0
2015-07-01-18 25 24.477	  31.02719468 121.43956697 1.5  0.0 0.0
2015-07-01-18 25 24.585	  31.02719468 121.43956697 1.5  0.0 0.0
2015-07-01-18 25 24.696	  31.02716946 121.43957819 1.5  0.0 0.0
2015-07-01-18 25 24.798	  31.02716946 121.43957819 1.5  0.0 0.0
2015-07-01-18 25 24.902	  31.02716946 121.43957819 1.5  0.0 0.0
2015-07-01-18 25 25.074	  31.02716946 121.43957819 1.5  0.0 0.0
2015-07-01-18 25 25.176	  31.02716946 121.43957819 1.5  0.0 0.0
2015-07-01-18 25 25.286	  31.02716946 121.43957819 1.5  0.0 0.0
2015-07-01-18 25 25.389	  31.02716946 121.43957819 1.5  0.0 0.0
2015-07-01-18 25 25.493	  31.02716946 121.43957819 1.5  0.0 0.0
2015-07-01-18 25 25.652	  31.02716946 121.43957819 1.5  0.0 0.0
2015-07-01-18 25 25.753	  31.02716946 121.43957819 1.5  0.0 0.0
2015-07-01-18 25 25.854	  31.02716946 121.43957819 1.5  0.0 0.0
2015-07-01-18 25 25.957	  31.02716946 121.43957819 1.5  0.0 0.0
2015-07-01-18 25 26.060	  31.02716946 121.43957819 1.5  0.0 0.0
2015-07-01-18 25 26.166	  31.02716946 121.43957819 1.5  0.0 0.0
2015-07-01-18 25 26.310	  31.02716946 121.43957819 1.5  0.0 0.0
2015-07-01-18 25 26.414	  31.02716946 121.43957819 1.5  0.0 0.0
2015-07-01-18 25 26.520	  31.02716946 121.43957819 1.5  0.0 0.0
2015-07-01-18 25 26.623	  31.02714346 121.43959007 1.5  0.0 0.0
2015-07-01-18 25 26.728	  31.02714346 121.43959007 1.5  0.0 0.0
2015-07-01-18 25 26.842	  31.02714346 121.43959007 1.5  0.0 0.0
2015-07-01-18 25 26.944	  31.02714346 121.43959007 1.5  0.0 0.0
2015-07-01-18 25 27.050	  31.02714346 121.43959007 1.5  0.0 0.0
2015-07-01-18 25 27.152	  31.02714346 121.43959007 1.5  0.0 0.0
2015-07-01-18 25 27.257	  31.02714346 121.43959007 1.5  0.0 0.0
2015-07-01-18 25 27.396	  31.02714346 121.43959007 1.5  0.0 0.0
2015-07-01-18 25 27.497	  31.02714346 121.43959007 1.5  0.0 0.0
2015-07-01-18 25 27.602	  31.02714346 121.43959007 1.5  0.0 0.0
2015-07-01-18 25 27.705	  31.02714346 121.43959007 1.5  0.0 0.0
2015-07-01-18 25 27.808	  31.02714346 121.43959007 1.5  0.0 0.0
2015-07-01-18 25 27.910	  31.02714346 121.43959007 1.5  0.0 0.0
2015-07-01-18 25 28.015	  31.02714346 121.43959007 1.5  0.0 0.0
2015-07-01-18 25 28.182	  31.02714346 121.43959007 1.5  0.0 0.0
2015-07-01-18 25 28.286	  31.02714346 121.43959007 1.5  0.0 0.0
2015-07-01-18 25 28.392	  31.02714346 121.43959007 1.5  0.0 0.0
2015-07-01-18 25 28.495	  31.02714346 121.43959007 1.5  0.0 0.0
2015-07-01-18 25 28.601	  31.02711867 121.43960134 1.5  0.0 0.0
2015-07-01-18 25 28.705	  31.02711867 121.43960134 1.5  0.0 0.0
2015-07-01-18 25 28.807	  31.02711867 121.43960134 1.5  0.0 0.0
2015-07-01-18 25 28.909	  31.02711867 121.43960134 1.5  0.0 0.0
2015-07-01-18 25 29.012	  31.02711867 121.43960134 1.5  0.0 0.0
2015-07-01-18 25 29.155	  31.02711867 121.43960134 1.5  0.0 0.0
2015-07-01-18 25 29.257	  31.02711867 121.43960134 1.5  0.0 0.0
2015-07-01-18 25 29.368	  31.02711867 121.43960134 1.5  0.0 0.0
2015-07-01-18 25 29.470	  31.02711867 121.43960134 1.5  0.0 0.0
2015-07-01-18 25 29.571	  31.02711867 121.43960134 1.5  0.0 0.0
2015-07-01-18 25 29.676	  31.02711867 121.43960134 1.5  0.0 0.0
2015-07-01-18 25 29.778	  31.02711867 121.43960134 1.5  0.0 0.0
2015-07-01-18 25 29.882	  31.02711867 121.43960134 1.5  0.0 0.0
2015-07-01-18 25 29.996	  31.02711867 121.43960134 1.5  0.0 0.0
2015-07-01-18 25 30.099	  31.02711867 121.43960134 1.5  0.0 0.0
2015-07-01-18 25 30.201	  31.02711867 121.43960134 1.5  0.0 0.0
2015-07-01-18 25 30.336	  31.02711867 121.43960134 1.5  0.0 0.0
2015-07-01-18 25 30.444	  31.02711867 121.43960134 1.5  0.0 0.0
2015-07-01-18 25 30.549	  31.02711867 121.43960134 1.5  0.0 0.0
2015-07-01-18 25 30.651	  31.02711867 121.43960134 1.5  0.0 0.0
2015-07-01-18 25 30.753	  31.02709421 121.43961021 1.5  0.0 0.0
2015-07-01-18 25 30.855	  31.02709421 121.43961021 1.5  0.0 0.0
2015-07-01-18 25 30.959	  31.02709421 121.43961021 1.5  0.0 0.0
2015-07-01-18 25 31.062	  31.02709421 121.43961021 1.5  0.0 0.0
2015-07-01-18 25 31.165	  31.02709421 121.43961021 1.5  0.0 0.0
2015-07-01-18 25 31.269	  31.02709421 121.43961021 1.5  0.0 0.0
2015-07-01-18 25 31.371	  31.02709421 121.43961021 1.5  0.0 0.0
2015-07-01-18 25 31.472	  31.02709421 121.43961021 1.5  0.0 0.0
2015-07-01-18 25 31.575	  31.02709421 121.43961021 1.5  0.0 0.0
2015-07-01-18 25 31.689	  31.02709421 121.43961021 1.5  0.0 0.0
2015-07-01-18 25 31.791	  31.02709421 121.43961021 1.5  0.0 0.0
2015-07-01-18 25 31.892	  31.02709421 121.43961021 1.5  0.0 0.0
2015-07-01-18 25 31.994	  31.02709421 121.43961021 1.5  0.0 0.0
2015-07-01-18 25 32.104	  31.02709421 121.43961021 1.5  0.0 0.0
2015-07-01-18 25 32.206	  31.02709421 121.43961021 1.5  0.0 0.0
2015-07-01-18 25 32.308	  31.02709421 121.43961021 1.5  0.0 0.0
2015-07-01-18 25 32.409	  31.02709421 121.43961021 1.5  0.0 0.0
2015-07-01-18 25 32.513	  31.02709421 121.43961021 1.5  0.0 0.0
2015-07-01-18 25 32.618	  31.02709421 121.43961021 1.5  0.0 0.0
2015-07-01-18 25 32.754	  31.027068709999998 121.43962081 1.5  0.0 0.0
2015-07-01-18 25 32.855	  31.027068709999998 121.43962081 1.5  0.0 0.0
2015-07-01-18 25 32.959	  31.027068709999998 121.43962081 1.5  0.0 0.0
2015-07-01-18 25 33.068	  31.027068709999998 121.43962081 1.5  0.0 0.0
2015-07-01-18 25 33.181	  31.027068709999998 121.43962081 1.5  0.0 0.0
2015-07-01-18 25 33.283	  31.027068709999998 121.43962081 1.5  0.0 0.0
2015-07-01-18 25 33.386	  31.027068709999998 121.43962081 1.5  0.0 0.0
2015-07-01-18 25 33.487	  31.027068709999998 121.43962081 1.5  0.0 0.0
2015-07-01-18 25 33.595	  31.027068709999998 121.43962081 1.5  0.0 0.0
2015-07-01-18 25 33.698	  31.027068709999998 121.43962081 1.5  0.0 0.0
2015-07-01-18 25 33.806	  31.027068709999998 121.43962081 1.5  0.0 0.0
2015-07-01-18 25 33.910	  31.027068709999998 121.43962081 1.5  0.0 0.0
2015-07-01-18 25 34.015	  31.027068709999998 121.43962081 1.5  0.0 0.0
2015-07-01-18 25 34.119	  31.027068709999998 121.43962081 1.5  0.0 0.0
2015-07-01-18 25 34.229	  31.027068709999998 121.43962081 1.5  0.0 0.0
2015-07-01-18 25 34.333	  31.027068709999998 121.43962081 1.5  0.0 0.0
2015-07-01-18 25 34.440	  31.027068709999998 121.43962081 1.5  0.0 0.0
2015-07-01-18 25 34.542	  31.02704295 121.43963265 1.5  0.0 0.0
2015-07-01-18 25 34.652	  31.02704295 121.43963265 1.5  0.0 0.0
2015-07-01-18 25 34.757	  31.02704295 121.43963265 1.5  0.0 0.0
2015-07-01-18 25 34.859	  31.02704295 121.43963265 1.5  0.0 0.0
2015-07-01-18 25 34.960	  31.02704295 121.43963265 1.5  0.0 0.0
2015-07-01-18 25 35.066	  31.02704295 121.43963265 1.5  0.0 0.0
2015-07-01-18 25 35.169	  31.02704295 121.43963265 1.5  0.0 0.0
2015-07-01-18 25 35.274	  31.02704295 121.43963265 1.5  0.0 0.0
2015-07-01-18 25 35.376	  31.02704295 121.43963265 1.5  0.0 0.0
2015-07-01-18 25 35.483	  31.02704295 121.43963265 1.5  0.0 0.0
2015-07-01-18 25 35.588	  31.02704295 121.43963265 1.5  0.0 0.0
2015-07-01-18 25 35.697	  31.02704295 121.43963265 1.5  0.0 0.0
2015-07-01-18 25 35.800	  31.02704295 121.43963265 1.5  0.0 0.0
2015-07-01-18 25 35.905	  31.02704295 121.43963265 1.5  0.0 0.0
2015-07-01-18 25 36.011	  31.02704295 121.43963265 1.5  0.0 0.0
2015-07-01-18 25 36.128	  31.02704295 121.43963265 1.5  0.0 0.0
2015-07-01-18 25 36.230	  31.02704295 121.43963265 1.5  0.0 0.0
2015-07-01-18 25 36.332	  31.02704295 121.43963265 1.5  0.0 0.0
2015-07-01-18 25 36.437	  31.02704295 121.43963265 1.5  0.0 0.0
2015-07-01-18 25 36.539	  31.02704295 121.43963265 1.5  0.0 0.0
2015-07-01-18 25 36.657	  31.02701668 121.43964581 1.5  0.0 0.0
2015-07-01-18 25 36.758	  31.02701668 121.43964581 1.5  0.0 0.0
2015-07-01-18 25 36.866	  31.02701668 121.43964581 1.5  0.0 0.0
2015-07-01-18 25 36.970	  31.02701668 121.43964581 1.5  0.0 0.0
2015-07-01-18 25 37.079	  31.02701668 121.43964581 1.5  0.0 0.0
2015-07-01-18 25 37.185	  31.02701668 121.43964581 1.5  0.0 0.0
2015-07-01-18 25 37.299	  31.02701668 121.43964581 1.5  0.0 0.0
2015-07-01-18 25 37.401	  31.02701668 121.43964581 1.5  0.0 0.0
2015-07-01-18 25 37.508	  31.02701668 121.43964581 1.5  0.0 0.0
2015-07-01-18 25 37.610	  31.02701668 121.43964581 1.5  0.0 0.0
2015-07-01-18 25 37.716	  31.02701668 121.43964581 1.5  0.0 0.0
2015-07-01-18 25 37.818	  31.02701668 121.43964581 1.5  0.0 0.0
2015-07-01-18 25 37.932	  31.02701668 121.43964581 1.5  0.0 0.0
2015-07-01-18 25 38.036	  31.02701668 121.43964581 1.5  0.0 0.0
2015-07-01-18 25 38.153	  31.02701668 121.43964581 1.5  0.0 0.0
2015-07-01-18 25 38.255	  31.02701668 121.43964581 1.5  0.0 0.0
2015-07-01-18 25 38.363	  31.02701668 121.43964581 1.5  0.0 0.0
2015-07-01-18 25 38.468	  31.02701668 121.43964581 1.5  0.0 0.0
2015-07-01-18 25 38.578	  31.02701668 121.43964581 1.5  0.0 0.0
2015-07-01-18 25 38.685	  31.02701668 121.43964581 1.5  0.0 0.0
2015-07-01-18 25 38.795	  31.02698985 121.43965933 1.5  0.0 0.0
2015-07-01-18 25 38.896	  31.02698985 121.43965933 1.5  0.0 0.0
2015-07-01-18 25 39.003	  31.02698985 121.43965933 1.5  0.0 0.0
2015-07-01-18 25 39.107	  31.02698985 121.43965933 1.5  0.0 0.0
2015-07-01-18 25 39.219	  31.02698985 121.43965933 1.5  0.0 0.0
2015-07-01-18 25 39.323	  31.02698985 121.43965933 1.5  0.0 0.0
2015-07-01-18 25 39.434	  31.02698985 121.43965933 1.5  0.0 0.0
2015-07-01-18 25 39.535	  31.02698985 121.43965933 1.5  0.0 0.0
2015-07-01-18 25 39.641	  31.02698985 121.43965933 1.5  0.0 0.0
2015-07-01-18 25 39.744	  31.02698985 121.43965933 1.5  0.0 0.0
2015-07-01-18 25 39.855	  31.02698985 121.43965933 1.5  0.0 0.0
2015-07-01-18 25 39.958	  31.02698985 121.43965933 1.5  0.0 0.0
2015-07-01-18 25 40.065	  31.02698985 121.43965933 1.5  0.0 0.0
2015-07-01-18 25 40.168	  31.02698985 121.43965933 1.5  0.0 0.0
2015-07-01-18 25 40.281	  31.02698985 121.43965933 1.5  0.0 0.0
2015-07-01-18 25 40.383	  31.02698985 121.43965933 1.5  0.0 0.0
2015-07-01-18 25 40.492	  31.02698985 121.43965933 1.5  0.0 0.0
2015-07-01-18 25 40.596	  31.02698985 121.43965933 1.5  0.0 0.0
2015-07-01-18 25 40.707	  31.02696317 121.43967227 1.5  0.0 0.0
2015-07-01-18 25 40.810	  31.02696317 121.43967227 1.5  0.0 0.0
2015-07-01-18 25 40.916	  31.02696317 121.43967227 1.5  0.0 0.0
2015-07-01-18 25 41.020	  31.02696317 121.43967227 1.5  0.0 0.0
2015-07-01-18 25 41.134	  31.02696317 121.43967227 1.5  0.0 0.0
2015-07-01-18 25 41.239	  31.02696317 121.43967227 1.5  0.0 0.0
2015-07-01-18 25 41.342	  31.02696317 121.43967227 1.5  0.0 0.0
2015-07-01-18 25 41.450	  31.02696317 121.43967227 1.5  0.0 0.0
2015-07-01-18 25 41.555	  31.02696317 121.43967227 1.5  0.0 0.0
2015-07-01-18 25 41.696	  31.02696317 121.43967227 1.5  0.0 0.0
2015-07-01-18 25 41.798	  31.02696317 121.43967227 1.5  0.0 0.0
2015-07-01-18 25 41.908	  31.02696317 121.43967227 1.5  0.0 0.0
2015-07-01-18 25 42.016	  31.02696317 121.43967227 1.5  0.0 0.0
2015-07-01-18 25 42.124	  31.02696317 121.43967227 1.5  0.0 0.0
2015-07-01-18 25 42.227	  31.02696317 121.43967227 1.5  0.0 0.0
2015-07-01-18 25 42.342	  31.02696317 121.43967227 1.5  0.0 0.0
2015-07-01-18 25 42.443	  31.02696317 121.43967227 1.5  0.0 0.0
2015-07-01-18 25 42.547	  31.026935429999998 121.43968481 1.5  0.0 0.0
2015-07-01-18 25 42.654	  31.026935429999998 121.43968481 1.5  0.0 0.0
2015-07-01-18 25 42.761	  31.026935429999998 121.43968481 1.5  0.0 0.0
2015-07-01-18 25 42.863	  31.026935429999998 121.43968481 1.5  0.0 0.0
2015-07-01-18 25 42.969	  31.026935429999998 121.43968481 1.5  0.0 0.0
2015-07-01-18 25 43.071	  31.026935429999998 121.43968481 1.5  0.0 0.0
2015-07-01-18 25 43.177	  31.026935429999998 121.43968481 1.5  0.0 0.0
2015-07-01-18 25 43.281	  31.026935429999998 121.43968481 1.5  0.0 0.0
2015-07-01-18 25 43.404	  31.026935429999998 121.43968481 1.5  0.0 0.0
2015-07-01-18 25 43.506	  31.026935429999998 121.43968481 1.5  0.0 0.0
2015-07-01-18 25 43.649	  31.026935429999998 121.43968481 1.5  0.0 0.0
2015-07-01-18 25 43.755	  31.026935429999998 121.43968481 1.5  0.0 0.0
2015-07-01-18 25 43.857	  31.026935429999998 121.43968481 1.5  0.0 0.0
2015-07-01-18 25 44.011	  31.026935429999998 121.43968481 1.5  0.0 0.0
2015-07-01-18 25 44.115	  31.026935429999998 121.43968481 1.5  0.0 0.0
2015-07-01-18 25 44.272	  31.026935429999998 121.43968481 1.5  0.0 0.0
2015-07-01-18 25 44.381	  31.026935429999998 121.43968481 1.5  0.0 0.0
2015-07-01-18 25 44.488	  31.026935429999998 121.43968481 1.5  0.0 0.0
2015-07-01-18 25 44.642	  31.02690722 121.43969611 1.5  0.0 0.0
2015-07-01-18 25 44.745	  31.02690722 121.43969611 1.5  0.0 0.0
2015-07-01-18 25 44.897	  31.02690722 121.43969611 1.5  0.0 0.0
2015-07-01-18 25 44.998	  31.02690722 121.43969611 1.5  0.0 0.0
2015-07-01-18 25 45.100	  31.02690722 121.43969611 1.5  0.0 0.0
2015-07-01-18 25 45.212	  31.02690722 121.43969611 1.5  0.0 0.0
2015-07-01-18 25 45.314	  31.02690722 121.43969611 1.5  0.0 0.0
2015-07-01-18 25 45.462	  31.02690722 121.43969611 1.5  0.0 0.0
2015-07-01-18 25 45.583	  31.02690722 121.43969611 1.5  0.0 0.0
2015-07-01-18 25 45.685	  31.02690722 121.43969611 1.5  0.0 0.0
2015-07-01-18 25 45.822	  31.02690722 121.43969611 1.5  0.0 0.0
2015-07-01-18 25 45.924	  31.02690722 121.43969611 1.5  0.0 0.0
2015-07-01-18 25 46.051	  31.02690722 121.43969611 1.5  0.0 0.0
2015-07-01-18 25 46.158	  31.02690722 121.43969611 1.5  0.0 0.0
2015-07-01-18 25 46.279	  31.02690722 121.43969611 1.5  0.0 0.0
2015-07-01-18 25 46.381	  31.02690722 121.43969611 1.5  0.0 0.0
2015-07-01-18 25 46.528	  31.02690722 121.43969611 1.5  0.0 0.0
2015-07-01-18 25 46.631	  31.02690722 121.43969611 1.5  0.0 0.0
2015-07-01-18 25 46.733	  31.02688032 121.43970902 1.5  0.0 0.0
2015-07-01-18 25 46.865	  31.02688032 121.43970902 1.5  0.0 0.0
2015-07-01-18 25 46.967	  31.02688032 121.43970902 1.5  0.0 0.0
2015-07-01-18 25 47.083	  31.02688032 121.43970902 1.5  0.0 0.0
2015-07-01-18 25 47.187	  31.02688032 121.43970902 1.5  0.0 0.0
2015-07-01-18 25 47.290	  31.02688032 121.43970902 1.5  0.0 0.0
2015-07-01-18 25 47.421	  31.02688032 121.43970902 1.5  0.0 0.0
2015-07-01-18 25 47.578	  31.02688032 121.43970902 1.5  0.0 0.0
2015-07-01-18 25 47.684	  31.02688032 121.43970902 1.5  0.0 0.0
2015-07-01-18 25 47.790	  31.02688032 121.43970902 1.5  0.0 0.0
2015-07-01-18 25 47.949	  31.02688032 121.43970902 1.5  0.0 0.0
2015-07-01-18 25 48.051	  31.02688032 121.43970902 1.5  0.0 0.0
2015-07-01-18 25 48.171	  31.02688032 121.43970902 1.5  0.0 0.0
2015-07-01-18 25 48.324	  31.02688032 121.43970902 1.5  0.0 0.0
2015-07-01-18 25 48.427	  31.02688032 121.43970902 1.5  0.0 0.0
2015-07-01-18 25 48.543	  31.02688032 121.43970902 1.5  0.0 0.0
2015-07-01-18 25 48.663	  31.02685413 121.43972192 1.5  0.0 0.0
2015-07-01-18 25 48.765	  31.02685413 121.43972192 1.5  0.0 0.0
2015-07-01-18 25 48.903	  31.02685413 121.43972192 1.5  0.0 0.0
2015-07-01-18 25 49.064	  31.02685413 121.43972192 1.5  0.0 0.0
2015-07-01-18 25 49.166	  31.02685413 121.43972192 1.5  0.0 0.0
2015-07-01-18 25 49.282	  31.02685413 121.43972192 1.5  0.0 0.0
2015-07-01-18 25 49.407	  31.02685413 121.43972192 1.5  0.0 0.0
2015-07-01-18 25 49.513	  31.02685413 121.43972192 1.5  0.0 0.0
2015-07-01-18 25 49.685	  31.02685413 121.43972192 1.5  0.0 0.0
2015-07-01-18 25 49.820	  31.02685413 121.43972192 1.5  0.0 0.0
2015-07-01-18 25 49.923	  31.02685413 121.43972192 1.5  0.0 0.0
2015-07-01-18 25 50.089	  31.02685413 121.43972192 1.5  0.0 0.0
2015-07-01-18 25 50.236	  31.02685413 121.43972192 1.5  0.0 0.0
2015-07-01-18 25 50.351	  31.02685413 121.43972192 1.5  0.0 0.0
2015-07-01-18 25 50.509	  31.02685413 121.43972192 1.5  0.0 0.0
2015-07-01-18 25 50.636	  31.02682695 121.43973183 1.5  0.0 0.0
2015-07-01-18 25 50.738	  31.02682695 121.43973183 1.5  0.0 0.0
2015-07-01-18 25 50.893	  31.02682695 121.43973183 1.5  0.0 0.0
2015-07-01-18 25 51.025	  31.02682695 121.43973183 1.5  0.0 0.0
2015-07-01-18 25 51.128	  31.02682695 121.43973183 1.5  0.0 0.0
2015-07-01-18 25 51.268	  31.02682695 121.43973183 1.5  0.0 0.0
2015-07-01-18 25 51.388	  31.02682695 121.43973183 1.5  0.0 0.0
2015-07-01-18 25 51.491	  31.02682695 121.43973183 1.5  0.0 0.0
2015-07-01-18 25 51.597	  31.02682695 121.43973183 1.5  0.0 0.0
2015-07-01-18 25 51.763	  31.02682695 121.43973183 1.5  0.0 0.0
2015-07-01-18 25 51.865	  31.02682695 121.43973183 1.5  0.0 0.0
