2015-07-01-18 21 37.530	  0.0 0.0 0.0  0.0 0.0
2015-07-01-18 21 37.631	  0.0 0.0 0.0  0.0 0.0
2015-07-01-18 21 37.734	  0.0 0.0 0.0  0.0 0.0
2015-07-01-18 21 37.842	  0.0 0.0 0.0  0.0 0.0
2015-07-01-18 21 37.945	  0.0 0.0 0.0  0.0 0.0
2015-07-01-18 21 38.046	  0.0 0.0 0.0  0.0 0.0
2015-07-01-18 21 38.148	  0.0 0.0 0.0  0.0 0.0
2015-07-01-18 21 38.249	  0.0 0.0 0.0  0.0 0.0
2015-07-01-18 21 38.352	  0.0 0.0 0.0  0.0 0.0
2015-07-01-18 21 38.454	  0.0 0.0 0.0  0.0 0.0
2015-07-01-18 21 38.555	  0.0 0.0 0.0  0.0 0.0
2015-07-01-18 21 38.657	  0.0 0.0 0.0  0.0 0.0
2015-07-01-18 21 38.759	  0.0 0.0 0.0  0.0 0.0
2015-07-01-18 21 38.861	  0.0 0.0 0.0  0.0 0.0
2015-07-01-18 21 38.963	  0.0 0.0 0.0  0.0 0.0
2015-07-01-18 21 39.064	  0.0 0.0 0.0  0.0 0.0
2015-07-01-18 21 39.166	  0.0 0.0 0.0  0.0 0.0
2015-07-01-18 21 39.267	  0.0 0.0 0.0  0.0 0.0
2015-07-01-18 21 39.369	  0.0 0.0 0.0  0.0 0.0
2015-07-01-18 21 39.472	  0.0 0.0 0.0  0.0 0.0
2015-07-01-18 21 39.573	  0.0 0.0 0.0  0.0 0.0
2015-07-01-18 21 39.675	  0.0 0.0 0.0  0.0 0.0
2015-07-01-18 21 39.777	  0.0 0.0 0.0  0.0 0.0
2015-07-01-18 21 39.878	  0.0 0.0 0.0  0.0 0.0
2015-07-01-18 21 39.981	  0.0 0.0 0.0  0.0 0.0
2015-07-01-18 21 40.083	  0.0 0.0 0.0  0.0 0.0
2015-07-01-18 21 40.185	  0.0 0.0 0.0  0.0 0.0
2015-07-01-18 21 40.287	  0.0 0.0 0.0  0.0 0.0
2015-07-01-18 21 40.388	  0.0 0.0 0.0  0.0 0.0
2015-07-01-18 21 40.490	  0.0 0.0 0.0  0.0 0.0
2015-07-01-18 21 40.600	  0.0 0.0 0.0  0.0 0.0
2015-07-01-18 21 40.701	  0.0 0.0 0.0  0.0 0.0
2015-07-01-18 21 40.803	  0.0 0.0 0.0  0.0 0.0
2015-07-01-18 21 40.905	  0.0 0.0 0.0  0.0 0.0
2015-07-01-18 21 41.008	  0.0 0.0 0.0  0.0 0.0
2015-07-01-18 21 41.111	  0.0 0.0 0.0  0.0 0.0
2015-07-01-18 21 41.215	  0.0 0.0 0.0  0.0 0.0
2015-07-01-18 21 41.318	  0.0 0.0 0.0  0.0 0.0
2015-07-01-18 21 41.424	  0.0 0.0 0.0  0.0 0.0
2015-07-01-18 21 41.534	  31.027614 121.43949333 1.0  0.0 0.0
2015-07-01-18 21 41.642	  31.027614 121.43949333 1.0  0.0 0.0
2015-07-01-18 21 41.746	  31.027614 121.43949333 1.0  0.0 0.0
2015-07-01-18 21 41.850	  31.027614 121.43949333 1.0  0.0 0.0
2015-07-01-18 21 41.954	  31.027614 121.43949333 1.0  0.0 0.0
2015-07-01-18 21 42.060	  31.027614 121.43949333 1.0  0.0 0.0
2015-07-01-18 21 42.167	  31.027614 121.43949333 1.0  0.0 0.0
2015-07-01-18 21 42.271	  31.027614 121.43949333 1.0  0.0 0.0
2015-07-01-18 21 42.378	  31.027614 121.43949333 1.0  0.0 0.0
2015-07-01-18 21 42.479	  31.027614 121.43949333 1.0  0.0 0.0
2015-07-01-18 21 42.584	  31.02758871 121.43949479 1.0  0.0 0.0
2015-07-01-18 21 42.686	  31.02758871 121.43949479 1.0  0.0 0.0
2015-07-01-18 21 42.797	  31.02758871 121.43949479 1.0  0.0 0.0
2015-07-01-18 21 42.902	  31.02758871 121.43949479 1.0  0.0 0.0
2015-07-01-18 21 43.003	  31.02758871 121.43949479 1.0  0.0 0.0
2015-07-01-18 21 43.105	  31.02758871 121.43949479 1.0  0.0 0.0
2015-07-01-18 21 43.208	  31.02758871 121.43949479 1.0  0.0 0.0
2015-07-01-18 21 43.313	  31.02758871 121.43949479 1.0  0.0 0.0
2015-07-01-18 21 43.417	  31.02758871 121.43949479 1.0  0.0 0.0
2015-07-01-18 21 43.524	  31.02758871 121.43949479 1.0  0.0 0.0
2015-07-01-18 21 43.630	  31.02757034 121.43949841 1.25  0.0 0.0
2015-07-01-18 21 43.733	  31.02757034 121.43949841 1.25  0.0 0.0
2015-07-01-18 21 43.835	  31.02757034 121.43949841 1.25  0.0 0.0
2015-07-01-18 21 43.938	  31.02757034 121.43949841 1.25  0.0 0.0
2015-07-01-18 21 44.044	  31.02757034 121.43949841 1.25  0.0 0.0
2015-07-01-18 21 44.149	  31.02757034 121.43949841 1.25  0.0 0.0
2015-07-01-18 21 44.257	  31.02757034 121.43949841 1.25  0.0 0.0
2015-07-01-18 21 44.364	  31.02757034 121.43949841 1.25  0.0 0.0
2015-07-01-18 21 44.466	  31.02757034 121.43949841 1.25  0.0 0.0
2015-07-01-18 21 44.568	  31.02757034 121.43949841 1.25  0.0 0.0
2015-07-01-18 21 44.672	  31.02757034 121.43949841 1.25  0.0 0.0
2015-07-01-18 21 44.774	  31.02757034 121.43949841 1.25  0.0 0.0
2015-07-01-18 21 44.876	  31.02757034 121.43949841 1.25  0.0 0.0
2015-07-01-18 21 44.979	  31.02757034 121.43949841 1.25  0.0 0.0
2015-07-01-18 21 45.085	  31.02757034 121.43949841 1.25  0.0 0.0
2015-07-01-18 21 45.187	  31.02757034 121.43949841 1.25  0.0 0.0
2015-07-01-18 21 45.290	  31.02757034 121.43949841 1.25  0.0 0.0
2015-07-01-18 21 45.395	  31.02757034 121.43949841 1.25  0.0 0.0
2015-07-01-18 21 45.501	  31.02757034 121.43949841 1.25  0.0 0.0
2015-07-01-18 21 45.605	  31.02757034 121.43949841 1.25  0.0 0.0
2015-07-01-18 21 45.709	  31.02754491 121.43949813 1.25  0.0 0.0
2015-07-01-18 21 45.810	  31.02754491 121.43949813 1.25  0.0 0.0
2015-07-01-18 21 45.911	  31.02754491 121.43949813 1.25  0.0 0.0
2015-07-01-18 21 46.014	  31.02754491 121.43949813 1.25  0.0 0.0
2015-07-01-18 21 46.116	  31.02754491 121.43949813 1.25  0.0 0.0
2015-07-01-18 21 46.219	  31.02754491 121.43949813 1.25  0.0 0.0
2015-07-01-18 21 46.324	  31.02754491 121.43949813 1.25  0.0 0.0
2015-07-01-18 21 46.426	  31.02754491 121.43949813 1.25  0.0 0.0
2015-07-01-18 21 46.527	  31.02754491 121.43949813 1.25  0.0 0.0
2015-07-01-18 21 46.628	  31.02754491 121.43949813 1.25  0.0 0.0
2015-07-01-18 21 46.730	  31.02754491 121.43949813 1.25  0.0 0.0
2015-07-01-18 21 46.833	  31.02754491 121.43949813 1.25  0.0 0.0
2015-07-01-18 21 46.942	  31.02754491 121.43949813 1.25  0.0 0.0
2015-07-01-18 21 47.044	  31.02754491 121.43949813 1.25  0.0 0.0
2015-07-01-18 21 47.145	  31.02754491 121.43949813 1.25  0.0 0.0
2015-07-01-18 21 47.248	  31.02754491 121.43949813 1.25  0.0 0.0
2015-07-01-18 21 47.352	  31.02754491 121.43949813 1.25  0.0 0.0
2015-07-01-18 21 47.456	  31.02754491 121.43949813 1.25  0.0 0.0
2015-07-01-18 21 47.570	  31.02752816 121.43947996 1.25  0.0 0.0
2015-07-01-18 21 47.671	  31.02752816 121.43947996 1.25  0.0 0.0
2015-07-01-18 21 47.773	  31.02752816 121.43947996 1.25  0.0 0.0
2015-07-01-18 21 47.875	  31.02752816 121.43947996 1.25  0.0 0.0
2015-07-01-18 21 47.978	  31.02752816 121.43947996 1.25  0.0 0.0
2015-07-01-18 21 48.084	  31.02752816 121.43947996 1.25  0.0 0.0
2015-07-01-18 21 48.188	  31.02752816 121.43947996 1.25  0.0 0.0
2015-07-01-18 21 48.293	  31.02752816 121.43947996 1.25  0.0 0.0
2015-07-01-18 21 48.401	  31.02752816 121.43947996 1.25  0.0 0.0
2015-07-01-18 21 48.503	  31.02752816 121.43947996 1.25  0.0 0.0
2015-07-01-18 21 48.604	  31.02752816 121.43947996 1.25  0.0 0.0
2015-07-01-18 21 48.707	  31.02752816 121.43947996 1.25  0.0 0.0
2015-07-01-18 21 48.810	  31.02752816 121.43947996 1.25  0.0 0.0
2015-07-01-18 21 48.915	  31.02752816 121.43947996 1.25  0.0 0.0
2015-07-01-18 21 49.017	  31.02752816 121.43947996 1.25  0.0 0.0
2015-07-01-18 21 49.119	  31.02752816 121.43947996 1.25  0.0 0.0
2015-07-01-18 21 49.221	  31.02752816 121.43947996 1.25  0.0 0.0
2015-07-01-18 21 49.322	  31.02752816 121.43947996 1.25  0.0 0.0
2015-07-01-18 21 49.425	  31.02752816 121.43947996 1.25  0.0 0.0
2015-07-01-18 21 49.527	  31.02752816 121.43947996 1.25  0.0 0.0
2015-07-01-18 21 49.629	  31.02750705 121.43947651 1.25  0.0 0.0
2015-07-01-18 21 49.732	  31.02750705 121.43947651 1.25  0.0 0.0
2015-07-01-18 21 49.834	  31.02750705 121.43947651 1.25  0.0 0.0
2015-07-01-18 21 49.938	  31.02750705 121.43947651 1.25  0.0 0.0
2015-07-01-18 21 50.044	  31.02750705 121.43947651 1.25  0.0 0.0
2015-07-01-18 21 50.148	  31.02750705 121.43947651 1.25  0.0 0.0
2015-07-01-18 21 50.254	  31.02750705 121.43947651 1.25  0.0 0.0
2015-07-01-18 21 50.360	  31.02750705 121.43947651 1.25  0.0 0.0
2015-07-01-18 21 50.470	  31.02750705 121.43947651 1.25  0.0 0.0
2015-07-01-18 21 50.573	  31.02750705 121.43947651 1.25  0.0 0.0
2015-07-01-18 21 50.676	  31.02750705 121.43947651 1.25  0.0 0.0
2015-07-01-18 21 50.780	  31.02750705 121.43947651 1.25  0.0 0.0
2015-07-01-18 21 50.883	  31.02750705 121.43947651 1.25  0.0 0.0
2015-07-01-18 21 50.995	  31.02750705 121.43947651 1.25  0.0 0.0
2015-07-01-18 21 51.098	  31.02750705 121.43947651 1.25  0.0 0.0
2015-07-01-18 21 51.200	  31.02750705 121.43947651 1.25  0.0 0.0
2015-07-01-18 21 51.303	  31.02750705 121.43947651 1.25  0.0 0.0
2015-07-01-18 21 51.408	  31.02750705 121.43947651 1.25  0.0 0.0
2015-07-01-18 21 51.513	  31.02750705 121.43947651 1.25  0.0 0.0
2015-07-01-18 21 51.614	  31.02748586 121.43948144 1.25  0.0 0.0
2015-07-01-18 21 51.716	  31.02748586 121.43948144 1.25  0.0 0.0
2015-07-01-18 21 51.818	  31.02748586 121.43948144 1.25  0.0 0.0
2015-07-01-18 21 51.923	  31.02748586 121.43948144 1.25  0.0 0.0
2015-07-01-18 21 52.027	  31.02748586 121.43948144 1.25  0.0 0.0
2015-07-01-18 21 52.129	  31.02748586 121.43948144 1.25  0.0 0.0
2015-07-01-18 21 52.233	  31.02748586 121.43948144 1.25  0.0 0.0
2015-07-01-18 21 52.337	  31.02748586 121.43948144 1.25  0.0 0.0
2015-07-01-18 21 52.443	  31.02748586 121.43948144 1.25  0.0 0.0
2015-07-01-18 21 52.545	  31.02748586 121.43948144 1.25  0.0 0.0
2015-07-01-18 21 52.647	  31.02748586 121.43948144 1.25  0.0 0.0
2015-07-01-18 21 52.750	  31.02748586 121.43948144 1.25  0.0 0.0
2015-07-01-18 21 52.852	  31.02748586 121.43948144 1.25  0.0 0.0
2015-07-01-18 21 52.953	  31.02748586 121.43948144 1.25  0.0 0.0
2015-07-01-18 21 53.057	  31.02748586 121.43948144 1.25  0.0 0.0
2015-07-01-18 21 53.161	  31.02748586 121.43948144 1.25  0.0 0.0
2015-07-01-18 21 53.265	  31.02748586 121.43948144 1.25  0.0 0.0
2015-07-01-18 21 53.368	  31.02748586 121.43948144 1.25  0.0 0.0
2015-07-01-18 21 53.472	  31.02748586 121.43948144 1.25  0.0 0.0
2015-07-01-18 21 53.576	  31.02748586 121.43948144 1.25  0.0 0.0
2015-07-01-18 21 53.680	  31.02746414 121.43948729 1.25  0.0 0.0
2015-07-01-18 21 53.785	  31.02746414 121.43948729 1.25  0.0 0.0
2015-07-01-18 21 53.895	  31.02746414 121.43948729 1.25  0.0 0.0
2015-07-01-18 21 53.999	  31.02746414 121.43948729 1.25  0.0 0.0
2015-07-01-18 21 54.102	  31.02746414 121.43948729 1.25  0.0 0.0
2015-07-01-18 21 54.210	  31.02746414 121.43948729 1.25  0.0 0.0
2015-07-01-18 21 54.329	  31.02746414 121.43948729 1.25  0.0 0.0
2015-07-01-18 21 54.431	  31.02746414 121.43948729 1.25  0.0 0.0
2015-07-01-18 21 54.532	  31.02746414 121.43948729 1.25  0.0 0.0
2015-07-01-18 21 54.635	  31.02746414 121.43948729 1.25  0.0 0.0
2015-07-01-18 21 54.762	  31.02746414 121.43948729 1.25  0.0 0.0
2015-07-01-18 21 54.864	  31.02746414 121.43948729 1.25  0.0 0.0
2015-07-01-18 21 54.967	  31.02746414 121.43948729 1.25  0.0 0.0
2015-07-01-18 21 55.071	  31.02746414 121.43948729 1.25  0.0 0.0
2015-07-01-18 21 55.184	  31.02746414 121.43948729 1.25  0.0 0.0
2015-07-01-18 21 55.285	  31.02746414 121.43948729 1.25  0.0 0.0
2015-07-01-18 21 55.387	  31.02746414 121.43948729 1.25  0.0 0.0
2015-07-01-18 21 55.489	  31.02746414 121.43948729 1.25  0.0 0.0
2015-07-01-18 21 55.595	  31.02744042 121.43949633 1.25  0.0 0.0
2015-07-01-18 21 55.709	  31.02744042 121.43949633 1.25  0.0 0.0
2015-07-01-18 21 55.813	  31.02744042 121.43949633 1.25  0.0 0.0
2015-07-01-18 21 55.918	  31.02744042 121.43949633 1.25  0.0 0.0
2015-07-01-18 21 56.033	  31.02744042 121.43949633 1.25  0.0 0.0
2015-07-01-18 21 56.134	  31.02744042 121.43949633 1.25  0.0 0.0
2015-07-01-18 21 56.235	  31.02744042 121.43949633 1.25  0.0 0.0
2015-07-01-18 21 56.337	  31.02744042 121.43949633 1.25  0.0 0.0
2015-07-01-18 21 56.446	  31.02744042 121.43949633 1.25  0.0 0.0
2015-07-01-18 21 56.547	  31.02744042 121.43949633 1.25  0.0 0.0
2015-07-01-18 21 56.649	  31.02744042 121.43949633 1.25  0.0 0.0
2015-07-01-18 21 56.751	  31.02744042 121.43949633 1.25  0.0 0.0
2015-07-01-18 21 56.860	  31.02744042 121.43949633 1.25  0.0 0.0
2015-07-01-18 21 56.963	  31.02744042 121.43949633 1.25  0.0 0.0
2015-07-01-18 21 57.068	  31.02744042 121.43949633 1.25  0.0 0.0
2015-07-01-18 21 57.174	  31.02744042 121.43949633 1.25  0.0 0.0
2015-07-01-18 21 57.290	  31.02744042 121.43949633 1.25  0.0 0.0
2015-07-01-18 21 57.394	  31.02744042 121.43949633 1.25  0.0 0.0
2015-07-01-18 21 57.496	  31.02744042 121.43949633 1.25  0.0 0.0
2015-07-01-18 21 57.598	  31.02741732 121.4395002 1.25  0.0 0.0
2015-07-01-18 21 57.702	  31.02741732 121.4395002 1.25  0.0 0.0
2015-07-01-18 21 57.803	  31.02741732 121.4395002 1.25  0.0 0.0
2015-07-01-18 21 57.909	  31.02741732 121.4395002 1.25  0.0 0.0
2015-07-01-18 21 58.053	  31.02741732 121.4395002 1.25  0.0 0.0
2015-07-01-18 21 58.155	  31.02741732 121.4395002 1.25  0.0 0.0
2015-07-01-18 21 58.258	  31.02741732 121.4395002 1.25  0.0 0.0
2015-07-01-18 21 58.367	  31.02741732 121.4395002 1.25  0.0 0.0
2015-07-01-18 21 58.474	  31.02741732 121.4395002 1.25  0.0 0.0
2015-07-01-18 21 58.580	  31.02741732 121.4395002 1.25  0.0 0.0
2015-07-01-18 21 58.692	  31.02741732 121.4395002 1.25  0.0 0.0
2015-07-01-18 21 58.794	  31.02741732 121.4395002 1.25  0.0 0.0
2015-07-01-18 21 58.896	  31.02741732 121.4395002 1.25  0.0 0.0
2015-07-01-18 21 59.000	  31.02741732 121.4395002 1.25  0.0 0.0
2015-07-01-18 21 59.107	  31.02741732 121.4395002 1.25  0.0 0.0
2015-07-01-18 21 59.211	  31.02741732 121.4395002 1.25  0.0 0.0
2015-07-01-18 21 59.317	  31.02741732 121.4395002 1.25  0.0 0.0
2015-07-01-18 21 59.420	  31.02741732 121.4395002 1.25  0.0 0.0
2015-07-01-18 21 59.525	  31.02741732 121.4395002 1.25  0.0 0.0
2015-07-01-18 21 59.632	  31.02739609 121.43950115 1.25  0.0 0.0
2015-07-01-18 21 59.738	  31.02739609 121.43950115 1.25  0.0 0.0
2015-07-01-18 21 59.847	  31.02739609 121.43950115 1.25  0.0 0.0
2015-07-01-18 21 59.949	  31.02739609 121.43950115 1.25  0.0 0.0
2015-07-01-18 22 00.054	  31.02739609 121.43950115 1.25  0.0 0.0
2015-07-01-18 22 00.161	  31.02739609 121.43950115 1.25  0.0 0.0
2015-07-01-18 22 00.265	  31.02739609 121.43950115 1.25  0.0 0.0
2015-07-01-18 22 00.369	  31.02739609 121.43950115 1.25  0.0 0.0
2015-07-01-18 22 00.473	  31.02739609 121.43950115 1.25  0.0 0.0
2015-07-01-18 22 00.586	  31.02739609 121.43950115 1.25  0.0 0.0
2015-07-01-18 22 00.690	  31.02739609 121.43950115 1.25  0.0 0.0
2015-07-01-18 22 00.794	  31.02739609 121.43950115 1.25  0.0 0.0
2015-07-01-18 22 00.900	  31.02739609 121.43950115 1.25  0.0 0.0
2015-07-01-18 22 01.002	  31.02739609 121.43950115 1.25  0.0 0.0
2015-07-01-18 22 01.105	  31.02739609 121.43950115 1.25  0.0 0.0
2015-07-01-18 22 01.206	  31.02739609 121.43950115 1.25  0.0 0.0
2015-07-01-18 22 01.308	  31.02739609 121.43950115 1.25  0.0 0.0
2015-07-01-18 22 01.412	  31.02739609 121.43950115 1.25  0.0 0.0
2015-07-01-18 22 01.524	  31.02739609 121.43950115 1.25  0.0 0.0
2015-07-01-18 22 01.626	  31.02739609 121.43950115 1.25  0.0 0.0
2015-07-01-18 22 01.729	  31.02737421 121.43950595 1.25  0.0 0.0
2015-07-01-18 22 01.837	  31.02737421 121.43950595 1.25  0.0 0.0
2015-07-01-18 22 01.942	  31.02737421 121.43950595 1.25  0.0 0.0
2015-07-01-18 22 02.045	  31.02737421 121.43950595 1.25  0.0 0.0
2015-07-01-18 22 02.157	  31.02737421 121.43950595 1.25  0.0 0.0
2015-07-01-18 22 02.258	  31.02737421 121.43950595 1.25  0.0 0.0
2015-07-01-18 22 02.359	  31.02737421 121.43950595 1.25  0.0 0.0
2015-07-01-18 22 02.471	  31.02737421 121.43950595 1.25  0.0 0.0
2015-07-01-18 22 02.574	  31.02737421 121.43950595 1.25  0.0 0.0
2015-07-01-18 22 02.676	  31.02737421 121.43950595 1.25  0.0 0.0
2015-07-01-18 22 02.777	  31.02737421 121.43950595 1.25  0.0 0.0
2015-07-01-18 22 02.880	  31.02737421 121.43950595 1.25  0.0 0.0
2015-07-01-18 22 02.985	  31.02737421 121.43950595 1.25  0.0 0.0
2015-07-01-18 22 03.089	  31.02737421 121.43950595 1.25  0.0 0.0
2015-07-01-18 22 03.192	  31.02737421 121.43950595 1.25  0.0 0.0
2015-07-01-18 22 03.294	  31.02737421 121.43950595 1.25  0.0 0.0
2015-07-01-18 22 03.397	  31.02737421 121.43950595 1.25  0.0 0.0
2015-07-01-18 22 03.501	  31.02737421 121.43950595 1.25  0.0 0.0
2015-07-01-18 22 03.614	  31.02735134 121.4395139 1.25  0.0 0.0
2015-07-01-18 22 03.715	  31.02735134 121.4395139 1.25  0.0 0.0
2015-07-01-18 22 03.818	  31.02735134 121.4395139 1.25  0.0 0.0
2015-07-01-18 22 03.928	  31.02735134 121.4395139 1.25  0.0 0.0
2015-07-01-18 22 04.030	  31.02735134 121.4395139 1.25  0.0 0.0
2015-07-01-18 22 04.136	  31.02735134 121.4395139 1.25  0.0 0.0
2015-07-01-18 22 04.252	  31.02735134 121.4395139 1.25  0.0 0.0
2015-07-01-18 22 04.354	  31.02735134 121.4395139 1.25  0.0 0.0
2015-07-01-18 22 04.457	  31.02735134 121.4395139 1.25  0.0 0.0
2015-07-01-18 22 04.564	  31.02735134 121.4395139 1.25  0.0 0.0
2015-07-01-18 22 04.666	  31.02735134 121.4395139 1.25  0.0 0.0
2015-07-01-18 22 04.768	  31.02735134 121.4395139 1.25  0.0 0.0
2015-07-01-18 22 04.872	  31.02735134 121.4395139 1.25  0.0 0.0
2015-07-01-18 22 04.974	  31.02735134 121.4395139 1.25  0.0 0.0
2015-07-01-18 22 05.080	  31.02735134 121.4395139 1.25  0.0 0.0
2015-07-01-18 22 05.193	  31.02735134 121.4395139 1.25  0.0 0.0
2015-07-01-18 22 05.295	  31.02735134 121.4395139 1.25  0.0 0.0
2015-07-01-18 22 05.396	  31.02735134 121.4395139 1.25  0.0 0.0
2015-07-01-18 22 05.502	  31.02735134 121.4395139 1.25  0.0 0.0
2015-07-01-18 22 05.603	  31.0273266 121.43952459 1.25  0.0 0.0
2015-07-01-18 22 05.705	  31.0273266 121.43952459 1.25  0.0 0.0
2015-07-01-18 22 05.811	  31.0273266 121.43952459 1.25  0.0 0.0
2015-07-01-18 22 05.916	  31.0273266 121.43952459 1.25  0.0 0.0
2015-07-01-18 22 06.020	  31.0273266 121.43952459 1.25  0.0 0.0
2015-07-01-18 22 06.136	  31.0273266 121.43952459 1.25  0.0 0.0
2015-07-01-18 22 06.237	  31.0273266 121.43952459 1.25  0.0 0.0
2015-07-01-18 22 06.339	  31.0273266 121.43952459 1.25  0.0 0.0
2015-07-01-18 22 06.454	  31.0273266 121.43952459 1.25  0.0 0.0
2015-07-01-18 22 06.556	  31.0273266 121.43952459 1.25  0.0 0.0
2015-07-01-18 22 06.696	  31.0273266 121.43952459 1.25  0.0 0.0
2015-07-01-18 22 06.801	  31.0273266 121.43952459 1.25  0.0 0.0
2015-07-01-18 22 06.903	  31.0273266 121.43952459 1.25  0.0 0.0
2015-07-01-18 22 07.008	  31.0273266 121.43952459 1.25  0.0 0.0
2015-07-01-18 22 07.121	  31.0273266 121.43952459 1.25  0.0 0.0
2015-07-01-18 22 07.224	  31.0273266 121.43952459 1.25  0.0 0.0
2015-07-01-18 22 07.325	  31.0273266 121.43952459 1.25  0.0 0.0
2015-07-01-18 22 07.432	  31.0273266 121.43952459 1.25  0.0 0.0
2015-07-01-18 22 07.535	  31.0273266 121.43952459 1.25  0.0 0.0
2015-07-01-18 22 07.636	  31.02730191 121.43953513 1.25  0.0 0.0
2015-07-01-18 22 07.743	  31.02730191 121.43953513 1.25  0.0 0.0
2015-07-01-18 22 07.845	  31.02730191 121.43953513 1.25  0.0 0.0
2015-07-01-18 22 07.947	  31.02730191 121.43953513 1.25  0.0 0.0
2015-07-01-18 22 08.056	  31.02730191 121.43953513 1.25  0.0 0.0
2015-07-01-18 22 08.158	  31.02730191 121.43953513 1.25  0.0 0.0
2015-07-01-18 22 08.260	  31.02730191 121.43953513 1.25  0.0 0.0
2015-07-01-18 22 08.363	  31.02730191 121.43953513 1.25  0.0 0.0
2015-07-01-18 22 08.479	  31.02730191 121.43953513 1.25  0.0 0.0
2015-07-01-18 22 08.580	  31.02730191 121.43953513 1.25  0.0 0.0
2015-07-01-18 22 08.688	  31.02730191 121.43953513 1.25  0.0 0.0
2015-07-01-18 22 08.791	  31.02730191 121.43953513 1.25  0.0 0.0
2015-07-01-18 22 08.892	  31.02730191 121.43953513 1.25  0.0 0.0
2015-07-01-18 22 08.995	  31.02730191 121.43953513 1.25  0.0 0.0
2015-07-01-18 22 09.105	  31.02730191 121.43953513 1.25  0.0 0.0
2015-07-01-18 22 09.207	  31.02730191 121.43953513 1.25  0.0 0.0
2015-07-01-18 22 09.309	  31.02730191 121.43953513 1.25  0.0 0.0
2015-07-01-18 22 09.420	  31.02730191 121.43953513 1.25  0.0 0.0
2015-07-01-18 22 09.529	  31.02730191 121.43953513 1.25  0.0 0.0
2015-07-01-18 22 09.635	  31.02730191 121.43953513 1.25  0.0 0.0
2015-07-01-18 22 09.759	  31.02727789 121.43954712 1.25  0.0 0.0
2015-07-01-18 22 09.861	  31.02727789 121.43954712 1.25  0.0 0.0
2015-07-01-18 22 09.963	  31.02727789 121.43954712 1.25  0.0 0.0
2015-07-01-18 22 10.071	  31.02727789 121.43954712 1.25  0.0 0.0
2015-07-01-18 22 10.174	  31.02727789 121.43954712 1.25  0.0 0.0
2015-07-01-18 22 10.277	  31.02727789 121.43954712 1.25  0.0 0.0
2015-07-01-18 22 10.390	  31.02727789 121.43954712 1.25  0.0 0.0
2015-07-01-18 22 10.492	  31.02727789 121.43954712 1.25  0.0 0.0
2015-07-01-18 22 10.595	  31.02727789 121.43954712 1.25  0.0 0.0
2015-07-01-18 22 10.711	  31.02727789 121.43954712 1.25  0.0 0.0
2015-07-01-18 22 10.813	  31.02727789 121.43954712 1.25  0.0 0.0
2015-07-01-18 22 10.916	  31.02727789 121.43954712 1.25  0.0 0.0
2015-07-01-18 22 11.049	  31.02727789 121.43954712 1.25  0.0 0.0
2015-07-01-18 22 11.151	  31.02727789 121.43954712 1.25  0.0 0.0
2015-07-01-18 22 11.262	  31.02727789 121.43954712 1.25  0.0 0.0
2015-07-01-18 22 11.365	  31.02727789 121.43954712 1.25  0.0 0.0
2015-07-01-18 22 11.470	  31.02727789 121.43954712 1.25  0.0 0.0
2015-07-01-18 22 11.660	  31.02725285 121.43955724 1.25  0.0 0.0
2015-07-01-18 22 11.763	  31.02725285 121.43955724 1.25  0.0 0.0
2015-07-01-18 22 11.867	  31.02725285 121.43955724 1.25  0.0 0.0
2015-07-01-18 22 11.972	  31.02725285 121.43955724 1.25  0.0 0.0
2015-07-01-18 22 12.076	  31.02725285 121.43955724 1.25  0.0 0.0
2015-07-01-18 22 12.254	  31.02725285 121.43955724 1.25  0.0 0.0
2015-07-01-18 22 12.356	  31.02725285 121.43955724 1.25  0.0 0.0
2015-07-01-18 22 12.458	  31.02725285 121.43955724 1.25  0.0 0.0
2015-07-01-18 22 12.560	  31.02725285 121.43955724 1.25  0.0 0.0
2015-07-01-18 22 12.669	  31.02725285 121.43955724 1.25  0.0 0.0
2015-07-01-18 22 12.773	  31.02725285 121.43955724 1.25  0.0 0.0
2015-07-01-18 22 12.880	  31.02725285 121.43955724 1.25  0.0 0.0
2015-07-01-18 22 12.989	  31.02725285 121.43955724 1.25  0.0 0.0
2015-07-01-18 22 13.100	  31.02725285 121.43955724 1.25  0.0 0.0
2015-07-01-18 22 13.209	  31.02725285 121.43955724 1.25  0.0 0.0
2015-07-01-18 22 13.314	  31.02725285 121.43955724 1.25  0.0 0.0
2015-07-01-18 22 13.418	  31.02725285 121.43955724 1.25  0.0 0.0
2015-07-01-18 22 13.540	  31.0272273 121.43956899 1.25  0.0 0.0
2015-07-01-18 22 13.702	  31.0272273 121.43956899 1.25  0.0 0.0
2015-07-01-18 22 13.807	  31.0272273 121.43956899 1.25  0.0 0.0
2015-07-01-18 22 13.910	  31.0272273 121.43956899 1.25  0.0 0.0
2015-07-01-18 22 14.015	  31.0272273 121.43956899 1.25  0.0 0.0
2015-07-01-18 22 14.136	  31.0272273 121.43956899 1.25  0.0 0.0
2015-07-01-18 22 14.238	  31.0272273 121.43956899 1.25  0.0 0.0
2015-07-01-18 22 14.344	  31.0272273 121.43956899 1.25  0.0 0.0
2015-07-01-18 22 14.454	  31.0272273 121.43956899 1.25  0.0 0.0
2015-07-01-18 22 14.561	  31.0272273 121.43956899 1.25  0.0 0.0
2015-07-01-18 22 14.662	  31.0272273 121.43956899 1.25  0.0 0.0
2015-07-01-18 22 14.765	  31.0272273 121.43956899 1.25  0.0 0.0
2015-07-01-18 22 14.873	  31.0272273 121.43956899 1.25  0.0 0.0
2015-07-01-18 22 14.975	  31.0272273 121.43956899 1.25  0.0 0.0
2015-07-01-18 22 15.085	  31.0272273 121.43956899 1.25  0.0 0.0
2015-07-01-18 22 15.189	  31.0272273 121.43956899 1.25  0.0 0.0
2015-07-01-18 22 15.298	  31.0272273 121.43956899 1.25  0.0 0.0
2015-07-01-18 22 15.399	  31.0272273 121.43956899 1.25  0.0 0.0
2015-07-01-18 22 15.501	  31.0272273 121.43956899 1.25  0.0 0.0
2015-07-01-18 22 15.603	  31.02720304 121.43957863 1.25  0.0 0.0
2015-07-01-18 22 15.705	  31.02720304 121.43957863 1.25  0.0 0.0
2015-07-01-18 22 15.820	  31.02720304 121.43957863 1.25  0.0 0.0
2015-07-01-18 22 15.926	  31.02720304 121.43957863 1.25  0.0 0.0
2015-07-01-18 22 16.035	  31.02720304 121.43957863 1.25  0.0 0.0
2015-07-01-18 22 16.137	  31.02720304 121.43957863 1.25  0.0 0.0
2015-07-01-18 22 16.239	  31.02720304 121.43957863 1.25  0.0 0.0
2015-07-01-18 22 16.341	  31.02720304 121.43957863 1.25  0.0 0.0
2015-07-01-18 22 16.442	  31.02720304 121.43957863 1.25  0.0 0.0
2015-07-01-18 22 16.545	  31.02720304 121.43957863 1.25  0.0 0.0
2015-07-01-18 22 16.661	  31.02720304 121.43957863 1.25  0.0 0.0
2015-07-01-18 22 16.764	  31.02720304 121.43957863 1.25  0.0 0.0
2015-07-01-18 22 16.865	  31.02720304 121.43957863 1.25  0.0 0.0
2015-07-01-18 22 16.967	  31.02720304 121.43957863 1.25  0.0 0.0
2015-07-01-18 22 17.085	  31.02720304 121.43957863 1.25  0.0 0.0
2015-07-01-18 22 17.188	  31.02720304 121.43957863 1.25  0.0 0.0
2015-07-01-18 22 17.289	  31.02720304 121.43957863 1.25  0.0 0.0
2015-07-01-18 22 17.393	  31.02720304 121.43957863 1.25  0.0 0.0
2015-07-01-18 22 17.510	  31.02720304 121.43957863 1.25  0.0 0.0
2015-07-01-18 22 17.616	  31.02720304 121.43957863 1.25  0.0 0.0
2015-07-01-18 22 17.724	  31.02718014 121.4395909 1.25  0.0 0.0
2015-07-01-18 22 17.827	  31.02718014 121.4395909 1.25  0.0 0.0
2015-07-01-18 22 17.937	  31.02718014 121.4395909 1.25  0.0 0.0
2015-07-01-18 22 18.042	  31.02718014 121.4395909 1.25  0.0 0.0
2015-07-01-18 22 18.152	  31.02718014 121.4395909 1.25  0.0 0.0
2015-07-01-18 22 18.257	  31.02718014 121.4395909 1.25  0.0 0.0
2015-07-01-18 22 18.363	  31.02718014 121.4395909 1.25  0.0 0.0
2015-07-01-18 22 18.469	  31.02718014 121.4395909 1.25  0.0 0.0
2015-07-01-18 22 18.570	  31.02718014 121.4395909 1.25  0.0 0.0
2015-07-01-18 22 18.676	  31.02718014 121.4395909 1.25  0.0 0.0
2015-07-01-18 22 18.778	  31.02718014 121.4395909 1.25  0.0 0.0
2015-07-01-18 22 18.881	  31.02718014 121.4395909 1.25  0.0 0.0
2015-07-01-18 22 18.983	  31.02718014 121.4395909 1.25  0.0 0.0
2015-07-01-18 22 19.096	  31.02718014 121.4395909 1.25  0.0 0.0
2015-07-01-18 22 19.198	  31.02718014 121.4395909 1.25  0.0 0.0
2015-07-01-18 22 19.304	  31.02718014 121.4395909 1.25  0.0 0.0
2015-07-01-18 22 19.408	  31.02718014 121.4395909 1.25  0.0 0.0
2015-07-01-18 22 19.524	  31.02718014 121.4395909 1.25  0.0 0.0
2015-07-01-18 22 19.628	  31.02715562 121.43960065 1.25  0.0 0.0
2015-07-01-18 22 19.746	  31.02715562 121.43960065 1.25  0.0 0.0
2015-07-01-18 22 19.849	  31.02715562 121.43960065 1.25  0.0 0.0
2015-07-01-18 22 19.954	  31.02715562 121.43960065 1.25  0.0 0.0
2015-07-01-18 22 20.056	  31.02715562 121.43960065 1.25  0.0 0.0
2015-07-01-18 22 20.159	  31.02715562 121.43960065 1.25  0.0 0.0
2015-07-01-18 22 20.262	  31.02715562 121.43960065 1.25  0.0 0.0
2015-07-01-18 22 20.364	  31.02715562 121.43960065 1.25  0.0 0.0
2015-07-01-18 22 20.470	  31.02715562 121.43960065 1.25  0.0 0.0
2015-07-01-18 22 20.585	  31.02715562 121.43960065 1.25  0.0 0.0
2015-07-01-18 22 20.687	  31.02715562 121.43960065 1.25  0.0 0.0
2015-07-01-18 22 20.789	  31.02715562 121.43960065 1.25  0.0 0.0
2015-07-01-18 22 20.891	  31.02715562 121.43960065 1.25  0.0 0.0
2015-07-01-18 22 20.992	  31.02715562 121.43960065 1.25  0.0 0.0
2015-07-01-18 22 21.094	  31.02715562 121.43960065 1.25  0.0 0.0
2015-07-01-18 22 21.203	  31.02715562 121.43960065 1.25  0.0 0.0
2015-07-01-18 22 21.306	  31.02715562 121.43960065 1.25  0.0 0.0
2015-07-01-18 22 21.416	  31.02715562 121.43960065 1.25  0.0 0.0
2015-07-01-18 22 21.520	  31.02715562 121.43960065 1.25  0.0 0.0
2015-07-01-18 22 21.627	  31.02713069 121.43961046 1.25  0.0 0.0
2015-07-01-18 22 21.728	  31.02713069 121.43961046 1.25  0.0 0.0
2015-07-01-18 22 21.829	  31.02713069 121.43961046 1.25  0.0 0.0
2015-07-01-18 22 21.933	  31.02713069 121.43961046 1.25  0.0 0.0
2015-07-01-18 22 22.040	  31.02713069 121.43961046 1.25  0.0 0.0
2015-07-01-18 22 22.146	  31.02713069 121.43961046 1.25  0.0 0.0
2015-07-01-18 22 22.250	  31.02713069 121.43961046 1.25  0.0 0.0
2015-07-01-18 22 22.352	  31.02713069 121.43961046 1.25  0.0 0.0
2015-07-01-18 22 22.457	  31.02713069 121.43961046 1.25  0.0 0.0
2015-07-01-18 22 22.558	  31.02713069 121.43961046 1.25  0.0 0.0
2015-07-01-18 22 22.714	  31.02713069 121.43961046 1.25  0.0 0.0
2015-07-01-18 22 22.816	  31.02713069 121.43961046 1.25  0.0 0.0
2015-07-01-18 22 22.963	  31.02713069 121.43961046 1.25  0.0 0.0
2015-07-01-18 22 23.066	  31.02713069 121.43961046 1.25  0.0 0.0
2015-07-01-18 22 23.168	  31.02713069 121.43961046 1.25  0.0 0.0
2015-07-01-18 22 23.278	  31.02713069 121.43961046 1.25  0.0 0.0
2015-07-01-18 22 23.383	  31.02713069 121.43961046 1.25  0.0 0.0
2015-07-01-18 22 23.486	  31.02713069 121.43961046 1.25  0.0 0.0
2015-07-01-18 22 23.599	  31.02710678 121.43962176 1.25  0.0 0.0
2015-07-01-18 22 23.702	  31.02710678 121.43962176 1.25  0.0 0.0
2015-07-01-18 22 23.807	  31.02710678 121.43962176 1.25  0.0 0.0
2015-07-01-18 22 23.909	  31.02710678 121.43962176 1.25  0.0 0.0
2015-07-01-18 22 24.048	  31.02710678 121.43962176 1.25  0.0 0.0
2015-07-01-18 22 24.150	  31.02710678 121.43962176 1.25  0.0 0.0
2015-07-01-18 22 24.267	  31.02710678 121.43962176 1.25  0.0 0.0
2015-07-01-18 22 24.370	  31.02710678 121.43962176 1.25  0.0 0.0
2015-07-01-18 22 24.550	  31.02710678 121.43962176 1.25  0.0 0.0
2015-07-01-18 22 24.651	  31.02710678 121.43962176 1.25  0.0 0.0
2015-07-01-18 22 24.789	  31.02710678 121.43962176 1.25  0.0 0.0
2015-07-01-18 22 24.892	  31.02710678 121.43962176 1.25  0.0 0.0
2015-07-01-18 22 25.046	  31.02710678 121.43962176 1.25  0.0 0.0
2015-07-01-18 22 25.148	  31.02710678 121.43962176 1.25  0.0 0.0
2015-07-01-18 22 25.305	  31.02710678 121.43962176 1.25  0.0 0.0
2015-07-01-18 22 25.410	  31.02710678 121.43962176 1.25  0.0 0.0
2015-07-01-18 22 25.515	  31.02710678 121.43962176 1.25  0.0 0.0
2015-07-01-18 22 25.622	  31.02710678 121.43962176 1.25  0.0 0.0
2015-07-01-18 22 25.724	  31.02708552 121.43963203 1.25  0.0 0.0
2015-07-01-18 22 25.828	  31.02708552 121.43963203 1.25  0.0 0.0
2015-07-01-18 22 25.933	  31.02708552 121.43963203 1.25  0.0 0.0
2015-07-01-18 22 26.102	  31.02708552 121.43963203 1.25  0.0 0.0
2015-07-01-18 22 26.204	  31.02708552 121.43963203 1.25  0.0 0.0
2015-07-01-18 22 26.346	  31.02708552 121.43963203 1.25  0.0 0.0
2015-07-01-18 22 26.448	  31.02708552 121.43963203 1.25  0.0 0.0
2015-07-01-18 22 26.550	  31.02708552 121.43963203 1.25  0.0 0.0
2015-07-01-18 22 26.661	  31.02708552 121.43963203 1.25  0.0 0.0
2015-07-01-18 22 26.762	  31.02708552 121.43963203 1.25  0.0 0.0
2015-07-01-18 22 26.869	  31.02708552 121.43963203 1.25  0.0 0.0
2015-07-01-18 22 26.971	  31.02708552 121.43963203 1.25  0.0 0.0
2015-07-01-18 22 27.151	  31.02708552 121.43963203 1.25  0.0 0.0
2015-07-01-18 22 27.253	  31.02708552 121.43963203 1.25  0.0 0.0
2015-07-01-18 22 27.405	  31.02708552 121.43963203 1.25  0.0 0.0
2015-07-01-18 22 27.508	  31.02708552 121.43963203 1.25  0.0 0.0
2015-07-01-18 22 27.610	  31.02706308 121.43963881 1.25  0.0 0.0
2015-07-01-18 22 27.720	  31.02706308 121.43963881 1.25  0.0 0.0
2015-07-01-18 22 27.823	  31.02706308 121.43963881 1.25  0.0 0.0
2015-07-01-18 22 27.930	  31.02706308 121.43963881 1.25  0.0 0.0
2015-07-01-18 22 28.035	  31.02706308 121.43963881 1.25  0.0 0.0
2015-07-01-18 22 28.244	  31.02706308 121.43963881 1.25  0.0 0.0
2015-07-01-18 22 28.381	  31.02706308 121.43963881 1.25  0.0 0.0
2015-07-01-18 22 28.567	  31.02706308 121.43963881 1.25  0.0 0.0
2015-07-01-18 22 28.673	  31.02706308 121.43963881 1.25  0.0 0.0
2015-07-01-18 22 28.775	  31.02706308 121.43963881 1.25  0.0 0.0
2015-07-01-18 22 28.933	  31.02706308 121.43963881 1.25  0.0 0.0
2015-07-01-18 22 29.036	  31.02706308 121.43963881 1.25  0.0 0.0
2015-07-01-18 22 29.182	  31.02706308 121.43963881 1.25  0.0 0.0
2015-07-01-18 22 29.287	  31.02706308 121.43963881 1.25  0.0 0.0
2015-07-01-18 22 29.389	  31.02706308 121.43963881 1.25  0.0 0.0
2015-07-01-18 22 29.548	  31.02706308 121.43963881 1.25  0.0 0.0
2015-07-01-18 22 29.649	  31.02703927 121.43964565 1.25  0.0 0.0
2015-07-01-18 22 29.791	  31.02703927 121.43964565 1.25  0.0 0.0
2015-07-01-18 22 29.896	  31.02703927 121.43964565 1.25  0.0 0.0
2015-07-01-18 22 29.999	  31.02703927 121.43964565 1.25  0.0 0.0
2015-07-01-18 22 30.112	  31.02703927 121.43964565 1.25  0.0 0.0
2015-07-01-18 22 30.217	  31.02703927 121.43964565 1.25  0.0 0.0
2015-07-01-18 22 30.335	  31.02703927 121.43964565 1.25  0.0 0.0
2015-07-01-18 22 30.437	  31.02703927 121.43964565 1.25  0.0 0.0
2015-07-01-18 22 30.577	  31.02703927 121.43964565 1.25  0.0 0.0
2015-07-01-18 22 30.698	  31.02703927 121.43964565 1.25  0.0 0.0
2015-07-01-18 22 30.800	  31.02703927 121.43964565 1.25  0.0 0.0
2015-07-01-18 22 30.923	  31.02703927 121.43964565 1.25  0.0 0.0
2015-07-01-18 22 31.026	  31.02703927 121.43964565 1.25  0.0 0.0
2015-07-01-18 22 31.195	  31.02703927 121.43964565 1.25  0.0 0.0
2015-07-01-18 22 31.304	  31.02703927 121.43964565 1.25  0.0 0.0
2015-07-01-18 22 31.411	  31.02703927 121.43964565 1.25  0.0 0.0
2015-07-01-18 22 31.590	  31.02701644 121.43965523 1.25  0.0 0.0
2015-07-01-18 22 31.693	  31.02701644 121.43965523 1.25  0.0 0.0
2015-07-01-18 22 31.810	  31.02701644 121.43965523 1.25  0.0 0.0
2015-07-01-18 22 31.911	  31.02701644 121.43965523 1.25  0.0 0.0
2015-07-01-18 22 32.014	  31.02701644 121.43965523 1.25  0.0 0.0
2015-07-01-18 22 32.123	  31.02701644 121.43965523 1.25  0.0 0.0
2015-07-01-18 22 32.228	  31.02701644 121.43965523 1.25  0.0 0.0
2015-07-01-18 22 32.400	  31.02701644 121.43965523 1.25  0.0 0.0
2015-07-01-18 22 32.502	  31.02701644 121.43965523 1.25  0.0 0.0
2015-07-01-18 22 32.621	  31.02701644 121.43965523 1.25  0.0 0.0
2015-07-01-18 22 32.726	  31.02701644 121.43965523 1.25  0.0 0.0
2015-07-01-18 22 32.829	  31.02701644 121.43965523 1.25  0.0 0.0
2015-07-01-18 22 32.978	  31.02701644 121.43965523 1.25  0.0 0.0
2015-07-01-18 22 33.080	  31.02701644 121.43965523 1.25  0.0 0.0
2015-07-01-18 22 33.198	  31.02701644 121.43965523 1.25  0.0 0.0
2015-07-01-18 22 33.311	  31.02701644 121.43965523 1.25  0.0 0.0
2015-07-01-18 22 33.413	  31.02701644 121.43965523 1.25  0.0 0.0
2015-07-01-18 22 33.516	  31.02701644 121.43965523 1.25  0.0 0.0
2015-07-01-18 22 33.655	  31.02701644 121.43965523 1.25  0.0 0.0
2015-07-01-18 22 33.772	  31.0269934 121.43966385 1.25  0.0 0.0
2015-07-01-18 22 33.873	  31.0269934 121.43966385 1.25  0.0 0.0
2015-07-01-18 22 33.993	  31.0269934 121.43966385 1.25  0.0 0.0
2015-07-01-18 22 34.096	  31.0269934 121.43966385 1.25  0.0 0.0
2015-07-01-18 22 34.251	  31.0269934 121.43966385 1.25  0.0 0.0
2015-07-01-18 22 34.367	  31.0269934 121.43966385 1.25  0.0 0.0
2015-07-01-18 22 34.473	  31.0269934 121.43966385 1.25  0.0 0.0
2015-07-01-18 22 34.642	  31.0269934 121.43966385 1.25  0.0 0.0
2015-07-01-18 22 34.779	  31.0269934 121.43966385 1.25  0.0 0.0
2015-07-01-18 22 34.883	  31.0269934 121.43966385 1.25  0.0 0.0
2015-07-01-18 22 35.047	  31.0269934 121.43966385 1.25  0.0 0.0
2015-07-01-18 22 35.162	  31.0269934 121.43966385 1.25  0.0 0.0
2015-07-01-18 22 35.268	  31.0269934 121.43966385 1.25  0.0 0.0
2015-07-01-18 22 35.426	  31.0269934 121.43966385 1.25  0.0 0.0
2015-07-01-18 22 35.545	  31.0269934 121.43966385 1.25  0.0 0.0
2015-07-01-18 22 35.647	  31.02696921 121.43967178 1.25  0.0 0.0
2015-07-01-18 22 35.763	  31.02696921 121.43967178 1.25  0.0 0.0
2015-07-01-18 22 35.904	  31.02696921 121.43967178 1.25  0.0 0.0
2015-07-01-18 22 36.006	  31.02696921 121.43967178 1.25  0.0 0.0
2015-07-01-18 22 36.140	  31.02696921 121.43967178 1.25  0.0 0.0
2015-07-01-18 22 36.302	  31.02696921 121.43967178 1.25  0.0 0.0
2015-07-01-18 22 36.403	  31.02696921 121.43967178 1.25  0.0 0.0
2015-07-01-18 22 36.540	  31.02696921 121.43967178 1.25  0.0 0.0
2015-07-01-18 22 36.671	  31.02696921 121.43967178 1.25  0.0 0.0
2015-07-01-18 22 36.772	  31.02696921 121.43967178 1.25  0.0 0.0
2015-07-01-18 22 36.899	  31.02696921 121.43967178 1.25  0.0 0.0
2015-07-01-18 22 37.037	  31.02696921 121.43967178 1.25  0.0 0.0
2015-07-01-18 22 37.139	  31.02696921 121.43967178 1.25  0.0 0.0
2015-07-01-18 22 37.300	  31.02696921 121.43967178 1.25  0.0 0.0
2015-07-01-18 22 37.427	  31.02696921 121.43967178 1.25  0.0 0.0
2015-07-01-18 22 37.531	  31.02696921 121.43967178 1.25  0.0 0.0
2015-07-01-18 22 37.698	  31.02694513 121.43967963 1.25  0.0 0.0
2015-07-01-18 22 37.821	  31.02694513 121.43967963 1.25  0.0 0.0
2015-07-01-18 22 37.926	  31.02694513 121.43967963 1.25  0.0 0.0
2015-07-01-18 22 38.103	  31.02694513 121.43967963 1.25  0.0 0.0
2015-07-01-18 22 38.252	  31.02694513 121.43967963 1.25  0.0 0.0
2015-07-01-18 22 38.364	  31.02694513 121.43967963 1.25  0.0 0.0
2015-07-01-18 22 38.512	  31.02694513 121.43967963 1.25  0.0 0.0
2015-07-01-18 22 38.658	  31.02694513 121.43967963 1.25  0.0 0.0
2015-07-01-18 22 38.760	  31.02694513 121.43967963 1.25  0.0 0.0
2015-07-01-18 22 38.862	  31.02694513 121.43967963 1.25  0.0 0.0
2015-07-01-18 22 38.980	  31.02694513 121.43967963 1.25  0.0 0.0
2015-07-01-18 22 39.083	  31.02694513 121.43967963 1.25  0.0 0.0
2015-07-01-18 22 39.205	  31.02694513 121.43967963 1.25  0.0 0.0
2015-07-01-18 22 39.351	  31.02694513 121.43967963 1.25  0.0 0.0
2015-07-01-18 22 39.461	  31.02694513 121.43967963 1.25  0.0 0.0
2015-07-01-18 22 39.603	  31.02692012 121.43968938 1.25  0.0 0.0
2015-07-01-18 22 39.720	  31.02692012 121.43968938 1.25  0.0 0.0
2015-07-01-18 22 39.822	  31.02692012 121.43968938 1.25  0.0 0.0
2015-07-01-18 22 39.949	  31.02692012 121.43968938 1.25  0.0 0.0
2015-07-01-18 22 40.066	  31.02692012 121.43968938 1.25  0.0 0.0
2015-07-01-18 22 40.168	  31.02692012 121.43968938 1.25  0.0 0.0
2015-07-01-18 22 40.302	  31.02692012 121.43968938 1.25  0.0 0.0
2015-07-01-18 22 40.447	  31.02692012 121.43968938 1.25  0.0 0.0
2015-07-01-18 22 40.555	  31.02692012 121.43968938 1.25  0.0 0.0
2015-07-01-18 22 40.692	  31.02692012 121.43968938 1.25  0.0 0.0
2015-07-01-18 22 40.834	  31.02692012 121.43968938 1.25  0.0 0.0
2015-07-01-18 22 40.937	  31.02692012 121.43968938 1.25  0.0 0.0
2015-07-01-18 22 41.042	  31.02692012 121.43968938 1.25  0.0 0.0
2015-07-01-18 22 41.202	  31.02692012 121.43968938 1.25  0.0 0.0
2015-07-01-18 22 41.303	  31.02692012 121.43968938 1.25  0.0 0.0
2015-07-01-18 22 41.406	  31.02692012 121.43968938 1.25  0.0 0.0
2015-07-01-18 22 41.573	  31.02692012 121.43968938 1.25  0.0 0.0
2015-07-01-18 22 41.675	  31.02692012 121.43968938 1.25  0.0 0.0
2015-07-01-18 22 41.780	  31.02689759 121.43969925 1.25  0.0 0.0
2015-07-01-18 22 41.901	  31.02689759 121.43969925 1.25  0.0 0.0
2015-07-01-18 22 42.029	  31.02689759 121.43969925 1.25  0.0 0.0
2015-07-01-18 22 42.133	  31.02689759 121.43969925 1.25  0.0 0.0
2015-07-01-18 22 42.238	  31.02689759 121.43969925 1.25  0.0 0.0
2015-07-01-18 22 42.353	  31.02689759 121.43969925 1.25  0.0 0.0
2015-07-01-18 22 42.458	  31.02689759 121.43969925 1.25  0.0 0.0
2015-07-01-18 22 42.570	  31.02689759 121.43969925 1.25  0.0 0.0
2015-07-01-18 22 42.712	  31.02689759 121.43969925 1.25  0.0 0.0
2015-07-01-18 22 42.828	  31.02689759 121.43969925 1.25  0.0 0.0
2015-07-01-18 22 42.930	  31.02689759 121.43969925 1.25  0.0 0.0
2015-07-01-18 22 43.033	  31.02689759 121.43969925 1.25  0.0 0.0
2015-07-01-18 22 43.170	  31.02689759 121.43969925 1.25  0.0 0.0
2015-07-01-18 22 43.307	  31.02689759 121.43969925 1.25  0.0 0.0
2015-07-01-18 22 43.412	  31.02689759 121.43969925 1.25  0.0 0.0
2015-07-01-18 22 43.515	  31.02689759 121.43969925 1.25  0.0 0.0
2015-07-01-18 22 43.654	  31.02687628 121.43970798 1.25  0.0 0.0
2015-07-01-18 22 43.770	  31.02687628 121.43970798 1.25  0.0 0.0
2015-07-01-18 22 43.906	  31.02687628 121.43970798 1.25  0.0 0.0
2015-07-01-18 22 44.055	  31.02687628 121.43970798 1.25  0.0 0.0
2015-07-01-18 22 44.171	  31.02687628 121.43970798 1.25  0.0 0.0
2015-07-01-18 22 44.315	  31.02687628 121.43970798 1.25  0.0 0.0
2015-07-01-18 22 44.417	  31.02687628 121.43970798 1.25  0.0 0.0
2015-07-01-18 22 44.520	  31.02687628 121.43970798 1.25  0.0 0.0
2015-07-01-18 22 44.679	  31.02687628 121.43970798 1.25  0.0 0.0
2015-07-01-18 22 44.780	  31.02687628 121.43970798 1.25  0.0 0.0
2015-07-01-18 22 44.920	  31.02687628 121.43970798 1.25  0.0 0.0
2015-07-01-18 22 45.073	  31.02687628 121.43970798 1.25  0.0 0.0
2015-07-01-18 22 45.175	  31.02687628 121.43970798 1.25  0.0 0.0
2015-07-01-18 22 45.320	  31.02687628 121.43970798 1.25  0.0 0.0
2015-07-01-18 22 45.452	  31.02687628 121.43970798 1.25  0.0 0.0
2015-07-01-18 22 45.555	  31.02685558 121.43971632 1.25  0.0 0.0
2015-07-01-18 22 45.674	  31.02685558 121.43971632 1.25  0.0 0.0
2015-07-01-18 22 45.798	  31.02685558 121.43971632 1.25  0.0 0.0
2015-07-01-18 22 45.924	  31.02685558 121.43971632 1.25  0.0 0.0
2015-07-01-18 22 46.035	  31.02685558 121.43971632 1.25  0.0 0.0
2015-07-01-18 22 46.137	  31.02685558 121.43971632 1.25  0.0 0.0
2015-07-01-18 22 46.312	  31.02685558 121.43971632 1.25  0.0 0.0
2015-07-01-18 22 46.461	  31.02685558 121.43971632 1.25  0.0 0.0
2015-07-01-18 22 46.577	  31.02685558 121.43971632 1.25  0.0 0.0
2015-07-01-18 22 46.680	  31.02685558 121.43971632 1.25  0.0 0.0
2015-07-01-18 22 46.834	  31.02685558 121.43971632 1.25  0.0 0.0
2015-07-01-18 22 46.963	  31.02685558 121.43971632 1.25  0.0 0.0
2015-07-01-18 22 47.073	  31.02685558 121.43971632 1.25  0.0 0.0
2015-07-01-18 22 47.179	  31.02685558 121.43971632 1.25  0.0 0.0
2015-07-01-18 22 47.347	  31.02685558 121.43971632 1.25  0.0 0.0
2015-07-01-18 22 47.465	  31.02685558 121.43971632 1.25  0.0 0.0
2015-07-01-18 22 47.580	  31.02683412 121.439725 1.25  0.0 0.0
2015-07-01-18 22 47.702	  31.02683412 121.439725 1.25  0.0 0.0
2015-07-01-18 22 47.804	  31.02683412 121.439725 1.25  0.0 0.0
2015-07-01-18 22 47.943	  31.02683412 121.439725 1.25  0.0 0.0
2015-07-01-18 22 48.077	  31.02683412 121.439725 1.25  0.0 0.0
2015-07-01-18 22 48.253	  31.02683412 121.439725 1.25  0.0 0.0
2015-07-01-18 22 48.368	  31.02683412 121.439725 1.25  0.0 0.0
2015-07-01-18 22 48.513	  31.02683412 121.439725 1.25  0.0 0.0
2015-07-01-18 22 48.651	  31.02683412 121.439725 1.25  0.0 0.0
2015-07-01-18 22 48.793	  31.02683412 121.439725 1.25  0.0 0.0
2015-07-01-18 22 48.898	  31.02683412 121.439725 1.25  0.0 0.0
2015-07-01-18 22 49.001	  31.02683412 121.439725 1.25  0.0 0.0
2015-07-01-18 22 49.131	  31.02683412 121.439725 1.25  0.0 0.0
