2015-07-01-18 29 48.407	  0.0 0.0 0.0  0.0 0.0
2015-07-01-18 29 48.509	  0.0 0.0 0.0  0.0 0.0
2015-07-01-18 29 48.611	  0.0 0.0 0.0  0.0 0.0
2015-07-01-18 29 48.714	  0.0 0.0 0.0  0.0 0.0
2015-07-01-18 29 48.816	  0.0 0.0 0.0  0.0 0.0
2015-07-01-18 29 48.918	  0.0 0.0 0.0  0.0 0.0
2015-07-01-18 29 49.020	  0.0 0.0 0.0  0.0 0.0
2015-07-01-18 29 49.122	  0.0 0.0 0.0  0.0 0.0
2015-07-01-18 29 49.224	  0.0 0.0 0.0  0.0 0.0
2015-07-01-18 29 49.325	  0.0 0.0 0.0  0.0 0.0
2015-07-01-18 29 49.427	  0.0 0.0 0.0  0.0 0.0
2015-07-01-18 29 49.528	  0.0 0.0 0.0  0.0 0.0
2015-07-01-18 29 49.630	  0.0 0.0 0.0  0.0 0.0
2015-07-01-18 29 49.732	  0.0 0.0 0.0  0.0 0.0
2015-07-01-18 29 49.834	  0.0 0.0 0.0  0.0 0.0
2015-07-01-18 29 49.935	  0.0 0.0 0.0  0.0 0.0
2015-07-01-18 29 50.037	  0.0 0.0 0.0  0.0 0.0
2015-07-01-18 29 50.139	  0.0 0.0 0.0  0.0 0.0
2015-07-01-18 29 50.241	  0.0 0.0 0.0  0.0 0.0
2015-07-01-18 29 50.343	  0.0 0.0 0.0  0.0 0.0
2015-07-01-18 29 50.444	  0.0 0.0 0.0  0.0 0.0
2015-07-01-18 29 50.546	  0.0 0.0 0.0  0.0 0.0
2015-07-01-18 29 50.648	  0.0 0.0 0.0  0.0 0.0
2015-07-01-18 29 50.750	  0.0 0.0 0.0  0.0 0.0
2015-07-01-18 29 50.852	  0.0 0.0 0.0  0.0 0.0
2015-07-01-18 29 50.953	  0.0 0.0 0.0  0.0 0.0
2015-07-01-18 29 51.056	  0.0 0.0 0.0  0.0 0.0
2015-07-01-18 29 51.157	  0.0 0.0 0.0  0.0 0.0
2015-07-01-18 29 51.259	  0.0 0.0 0.0  0.0 0.0
2015-07-01-18 29 51.363	  0.0 0.0 0.0  0.0 0.0
2015-07-01-18 29 51.465	  0.0 0.0 0.0  0.0 0.0
2015-07-01-18 29 51.567	  0.0 0.0 0.0  0.0 0.0
2015-07-01-18 29 51.668	  0.0 0.0 0.0  0.0 0.0
2015-07-01-18 29 51.771	  0.0 0.0 0.0  0.0 0.0
2015-07-01-18 29 51.874	  0.0 0.0 0.0  0.0 0.0
2015-07-01-18 29 51.980	  0.0 0.0 0.0  0.0 0.0
2015-07-01-18 29 52.084	  0.0 0.0 0.0  0.0 0.0
2015-07-01-18 29 52.188	  0.0 0.0 0.0  0.0 0.0
2015-07-01-18 29 52.292	  0.0 0.0 0.0  0.0 0.0
2015-07-01-18 29 52.395	  0.0 0.0 0.0  0.0 0.0
2015-07-01-18 29 52.499	  0.0 0.0 0.0  0.0 0.0
2015-07-01-18 29 52.611	  0.0 0.0 0.0  0.0 0.0
2015-07-01-18 29 52.713	  0.0 0.0 0.0  0.0 0.0
2015-07-01-18 29 52.815	  0.0 0.0 0.0  0.0 0.0
2015-07-01-18 29 52.916	  0.0 0.0 0.0  0.0 0.0
2015-07-01-18 29 53.017	  0.0 0.0 0.0  0.0 0.0
2015-07-01-18 29 53.120	  0.0 0.0 0.0  0.0 0.0
2015-07-01-18 29 53.227	  0.0 0.0 0.0  0.0 0.0
2015-07-01-18 29 53.335	  0.0 0.0 0.0  0.0 0.0
2015-07-01-18 29 53.439	  0.0 0.0 0.0  0.0 0.0
2015-07-01-18 29 53.540	  0.0 0.0 0.0  0.0 0.0
2015-07-01-18 29 53.642	  31.02691955 121.43961672 0.5  0.0 0.0
2015-07-01-18 29 53.745	  31.02691955 121.43961672 0.5  0.0 0.0
2015-07-01-18 29 53.856	  31.02691955 121.43961672 0.5  0.0 0.0
2015-07-01-18 29 53.959	  31.02691955 121.43961672 0.5  0.0 0.0
2015-07-01-18 29 54.062	  31.02691955 121.43961672 0.5  0.0 0.0
2015-07-01-18 29 54.172	  31.02691955 121.43961672 0.5  0.0 0.0
2015-07-01-18 29 54.277	  31.02691955 121.43961672 0.5  0.0 0.0
2015-07-01-18 29 54.381	  31.02691955 121.43961672 0.5  0.0 0.0
2015-07-01-18 29 54.488	  31.02691955 121.43961672 0.5  0.0 0.0
2015-07-01-18 29 54.592	  31.02691955 121.43961672 0.5  0.0 0.0
2015-07-01-18 29 54.701	  31.026928 121.43963903 0.75  0.0 0.0
2015-07-01-18 29 54.803	  31.026928 121.43963903 0.75  0.0 0.0
2015-07-01-18 29 54.905	  31.026928 121.43963903 0.75  0.0 0.0
2015-07-01-18 29 55.009	  31.026928 121.43963903 0.75  0.0 0.0
2015-07-01-18 29 55.116	  31.026928 121.43963903 0.75  0.0 0.0
2015-07-01-18 29 55.221	  31.026928 121.43963903 0.75  0.0 0.0
2015-07-01-18 29 55.325	  31.026928 121.43963903 0.75  0.0 0.0
2015-07-01-18 29 55.441	  31.026928 121.43963903 0.75  0.0 0.0
2015-07-01-18 29 55.543	  31.026928 121.43963903 0.75  0.0 0.0
2015-07-01-18 29 55.645	  31.026928 121.43963903 0.75  0.0 0.0
2015-07-01-18 29 55.746	  31.026928 121.43963903 0.75  0.0 0.0
2015-07-01-18 29 55.852	  31.026928 121.43963903 0.75  0.0 0.0
2015-07-01-18 29 55.958	  31.026928 121.43963903 0.75  0.0 0.0
2015-07-01-18 29 56.063	  31.026928 121.43963903 0.75  0.0 0.0
2015-07-01-18 29 56.176	  31.026928 121.43963903 0.75  0.0 0.0
2015-07-01-18 29 56.279	  31.026928 121.43963903 0.75  0.0 0.0
2015-07-01-18 29 56.380	  31.026928 121.43963903 0.75  0.0 0.0
2015-07-01-18 29 56.482	  31.026928 121.43963903 0.75  0.0 0.0
2015-07-01-18 29 56.586	  31.026928 121.43963903 0.75  0.0 0.0
2015-07-01-18 29 56.689	  31.026928 121.43963903 0.75  0.0 0.0
2015-07-01-18 29 56.796	  31.02694452 121.4396607 1.25  0.0 0.0
2015-07-01-18 29 56.898	  31.02694452 121.4396607 1.25  0.0 0.0
2015-07-01-18 29 56.999	  31.02694452 121.4396607 1.25  0.0 0.0
2015-07-01-18 29 57.104	  31.02694452 121.4396607 1.25  0.0 0.0
2015-07-01-18 29 57.213	  31.02694452 121.4396607 1.25  0.0 0.0
2015-07-01-18 29 57.316	  31.02694452 121.4396607 1.25  0.0 0.0
2015-07-01-18 29 57.424	  31.02694452 121.4396607 1.25  0.0 0.0
2015-07-01-18 29 57.526	  31.02694452 121.4396607 1.25  0.0 0.0
2015-07-01-18 29 57.628	  31.02694452 121.4396607 1.25  0.0 0.0
2015-07-01-18 29 57.729	  31.02694452 121.4396607 1.25  0.0 0.0
2015-07-01-18 29 57.831	  31.02694452 121.4396607 1.25  0.0 0.0
2015-07-01-18 29 57.933	  31.02694452 121.4396607 1.25  0.0 0.0
2015-07-01-18 29 58.043	  31.02694452 121.4396607 1.25  0.0 0.0
2015-07-01-18 29 58.144	  31.02694452 121.4396607 1.25  0.0 0.0
2015-07-01-18 29 58.246	  31.02694452 121.4396607 1.25  0.0 0.0
2015-07-01-18 29 58.347	  31.02694452 121.4396607 1.25  0.0 0.0
2015-07-01-18 29 58.453	  31.02694452 121.4396607 1.25  0.0 0.0
2015-07-01-18 29 58.558	  31.02694452 121.4396607 1.25  0.0 0.0
2015-07-01-18 29 58.662	  31.02696561 121.4396718 1.25  0.0 0.0
2015-07-01-18 29 58.763	  31.02696561 121.4396718 1.25  0.0 0.0
2015-07-01-18 29 58.869	  31.02696561 121.4396718 1.25  0.0 0.0
2015-07-01-18 29 58.980	  31.02696561 121.4396718 1.25  0.0 0.0
2015-07-01-18 29 59.082	  31.02696561 121.4396718 1.25  0.0 0.0
2015-07-01-18 29 59.184	  31.02696561 121.4396718 1.25  0.0 0.0
2015-07-01-18 29 59.287	  31.02696561 121.4396718 1.25  0.0 0.0
2015-07-01-18 29 59.394	  31.02696561 121.4396718 1.25  0.0 0.0
2015-07-01-18 29 59.498	  31.02696561 121.4396718 1.25  0.0 0.0
2015-07-01-18 29 59.603	  31.02696561 121.4396718 1.25  0.0 0.0
2015-07-01-18 29 59.704	  31.02696561 121.4396718 1.25  0.0 0.0
2015-07-01-18 29 59.806	  31.02696561 121.4396718 1.25  0.0 0.0
2015-07-01-18 29 59.908	  31.02696561 121.4396718 1.25  0.0 0.0
2015-07-01-18 30 00.010	  31.02696561 121.4396718 1.25  0.0 0.0
2015-07-01-18 30 00.118	  31.02696561 121.4396718 1.25  0.0 0.0
2015-07-01-18 30 00.220	  31.02696561 121.4396718 1.25  0.0 0.0
2015-07-01-18 30 00.322	  31.02696561 121.4396718 1.25  0.0 0.0
2015-07-01-18 30 00.428	  31.02696561 121.4396718 1.25  0.0 0.0
2015-07-01-18 30 00.533	  31.02696561 121.4396718 1.25  0.0 0.0
2015-07-01-18 30 00.647	  31.02696561 121.4396718 1.25  0.0 0.0
2015-07-01-18 30 00.748	  31.02696561 121.4396718 1.25  0.0 0.0
2015-07-01-18 30 00.850	  31.02696561 121.4396718 1.25  0.0 0.0
2015-07-01-18 30 00.953	  31.02696561 121.4396718 1.25  0.0 0.0
2015-07-01-18 30 01.058	  31.02696561 121.4396718 1.25  0.0 0.0
2015-07-01-18 30 01.164	  31.02696561 121.4396718 1.25  0.0 0.0
2015-07-01-18 30 01.265	  31.02696561 121.4396718 1.25  0.0 0.0
2015-07-01-18 30 01.366	  31.02696561 121.4396718 1.25  0.0 0.0
2015-07-01-18 30 01.467	  31.02696561 121.4396718 1.25  0.0 0.0
2015-07-01-18 30 01.569	  31.02696561 121.4396718 1.25  0.0 0.0
2015-07-01-18 30 01.680	  31.02696561 121.4396718 1.25  0.0 0.0
2015-07-01-18 30 01.782	  31.02696561 121.4396718 1.25  0.0 0.0
2015-07-01-18 30 01.883	  31.02696561 121.4396718 1.25  0.0 0.0
2015-07-01-18 30 01.985	  31.02696561 121.4396718 1.25  0.0 0.0
2015-07-01-18 30 02.087	  31.02696561 121.4396718 1.25  0.0 0.0
2015-07-01-18 30 02.202	  31.02696561 121.4396718 1.25  0.0 0.0
2015-07-01-18 30 02.303	  31.02696561 121.4396718 1.25  0.0 0.0
2015-07-01-18 30 02.404	  31.02696561 121.4396718 1.25  0.0 0.0
2015-07-01-18 30 02.506	  31.02696561 121.4396718 1.25  0.0 0.0
2015-07-01-18 30 02.609	  31.02696561 121.4396718 1.25  0.0 0.0
2015-07-01-18 30 02.716	  31.02696561 121.4396718 1.25  0.0 0.0
2015-07-01-18 30 02.818	  31.02696561 121.4396718 1.25  0.0 0.0
2015-07-01-18 30 02.921	  31.02696561 121.4396718 1.25  0.0 0.0
2015-07-01-18 30 03.024	  31.02696561 121.4396718 1.25  0.0 0.0
2015-07-01-18 30 03.131	  31.02696561 121.4396718 1.25  0.0 0.0
2015-07-01-18 30 03.239	  31.02696561 121.4396718 1.25  0.0 0.0
2015-07-01-18 30 03.340	  31.02696561 121.4396718 1.25  0.0 0.0
2015-07-01-18 30 03.442	  31.02696561 121.4396718 1.25  0.0 0.0
2015-07-01-18 30 03.543	  31.02696561 121.4396718 1.25  0.0 0.0
2015-07-01-18 30 03.645	  31.02696561 121.4396718 1.25  0.0 0.0
2015-07-01-18 30 03.748	  31.02696561 121.4396718 1.25  0.0 0.0
2015-07-01-18 30 03.853	  31.02696561 121.4396718 1.25  0.0 0.0
2015-07-01-18 30 03.957	  31.02696561 121.4396718 1.25  0.0 0.0
2015-07-01-18 30 04.060	  31.02696561 121.4396718 1.25  0.0 0.0
2015-07-01-18 30 04.163	  31.02696561 121.4396718 1.25  0.0 0.0
2015-07-01-18 30 04.269	  31.02698784 121.43966683 1.25  0.0 0.0
2015-07-01-18 30 04.371	  31.02698784 121.43966683 1.25  0.0 0.0
2015-07-01-18 30 04.473	  31.02698784 121.43966683 1.25  0.0 0.0
2015-07-01-18 30 04.575	  31.02698784 121.43966683 1.25  0.0 0.0
2015-07-01-18 30 04.683	  31.02698784 121.43966683 1.25  0.0 0.0
2015-07-01-18 30 04.801	  31.02698784 121.43966683 1.25  0.0 0.0
2015-07-01-18 30 04.904	  31.02698784 121.43966683 1.25  0.0 0.0
2015-07-01-18 30 05.006	  31.02698784 121.43966683 1.25  0.0 0.0
2015-07-01-18 30 05.109	  31.02698784 121.43966683 1.25  0.0 0.0
2015-07-01-18 30 05.219	  31.02698784 121.43966683 1.25  0.0 0.0
2015-07-01-18 30 05.322	  31.02698784 121.43966683 1.25  0.0 0.0
2015-07-01-18 30 05.423	  31.02698784 121.43966683 1.25  0.0 0.0
2015-07-01-18 30 05.525	  31.02698784 121.43966683 1.25  0.0 0.0
2015-07-01-18 30 05.630	  31.02698784 121.43966683 1.25  0.0 0.0
2015-07-01-18 30 05.734	  31.02698784 121.43966683 1.25  0.0 0.0
2015-07-01-18 30 05.836	  31.02698784 121.43966683 1.25  0.0 0.0
2015-07-01-18 30 05.938	  31.02698784 121.43966683 1.25  0.0 0.0
2015-07-01-18 30 06.042	  31.02698784 121.43966683 1.25  0.0 0.0
2015-07-01-18 30 06.144	  31.02698784 121.43966683 1.25  0.0 0.0
2015-07-01-18 30 06.246	  31.02698784 121.43966683 1.25  0.0 0.0
2015-07-01-18 30 06.349	  31.02698784 121.43966683 1.25  0.0 0.0
2015-07-01-18 30 06.457	  31.02698784 121.43966683 1.25  0.0 0.0
2015-07-01-18 30 06.558	  31.02698784 121.43966683 1.25  0.0 0.0
2015-07-01-18 30 06.660	  31.02698784 121.43966683 1.25  0.0 0.0
2015-07-01-18 30 06.763	  31.02698784 121.43966683 1.25  0.0 0.0
2015-07-01-18 30 06.868	  31.02698784 121.43966683 1.25  0.0 0.0
2015-07-01-18 30 06.970	  31.02698784 121.43966683 1.25  0.0 0.0
2015-07-01-18 30 07.074	  31.02698784 121.43966683 1.25  0.0 0.0
2015-07-01-18 30 07.176	  31.02698784 121.43966683 1.25  0.0 0.0
2015-07-01-18 30 07.288	  31.02698784 121.43966683 1.25  0.0 0.0
2015-07-01-18 30 07.389	  31.02698784 121.43966683 1.25  0.0 0.0
2015-07-01-18 30 07.495	  31.02698784 121.43966683 1.25  0.0 0.0
2015-07-01-18 30 07.601	  31.02698784 121.43966683 1.25  0.0 0.0
2015-07-01-18 30 07.710	  31.02698784 121.43966683 1.25  0.0 0.0
2015-07-01-18 30 07.812	  31.02698784 121.43966683 1.25  0.0 0.0
2015-07-01-18 30 07.914	  31.02698784 121.43966683 1.25  0.0 0.0
2015-07-01-18 30 08.020	  31.02698784 121.43966683 1.25  0.0 0.0
2015-07-01-18 30 08.131	  31.02698784 121.43966683 1.25  0.0 0.0
2015-07-01-18 30 08.233	  31.02698784 121.43966683 1.25  0.0 0.0
2015-07-01-18 30 08.336	  31.02698784 121.43966683 1.25  0.0 0.0
2015-07-01-18 30 08.442	  31.02698784 121.43966683 1.25  0.0 0.0
2015-07-01-18 30 08.551	  31.02698784 121.43966683 1.25  0.0 0.0
2015-07-01-18 30 08.652	  31.02698784 121.43966683 1.25  0.0 0.0
2015-07-01-18 30 08.754	  31.02698784 121.43966683 1.25  0.0 0.0
2015-07-01-18 30 08.856	  31.02698784 121.43966683 1.25  0.0 0.0
2015-07-01-18 30 08.976	  31.02698784 121.43966683 1.25  0.0 0.0
2015-07-01-18 30 09.078	  31.02698784 121.43966683 1.25  0.0 0.0
2015-07-01-18 30 09.182	  31.02698784 121.43966683 1.25  0.0 0.0
2015-07-01-18 30 09.285	  31.02698784 121.43966683 1.25  0.0 0.0
2015-07-01-18 30 09.388	  31.02698784 121.43966683 1.25  0.0 0.0
2015-07-01-18 30 09.505	  31.02698784 121.43966683 1.25  0.0 0.0
2015-07-01-18 30 09.611	  31.02698784 121.43966683 1.25  0.0 0.0
2015-07-01-18 30 09.714	  31.02698784 121.43966683 1.25  0.0 0.0
2015-07-01-18 30 09.816	  31.02698784 121.43966683 1.25  0.0 0.0
2015-07-01-18 30 09.918	  31.02698784 121.43966683 1.25  0.0 0.0
2015-07-01-18 30 10.025	  31.02698784 121.43966683 1.25  0.0 0.0
2015-07-01-18 30 10.127	  31.02698784 121.43966683 1.25  0.0 0.0
2015-07-01-18 30 10.230	  31.02698784 121.43966683 1.25  0.0 0.0
2015-07-01-18 30 10.335	  31.02698784 121.43966683 1.25  0.0 0.0
2015-07-01-18 30 10.442	  31.02698784 121.43966683 1.25  0.0 0.0
2015-07-01-18 30 10.545	  31.02698784 121.43966683 1.25  0.0 0.0
2015-07-01-18 30 10.647	  31.02698784 121.43966683 1.25  0.0 0.0
2015-07-01-18 30 10.799	  31.02698784 121.43966683 1.25  0.0 0.0
2015-07-01-18 30 10.900	  31.02698784 121.43966683 1.25  0.0 0.0
2015-07-01-18 30 11.002	  31.02698784 121.43966683 1.25  0.0 0.0
2015-07-01-18 30 11.104	  31.02698784 121.43966683 1.25  0.0 0.0
2015-07-01-18 30 11.206	  31.02698784 121.43966683 1.25  0.0 0.0
2015-07-01-18 30 11.307	  31.02698784 121.43966683 1.25  0.0 0.0
2015-07-01-18 30 11.408	  31.02698784 121.43966683 1.25  0.0 0.0
2015-07-01-18 30 11.510	  31.02698784 121.43966683 1.25  0.0 0.0
2015-07-01-18 30 11.613	  31.02698784 121.43966683 1.25  0.0 0.0
2015-07-01-18 30 11.714	  31.02698784 121.43966683 1.25  0.0 0.0
2015-07-01-18 30 11.816	  31.02698784 121.43966683 1.25  0.0 0.0
2015-07-01-18 30 11.918	  31.02698784 121.43966683 1.25  0.0 0.0
2015-07-01-18 30 12.019	  31.02698784 121.43966683 1.25  0.0 0.0
2015-07-01-18 30 12.122	  31.02698784 121.43966683 1.25  0.0 0.0
2015-07-01-18 30 12.233	  31.02700607 121.43965671 0.75  0.0 0.0
2015-07-01-18 30 12.334	  31.02700607 121.43965671 0.75  0.0 0.0
2015-07-01-18 30 12.435	  31.02700607 121.43965671 0.75  0.0 0.0
2015-07-01-18 30 12.540	  31.02700607 121.43965671 0.75  0.0 0.0
2015-07-01-18 30 12.647	  31.02700607 121.43965671 0.75  0.0 0.0
2015-07-01-18 30 12.754	  31.02700607 121.43965671 0.75  0.0 0.0
2015-07-01-18 30 12.862	  31.02700607 121.43965671 0.75  0.0 0.0
2015-07-01-18 30 12.963	  31.02700607 121.43965671 0.75  0.0 0.0
2015-07-01-18 30 13.065	  31.02700607 121.43965671 0.75  0.0 0.0
2015-07-01-18 30 13.172	  31.02700607 121.43965671 0.75  0.0 0.0
2015-07-01-18 30 13.277	  31.02700607 121.43965671 0.75  0.0 0.0
2015-07-01-18 30 13.381	  31.02700607 121.43965671 0.75  0.0 0.0
2015-07-01-18 30 13.483	  31.02700607 121.43965671 0.75  0.0 0.0
2015-07-01-18 30 13.584	  31.02700607 121.43965671 0.75  0.0 0.0
2015-07-01-18 30 13.685	  31.02702398 121.43964812 0.75  0.0 0.0
2015-07-01-18 30 13.787	  31.02702398 121.43964812 0.75  0.0 0.0
2015-07-01-18 30 13.889	  31.02702398 121.43964812 0.75  0.0 0.0
2015-07-01-18 30 13.991	  31.02702398 121.43964812 0.75  0.0 0.0
2015-07-01-18 30 14.095	  31.02702398 121.43964812 0.75  0.0 0.0
2015-07-01-18 30 14.197	  31.02702398 121.43964812 0.75  0.0 0.0
2015-07-01-18 30 14.357	  31.02702398 121.43964812 0.75  0.0 0.0
2015-07-01-18 30 14.460	  31.02702398 121.43964812 0.75  0.0 0.0
2015-07-01-18 30 14.564	  31.02702398 121.43964812 0.75  0.0 0.0
2015-07-01-18 30 14.666	  31.02702398 121.43964812 0.75  0.0 0.0
2015-07-01-18 30 14.769	  31.02702398 121.43964812 0.75  0.0 0.0
2015-07-01-18 30 14.875	  31.02702398 121.43964812 0.75  0.0 0.0
2015-07-01-18 30 14.978	  31.02702398 121.43964812 0.75  0.0 0.0
2015-07-01-18 30 15.085	  31.02702398 121.43964812 0.75  0.0 0.0
2015-07-01-18 30 15.195	  31.02702398 121.43964812 0.75  0.0 0.0
2015-07-01-18 30 15.296	  31.02702398 121.43964812 0.75  0.0 0.0
2015-07-01-18 30 15.397	  31.02702398 121.43964812 0.75  0.0 0.0
2015-07-01-18 30 15.501	  31.02702398 121.43964812 0.75  0.0 0.0
2015-07-01-18 30 15.604	  31.02704344 121.43963748 1.0  0.0 0.0
2015-07-01-18 30 15.707	  31.02704344 121.43963748 1.0  0.0 0.0
2015-07-01-18 30 15.813	  31.02704344 121.43963748 1.0  0.0 0.0
2015-07-01-18 30 15.915	  31.02704344 121.43963748 1.0  0.0 0.0
2015-07-01-18 30 16.016	  31.02704344 121.43963748 1.0  0.0 0.0
2015-07-01-18 30 16.125	  31.02704344 121.43963748 1.0  0.0 0.0
2015-07-01-18 30 16.227	  31.02704344 121.43963748 1.0  0.0 0.0
2015-07-01-18 30 16.330	  31.02704344 121.43963748 1.0  0.0 0.0
2015-07-01-18 30 16.446	  31.02704344 121.43963748 1.0  0.0 0.0
2015-07-01-18 30 16.548	  31.02704344 121.43963748 1.0  0.0 0.0
2015-07-01-18 30 16.650	  31.02704344 121.43963748 1.0  0.0 0.0
2015-07-01-18 30 16.758	  31.02704344 121.43963748 1.0  0.0 0.0
2015-07-01-18 30 16.861	  31.02704344 121.43963748 1.0  0.0 0.0
2015-07-01-18 30 16.966	  31.02704344 121.43963748 1.0  0.0 0.0
2015-07-01-18 30 17.078	  31.02704344 121.43963748 1.0  0.0 0.0
2015-07-01-18 30 17.180	  31.02704344 121.43963748 1.0  0.0 0.0
2015-07-01-18 30 17.283	  31.02704344 121.43963748 1.0  0.0 0.0
2015-07-01-18 30 17.388	  31.02704344 121.43963748 1.0  0.0 0.0
2015-07-01-18 30 17.492	  31.02704344 121.43963748 1.0  0.0 0.0
2015-07-01-18 30 17.597	  31.02706278 121.43962764 1.0  0.0 0.0
2015-07-01-18 30 17.756	  31.02706278 121.43962764 1.0  0.0 0.0
2015-07-01-18 30 17.858	  31.02706278 121.43962764 1.0  0.0 0.0
2015-07-01-18 30 17.960	  31.02706278 121.43962764 1.0  0.0 0.0
2015-07-01-18 30 18.067	  31.02706278 121.43962764 1.0  0.0 0.0
2015-07-01-18 30 18.170	  31.02706278 121.43962764 1.0  0.0 0.0
2015-07-01-18 30 18.273	  31.02706278 121.43962764 1.0  0.0 0.0
2015-07-01-18 30 18.386	  31.02706278 121.43962764 1.0  0.0 0.0
2015-07-01-18 30 18.487	  31.02706278 121.43962764 1.0  0.0 0.0
2015-07-01-18 30 18.589	  31.02706278 121.43962764 1.0  0.0 0.0
2015-07-01-18 30 18.699	  31.02706278 121.43962764 1.0  0.0 0.0
2015-07-01-18 30 18.800	  31.02706278 121.43962764 1.0  0.0 0.0
2015-07-01-18 30 18.906	  31.02706278 121.43962764 1.0  0.0 0.0
2015-07-01-18 30 19.022	  31.02706278 121.43962764 1.0  0.0 0.0
2015-07-01-18 30 19.124	  31.02706278 121.43962764 1.0  0.0 0.0
2015-07-01-18 30 19.228	  31.02706278 121.43962764 1.0  0.0 0.0
2015-07-01-18 30 19.330	  31.02706278 121.43962764 1.0  0.0 0.0
2015-07-01-18 30 19.434	  31.02706278 121.43962764 1.0  0.0 0.0
2015-07-01-18 30 19.557	  31.02706278 121.43962764 1.0  0.0 0.0
2015-07-01-18 30 19.659	  31.02706278 121.43962764 1.0  0.0 0.0
2015-07-01-18 30 19.766	  31.02706278 121.43962764 1.0  0.0 0.0
2015-07-01-18 30 19.868	  31.02706278 121.43962764 1.0  0.0 0.0
2015-07-01-18 30 19.972	  31.02706278 121.43962764 1.0  0.0 0.0
2015-07-01-18 30 20.083	  31.02706278 121.43962764 1.0  0.0 0.0
2015-07-01-18 30 20.184	  31.02708355 121.43961741 1.0  0.0 0.0
2015-07-01-18 30 20.295	  31.02708355 121.43961741 1.0  0.0 0.0
2015-07-01-18 30 20.428	  31.02708355 121.43961741 1.0  0.0 0.0
2015-07-01-18 30 20.531	  31.02708355 121.43961741 1.0  0.0 0.0
2015-07-01-18 30 20.637	  31.02708355 121.43961741 1.0  0.0 0.0
2015-07-01-18 30 20.749	  31.02708355 121.43961741 1.0  0.0 0.0
2015-07-01-18 30 20.850	  31.02708355 121.43961741 1.0  0.0 0.0
2015-07-01-18 30 20.952	  31.02708355 121.43961741 1.0  0.0 0.0
2015-07-01-18 30 21.099	  31.02708355 121.43961741 1.0  0.0 0.0
2015-07-01-18 30 21.201	  31.02708355 121.43961741 1.0  0.0 0.0
2015-07-01-18 30 21.311	  31.02708355 121.43961741 1.0  0.0 0.0
2015-07-01-18 30 21.415	  31.02708355 121.43961741 1.0  0.0 0.0
2015-07-01-18 30 21.521	  31.02708355 121.43961741 1.0  0.0 0.0
2015-07-01-18 30 21.637	  31.02708355 121.43961741 1.0  0.0 0.0
2015-07-01-18 30 21.739	  31.02710649 121.43960927 1.0  0.0 0.0
2015-07-01-18 30 21.843	  31.02710649 121.43960927 1.0  0.0 0.0
2015-07-01-18 30 22.000	  31.02710649 121.43960927 1.0  0.0 0.0
2015-07-01-18 30 22.104	  31.02710649 121.43960927 1.0  0.0 0.0
2015-07-01-18 30 22.218	  31.02710649 121.43960927 1.0  0.0 0.0
2015-07-01-18 30 22.324	  31.02710649 121.43960927 1.0  0.0 0.0
2015-07-01-18 30 22.428	  31.02710649 121.43960927 1.0  0.0 0.0
2015-07-01-18 30 22.600	  31.02710649 121.43960927 1.0  0.0 0.0
2015-07-01-18 30 22.701	  31.02710649 121.43960927 1.0  0.0 0.0
2015-07-01-18 30 22.803	  31.02710649 121.43960927 1.0  0.0 0.0
2015-07-01-18 30 22.905	  31.02710649 121.43960927 1.0  0.0 0.0
2015-07-01-18 30 23.010	  31.02710649 121.43960927 1.0  0.0 0.0
2015-07-01-18 30 23.179	  31.02710649 121.43960927 1.0  0.0 0.0
2015-07-01-18 30 23.281	  31.02710649 121.43960927 1.0  0.0 0.0
2015-07-01-18 30 23.389	  31.02710649 121.43960927 1.0  0.0 0.0
2015-07-01-18 30 23.493	  31.02710649 121.43960927 1.0  0.0 0.0
2015-07-01-18 30 23.603	  31.02713018 121.43960235 1.0  0.0 0.0
2015-07-01-18 30 23.756	  31.02713018 121.43960235 1.0  0.0 0.0
2015-07-01-18 30 23.858	  31.02713018 121.43960235 1.0  0.0 0.0
2015-07-01-18 30 23.965	  31.02713018 121.43960235 1.0  0.0 0.0
2015-07-01-18 30 24.068	  31.02713018 121.43960235 1.0  0.0 0.0
2015-07-01-18 30 24.169	  31.02713018 121.43960235 1.0  0.0 0.0
2015-07-01-18 30 24.275	  31.02713018 121.43960235 1.0  0.0 0.0
2015-07-01-18 30 24.376	  31.02713018 121.43960235 1.0  0.0 0.0
2015-07-01-18 30 24.479	  31.02713018 121.43960235 1.0  0.0 0.0
2015-07-01-18 30 24.632	  31.02713018 121.43960235 1.0  0.0 0.0
2015-07-01-18 30 24.735	  31.02713018 121.43960235 1.0  0.0 0.0
2015-07-01-18 30 24.846	  31.02713018 121.43960235 1.0  0.0 0.0
2015-07-01-18 30 24.950	  31.02713018 121.43960235 1.0  0.0 0.0
2015-07-01-18 30 25.055	  31.02713018 121.43960235 1.0  0.0 0.0
2015-07-01-18 30 25.189	  31.02713018 121.43960235 1.0  0.0 0.0
2015-07-01-18 30 25.291	  31.02713018 121.43960235 1.0  0.0 0.0
2015-07-01-18 30 25.396	  31.02713018 121.43960235 1.0  0.0 0.0
2015-07-01-18 30 25.499	  31.02713018 121.43960235 1.0  0.0 0.0
2015-07-01-18 30 25.605	  31.02713018 121.43960235 1.0  0.0 0.0
2015-07-01-18 30 25.750	  31.02715183 121.43959355 1.0  0.0 0.0
2015-07-01-18 30 25.854	  31.02715183 121.43959355 1.0  0.0 0.0
2015-07-01-18 30 25.960	  31.02715183 121.43959355 1.0  0.0 0.0
2015-07-01-18 30 26.063	  31.02715183 121.43959355 1.0  0.0 0.0
2015-07-01-18 30 26.166	  31.02715183 121.43959355 1.0  0.0 0.0
2015-07-01-18 30 26.270	  31.02715183 121.43959355 1.0  0.0 0.0
2015-07-01-18 30 26.377	  31.02715183 121.43959355 1.0  0.0 0.0
2015-07-01-18 30 26.505	  31.02715183 121.43959355 1.0  0.0 0.0
2015-07-01-18 30 26.607	  31.02715183 121.43959355 1.0  0.0 0.0
2015-07-01-18 30 26.717	  31.02715183 121.43959355 1.0  0.0 0.0
2015-07-01-18 30 26.818	  31.02715183 121.43959355 1.0  0.0 0.0
2015-07-01-18 30 26.920	  31.02715183 121.43959355 1.0  0.0 0.0
2015-07-01-18 30 27.044	  31.02715183 121.43959355 1.0  0.0 0.0
2015-07-01-18 30 27.146	  31.02715183 121.43959355 1.0  0.0 0.0
2015-07-01-18 30 27.254	  31.02715183 121.43959355 1.0  0.0 0.0
2015-07-01-18 30 27.355	  31.02715183 121.43959355 1.0  0.0 0.0
2015-07-01-18 30 27.457	  31.02715183 121.43959355 1.0  0.0 0.0
2015-07-01-18 30 27.562	  31.02715183 121.43959355 1.0  0.0 0.0
2015-07-01-18 30 27.665	  31.02715183 121.43959355 1.0  0.0 0.0
2015-07-01-18 30 27.766	  31.02715183 121.43959355 1.0  0.0 0.0
2015-07-01-18 30 27.869	  31.02715183 121.43959355 1.0  0.0 0.0
2015-07-01-18 30 27.972	  31.02715183 121.43959355 1.0  0.0 0.0
2015-07-01-18 30 28.075	  31.02715183 121.43959355 1.0  0.0 0.0
2015-07-01-18 30 28.179	  31.02715183 121.43959355 1.0  0.0 0.0
2015-07-01-18 30 28.290	  31.02717246 121.43958293 1.0  0.0 0.0
2015-07-01-18 30 28.392	  31.02717246 121.43958293 1.0  0.0 0.0
2015-07-01-18 30 28.496	  31.02717246 121.43958293 1.0  0.0 0.0
2015-07-01-18 30 28.601	  31.02717246 121.43958293 1.0  0.0 0.0
2015-07-01-18 30 28.704	  31.02717246 121.43958293 1.0  0.0 0.0
2015-07-01-18 30 28.806	  31.02717246 121.43958293 1.0  0.0 0.0
2015-07-01-18 30 28.907	  31.02717246 121.43958293 1.0  0.0 0.0
2015-07-01-18 30 29.009	  31.02717246 121.43958293 1.0  0.0 0.0
2015-07-01-18 30 29.114	  31.02717246 121.43958293 1.0  0.0 0.0
2015-07-01-18 30 29.221	  31.02717246 121.43958293 1.0  0.0 0.0
2015-07-01-18 30 29.330	  31.02717246 121.43958293 1.0  0.0 0.0
2015-07-01-18 30 29.452	  31.02717246 121.43958293 1.0  0.0 0.0
2015-07-01-18 30 29.553	  31.02717246 121.43958293 1.0  0.0 0.0
2015-07-01-18 30 29.698	  31.02719155 121.43957201 1.0  0.0 0.0
2015-07-01-18 30 29.802	  31.02719155 121.43957201 1.0  0.0 0.0
2015-07-01-18 30 29.976	  31.02719155 121.43957201 1.0  0.0 0.0
2015-07-01-18 30 30.079	  31.02719155 121.43957201 1.0  0.0 0.0
2015-07-01-18 30 30.211	  31.02719155 121.43957201 1.0  0.0 0.0
2015-07-01-18 30 30.315	  31.02719155 121.43957201 1.0  0.0 0.0
2015-07-01-18 30 30.461	  31.02719155 121.43957201 1.0  0.0 0.0
2015-07-01-18 30 30.563	  31.02719155 121.43957201 1.0  0.0 0.0
2015-07-01-18 30 30.696	  31.02719155 121.43957201 1.0  0.0 0.0
2015-07-01-18 30 30.799	  31.02719155 121.43957201 1.0  0.0 0.0
2015-07-01-18 30 30.906	  31.02719155 121.43957201 1.0  0.0 0.0
2015-07-01-18 30 31.008	  31.02719155 121.43957201 1.0  0.0 0.0
2015-07-01-18 30 31.118	  31.02719155 121.43957201 1.0  0.0 0.0
2015-07-01-18 30 31.220	  31.02719155 121.43957201 1.0  0.0 0.0
2015-07-01-18 30 31.322	  31.02719155 121.43957201 1.0  0.0 0.0
2015-07-01-18 30 31.424	  31.02719155 121.43957201 1.0  0.0 0.0
2015-07-01-18 30 31.545	  31.02719155 121.43957201 1.0  0.0 0.0
2015-07-01-18 30 31.647	  31.02721166 121.43956378 1.0  0.0 0.0
2015-07-01-18 30 31.750	  31.02721166 121.43956378 1.0  0.0 0.0
2015-07-01-18 30 31.852	  31.02721166 121.43956378 1.0  0.0 0.0
2015-07-01-18 30 31.954	  31.02721166 121.43956378 1.0  0.0 0.0
2015-07-01-18 30 32.056	  31.02721166 121.43956378 1.0  0.0 0.0
2015-07-01-18 30 32.158	  31.02721166 121.43956378 1.0  0.0 0.0
2015-07-01-18 30 32.261	  31.02721166 121.43956378 1.0  0.0 0.0
2015-07-01-18 30 32.366	  31.02721166 121.43956378 1.0  0.0 0.0
2015-07-01-18 30 32.468	  31.02721166 121.43956378 1.0  0.0 0.0
2015-07-01-18 30 32.569	  31.02721166 121.43956378 1.0  0.0 0.0
2015-07-01-18 30 32.674	  31.02721166 121.43956378 1.0  0.0 0.0
2015-07-01-18 30 32.778	  31.02721166 121.43956378 1.0  0.0 0.0
2015-07-01-18 30 32.880	  31.02721166 121.43956378 1.0  0.0 0.0
2015-07-01-18 30 32.982	  31.02721166 121.43956378 1.0  0.0 0.0
2015-07-01-18 30 33.084	  31.02721166 121.43956378 1.0  0.0 0.0
2015-07-01-18 30 33.193	  31.02721166 121.43956378 1.0  0.0 0.0
2015-07-01-18 30 33.296	  31.02721166 121.43956378 1.0  0.0 0.0
2015-07-01-18 30 33.399	  31.02721166 121.43956378 1.0  0.0 0.0
2015-07-01-18 30 33.502	  31.02721166 121.43956378 1.0  0.0 0.0
2015-07-01-18 30 33.612	  31.02723186 121.43955715 1.0  0.0 0.0
2015-07-01-18 30 33.717	  31.02723186 121.43955715 1.0  0.0 0.0
2015-07-01-18 30 33.820	  31.02723186 121.43955715 1.0  0.0 0.0
2015-07-01-18 30 33.924	  31.02723186 121.43955715 1.0  0.0 0.0
2015-07-01-18 30 34.035	  31.02723186 121.43955715 1.0  0.0 0.0
2015-07-01-18 30 34.137	  31.02723186 121.43955715 1.0  0.0 0.0
2015-07-01-18 30 34.238	  31.02723186 121.43955715 1.0  0.0 0.0
2015-07-01-18 30 34.342	  31.02723186 121.43955715 1.0  0.0 0.0
2015-07-01-18 30 34.445	  31.02723186 121.43955715 1.0  0.0 0.0
2015-07-01-18 30 34.558	  31.02723186 121.43955715 1.0  0.0 0.0
2015-07-01-18 30 34.663	  31.02723186 121.43955715 1.0  0.0 0.0
2015-07-01-18 30 34.772	  31.02723186 121.43955715 1.0  0.0 0.0
2015-07-01-18 30 34.875	  31.02723186 121.43955715 1.0  0.0 0.0
2015-07-01-18 30 34.981	  31.02723186 121.43955715 1.0  0.0 0.0
2015-07-01-18 30 35.083	  31.02723186 121.43955715 1.0  0.0 0.0
2015-07-01-18 30 35.190	  31.02723186 121.43955715 1.0  0.0 0.0
2015-07-01-18 30 35.295	  31.02723186 121.43955715 1.0  0.0 0.0
2015-07-01-18 30 35.449	  31.02723186 121.43955715 1.0  0.0 0.0
2015-07-01-18 30 35.550	  31.02723186 121.43955715 1.0  0.0 0.0
2015-07-01-18 30 35.703	  31.02723186 121.43955715 1.0  0.0 0.0
2015-07-01-18 30 35.805	  31.02723186 121.43955715 1.0  0.0 0.0
2015-07-01-18 30 35.906	  31.02723186 121.43955715 1.0  0.0 0.0
2015-07-01-18 30 36.016	  31.02723186 121.43955715 1.0  0.0 0.0
2015-07-01-18 30 36.120	  31.02723186 121.43955715 1.0  0.0 0.0
2015-07-01-18 30 36.232	  31.02723186 121.43955715 1.0  0.0 0.0
2015-07-01-18 30 36.334	  31.02723186 121.43955715 1.0  0.0 0.0
2015-07-01-18 30 36.451	  31.02723186 121.43955715 1.0  0.0 0.0
2015-07-01-18 30 36.553	  31.02726328 121.43954661 1.0  0.0 0.0
2015-07-01-18 30 36.703	  31.02726328 121.43954661 1.0  0.0 0.0
2015-07-01-18 30 36.808	  31.02726328 121.43954661 1.0  0.0 0.0
2015-07-01-18 30 36.913	  31.02726328 121.43954661 1.0  0.0 0.0
2015-07-01-18 30 37.023	  31.02726328 121.43954661 1.0  0.0 0.0
2015-07-01-18 30 37.125	  31.02726328 121.43954661 1.0  0.0 0.0
2015-07-01-18 30 37.233	  31.02726328 121.43954661 1.0  0.0 0.0
2015-07-01-18 30 37.336	  31.02726328 121.43954661 1.0  0.0 0.0
2015-07-01-18 30 37.502	  31.02726328 121.43954661 1.0  0.0 0.0
2015-07-01-18 30 37.604	  31.02726328 121.43954661 1.0  0.0 0.0
2015-07-01-18 30 37.723	  31.02726328 121.43954661 1.0  0.0 0.0
2015-07-01-18 30 37.826	  31.02726328 121.43954661 1.0  0.0 0.0
2015-07-01-18 30 37.930	  31.02726328 121.43954661 1.0  0.0 0.0
2015-07-01-18 30 38.038	  31.02726328 121.43954661 1.0  0.0 0.0
2015-07-01-18 30 38.143	  31.02726328 121.43954661 1.0  0.0 0.0
2015-07-01-18 30 38.319	  31.02726328 121.43954661 1.0  0.0 0.0
2015-07-01-18 30 38.424	  31.02726328 121.43954661 1.0  0.0 0.0
2015-07-01-18 30 38.600	  31.02728467 121.43953706 1.0  0.0 0.0
2015-07-01-18 30 38.704	  31.02728467 121.43953706 1.0  0.0 0.0
2015-07-01-18 30 38.807	  31.02728467 121.43953706 1.0  0.0 0.0
2015-07-01-18 30 38.974	  31.02728467 121.43953706 1.0  0.0 0.0
2015-07-01-18 30 39.081	  31.02728467 121.43953706 1.0  0.0 0.0
2015-07-01-18 30 39.247	  31.02728467 121.43953706 1.0  0.0 0.0
2015-07-01-18 30 39.349	  31.02728467 121.43953706 1.0  0.0 0.0
2015-07-01-18 30 39.456	  31.02728467 121.43953706 1.0  0.0 0.0
2015-07-01-18 30 39.559	  31.02728467 121.43953706 1.0  0.0 0.0
2015-07-01-18 30 39.709	  31.02728467 121.43953706 1.0  0.0 0.0
2015-07-01-18 30 39.811	  31.02728467 121.43953706 1.0  0.0 0.0
2015-07-01-18 30 39.916	  31.02728467 121.43953706 1.0  0.0 0.0
2015-07-01-18 30 40.020	  31.02728467 121.43953706 1.0  0.0 0.0
2015-07-01-18 30 40.176	  31.02728467 121.43953706 1.0  0.0 0.0
2015-07-01-18 30 40.281	  31.02728467 121.43953706 1.0  0.0 0.0
2015-07-01-18 30 40.439	  31.02728467 121.43953706 1.0  0.0 0.0
2015-07-01-18 30 40.544	  31.02728467 121.43953706 1.0  0.0 0.0
2015-07-01-18 30 40.649	  31.02730759 121.43952946 1.0  0.0 0.0
2015-07-01-18 30 40.803	  31.02730759 121.43952946 1.0  0.0 0.0
2015-07-01-18 30 40.908	  31.02730759 121.43952946 1.0  0.0 0.0
2015-07-01-18 30 41.012	  31.02730759 121.43952946 1.0  0.0 0.0
2015-07-01-18 30 41.186	  31.02730759 121.43952946 1.0  0.0 0.0
2015-07-01-18 30 41.288	  31.02730759 121.43952946 1.0  0.0 0.0
2015-07-01-18 30 41.426	  31.02730759 121.43952946 1.0  0.0 0.0
2015-07-01-18 30 41.528	  31.02730759 121.43952946 1.0  0.0 0.0
2015-07-01-18 30 41.635	  31.02730759 121.43952946 1.0  0.0 0.0
2015-07-01-18 30 41.767	  31.02730759 121.43952946 1.0  0.0 0.0
2015-07-01-18 30 41.869	  31.02730759 121.43952946 1.0  0.0 0.0
2015-07-01-18 30 41.984	  31.02730759 121.43952946 1.0  0.0 0.0
2015-07-01-18 30 42.088	  31.02730759 121.43952946 1.0  0.0 0.0
2015-07-01-18 30 42.190	  31.02730759 121.43952946 1.0  0.0 0.0
2015-07-01-18 30 42.361	  31.02730759 121.43952946 1.0  0.0 0.0
2015-07-01-18 30 42.470	  31.02730759 121.43952946 1.0  0.0 0.0
2015-07-01-18 30 42.574	  31.0273307 121.43952201 1.0  0.0 0.0
2015-07-01-18 30 42.714	  31.0273307 121.43952201 1.0  0.0 0.0
2015-07-01-18 30 42.819	  31.0273307 121.43952201 1.0  0.0 0.0
2015-07-01-18 30 42.922	  31.0273307 121.43952201 1.0  0.0 0.0
2015-07-01-18 30 43.067	  31.0273307 121.43952201 1.0  0.0 0.0
2015-07-01-18 30 43.170	  31.0273307 121.43952201 1.0  0.0 0.0
2015-07-01-18 30 43.324	  31.0273307 121.43952201 1.0  0.0 0.0
2015-07-01-18 30 43.434	  31.0273307 121.43952201 1.0  0.0 0.0
2015-07-01-18 30 43.537	  31.0273307 121.43952201 1.0  0.0 0.0
2015-07-01-18 30 43.705	  31.0273307 121.43952201 1.0  0.0 0.0
2015-07-01-18 30 43.807	  31.0273307 121.43952201 1.0  0.0 0.0
2015-07-01-18 30 43.923	  31.0273307 121.43952201 1.0  0.0 0.0
2015-07-01-18 30 44.035	  31.0273307 121.43952201 1.0  0.0 0.0
2015-07-01-18 30 44.137	  31.0273307 121.43952201 1.0  0.0 0.0
2015-07-01-18 30 44.276	  31.0273307 121.43952201 1.0  0.0 0.0
2015-07-01-18 30 44.387	  31.0273307 121.43952201 1.0  0.0 0.0
2015-07-01-18 30 44.490	  31.0273307 121.43952201 1.0  0.0 0.0
2015-07-01-18 30 44.593	  31.0273307 121.43952201 1.0  0.0 0.0
2015-07-01-18 30 44.749	  31.02735074 121.4395089 1.0  0.0 0.0
2015-07-01-18 30 44.855	  31.02735074 121.4395089 1.0  0.0 0.0
2015-07-01-18 30 44.960	  31.02735074 121.4395089 1.0  0.0 0.0
2015-07-01-18 30 45.117	  31.02735074 121.4395089 1.0  0.0 0.0
2015-07-01-18 30 45.247	  31.02735074 121.4395089 1.0  0.0 0.0
2015-07-01-18 30 45.360	  31.02735074 121.4395089 1.0  0.0 0.0
2015-07-01-18 30 45.498	  31.02735074 121.4395089 1.0  0.0 0.0
2015-07-01-18 30 45.629	  31.02735074 121.4395089 1.0  0.0 0.0
2015-07-01-18 30 45.775	  31.02735074 121.4395089 1.0  0.0 0.0
2015-07-01-18 30 45.912	  31.02735074 121.4395089 1.0  0.0 0.0
2015-07-01-18 30 46.069	  31.02735074 121.4395089 1.0  0.0 0.0
2015-07-01-18 30 46.173	  31.02735074 121.4395089 1.0  0.0 0.0
2015-07-01-18 30 46.312	  31.02735074 121.4395089 1.0  0.0 0.0
2015-07-01-18 30 46.475	  31.02735074 121.4395089 1.0  0.0 0.0
2015-07-01-18 30 46.594	  31.02735074 121.4395089 1.0  0.0 0.0
2015-07-01-18 30 46.770	  31.02737073 121.439497 1.0  0.0 0.0
2015-07-01-18 30 46.884	  31.02737073 121.439497 1.0  0.0 0.0
2015-07-01-18 30 47.010	  31.02737073 121.439497 1.0  0.0 0.0
2015-07-01-18 30 47.149	  31.02737073 121.439497 1.0  0.0 0.0
2015-07-01-18 30 47.304	  31.02737073 121.439497 1.0  0.0 0.0
2015-07-01-18 30 47.440	  31.02737073 121.439497 1.0  0.0 0.0
2015-07-01-18 30 47.556	  31.02737073 121.439497 1.0  0.0 0.0
2015-07-01-18 30 47.713	  31.02737073 121.439497 1.0  0.0 0.0
2015-07-01-18 30 47.858	  31.02737073 121.439497 1.0  0.0 0.0
2015-07-01-18 30 47.974	  31.02737073 121.439497 1.0  0.0 0.0
2015-07-01-18 30 48.130	  31.02737073 121.439497 1.0  0.0 0.0
2015-07-01-18 30 48.245	  31.02737073 121.439497 1.0  0.0 0.0
2015-07-01-18 30 48.360	  31.02737073 121.439497 1.0  0.0 0.0
2015-07-01-18 30 48.491	  31.02737073 121.439497 1.0  0.0 0.0
2015-07-01-18 30 48.629	  31.0273903 121.43948794 1.0  0.0 0.0
2015-07-01-18 30 48.760	  31.0273903 121.43948794 1.0  0.0 0.0
2015-07-01-18 30 48.901	  31.0273903 121.43948794 1.0  0.0 0.0
2015-07-01-18 30 49.052	  31.0273903 121.43948794 1.0  0.0 0.0
2015-07-01-18 30 49.178	  31.0273903 121.43948794 1.0  0.0 0.0
2015-07-01-18 30 49.339	  31.0273903 121.43948794 1.0  0.0 0.0
2015-07-01-18 30 49.503	  31.0273903 121.43948794 1.0  0.0 0.0
2015-07-01-18 30 49.638	  31.0273903 121.43948794 1.0  0.0 0.0
2015-07-01-18 30 49.756	  31.0273903 121.43948794 1.0  0.0 0.0
2015-07-01-18 30 49.869	  31.0273903 121.43948794 1.0  0.0 0.0
2015-07-01-18 30 49.984	  31.0273903 121.43948794 1.0  0.0 0.0
2015-07-01-18 30 50.101	  31.0273903 121.43948794 1.0  0.0 0.0
2015-07-01-18 30 50.264	  31.0273903 121.43948794 1.0  0.0 0.0
2015-07-01-18 30 50.381	  31.0273903 121.43948794 1.0  0.0 0.0
2015-07-01-18 30 50.522	  31.0273903 121.43948794 1.0  0.0 0.0
2015-07-01-18 30 50.638	  31.02741058 121.43947958 1.0  0.0 0.0
2015-07-01-18 30 50.754	  31.02741058 121.43947958 1.0  0.0 0.0
2015-07-01-18 30 50.886	  31.02741058 121.43947958 1.0  0.0 0.0
2015-07-01-18 30 51.018	  31.02741058 121.43947958 1.0  0.0 0.0
2015-07-01-18 30 51.184	  31.02741058 121.43947958 1.0  0.0 0.0
2015-07-01-18 30 51.323	  31.02741058 121.43947958 1.0  0.0 0.0
2015-07-01-18 30 51.468	  31.02741058 121.43947958 1.0  0.0 0.0
2015-07-01-18 30 51.651	  31.02741058 121.43947958 1.0  0.0 0.0
2015-07-01-18 30 51.766	  31.02741058 121.43947958 1.0  0.0 0.0
2015-07-01-18 30 51.920	  31.02741058 121.43947958 1.0  0.0 0.0
2015-07-01-18 30 52.063	  31.02741058 121.43947958 1.0  0.0 0.0
2015-07-01-18 30 52.183	  31.02741058 121.43947958 1.0  0.0 0.0
2015-07-01-18 30 52.357	  31.02741058 121.43947958 1.0  0.0 0.0
2015-07-01-18 30 52.479	  31.02741058 121.43947958 1.0  0.0 0.0
2015-07-01-18 30 52.639	  31.02743218 121.43947545 1.0  0.0 0.0
2015-07-01-18 30 52.775	  31.02743218 121.43947545 1.0  0.0 0.0
2015-07-01-18 30 52.955	  31.02743218 121.43947545 1.0  0.0 0.0
2015-07-01-18 30 53.099	  31.02743218 121.43947545 1.0  0.0 0.0
2015-07-01-18 30 53.234	  31.02743218 121.43947545 1.0  0.0 0.0
2015-07-01-18 30 53.367	  31.02743218 121.43947545 1.0  0.0 0.0
2015-07-01-18 30 53.489	  31.02743218 121.43947545 1.0  0.0 0.0
2015-07-01-18 30 53.634	  31.02743218 121.43947545 1.0  0.0 0.0
2015-07-01-18 30 53.772	  31.02743218 121.43947545 1.0  0.0 0.0
2015-07-01-18 30 53.935	  31.02743218 121.43947545 1.0  0.0 0.0
2015-07-01-18 30 54.052	  31.02743218 121.43947545 1.0  0.0 0.0
2015-07-01-18 30 54.187	  31.02743218 121.43947545 1.0  0.0 0.0
2015-07-01-18 30 54.321	  31.02743218 121.43947545 1.0  0.0 0.0
2015-07-01-18 30 54.454	  31.02743218 121.43947545 1.0  0.0 0.0
2015-07-01-18 30 54.591	  31.02745323 121.43946825 1.0  0.0 0.0
2015-07-01-18 30 54.750	  31.02745323 121.43946825 1.0  0.0 0.0
2015-07-01-18 30 54.899	  31.02745323 121.43946825 1.0  0.0 0.0
2015-07-01-18 30 55.048	  31.02745323 121.43946825 1.0  0.0 0.0
2015-07-01-18 30 55.162	  31.02745323 121.43946825 1.0  0.0 0.0
2015-07-01-18 30 55.276	  31.02745323 121.43946825 1.0  0.0 0.0
2015-07-01-18 30 55.394	  31.02745323 121.43946825 1.0  0.0 0.0
2015-07-01-18 30 55.553	  31.02745323 121.43946825 1.0  0.0 0.0
2015-07-01-18 30 55.713	  31.02745323 121.43946825 1.0  0.0 0.0
2015-07-01-18 30 55.848	  31.02745323 121.43946825 1.0  0.0 0.0
2015-07-01-18 30 56.001	  31.02745323 121.43946825 1.0  0.0 0.0
2015-07-01-18 30 56.141	  31.02745323 121.43946825 1.0  0.0 0.0
2015-07-01-18 30 56.280	  31.02745323 121.43946825 1.0  0.0 0.0
2015-07-01-18 30 56.395	  31.02745323 121.43946825 1.0  0.0 0.0
2015-07-01-18 30 56.511	  31.02745323 121.43946825 1.0  0.0 0.0
2015-07-01-18 30 56.646	  31.02747303 121.43945972 1.0  0.0 0.0
2015-07-01-18 30 56.763	  31.02747303 121.43945972 1.0  0.0 0.0
2015-07-01-18 30 56.894	  31.02747303 121.43945972 1.0  0.0 0.0
2015-07-01-18 30 57.027	  31.02747303 121.43945972 1.0  0.0 0.0
2015-07-01-18 30 57.164	  31.02747303 121.43945972 1.0  0.0 0.0
2015-07-01-18 30 57.337	  31.02747303 121.43945972 1.0  0.0 0.0
2015-07-01-18 30 57.453	  31.02747303 121.43945972 1.0  0.0 0.0
2015-07-01-18 30 57.568	  31.02747303 121.43945972 1.0  0.0 0.0
2015-07-01-18 30 57.744	  31.02747303 121.43945972 1.0  0.0 0.0
2015-07-01-18 30 57.860	  31.02747303 121.43945972 1.0  0.0 0.0
2015-07-01-18 30 57.977	  31.02747303 121.43945972 1.0  0.0 0.0
2015-07-01-18 30 58.120	  31.02747303 121.43945972 1.0  0.0 0.0
2015-07-01-18 30 58.266	  31.02747303 121.43945972 1.0  0.0 0.0
2015-07-01-18 30 58.409	  31.02747303 121.43945972 1.0  0.0 0.0
2015-07-01-18 30 58.557	  31.02749126 121.43944953 1.0  0.0 0.0
2015-07-01-18 30 58.711	  31.02749126 121.43944953 1.0  0.0 0.0
2015-07-01-18 30 58.852	  31.02749126 121.43944953 1.0  0.0 0.0
2015-07-01-18 30 58.999	  31.02749126 121.43944953 1.0  0.0 0.0
2015-07-01-18 30 59.137	  31.02749126 121.43944953 1.0  0.0 0.0
2015-07-01-18 30 59.299	  31.02749126 121.43944953 1.0  0.0 0.0
2015-07-01-18 30 59.468	  31.02749126 121.43944953 1.0  0.0 0.0
2015-07-01-18 30 59.586	  31.02749126 121.43944953 1.0  0.0 0.0
2015-07-01-18 30 59.703	  31.02749126 121.43944953 1.0  0.0 0.0
2015-07-01-18 30 59.831	  31.02749126 121.43944953 1.0  0.0 0.0
2015-07-01-18 30 59.999	  31.02749126 121.43944953 1.0  0.0 0.0
2015-07-01-18 31 00.121	  31.02749126 121.43944953 1.0  0.0 0.0
2015-07-01-18 31 00.248	  31.02749126 121.43944953 1.0  0.0 0.0
2015-07-01-18 31 00.365	  31.02749126 121.43944953 1.0  0.0 0.0
2015-07-01-18 31 00.506	  31.02749126 121.43944953 1.0  0.0 0.0
2015-07-01-18 31 00.653	  31.02751196 121.43944154 1.25  0.0 0.0
2015-07-01-18 31 00.768	  31.02751196 121.43944154 1.25  0.0 0.0
2015-07-01-18 31 00.885	  31.02751196 121.43944154 1.25  0.0 0.0
2015-07-01-18 31 01.013	  31.02751196 121.43944154 1.25  0.0 0.0
2015-07-01-18 31 01.141	  31.02751196 121.43944154 1.25  0.0 0.0
2015-07-01-18 31 01.267	  31.02751196 121.43944154 1.25  0.0 0.0
2015-07-01-18 31 01.429	  31.02751196 121.43944154 1.25  0.0 0.0
2015-07-01-18 31 01.567	  31.02751196 121.43944154 1.25  0.0 0.0
2015-07-01-18 31 01.703	  31.02751196 121.43944154 1.25  0.0 0.0
2015-07-01-18 31 01.835	  31.02751196 121.43944154 1.25  0.0 0.0
2015-07-01-18 31 01.974	  31.02751196 121.43944154 1.25  0.0 0.0
2015-07-01-18 31 02.139	  31.02751196 121.43944154 1.25  0.0 0.0
2015-07-01-18 31 02.256	  31.02751196 121.43944154 1.25  0.0 0.0
2015-07-01-18 31 02.372	  31.02751196 121.43944154 1.25  0.0 0.0
2015-07-01-18 31 02.537	  31.02751196 121.43944154 1.25  0.0 0.0
2015-07-01-18 31 02.684	  31.0275336 121.43943422 1.25  0.0 0.0
2015-07-01-18 31 02.844	  31.0275336 121.43943422 1.25  0.0 0.0
2015-07-01-18 31 02.980	  31.0275336 121.43943422 1.25  0.0 0.0
2015-07-01-18 31 03.139	  31.0275336 121.43943422 1.25  0.0 0.0
2015-07-01-18 31 03.278	  31.0275336 121.43943422 1.25  0.0 0.0
2015-07-01-18 31 03.418	  31.0275336 121.43943422 1.25  0.0 0.0
2015-07-01-18 31 03.607	  31.0275336 121.43943422 1.25  0.0 0.0
2015-07-01-18 31 03.723	  31.0275336 121.43943422 1.25  0.0 0.0
2015-07-01-18 31 03.843	  31.0275336 121.43943422 1.25  0.0 0.0
2015-07-01-18 31 03.959	  31.0275336 121.43943422 1.25  0.0 0.0
2015-07-01-18 31 04.105	  31.0275336 121.43943422 1.25  0.0 0.0
2015-07-01-18 31 04.262	  31.0275336 121.43943422 1.25  0.0 0.0
2015-07-01-18 31 04.405	  31.0275336 121.43943422 1.25  0.0 0.0
2015-07-01-18 31 04.547	  31.0275336 121.43943422 1.25  0.0 0.0
2015-07-01-18 31 04.697	  31.02755553 121.43942413 1.25  0.0 0.0
2015-07-01-18 31 04.828	  31.02755553 121.43942413 1.25  0.0 0.0
2015-07-01-18 31 05.016	  31.02755553 121.43942413 1.25  0.0 0.0
2015-07-01-18 31 05.134	  31.02755553 121.43942413 1.25  0.0 0.0
2015-07-01-18 31 05.260	  31.02755553 121.43942413 1.25  0.0 0.0
2015-07-01-18 31 05.401	  31.02755553 121.43942413 1.25  0.0 0.0
2015-07-01-18 31 05.518	  31.02755553 121.43942413 1.25  0.0 0.0
2015-07-01-18 31 05.709	  31.02755553 121.43942413 1.25  0.0 0.0
2015-07-01-18 31 05.823	  31.02755553 121.43942413 1.25  0.0 0.0
2015-07-01-18 31 05.959	  31.02755553 121.43942413 1.25  0.0 0.0
2015-07-01-18 31 06.114	  31.02755553 121.43942413 1.25  0.0 0.0
2015-07-01-18 31 06.242	  31.02755553 121.43942413 1.25  0.0 0.0
2015-07-01-18 31 06.356	  31.02755553 121.43942413 1.25  0.0 0.0
2015-07-01-18 31 06.515	  31.02755553 121.43942413 1.25  0.0 0.0
2015-07-01-18 31 06.662	  31.02757652 121.43941304 1.25  0.0 0.0
2015-07-01-18 31 06.777	  31.02757652 121.43941304 1.25  0.0 0.0
2015-07-01-18 31 06.922	  31.02757652 121.43941304 1.25  0.0 0.0
2015-07-01-18 31 07.052	  31.02757652 121.43941304 1.25  0.0 0.0
2015-07-01-18 31 07.203	  31.02757652 121.43941304 1.25  0.0 0.0
2015-07-01-18 31 07.320	  31.02757652 121.43941304 1.25  0.0 0.0
2015-07-01-18 31 07.436	  31.02757652 121.43941304 1.25  0.0 0.0
2015-07-01-18 31 07.576	  31.02757652 121.43941304 1.25  0.0 0.0
2015-07-01-18 31 07.751	  31.02757652 121.43941304 1.25  0.0 0.0
2015-07-01-18 31 07.890	  31.02757652 121.43941304 1.25  0.0 0.0
2015-07-01-18 31 08.036	  31.02757652 121.43941304 1.25  0.0 0.0
2015-07-01-18 31 08.152	  31.02757652 121.43941304 1.25  0.0 0.0
2015-07-01-18 31 08.311	  31.02757652 121.43941304 1.25  0.0 0.0
2015-07-01-18 31 08.425	  31.02757652 121.43941304 1.25  0.0 0.0
2015-07-01-18 31 08.542	  31.02757652 121.43941304 1.25  0.0 0.0
2015-07-01-18 31 08.663	  31.02757652 121.43941304 1.25  0.0 0.0
2015-07-01-18 31 08.829	  31.02759665 121.43940371 1.25  0.0 0.0
2015-07-01-18 31 08.945	  31.02759665 121.43940371 1.25  0.0 0.0
2015-07-01-18 31 09.098	  31.02759665 121.43940371 1.25  0.0 0.0
2015-07-01-18 31 09.237	  31.02759665 121.43940371 1.25  0.0 0.0
2015-07-01-18 31 09.359	  31.02759665 121.43940371 1.25  0.0 0.0
2015-07-01-18 31 09.520	  31.02759665 121.43940371 1.25  0.0 0.0
2015-07-01-18 31 09.678	  31.02759665 121.43940371 1.25  0.0 0.0
2015-07-01-18 31 09.831	  31.02759665 121.43940371 1.25  0.0 0.0
2015-07-01-18 31 09.950	  31.02759665 121.43940371 1.25  0.0 0.0
2015-07-01-18 31 10.095	  31.02759665 121.43940371 1.25  0.0 0.0
2015-07-01-18 31 10.246	  31.02759665 121.43940371 1.25  0.0 0.0
2015-07-01-18 31 10.368	  31.02759665 121.43940371 1.25  0.0 0.0
