2015-07-01-18 23 18.092	  0.0 0.0 0.0  0.0 0.0
2015-07-01-18 23 18.194	  0.0 0.0 0.0  0.0 0.0
2015-07-01-18 23 18.296	  0.0 0.0 0.0  0.0 0.0
2015-07-01-18 23 18.401	  0.0 0.0 0.0  0.0 0.0
2015-07-01-18 23 18.509	  0.0 0.0 0.0  0.0 0.0
2015-07-01-18 23 18.614	  0.0 0.0 0.0  0.0 0.0
2015-07-01-18 23 18.716	  0.0 0.0 0.0  0.0 0.0
2015-07-01-18 23 18.819	  0.0 0.0 0.0  0.0 0.0
2015-07-01-18 23 18.920	  0.0 0.0 0.0  0.0 0.0
2015-07-01-18 23 19.021	  0.0 0.0 0.0  0.0 0.0
2015-07-01-18 23 19.124	  0.0 0.0 0.0  0.0 0.0
2015-07-01-18 23 19.226	  0.0 0.0 0.0  0.0 0.0
2015-07-01-18 23 19.327	  0.0 0.0 0.0  0.0 0.0
2015-07-01-18 23 19.429	  0.0 0.0 0.0  0.0 0.0
2015-07-01-18 23 19.531	  0.0 0.0 0.0  0.0 0.0
2015-07-01-18 23 19.632	  0.0 0.0 0.0  0.0 0.0
2015-07-01-18 23 19.734	  0.0 0.0 0.0  0.0 0.0
2015-07-01-18 23 19.836	  0.0 0.0 0.0  0.0 0.0
2015-07-01-18 23 19.938	  0.0 0.0 0.0  0.0 0.0
2015-07-01-18 23 20.039	  0.0 0.0 0.0  0.0 0.0
2015-07-01-18 23 20.141	  0.0 0.0 0.0  0.0 0.0
2015-07-01-18 23 20.243	  0.0 0.0 0.0  0.0 0.0
2015-07-01-18 23 20.346	  0.0 0.0 0.0  0.0 0.0
2015-07-01-18 23 20.448	  0.0 0.0 0.0  0.0 0.0
2015-07-01-18 23 20.550	  0.0 0.0 0.0  0.0 0.0
2015-07-01-18 23 20.652	  0.0 0.0 0.0  0.0 0.0
2015-07-01-18 23 20.754	  0.0 0.0 0.0  0.0 0.0
2015-07-01-18 23 20.856	  0.0 0.0 0.0  0.0 0.0
2015-07-01-18 23 20.958	  0.0 0.0 0.0  0.0 0.0
2015-07-01-18 23 21.061	  0.0 0.0 0.0  0.0 0.0
2015-07-01-18 23 21.163	  0.0 0.0 0.0  0.0 0.0
2015-07-01-18 23 21.266	  0.0 0.0 0.0  0.0 0.0
2015-07-01-18 23 21.368	  0.0 0.0 0.0  0.0 0.0
2015-07-01-18 23 21.470	  0.0 0.0 0.0  0.0 0.0
2015-07-01-18 23 21.572	  31.02676507 121.43970556 1.0  0.0 0.0
2015-07-01-18 23 21.673	  31.02676507 121.43970556 1.0  0.0 0.0
2015-07-01-18 23 21.774	  31.02676507 121.43970556 1.0  0.0 0.0
2015-07-01-18 23 21.876	  31.02676507 121.43970556 1.0  0.0 0.0
2015-07-01-18 23 21.978	  31.02676507 121.43970556 1.0  0.0 0.0
2015-07-01-18 23 22.084	  31.02676507 121.43970556 1.0  0.0 0.0
2015-07-01-18 23 22.190	  31.02676507 121.43970556 1.0  0.0 0.0
2015-07-01-18 23 22.297	  31.02676507 121.43970556 1.0  0.0 0.0
2015-07-01-18 23 22.402	  31.02676507 121.43970556 1.0  0.0 0.0
2015-07-01-18 23 22.506	  31.02676507 121.43970556 1.0  0.0 0.0
2015-07-01-18 23 22.625	  31.02679227 121.43968757 1.25  0.0 0.0
2015-07-01-18 23 22.726	  31.02679227 121.43968757 1.25  0.0 0.0
2015-07-01-18 23 22.828	  31.02679227 121.43968757 1.25  0.0 0.0
2015-07-01-18 23 22.932	  31.02679227 121.43968757 1.25  0.0 0.0
2015-07-01-18 23 23.035	  31.02679227 121.43968757 1.25  0.0 0.0
2015-07-01-18 23 23.138	  31.02679227 121.43968757 1.25  0.0 0.0
2015-07-01-18 23 23.246	  31.02679227 121.43968757 1.25  0.0 0.0
2015-07-01-18 23 23.388	  31.02679227 121.43968757 1.25  0.0 0.0
2015-07-01-18 23 23.565	  31.02681535 121.43968492 1.25  0.0 0.0
2015-07-01-18 23 23.673	  31.02681535 121.43968492 1.25  0.0 0.0
2015-07-01-18 23 23.780	  31.02681535 121.43968492 1.25  0.0 0.0
2015-07-01-18 23 23.886	  31.02681535 121.43968492 1.25  0.0 0.0
2015-07-01-18 23 23.989	  31.02681535 121.43968492 1.25  0.0 0.0
2015-07-01-18 23 24.095	  31.02681535 121.43968492 1.25  0.0 0.0
2015-07-01-18 23 24.203	  31.02681535 121.43968492 1.25  0.0 0.0
2015-07-01-18 23 24.316	  31.02681535 121.43968492 1.25  0.0 0.0
2015-07-01-18 23 24.417	  31.02681535 121.43968492 1.25  0.0 0.0
2015-07-01-18 23 24.519	  31.02681535 121.43968492 1.25  0.0 0.0
2015-07-01-18 23 24.621	  31.02683739 121.43968504 1.25  0.0 0.0
2015-07-01-18 23 24.724	  31.02683739 121.43968504 1.25  0.0 0.0
2015-07-01-18 23 24.826	  31.02683739 121.43968504 1.25  0.0 0.0
2015-07-01-18 23 24.934	  31.02683739 121.43968504 1.25  0.0 0.0
2015-07-01-18 23 25.040	  31.02683739 121.43968504 1.25  0.0 0.0
2015-07-01-18 23 25.144	  31.02683739 121.43968504 1.25  0.0 0.0
2015-07-01-18 23 25.246	  31.02683739 121.43968504 1.25  0.0 0.0
2015-07-01-18 23 25.347	  31.02683739 121.43968504 1.25  0.0 0.0
2015-07-01-18 23 25.448	  31.02683739 121.43968504 1.25  0.0 0.0
2015-07-01-18 23 25.552	  31.02686104 121.43968697 1.25  0.0 0.0
2015-07-01-18 23 25.659	  31.02686104 121.43968697 1.25  0.0 0.0
2015-07-01-18 23 25.760	  31.02686104 121.43968697 1.25  0.0 0.0
2015-07-01-18 23 25.863	  31.02686104 121.43968697 1.25  0.0 0.0
2015-07-01-18 23 25.965	  31.02686104 121.43968697 1.25  0.0 0.0
2015-07-01-18 23 26.068	  31.02686104 121.43968697 1.25  0.0 0.0
2015-07-01-18 23 26.175	  31.02686104 121.43968697 1.25  0.0 0.0
2015-07-01-18 23 26.279	  31.02686104 121.43968697 1.25  0.0 0.0
2015-07-01-18 23 26.384	  31.02686104 121.43968697 1.25  0.0 0.0
2015-07-01-18 23 26.485	  31.02686104 121.43968697 1.25  0.0 0.0
2015-07-01-18 23 26.587	  31.02688223 121.43968633 1.25  0.0 0.0
2015-07-01-18 23 26.699	  31.02688223 121.43968633 1.25  0.0 0.0
2015-07-01-18 23 26.800	  31.02688223 121.43968633 1.25  0.0 0.0
2015-07-01-18 23 26.903	  31.02688223 121.43968633 1.25  0.0 0.0
2015-07-01-18 23 27.007	  31.02688223 121.43968633 1.25  0.0 0.0
2015-07-01-18 23 27.109	  31.02688223 121.43968633 1.25  0.0 0.0
2015-07-01-18 23 27.211	  31.02688223 121.43968633 1.25  0.0 0.0
2015-07-01-18 23 27.315	  31.02688223 121.43968633 1.25  0.0 0.0
2015-07-01-18 23 27.418	  31.02688223 121.43968633 1.25  0.0 0.0
2015-07-01-18 23 27.524	  31.02688223 121.43968633 1.25  0.0 0.0
2015-07-01-18 23 27.648	  31.02690453 121.43968621 1.25  0.0 0.0
2015-07-01-18 23 27.749	  31.02690453 121.43968621 1.25  0.0 0.0
2015-07-01-18 23 27.852	  31.02690453 121.43968621 1.25  0.0 0.0
2015-07-01-18 23 27.956	  31.02690453 121.43968621 1.25  0.0 0.0
2015-07-01-18 23 28.060	  31.02690453 121.43968621 1.25  0.0 0.0
2015-07-01-18 23 28.166	  31.02690453 121.43968621 1.25  0.0 0.0
2015-07-01-18 23 28.271	  31.02690453 121.43968621 1.25  0.0 0.0
2015-07-01-18 23 28.373	  31.02690453 121.43968621 1.25  0.0 0.0
2015-07-01-18 23 28.475	  31.02690453 121.43968621 1.25  0.0 0.0
2015-07-01-18 23 28.586	  31.02690453 121.43968621 1.25  0.0 0.0
2015-07-01-18 23 28.687	  31.02690453 121.43968621 1.25  0.0 0.0
2015-07-01-18 23 28.792	  31.02690453 121.43968621 1.25  0.0 0.0
2015-07-01-18 23 28.899	  31.02690453 121.43968621 1.25  0.0 0.0
2015-07-01-18 23 29.003	  31.02690453 121.43968621 1.25  0.0 0.0
2015-07-01-18 23 29.107	  31.02690453 121.43968621 1.25  0.0 0.0
2015-07-01-18 23 29.209	  31.02690453 121.43968621 1.25  0.0 0.0
2015-07-01-18 23 29.312	  31.02690453 121.43968621 1.25  0.0 0.0
2015-07-01-18 23 29.416	  31.02690453 121.43968621 1.25  0.0 0.0
2015-07-01-18 23 29.521	  31.02690453 121.43968621 1.25  0.0 0.0
2015-07-01-18 23 29.627	  31.02690453 121.43968621 1.25  0.0 0.0
2015-07-01-18 23 29.729	  31.02693593 121.43968795 1.0  0.0 0.0
2015-07-01-18 23 29.831	  31.02693593 121.43968795 1.0  0.0 0.0
2015-07-01-18 23 29.933	  31.02693593 121.43968795 1.0  0.0 0.0
2015-07-01-18 23 30.036	  31.02693593 121.43968795 1.0  0.0 0.0
2015-07-01-18 23 30.151	  31.02693593 121.43968795 1.0  0.0 0.0
2015-07-01-18 23 30.252	  31.02693593 121.43968795 1.0  0.0 0.0
2015-07-01-18 23 30.353	  31.02693593 121.43968795 1.0  0.0 0.0
2015-07-01-18 23 30.454	  31.02693593 121.43968795 1.0  0.0 0.0
2015-07-01-18 23 30.557	  31.02693593 121.43968795 1.0  0.0 0.0
2015-07-01-18 23 30.669	  31.02693593 121.43968795 1.0  0.0 0.0
2015-07-01-18 23 30.771	  31.02693593 121.43968795 1.0  0.0 0.0
2015-07-01-18 23 30.875	  31.02693593 121.43968795 1.0  0.0 0.0
2015-07-01-18 23 30.977	  31.02693593 121.43968795 1.0  0.0 0.0
2015-07-01-18 23 31.081	  31.02693593 121.43968795 1.0  0.0 0.0
2015-07-01-18 23 31.194	  31.02693593 121.43968795 1.0  0.0 0.0
2015-07-01-18 23 31.298	  31.02693593 121.43968795 1.0  0.0 0.0
2015-07-01-18 23 31.407	  31.02693593 121.43968795 1.0  0.0 0.0
2015-07-01-18 23 31.513	  31.02693593 121.43968795 1.0  0.0 0.0
2015-07-01-18 23 31.620	  31.02696395 121.4396904 1.0  0.0 0.0
2015-07-01-18 23 31.740	  31.02696395 121.4396904 1.0  0.0 0.0
2015-07-01-18 23 31.842	  31.02696395 121.4396904 1.0  0.0 0.0
2015-07-01-18 23 31.943	  31.02696395 121.4396904 1.0  0.0 0.0
2015-07-01-18 23 32.049	  31.02696395 121.4396904 1.0  0.0 0.0
2015-07-01-18 23 32.156	  31.02696395 121.4396904 1.0  0.0 0.0
2015-07-01-18 23 32.261	  31.02696395 121.4396904 1.0  0.0 0.0
2015-07-01-18 23 32.365	  31.02696395 121.4396904 1.0  0.0 0.0
2015-07-01-18 23 32.467	  31.02696395 121.4396904 1.0  0.0 0.0
2015-07-01-18 23 32.570	  31.02696395 121.4396904 1.0  0.0 0.0
2015-07-01-18 23 32.701	  31.02696395 121.4396904 1.0  0.0 0.0
2015-07-01-18 23 32.802	  31.02696395 121.4396904 1.0  0.0 0.0
2015-07-01-18 23 32.909	  31.02696395 121.4396904 1.0  0.0 0.0
2015-07-01-18 23 33.018	  31.02696395 121.4396904 1.0  0.0 0.0
2015-07-01-18 23 33.123	  31.02696395 121.4396904 1.0  0.0 0.0
2015-07-01-18 23 33.227	  31.02696395 121.4396904 1.0  0.0 0.0
2015-07-01-18 23 33.329	  31.02696395 121.4396904 1.0  0.0 0.0
2015-07-01-18 23 33.431	  31.02696395 121.4396904 1.0  0.0 0.0
2015-07-01-18 23 33.533	  31.02698785 121.43968494 1.0  0.0 0.0
2015-07-01-18 23 33.684	  31.02698785 121.43968494 1.0  0.0 0.0
2015-07-01-18 23 33.786	  31.02698785 121.43968494 1.0  0.0 0.0
2015-07-01-18 23 33.888	  31.02698785 121.43968494 1.0  0.0 0.0
2015-07-01-18 23 33.994	  31.02698785 121.43968494 1.0  0.0 0.0
2015-07-01-18 23 34.097	  31.02698785 121.43968494 1.0  0.0 0.0
2015-07-01-18 23 34.200	  31.02698785 121.43968494 1.0  0.0 0.0
2015-07-01-18 23 34.304	  31.02698785 121.43968494 1.0  0.0 0.0
2015-07-01-18 23 34.416	  31.02698785 121.43968494 1.0  0.0 0.0
2015-07-01-18 23 34.519	  31.02698785 121.43968494 1.0  0.0 0.0
2015-07-01-18 23 34.628	  31.02698785 121.43968494 1.0  0.0 0.0
2015-07-01-18 23 34.730	  31.02698785 121.43968494 1.0  0.0 0.0
2015-07-01-18 23 34.832	  31.02698785 121.43968494 1.0  0.0 0.0
2015-07-01-18 23 34.934	  31.02698785 121.43968494 1.0  0.0 0.0
2015-07-01-18 23 35.037	  31.02698785 121.43968494 1.0  0.0 0.0
2015-07-01-18 23 35.140	  31.02698785 121.43968494 1.0  0.0 0.0
2015-07-01-18 23 35.245	  31.02698785 121.43968494 1.0  0.0 0.0
2015-07-01-18 23 35.348	  31.02698785 121.43968494 1.0  0.0 0.0
2015-07-01-18 23 35.453	  31.02698785 121.43968494 1.0  0.0 0.0
2015-07-01-18 23 35.560	  31.02701356 121.43967476 1.25  0.0 0.0
2015-07-01-18 23 35.713	  31.02701356 121.43967476 1.25  0.0 0.0
2015-07-01-18 23 35.814	  31.02701356 121.43967476 1.25  0.0 0.0
2015-07-01-18 23 35.916	  31.02701356 121.43967476 1.25  0.0 0.0
2015-07-01-18 23 36.017	  31.02701356 121.43967476 1.25  0.0 0.0
2015-07-01-18 23 36.126	  31.02701356 121.43967476 1.25  0.0 0.0
2015-07-01-18 23 36.229	  31.02701356 121.43967476 1.25  0.0 0.0
2015-07-01-18 23 36.336	  31.02701356 121.43967476 1.25  0.0 0.0
2015-07-01-18 23 36.442	  31.02701356 121.43967476 1.25  0.0 0.0
2015-07-01-18 23 36.552	  31.02701356 121.43967476 1.25  0.0 0.0
2015-07-01-18 23 36.653	  31.02701356 121.43967476 1.25  0.0 0.0
2015-07-01-18 23 36.757	  31.02701356 121.43967476 1.25  0.0 0.0
2015-07-01-18 23 36.859	  31.02701356 121.43967476 1.25  0.0 0.0
2015-07-01-18 23 36.970	  31.02701356 121.43967476 1.25  0.0 0.0
2015-07-01-18 23 37.074	  31.02701356 121.43967476 1.25  0.0 0.0
2015-07-01-18 23 37.176	  31.02701356 121.43967476 1.25  0.0 0.0
2015-07-01-18 23 37.279	  31.02701356 121.43967476 1.25  0.0 0.0
2015-07-01-18 23 37.388	  31.02701356 121.43967476 1.25  0.0 0.0
2015-07-01-18 23 37.493	  31.02701356 121.43967476 1.25  0.0 0.0
2015-07-01-18 23 37.600	  31.02701356 121.43967476 1.25  0.0 0.0
2015-07-01-18 23 37.706	  31.02703866 121.43966451 1.25  0.0 0.0
2015-07-01-18 23 37.813	  31.02703866 121.43966451 1.25  0.0 0.0
2015-07-01-18 23 37.914	  31.02703866 121.43966451 1.25  0.0 0.0
2015-07-01-18 23 38.016	  31.02703866 121.43966451 1.25  0.0 0.0
2015-07-01-18 23 38.118	  31.02703866 121.43966451 1.25  0.0 0.0
2015-07-01-18 23 38.227	  31.02703866 121.43966451 1.25  0.0 0.0
2015-07-01-18 23 38.329	  31.02703866 121.43966451 1.25  0.0 0.0
2015-07-01-18 23 38.432	  31.02703866 121.43966451 1.25  0.0 0.0
2015-07-01-18 23 38.541	  31.02703866 121.43966451 1.25  0.0 0.0
2015-07-01-18 23 38.660	  31.02703866 121.43966451 1.25  0.0 0.0
2015-07-01-18 23 38.777	  31.02703866 121.43966451 1.25  0.0 0.0
2015-07-01-18 23 38.879	  31.02703866 121.43966451 1.25  0.0 0.0
2015-07-01-18 23 38.984	  31.02703866 121.43966451 1.25  0.0 0.0
2015-07-01-18 23 39.097	  31.02703866 121.43966451 1.25  0.0 0.0
2015-07-01-18 23 39.199	  31.02703866 121.43966451 1.25  0.0 0.0
2015-07-01-18 23 39.300	  31.02703866 121.43966451 1.25  0.0 0.0
2015-07-01-18 23 39.407	  31.02703866 121.43966451 1.25  0.0 0.0
2015-07-01-18 23 39.519	  31.02703866 121.43966451 1.25  0.0 0.0
2015-07-01-18 23 39.621	  31.0270586 121.4396545 1.25  0.0 0.0
2015-07-01-18 23 39.722	  31.0270586 121.4396545 1.25  0.0 0.0
2015-07-01-18 23 39.824	  31.0270586 121.4396545 1.25  0.0 0.0
2015-07-01-18 23 39.928	  31.0270586 121.4396545 1.25  0.0 0.0
2015-07-01-18 23 40.033	  31.0270586 121.4396545 1.25  0.0 0.0
2015-07-01-18 23 40.138	  31.0270586 121.4396545 1.25  0.0 0.0
2015-07-01-18 23 40.243	  31.0270586 121.4396545 1.25  0.0 0.0
2015-07-01-18 23 40.347	  31.0270586 121.4396545 1.25  0.0 0.0
2015-07-01-18 23 40.451	  31.0270586 121.4396545 1.25  0.0 0.0
2015-07-01-18 23 40.556	  31.0270586 121.4396545 1.25  0.0 0.0
2015-07-01-18 23 40.663	  31.0270586 121.4396545 1.25  0.0 0.0
2015-07-01-18 23 40.764	  31.0270586 121.4396545 1.25  0.0 0.0
2015-07-01-18 23 40.866	  31.0270586 121.4396545 1.25  0.0 0.0
2015-07-01-18 23 40.968	  31.0270586 121.4396545 1.25  0.0 0.0
2015-07-01-18 23 41.072	  31.0270586 121.4396545 1.25  0.0 0.0
2015-07-01-18 23 41.175	  31.0270586 121.4396545 1.25  0.0 0.0
2015-07-01-18 23 41.280	  31.0270586 121.4396545 1.25  0.0 0.0
2015-07-01-18 23 41.386	  31.0270586 121.4396545 1.25  0.0 0.0
2015-07-01-18 23 41.488	  31.0270586 121.4396545 1.25  0.0 0.0
2015-07-01-18 23 41.589	  31.02708061 121.43964563 1.25  0.0 0.0
2015-07-01-18 23 41.692	  31.02708061 121.43964563 1.25  0.0 0.0
2015-07-01-18 23 41.794	  31.02708061 121.43964563 1.25  0.0 0.0
2015-07-01-18 23 41.896	  31.02708061 121.43964563 1.25  0.0 0.0
2015-07-01-18 23 41.998	  31.02708061 121.43964563 1.25  0.0 0.0
2015-07-01-18 23 42.100	  31.02708061 121.43964563 1.25  0.0 0.0
2015-07-01-18 23 42.207	  31.02708061 121.43964563 1.25  0.0 0.0
2015-07-01-18 23 42.313	  31.02708061 121.43964563 1.25  0.0 0.0
2015-07-01-18 23 42.415	  31.02708061 121.43964563 1.25  0.0 0.0
2015-07-01-18 23 42.516	  31.02708061 121.43964563 1.25  0.0 0.0
2015-07-01-18 23 42.620	  31.02708061 121.43964563 1.25  0.0 0.0
2015-07-01-18 23 42.721	  31.02708061 121.43964563 1.25  0.0 0.0
2015-07-01-18 23 42.823	  31.02708061 121.43964563 1.25  0.0 0.0
2015-07-01-18 23 42.928	  31.02708061 121.43964563 1.25  0.0 0.0
2015-07-01-18 23 43.032	  31.02708061 121.43964563 1.25  0.0 0.0
2015-07-01-18 23 43.137	  31.02708061 121.43964563 1.25  0.0 0.0
2015-07-01-18 23 43.238	  31.02708061 121.43964563 1.25  0.0 0.0
2015-07-01-18 23 43.340	  31.02708061 121.43964563 1.25  0.0 0.0
2015-07-01-18 23 43.442	  31.02708061 121.43964563 1.25  0.0 0.0
2015-07-01-18 23 43.554	  31.02708061 121.43964563 1.25  0.0 0.0
2015-07-01-18 23 43.656	  31.02710228 121.43963774 1.25  0.0 0.0
2015-07-01-18 23 43.757	  31.02710228 121.43963774 1.25  0.0 0.0
2015-07-01-18 23 43.860	  31.02710228 121.43963774 1.25  0.0 0.0
2015-07-01-18 23 43.965	  31.02710228 121.43963774 1.25  0.0 0.0
2015-07-01-18 23 44.080	  31.02710228 121.43963774 1.25  0.0 0.0
2015-07-01-18 23 44.183	  31.02710228 121.43963774 1.25  0.0 0.0
2015-07-01-18 23 44.285	  31.02710228 121.43963774 1.25  0.0 0.0
2015-07-01-18 23 44.393	  31.02710228 121.43963774 1.25  0.0 0.0
2015-07-01-18 23 44.496	  31.02710228 121.43963774 1.25  0.0 0.0
2015-07-01-18 23 44.600	  31.02710228 121.43963774 1.25  0.0 0.0
2015-07-01-18 23 44.710	  31.02710228 121.43963774 1.25  0.0 0.0
2015-07-01-18 23 44.813	  31.02710228 121.43963774 1.25  0.0 0.0
2015-07-01-18 23 44.915	  31.02710228 121.43963774 1.25  0.0 0.0
2015-07-01-18 23 45.021	  31.02710228 121.43963774 1.25  0.0 0.0
2015-07-01-18 23 45.129	  31.02710228 121.43963774 1.25  0.0 0.0
2015-07-01-18 23 45.235	  31.02710228 121.43963774 1.25  0.0 0.0
2015-07-01-18 23 45.350	  31.02710228 121.43963774 1.25  0.0 0.0
2015-07-01-18 23 45.451	  31.02710228 121.43963774 1.25  0.0 0.0
2015-07-01-18 23 45.553	  31.02710228 121.43963774 1.25  0.0 0.0
2015-07-01-18 23 45.659	  31.02712276 121.4396282 1.25  0.0 0.0
2015-07-01-18 23 45.761	  31.02712276 121.4396282 1.25  0.0 0.0
2015-07-01-18 23 45.863	  31.02712276 121.4396282 1.25  0.0 0.0
2015-07-01-18 23 45.976	  31.02712276 121.4396282 1.25  0.0 0.0
2015-07-01-18 23 46.078	  31.02712276 121.4396282 1.25  0.0 0.0
2015-07-01-18 23 46.181	  31.02712276 121.4396282 1.25  0.0 0.0
2015-07-01-18 23 46.296	  31.02712276 121.4396282 1.25  0.0 0.0
2015-07-01-18 23 46.399	  31.02712276 121.4396282 1.25  0.0 0.0
2015-07-01-18 23 46.502	  31.02712276 121.4396282 1.25  0.0 0.0
2015-07-01-18 23 46.610	  31.02712276 121.4396282 1.25  0.0 0.0
2015-07-01-18 23 46.713	  31.02712276 121.4396282 1.25  0.0 0.0
2015-07-01-18 23 46.817	  31.02712276 121.4396282 1.25  0.0 0.0
2015-07-01-18 23 46.926	  31.02712276 121.4396282 1.25  0.0 0.0
2015-07-01-18 23 47.029	  31.02712276 121.4396282 1.25  0.0 0.0
2015-07-01-18 23 47.132	  31.02712276 121.4396282 1.25  0.0 0.0
2015-07-01-18 23 47.240	  31.02712276 121.4396282 1.25  0.0 0.0
2015-07-01-18 23 47.348	  31.02712276 121.4396282 1.25  0.0 0.0
2015-07-01-18 23 47.453	  31.02712276 121.4396282 1.25  0.0 0.0
2015-07-01-18 23 47.567	  31.02714177 121.43961298 1.25  0.0 0.0
2015-07-01-18 23 47.672	  31.02714177 121.43961298 1.25  0.0 0.0
2015-07-01-18 23 47.775	  31.02714177 121.43961298 1.25  0.0 0.0
2015-07-01-18 23 47.880	  31.02714177 121.43961298 1.25  0.0 0.0
2015-07-01-18 23 47.982	  31.02714177 121.43961298 1.25  0.0 0.0
2015-07-01-18 23 48.085	  31.02714177 121.43961298 1.25  0.0 0.0
2015-07-01-18 23 48.196	  31.02714177 121.43961298 1.25  0.0 0.0
2015-07-01-18 23 48.299	  31.02714177 121.43961298 1.25  0.0 0.0
2015-07-01-18 23 48.401	  31.02714177 121.43961298 1.25  0.0 0.0
2015-07-01-18 23 48.506	  31.02714177 121.43961298 1.25  0.0 0.0
2015-07-01-18 23 48.609	  31.02714177 121.43961298 1.25  0.0 0.0
2015-07-01-18 23 48.711	  31.02714177 121.43961298 1.25  0.0 0.0
2015-07-01-18 23 48.814	  31.02714177 121.43961298 1.25  0.0 0.0
2015-07-01-18 23 48.917	  31.02714177 121.43961298 1.25  0.0 0.0
2015-07-01-18 23 49.019	  31.02714177 121.43961298 1.25  0.0 0.0
2015-07-01-18 23 49.123	  31.02714177 121.43961298 1.25  0.0 0.0
2015-07-01-18 23 49.235	  31.02714177 121.43961298 1.25  0.0 0.0
2015-07-01-18 23 49.338	  31.02714177 121.43961298 1.25  0.0 0.0
2015-07-01-18 23 49.441	  31.02714177 121.43961298 1.25  0.0 0.0
2015-07-01-18 23 49.546	  31.0271605 121.4395974 1.25  0.0 0.0
2015-07-01-18 23 49.648	  31.0271605 121.4395974 1.25  0.0 0.0
2015-07-01-18 23 49.749	  31.0271605 121.4395974 1.25  0.0 0.0
2015-07-01-18 23 49.857	  31.0271605 121.4395974 1.25  0.0 0.0
2015-07-01-18 23 49.961	  31.0271605 121.4395974 1.25  0.0 0.0
2015-07-01-18 23 50.066	  31.0271605 121.4395974 1.25  0.0 0.0
2015-07-01-18 23 50.177	  31.0271605 121.4395974 1.25  0.0 0.0
2015-07-01-18 23 50.280	  31.0271605 121.4395974 1.25  0.0 0.0
2015-07-01-18 23 50.390	  31.0271605 121.4395974 1.25  0.0 0.0
2015-07-01-18 23 50.505	  31.0271605 121.4395974 1.25  0.0 0.0
2015-07-01-18 23 50.609	  31.0271605 121.4395974 1.25  0.0 0.0
2015-07-01-18 23 50.710	  31.0271605 121.4395974 1.25  0.0 0.0
2015-07-01-18 23 50.840	  31.0271605 121.4395974 1.25  0.0 0.0
2015-07-01-18 23 50.943	  31.0271605 121.4395974 1.25  0.0 0.0
2015-07-01-18 23 51.049	  31.0271605 121.4395974 1.25  0.0 0.0
2015-07-01-18 23 51.151	  31.0271605 121.4395974 1.25  0.0 0.0
2015-07-01-18 23 51.253	  31.0271605 121.4395974 1.25  0.0 0.0
2015-07-01-18 23 51.364	  31.0271605 121.4395974 1.25  0.0 0.0
2015-07-01-18 23 51.466	  31.0271605 121.4395974 1.25  0.0 0.0
2015-07-01-18 23 51.569	  31.02718011 121.43958523 1.25  0.0 0.0
2015-07-01-18 23 51.689	  31.02718011 121.43958523 1.25  0.0 0.0
2015-07-01-18 23 51.790	  31.02718011 121.43958523 1.25  0.0 0.0
2015-07-01-18 23 51.894	  31.02718011 121.43958523 1.25  0.0 0.0
2015-07-01-18 23 52.035	  31.02718011 121.43958523 1.25  0.0 0.0
2015-07-01-18 23 52.137	  31.02718011 121.43958523 1.25  0.0 0.0
2015-07-01-18 23 52.240	  31.02718011 121.43958523 1.25  0.0 0.0
2015-07-01-18 23 52.342	  31.02718011 121.43958523 1.25  0.0 0.0
2015-07-01-18 23 52.443	  31.02718011 121.43958523 1.25  0.0 0.0
2015-07-01-18 23 52.585	  31.02718011 121.43958523 1.25  0.0 0.0
2015-07-01-18 23 52.687	  31.02718011 121.43958523 1.25  0.0 0.0
2015-07-01-18 23 52.797	  31.02718011 121.43958523 1.25  0.0 0.0
2015-07-01-18 23 52.899	  31.02718011 121.43958523 1.25  0.0 0.0
2015-07-01-18 23 53.004	  31.02718011 121.43958523 1.25  0.0 0.0
2015-07-01-18 23 53.150	  31.02718011 121.43958523 1.25  0.0 0.0
2015-07-01-18 23 53.253	  31.02718011 121.43958523 1.25  0.0 0.0
2015-07-01-18 23 53.357	  31.02718011 121.43958523 1.25  0.0 0.0
2015-07-01-18 23 53.459	  31.02718011 121.43958523 1.25  0.0 0.0
2015-07-01-18 23 53.563	  31.02718011 121.43958523 1.25  0.0 0.0
2015-07-01-18 23 53.698	  31.02720184 121.43957512 1.25  0.0 0.0
2015-07-01-18 23 53.805	  31.02720184 121.43957512 1.25  0.0 0.0
2015-07-01-18 23 53.909	  31.02720184 121.43957512 1.25  0.0 0.0
2015-07-01-18 23 54.014	  31.02720184 121.43957512 1.25  0.0 0.0
2015-07-01-18 23 54.116	  31.02720184 121.43957512 1.25  0.0 0.0
2015-07-01-18 23 54.217	  31.02720184 121.43957512 1.25  0.0 0.0
2015-07-01-18 23 54.340	  31.02720184 121.43957512 1.25  0.0 0.0
2015-07-01-18 23 54.442	  31.02720184 121.43957512 1.25  0.0 0.0
2015-07-01-18 23 54.589	  31.02720184 121.43957512 1.25  0.0 0.0
2015-07-01-18 23 54.696	  31.02720184 121.43957512 1.25  0.0 0.0
2015-07-01-18 23 54.801	  31.02720184 121.43957512 1.25  0.0 0.0
2015-07-01-18 23 54.902	  31.02720184 121.43957512 1.25  0.0 0.0
2015-07-01-18 23 55.004	  31.02720184 121.43957512 1.25  0.0 0.0
2015-07-01-18 23 55.139	  31.02720184 121.43957512 1.25  0.0 0.0
2015-07-01-18 23 55.240	  31.02720184 121.43957512 1.25  0.0 0.0
2015-07-01-18 23 55.345	  31.02720184 121.43957512 1.25  0.0 0.0
2015-07-01-18 23 55.448	  31.02720184 121.43957512 1.25  0.0 0.0
2015-07-01-18 23 55.551	  31.02720184 121.43957512 1.25  0.0 0.0
2015-07-01-18 23 55.653	  31.02722427 121.4395677 1.25  0.0 0.0
2015-07-01-18 23 55.755	  31.02722427 121.4395677 1.25  0.0 0.0
2015-07-01-18 23 55.896	  31.02722427 121.4395677 1.25  0.0 0.0
2015-07-01-18 23 55.999	  31.02722427 121.4395677 1.25  0.0 0.0
2015-07-01-18 23 56.112	  31.02722427 121.4395677 1.25  0.0 0.0
2015-07-01-18 23 56.214	  31.02722427 121.4395677 1.25  0.0 0.0
2015-07-01-18 23 56.317	  31.02722427 121.4395677 1.25  0.0 0.0
2015-07-01-18 23 56.425	  31.02722427 121.4395677 1.25  0.0 0.0
2015-07-01-18 23 56.531	  31.02722427 121.4395677 1.25  0.0 0.0
2015-07-01-18 23 56.641	  31.02722427 121.4395677 1.25  0.0 0.0
2015-07-01-18 23 56.743	  31.02722427 121.4395677 1.25  0.0 0.0
2015-07-01-18 23 56.891	  31.02722427 121.4395677 1.25  0.0 0.0
2015-07-01-18 23 56.995	  31.02722427 121.4395677 1.25  0.0 0.0
2015-07-01-18 23 57.100	  31.02722427 121.4395677 1.25  0.0 0.0
2015-07-01-18 23 57.204	  31.02722427 121.4395677 1.25  0.0 0.0
2015-07-01-18 23 57.308	  31.02722427 121.4395677 1.25  0.0 0.0
2015-07-01-18 23 57.411	  31.02722427 121.4395677 1.25  0.0 0.0
2015-07-01-18 23 57.515	  31.02722427 121.4395677 1.25  0.0 0.0
2015-07-01-18 23 57.622	  31.02724501 121.43955846 1.25  0.0 0.0
2015-07-01-18 23 57.724	  31.02724501 121.43955846 1.25  0.0 0.0
2015-07-01-18 23 57.827	  31.02724501 121.43955846 1.25  0.0 0.0
2015-07-01-18 23 57.930	  31.02724501 121.43955846 1.25  0.0 0.0
2015-07-01-18 23 58.031	  31.02724501 121.43955846 1.25  0.0 0.0
2015-07-01-18 23 58.133	  31.02724501 121.43955846 1.25  0.0 0.0
2015-07-01-18 23 58.235	  31.02724501 121.43955846 1.25  0.0 0.0
2015-07-01-18 23 58.336	  31.02724501 121.43955846 1.25  0.0 0.0
2015-07-01-18 23 58.438	  31.02724501 121.43955846 1.25  0.0 0.0
2015-07-01-18 23 58.549	  31.02724501 121.43955846 1.25  0.0 0.0
2015-07-01-18 23 58.653	  31.02724501 121.43955846 1.25  0.0 0.0
2015-07-01-18 23 58.758	  31.02724501 121.43955846 1.25  0.0 0.0
2015-07-01-18 23 58.904	  31.02724501 121.43955846 1.25  0.0 0.0
2015-07-01-18 23 59.011	  31.02724501 121.43955846 1.25  0.0 0.0
2015-07-01-18 23 59.173	  31.02724501 121.43955846 1.25  0.0 0.0
2015-07-01-18 23 59.278	  31.02724501 121.43955846 1.25  0.0 0.0
2015-07-01-18 23 59.406	  31.02724501 121.43955846 1.25  0.0 0.0
2015-07-01-18 23 59.509	  31.02724501 121.43955846 1.25  0.0 0.0
2015-07-01-18 23 59.646	  31.02726684 121.43954841 1.25  0.0 0.0
2015-07-01-18 23 59.752	  31.02726684 121.43954841 1.25  0.0 0.0
2015-07-01-18 23 59.905	  31.02726684 121.43954841 1.25  0.0 0.0
2015-07-01-18 24 00.007	  31.02726684 121.43954841 1.25  0.0 0.0
2015-07-01-18 24 00.164	  31.02726684 121.43954841 1.25  0.0 0.0
2015-07-01-18 24 00.267	  31.02726684 121.43954841 1.25  0.0 0.0
2015-07-01-18 24 00.410	  31.02726684 121.43954841 1.25  0.0 0.0
2015-07-01-18 24 00.513	  31.02726684 121.43954841 1.25  0.0 0.0
2015-07-01-18 24 00.658	  31.02726684 121.43954841 1.25  0.0 0.0
2015-07-01-18 24 00.762	  31.02726684 121.43954841 1.25  0.0 0.0
2015-07-01-18 24 00.888	  31.02726684 121.43954841 1.25  0.0 0.0
2015-07-01-18 24 00.991	  31.02726684 121.43954841 1.25  0.0 0.0
2015-07-01-18 24 01.156	  31.02726684 121.43954841 1.25  0.0 0.0
2015-07-01-18 24 01.261	  31.02726684 121.43954841 1.25  0.0 0.0
2015-07-01-18 24 01.427	  31.02726684 121.43954841 1.25  0.0 0.0
2015-07-01-18 24 01.528	  31.02726684 121.43954841 1.25  0.0 0.0
2015-07-01-18 24 01.677	  31.02726684 121.43954841 1.25  0.0 0.0
2015-07-01-18 24 01.784	  31.02728887 121.4395392 1.25  0.0 0.0
2015-07-01-18 24 01.916	  31.02728887 121.4395392 1.25  0.0 0.0
2015-07-01-18 24 02.019	  31.02728887 121.4395392 1.25  0.0 0.0
2015-07-01-18 24 02.196	  31.02728887 121.4395392 1.25  0.0 0.0
2015-07-01-18 24 02.298	  31.02728887 121.4395392 1.25  0.0 0.0
2015-07-01-18 24 02.448	  31.02728887 121.4395392 1.25  0.0 0.0
2015-07-01-18 24 02.551	  31.02728887 121.4395392 1.25  0.0 0.0
2015-07-01-18 24 02.680	  31.02728887 121.4395392 1.25  0.0 0.0
2015-07-01-18 24 02.785	  31.02728887 121.4395392 1.25  0.0 0.0
2015-07-01-18 24 02.936	  31.02728887 121.4395392 1.25  0.0 0.0
2015-07-01-18 24 03.042	  31.02728887 121.4395392 1.25  0.0 0.0
2015-07-01-18 24 03.161	  31.02728887 121.4395392 1.25  0.0 0.0
2015-07-01-18 24 03.273	  31.02728887 121.4395392 1.25  0.0 0.0
2015-07-01-18 24 03.461	  31.02728887 121.4395392 1.25  0.0 0.0
2015-07-01-18 24 03.566	  31.02730934 121.4395283 1.25  0.0 0.0
2015-07-01-18 24 03.763	  31.02730934 121.4395283 1.25  0.0 0.0
2015-07-01-18 24 03.865	  31.02730934 121.4395283 1.25  0.0 0.0
2015-07-01-18 24 03.968	  31.02730934 121.4395283 1.25  0.0 0.0
2015-07-01-18 24 04.081	  31.02730934 121.4395283 1.25  0.0 0.0
2015-07-01-18 24 04.185	  31.02730934 121.4395283 1.25  0.0 0.0
2015-07-01-18 24 04.304	  31.02730934 121.4395283 1.25  0.0 0.0
2015-07-01-18 24 04.405	  31.02730934 121.4395283 1.25  0.0 0.0
2015-07-01-18 24 04.535	  31.02730934 121.4395283 1.25  0.0 0.0
2015-07-01-18 24 04.640	  31.02730934 121.4395283 1.25  0.0 0.0
2015-07-01-18 24 04.741	  31.02730934 121.4395283 1.25  0.0 0.0
2015-07-01-18 24 04.850	  31.02730934 121.4395283 1.25  0.0 0.0
2015-07-01-18 24 04.951	  31.02730934 121.4395283 1.25  0.0 0.0
2015-07-01-18 24 05.061	  31.02730934 121.4395283 1.25  0.0 0.0
2015-07-01-18 24 05.165	  31.02730934 121.4395283 1.25  0.0 0.0
2015-07-01-18 24 05.270	  31.02730934 121.4395283 1.25  0.0 0.0
2015-07-01-18 24 05.372	  31.02730934 121.4395283 1.25  0.0 0.0
2015-07-01-18 24 05.516	  31.02730934 121.4395283 1.25  0.0 0.0
2015-07-01-18 24 05.622	  31.02733022 121.43951765 1.25  0.0 0.0
2015-07-01-18 24 05.736	  31.02733022 121.43951765 1.25  0.0 0.0
2015-07-01-18 24 05.839	  31.02733022 121.43951765 1.25  0.0 0.0
2015-07-01-18 24 05.946	  31.02733022 121.43951765 1.25  0.0 0.0
2015-07-01-18 24 06.057	  31.02733022 121.43951765 1.25  0.0 0.0
2015-07-01-18 24 06.162	  31.02733022 121.43951765 1.25  0.0 0.0
2015-07-01-18 24 06.302	  31.02733022 121.43951765 1.25  0.0 0.0
2015-07-01-18 24 06.404	  31.02733022 121.43951765 1.25  0.0 0.0
2015-07-01-18 24 06.571	  31.02733022 121.43951765 1.25  0.0 0.0
2015-07-01-18 24 06.674	  31.02733022 121.43951765 1.25  0.0 0.0
2015-07-01-18 24 06.776	  31.02733022 121.43951765 1.25  0.0 0.0
2015-07-01-18 24 06.883	  31.02733022 121.43951765 1.25  0.0 0.0
2015-07-01-18 24 06.987	  31.02733022 121.43951765 1.25  0.0 0.0
2015-07-01-18 24 07.151	  31.02733022 121.43951765 1.25  0.0 0.0
2015-07-01-18 24 07.254	  31.02733022 121.43951765 1.25  0.0 0.0
2015-07-01-18 24 07.399	  31.02733022 121.43951765 1.25  0.0 0.0
2015-07-01-18 24 07.500	  31.02733022 121.43951765 1.25  0.0 0.0
2015-07-01-18 24 07.602	  31.02735287 121.43950871 1.25  0.0 0.0
2015-07-01-18 24 07.708	  31.02735287 121.43950871 1.25  0.0 0.0
2015-07-01-18 24 07.812	  31.02735287 121.43950871 1.25  0.0 0.0
2015-07-01-18 24 07.986	  31.02735287 121.43950871 1.25  0.0 0.0
2015-07-01-18 24 08.096	  31.02735287 121.43950871 1.25  0.0 0.0
2015-07-01-18 24 08.258	  31.02735287 121.43950871 1.25  0.0 0.0
2015-07-01-18 24 08.360	  31.02735287 121.43950871 1.25  0.0 0.0
2015-07-01-18 24 08.467	  31.02735287 121.43950871 1.25  0.0 0.0
2015-07-01-18 24 08.569	  31.02735287 121.43950871 1.25  0.0 0.0
2015-07-01-18 24 08.722	  31.02735287 121.43950871 1.25  0.0 0.0
2015-07-01-18 24 08.825	  31.02735287 121.43950871 1.25  0.0 0.0
2015-07-01-18 24 08.954	  31.02735287 121.43950871 1.25  0.0 0.0
2015-07-01-18 24 09.058	  31.02735287 121.43950871 1.25  0.0 0.0
2015-07-01-18 24 09.166	  31.02735287 121.43950871 1.25  0.0 0.0
2015-07-01-18 24 09.311	  31.02735287 121.43950871 1.25  0.0 0.0
2015-07-01-18 24 09.452	  31.02735287 121.43950871 1.25  0.0 0.0
2015-07-01-18 24 09.559	  31.02735287 121.43950871 1.25  0.0 0.0
2015-07-01-18 24 09.665	  31.02735287 121.43950871 1.25  0.0 0.0
2015-07-01-18 24 09.840	  31.0273786 121.43949952 1.25  0.0 0.0
2015-07-01-18 24 09.942	  31.0273786 121.43949952 1.25  0.0 0.0
2015-07-01-18 24 10.089	  31.0273786 121.43949952 1.25  0.0 0.0
2015-07-01-18 24 10.203	  31.0273786 121.43949952 1.25  0.0 0.0
2015-07-01-18 24 10.306	  31.0273786 121.43949952 1.25  0.0 0.0
2015-07-01-18 24 10.445	  31.0273786 121.43949952 1.25  0.0 0.0
2015-07-01-18 24 10.552	  31.0273786 121.43949952 1.25  0.0 0.0
2015-07-01-18 24 10.719	  31.0273786 121.43949952 1.25  0.0 0.0
2015-07-01-18 24 10.848	  31.0273786 121.43949952 1.25  0.0 0.0
2015-07-01-18 24 10.950	  31.0273786 121.43949952 1.25  0.0 0.0
2015-07-01-18 24 11.098	  31.0273786 121.43949952 1.25  0.0 0.0
2015-07-01-18 24 11.203	  31.0273786 121.43949952 1.25  0.0 0.0
2015-07-01-18 24 11.306	  31.0273786 121.43949952 1.25  0.0 0.0
2015-07-01-18 24 11.412	  31.0273786 121.43949952 1.25  0.0 0.0
2015-07-01-18 24 11.514	  31.0273786 121.43949952 1.25  0.0 0.0
2015-07-01-18 24 11.646	  31.02740533 121.43949286 1.25  0.0 0.0
2015-07-01-18 24 11.754	  31.02740533 121.43949286 1.25  0.0 0.0
2015-07-01-18 24 11.857	  31.02740533 121.43949286 1.25  0.0 0.0
2015-07-01-18 24 11.999	  31.02740533 121.43949286 1.25  0.0 0.0
2015-07-01-18 24 12.114	  31.02740533 121.43949286 1.25  0.0 0.0
2015-07-01-18 24 12.217	  31.02740533 121.43949286 1.25  0.0 0.0
2015-07-01-18 24 12.359	  31.02740533 121.43949286 1.25  0.0 0.0
2015-07-01-18 24 12.464	  31.02740533 121.43949286 1.25  0.0 0.0
2015-07-01-18 24 12.570	  31.02740533 121.43949286 1.25  0.0 0.0
2015-07-01-18 24 12.695	  31.02740533 121.43949286 1.25  0.0 0.0
2015-07-01-18 24 12.797	  31.02740533 121.43949286 1.25  0.0 0.0
2015-07-01-18 24 12.911	  31.02740533 121.43949286 1.25  0.0 0.0
2015-07-01-18 24 13.016	  31.02740533 121.43949286 1.25  0.0 0.0
2015-07-01-18 24 13.119	  31.02740533 121.43949286 1.25  0.0 0.0
2015-07-01-18 24 13.256	  31.02740533 121.43949286 1.25  0.0 0.0
2015-07-01-18 24 13.370	  31.02740533 121.43949286 1.25  0.0 0.0
2015-07-01-18 24 13.472	  31.02740533 121.43949286 1.25  0.0 0.0
2015-07-01-18 24 13.587	  31.02743166 121.43948083 1.25  0.0 0.0
2015-07-01-18 24 13.690	  31.02743166 121.43948083 1.25  0.0 0.0
2015-07-01-18 24 13.795	  31.02743166 121.43948083 1.25  0.0 0.0
2015-07-01-18 24 13.909	  31.02743166 121.43948083 1.25  0.0 0.0
2015-07-01-18 24 14.013	  31.02743166 121.43948083 1.25  0.0 0.0
2015-07-01-18 24 14.179	  31.02743166 121.43948083 1.25  0.0 0.0
2015-07-01-18 24 14.296	  31.02743166 121.43948083 1.25  0.0 0.0
2015-07-01-18 24 14.444	  31.02743166 121.43948083 1.25  0.0 0.0
2015-07-01-18 24 14.547	  31.02743166 121.43948083 1.25  0.0 0.0
2015-07-01-18 24 14.703	  31.02743166 121.43948083 1.25  0.0 0.0
2015-07-01-18 24 14.814	  31.02743166 121.43948083 1.25  0.0 0.0
2015-07-01-18 24 14.921	  31.02743166 121.43948083 1.25  0.0 0.0
2015-07-01-18 24 15.083	  31.02743166 121.43948083 1.25  0.0 0.0
2015-07-01-18 24 15.184	  31.02743166 121.43948083 1.25  0.0 0.0
2015-07-01-18 24 15.287	  31.02743166 121.43948083 1.25  0.0 0.0
2015-07-01-18 24 15.452	  31.02743166 121.43948083 1.25  0.0 0.0
2015-07-01-18 24 15.554	  31.02745645 121.43947072 1.25  0.0 0.0
2015-07-01-18 24 15.702	  31.02745645 121.43947072 1.25  0.0 0.0
2015-07-01-18 24 15.837	  31.02745645 121.43947072 1.25  0.0 0.0
2015-07-01-18 24 15.940	  31.02745645 121.43947072 1.25  0.0 0.0
2015-07-01-18 24 16.111	  31.02745645 121.43947072 1.25  0.0 0.0
2015-07-01-18 24 16.255	  31.02745645 121.43947072 1.25  0.0 0.0
2015-07-01-18 24 16.358	  31.02745645 121.43947072 1.25  0.0 0.0
2015-07-01-18 24 16.494	  31.02745645 121.43947072 1.25  0.0 0.0
2015-07-01-18 24 16.632	  31.02745645 121.43947072 1.25  0.0 0.0
2015-07-01-18 24 16.743	  31.02745645 121.43947072 1.25  0.0 0.0
2015-07-01-18 24 16.857	  31.02745645 121.43947072 1.25  0.0 0.0
2015-07-01-18 24 16.996	  31.02745645 121.43947072 1.25  0.0 0.0
2015-07-01-18 24 17.102	  31.02745645 121.43947072 1.25  0.0 0.0
2015-07-01-18 24 17.262	  31.02745645 121.43947072 1.25  0.0 0.0
2015-07-01-18 24 17.377	  31.02745645 121.43947072 1.25  0.0 0.0
2015-07-01-18 24 17.479	  31.02745645 121.43947072 1.25  0.0 0.0
2015-07-01-18 24 17.603	  31.02745645 121.43947072 1.25  0.0 0.0
2015-07-01-18 24 17.756	  31.02748029 121.43946109 1.25  0.0 0.0
2015-07-01-18 24 17.857	  31.02748029 121.43946109 1.25  0.0 0.0
2015-07-01-18 24 17.995	  31.02748029 121.43946109 1.25  0.0 0.0
2015-07-01-18 24 18.168	  31.02748029 121.43946109 1.25  0.0 0.0
2015-07-01-18 24 18.271	  31.02748029 121.43946109 1.25  0.0 0.0
2015-07-01-18 24 18.381	  31.02748029 121.43946109 1.25  0.0 0.0
2015-07-01-18 24 18.527	  31.02748029 121.43946109 1.25  0.0 0.0
2015-07-01-18 24 18.630	  31.02748029 121.43946109 1.25  0.0 0.0
2015-07-01-18 24 18.784	  31.02748029 121.43946109 1.25  0.0 0.0
2015-07-01-18 24 18.905	  31.02748029 121.43946109 1.25  0.0 0.0
2015-07-01-18 24 19.007	  31.02748029 121.43946109 1.25  0.0 0.0
2015-07-01-18 24 19.122	  31.02748029 121.43946109 1.25  0.0 0.0
2015-07-01-18 24 19.258	  31.02748029 121.43946109 1.25  0.0 0.0
2015-07-01-18 24 19.361	  31.02748029 121.43946109 1.25  0.0 0.0
2015-07-01-18 24 19.519	  31.02748029 121.43946109 1.25  0.0 0.0
2015-07-01-18 24 19.623	  31.02750406 121.43944941 1.25  0.0 0.0
2015-07-01-18 24 19.750	  31.02750406 121.43944941 1.25  0.0 0.0
2015-07-01-18 24 19.891	  31.02750406 121.43944941 1.25  0.0 0.0
2015-07-01-18 24 19.996	  31.02750406 121.43944941 1.25  0.0 0.0
2015-07-01-18 24 20.152	  31.02750406 121.43944941 1.25  0.0 0.0
2015-07-01-18 24 20.293	  31.02750406 121.43944941 1.25  0.0 0.0
2015-07-01-18 24 20.397	  31.02750406 121.43944941 1.25  0.0 0.0
2015-07-01-18 24 20.553	  31.02750406 121.43944941 1.25  0.0 0.0
2015-07-01-18 24 20.716	  31.02750406 121.43944941 1.25  0.0 0.0
2015-07-01-18 24 20.819	  31.02750406 121.43944941 1.25  0.0 0.0
2015-07-01-18 24 20.922	  31.02750406 121.43944941 1.25  0.0 0.0
2015-07-01-18 24 21.066	  31.02750406 121.43944941 1.25  0.0 0.0
2015-07-01-18 24 21.176	  31.02750406 121.43944941 1.25  0.0 0.0
2015-07-01-18 24 21.314	  31.02750406 121.43944941 1.25  0.0 0.0
2015-07-01-18 24 21.465	  31.02750406 121.43944941 1.25  0.0 0.0
2015-07-01-18 24 21.575	  31.02752673 121.43944084 1.25  0.0 0.0
2015-07-01-18 24 21.677	  31.02752673 121.43944084 1.25  0.0 0.0
2015-07-01-18 24 21.818	  31.02752673 121.43944084 1.25  0.0 0.0
2015-07-01-18 24 21.922	  31.02752673 121.43944084 1.25  0.0 0.0
2015-07-01-18 24 22.044	  31.02752673 121.43944084 1.25  0.0 0.0
2015-07-01-18 24 22.164	  31.02752673 121.43944084 1.25  0.0 0.0
2015-07-01-18 24 22.269	  31.02752673 121.43944084 1.25  0.0 0.0
2015-07-01-18 24 22.397	  31.02752673 121.43944084 1.25  0.0 0.0
2015-07-01-18 24 22.513	  31.02752673 121.43944084 1.25  0.0 0.0
2015-07-01-18 24 22.616	  31.02752673 121.43944084 1.25  0.0 0.0
2015-07-01-18 24 22.719	  31.02752673 121.43944084 1.25  0.0 0.0
2015-07-01-18 24 22.867	  31.02752673 121.43944084 1.25  0.0 0.0
2015-07-01-18 24 22.972	  31.02752673 121.43944084 1.25  0.0 0.0
2015-07-01-18 24 23.090	  31.02752673 121.43944084 1.25  0.0 0.0
2015-07-01-18 24 23.223	  31.02752673 121.43944084 1.25  0.0 0.0
2015-07-01-18 24 23.327	  31.02752673 121.43944084 1.25  0.0 0.0
2015-07-01-18 24 23.429	  31.02752673 121.43944084 1.25  0.0 0.0
2015-07-01-18 24 23.563	  31.02754751 121.43942944 1.25  0.0 0.0
2015-07-01-18 24 23.703	  31.02754751 121.43942944 1.25  0.0 0.0
2015-07-01-18 24 23.805	  31.02754751 121.43942944 1.25  0.0 0.0
2015-07-01-18 24 23.954	  31.02754751 121.43942944 1.25  0.0 0.0
2015-07-01-18 24 24.056	  31.02754751 121.43942944 1.25  0.0 0.0
2015-07-01-18 24 24.173	  31.02754751 121.43942944 1.25  0.0 0.0
2015-07-01-18 24 24.339	  31.02754751 121.43942944 1.25  0.0 0.0
2015-07-01-18 24 24.460	  31.02754751 121.43942944 1.25  0.0 0.0
2015-07-01-18 24 24.596	  31.02754751 121.43942944 1.25  0.0 0.0
2015-07-01-18 24 24.720	  31.02754751 121.43942944 1.25  0.0 0.0
2015-07-01-18 24 24.841	  31.02754751 121.43942944 1.25  0.0 0.0
2015-07-01-18 24 24.999	  31.02754751 121.43942944 1.25  0.0 0.0
2015-07-01-18 24 25.138	  31.02754751 121.43942944 1.25  0.0 0.0
2015-07-01-18 24 25.256	  31.02754751 121.43942944 1.25  0.0 0.0
2015-07-01-18 24 25.394	  31.02754751 121.43942944 1.25  0.0 0.0
2015-07-01-18 24 25.551	  31.02754751 121.43942944 1.25  0.0 0.0
2015-07-01-18 24 25.709	  31.0275664 121.43941591 1.25  0.0 0.0
2015-07-01-18 24 25.862	  31.0275664 121.43941591 1.25  0.0 0.0
2015-07-01-18 24 25.981	  31.0275664 121.43941591 1.25  0.0 0.0
2015-07-01-18 24 26.132	  31.0275664 121.43941591 1.25  0.0 0.0
2015-07-01-18 24 26.269	  31.0275664 121.43941591 1.25  0.0 0.0
2015-07-01-18 24 26.412	  31.0275664 121.43941591 1.25  0.0 0.0
2015-07-01-18 24 26.552	  31.0275664 121.43941591 1.25  0.0 0.0
2015-07-01-18 24 26.698	  31.0275664 121.43941591 1.25  0.0 0.0
2015-07-01-18 24 26.817	  31.0275664 121.43941591 1.25  0.0 0.0
2015-07-01-18 24 26.935	  31.0275664 121.43941591 1.25  0.0 0.0
2015-07-01-18 24 27.050	  31.0275664 121.43941591 1.25  0.0 0.0
2015-07-01-18 24 27.152	  31.0275664 121.43941591 1.25  0.0 0.0
2015-07-01-18 24 27.260	  31.0275664 121.43941591 1.25  0.0 0.0
2015-07-01-18 24 27.445	  31.0275664 121.43941591 1.25  0.0 0.0
2015-07-01-18 24 27.547	  31.0275664 121.43941591 1.25  0.0 0.0
2015-07-01-18 24 27.702	  31.02758642 121.43940716 1.25  0.0 0.0
2015-07-01-18 24 27.824	  31.02758642 121.43940716 1.25  0.0 0.0
2015-07-01-18 24 27.932	  31.02758642 121.43940716 1.25  0.0 0.0
2015-07-01-18 24 28.035	  31.02758642 121.43940716 1.25  0.0 0.0
2015-07-01-18 24 28.212	  31.02758642 121.43940716 1.25  0.0 0.0
2015-07-01-18 24 28.319	  31.02758642 121.43940716 1.25  0.0 0.0
2015-07-01-18 24 28.422	  31.02758642 121.43940716 1.25  0.0 0.0
2015-07-01-18 24 28.600	  31.02758642 121.43940716 1.25  0.0 0.0
2015-07-01-18 24 28.720	  31.02758642 121.43940716 1.25  0.0 0.0
2015-07-01-18 24 28.828	  31.02758642 121.43940716 1.25  0.0 0.0
2015-07-01-18 24 28.931	  31.02758642 121.43940716 1.25  0.0 0.0
2015-07-01-18 24 29.078	  31.02758642 121.43940716 1.25  0.0 0.0
2015-07-01-18 24 29.207	  31.02758642 121.43940716 1.25  0.0 0.0
2015-07-01-18 24 29.313	  31.02758642 121.43940716 1.25  0.0 0.0
2015-07-01-18 24 29.416	  31.02758642 121.43940716 1.25  0.0 0.0
2015-07-01-18 24 29.570	  31.02760482 121.43940096 1.25  0.0 0.0
2015-07-01-18 24 29.720	  31.02760482 121.43940096 1.25  0.0 0.0
2015-07-01-18 24 29.824	  31.02760482 121.43940096 1.25  0.0 0.0
2015-07-01-18 24 29.969	  31.02760482 121.43940096 1.25  0.0 0.0
2015-07-01-18 24 30.075	  31.02760482 121.43940096 1.25  0.0 0.0
2015-07-01-18 24 30.178	  31.02760482 121.43940096 1.25  0.0 0.0
2015-07-01-18 24 30.325	  31.02760482 121.43940096 1.25  0.0 0.0
2015-07-01-18 24 30.479	  31.02760482 121.43940096 1.25  0.0 0.0
2015-07-01-18 24 30.590	  31.02760482 121.43940096 1.25  0.0 0.0
2015-07-01-18 24 30.693	  31.02760482 121.43940096 1.25  0.0 0.0
2015-07-01-18 24 30.851	  31.02760482 121.43940096 1.25  0.0 0.0
2015-07-01-18 24 30.992	  31.02760482 121.43940096 1.25  0.0 0.0
2015-07-01-18 24 31.097	  31.02760482 121.43940096 1.25  0.0 0.0
