2015-07-07-16 57 09.519	  0.0 0.0 0.0  0.0 0.0
2015-07-07-16 57 09.620	  0.0 0.0 0.0  0.0 0.0
2015-07-07-16 57 09.722	  0.0 0.0 0.0  0.0 0.0
2015-07-07-16 57 09.825	  0.0 0.0 0.0  0.0 0.0
2015-07-07-16 57 09.929	  0.0 0.0 0.0  0.0 0.0
2015-07-07-16 57 10.032	  0.0 0.0 0.0  0.0 0.0
2015-07-07-16 57 10.133	  0.0 0.0 0.0  0.0 0.0
2015-07-07-16 57 10.235	  0.0 0.0 0.0  0.0 0.0
2015-07-07-16 57 10.338	  0.0 0.0 0.0  0.0 0.0
2015-07-07-16 57 10.439	  0.0 0.0 0.0  0.0 0.0
2015-07-07-16 57 10.541	  0.0 0.0 0.0  0.0 0.0
2015-07-07-16 57 10.643	  0.0 0.0 0.0  0.0 0.0
2015-07-07-16 57 10.745	  0.0 0.0 0.0  0.0 0.0
2015-07-07-16 57 10.847	  0.0 0.0 0.0  0.0 0.0
2015-07-07-16 57 10.949	  0.0 0.0 0.0  0.0 0.0
2015-07-07-16 57 11.050	  0.0 0.0 0.0  0.0 0.0
2015-07-07-16 57 11.152	  0.0 0.0 0.0  0.0 0.0
2015-07-07-16 57 11.254	  0.0 0.0 0.0  0.0 0.0
2015-07-07-16 57 11.356	  0.0 0.0 0.0  0.0 0.0
2015-07-07-16 57 11.458	  0.0 0.0 0.0  0.0 0.0
2015-07-07-16 57 11.559	  0.0 0.0 0.0  0.0 0.0
2015-07-07-16 57 11.661	  0.0 0.0 0.0  0.0 0.0
2015-07-07-16 57 11.763	  0.0 0.0 0.0  0.0 0.0
2015-07-07-16 57 11.865	  0.0 0.0 0.0  0.0 0.0
2015-07-07-16 57 11.966	  0.0 0.0 0.0  0.0 0.0
2015-07-07-16 57 12.068	  0.0 0.0 0.0  0.0 0.0
2015-07-07-16 57 12.171	  0.0 0.0 0.0  0.0 0.0
2015-07-07-16 57 12.272	  0.0 0.0 0.0  0.0 0.0
2015-07-07-16 57 12.374	  0.0 0.0 0.0  0.0 0.0
2015-07-07-16 57 12.476	  0.0 0.0 0.0  0.0 0.0
2015-07-07-16 57 12.585	  0.0 0.0 0.0  0.0 0.0
2015-07-07-16 57 12.688	  0.0 0.0 0.0  0.0 0.0
2015-07-07-16 57 12.793	  0.0 0.0 0.0  0.0 0.0
2015-07-07-16 57 12.903	  0.0 0.0 0.0  0.0 0.0
2015-07-07-16 57 13.005	  0.0 0.0 0.0  0.0 0.0
2015-07-07-16 57 13.107	  0.0 0.0 0.0  0.0 0.0
2015-07-07-16 57 13.210	  0.0 0.0 0.0  0.0 0.0
2015-07-07-16 57 13.317	  0.0 0.0 0.0  0.0 0.0
2015-07-07-16 57 13.428	  0.0 0.0 0.0  0.0 0.0
2015-07-07-16 57 13.530	  0.0 0.0 0.0  0.0 0.0
2015-07-07-16 57 13.633	  0.0 0.0 0.0  0.0 0.0
2015-07-07-16 57 13.737	  0.0 0.0 0.0  0.0 0.0
2015-07-07-16 57 13.841	  0.0 0.0 0.0  0.0 0.0
2015-07-07-16 57 13.946	  31.02685242 121.43972291 1.25  0.0 0.0
2015-07-07-16 57 14.060	  31.02685242 121.43972291 1.25  0.0 0.0
2015-07-07-16 57 14.161	  31.02685242 121.43972291 1.25  0.0 0.0
2015-07-07-16 57 14.267	  31.02685242 121.43972291 1.25  0.0 0.0
2015-07-07-16 57 14.368	  31.02685242 121.43972291 1.25  0.0 0.0
2015-07-07-16 57 14.470	  31.02685242 121.43972291 1.25  0.0 0.0
2015-07-07-16 57 14.576	  31.02685242 121.43972291 1.25  0.0 0.0
2015-07-07-16 57 14.679	  31.02685242 121.43972291 1.25  0.0 0.0
2015-07-07-16 57 14.784	  31.02685242 121.43972291 1.25  0.0 0.0
2015-07-07-16 57 14.887	  31.02685242 121.43972291 1.25  0.0 0.0
2015-07-07-16 57 14.990	  31.02687435 121.43969568 1.25  0.0 0.0
2015-07-07-16 57 15.094	  31.02687435 121.43969568 1.25  0.0 0.0
2015-07-07-16 57 15.198	  31.02687435 121.43969568 1.25  0.0 0.0
2015-07-07-16 57 15.301	  31.02687435 121.43969568 1.25  0.0 0.0
2015-07-07-16 57 15.405	  31.02687435 121.43969568 1.25  0.0 0.0
2015-07-07-16 57 15.509	  31.02687435 121.43969568 1.25  0.0 0.0
2015-07-07-16 57 15.614	  31.02687435 121.43969568 1.25  0.0 0.0
2015-07-07-16 57 15.716	  31.02687435 121.43969568 1.25  0.0 0.0
2015-07-07-16 57 15.818	  31.02687435 121.43969568 1.25  0.0 0.0
2015-07-07-16 57 15.920	  31.02687435 121.43969568 1.25  0.0 0.0
2015-07-07-16 57 16.025	  31.02689604 121.43967684 1.5  0.0 0.0
2015-07-07-16 57 16.126	  31.02689604 121.43967684 1.5  0.0 0.0
2015-07-07-16 57 16.227	  31.02689604 121.43967684 1.5  0.0 0.0
2015-07-07-16 57 16.329	  31.02689604 121.43967684 1.5  0.0 0.0
2015-07-07-16 57 16.430	  31.02689604 121.43967684 1.5  0.0 0.0
2015-07-07-16 57 16.531	  31.02689604 121.43967684 1.5  0.0 0.0
2015-07-07-16 57 16.636	  31.02689604 121.43967684 1.5  0.0 0.0
2015-07-07-16 57 16.742	  31.02689604 121.43967684 1.5  0.0 0.0
2015-07-07-16 57 16.847	  31.02689604 121.43967684 1.5  0.0 0.0
2015-07-07-16 57 16.951	  31.0269145 121.4396656 1.5  0.0 0.0
2015-07-07-16 57 17.074	  31.0269145 121.4396656 1.5  0.0 0.0
2015-07-07-16 57 17.175	  31.0269145 121.4396656 1.5  0.0 0.0
2015-07-07-16 57 17.277	  31.0269145 121.4396656 1.5  0.0 0.0
2015-07-07-16 57 17.383	  31.0269145 121.4396656 1.5  0.0 0.0
2015-07-07-16 57 17.488	  31.0269145 121.4396656 1.5  0.0 0.0
2015-07-07-16 57 17.592	  31.0269145 121.4396656 1.5  0.0 0.0
2015-07-07-16 57 17.698	  31.0269145 121.4396656 1.5  0.0 0.0
2015-07-07-16 57 17.799	  31.0269145 121.4396656 1.5  0.0 0.0
2015-07-07-16 57 17.901	  31.02693284 121.43966019 1.5  0.0 0.0
2015-07-07-16 57 18.004	  31.02693284 121.43966019 1.5  0.0 0.0
2015-07-07-16 57 18.106	  31.02693284 121.43966019 1.5  0.0 0.0
2015-07-07-16 57 18.212	  31.02693284 121.43966019 1.5  0.0 0.0
2015-07-07-16 57 18.323	  31.02693284 121.43966019 1.5  0.0 0.0
2015-07-07-16 57 18.424	  31.02693284 121.43966019 1.5  0.0 0.0
2015-07-07-16 57 18.525	  31.02693284 121.43966019 1.5  0.0 0.0
2015-07-07-16 57 18.627	  31.02693284 121.43966019 1.5  0.0 0.0
2015-07-07-16 57 18.731	  31.02693284 121.43966019 1.5  0.0 0.0
2015-07-07-16 57 18.836	  31.02693284 121.43966019 1.5  0.0 0.0
2015-07-07-16 57 18.972	  31.02693284 121.43966019 1.5  0.0 0.0
2015-07-07-16 57 19.074	  31.02693284 121.43966019 1.5  0.0 0.0
2015-07-07-16 57 19.175	  31.02693284 121.43966019 1.5  0.0 0.0
2015-07-07-16 57 19.277	  31.02693284 121.43966019 1.5  0.0 0.0
2015-07-07-16 57 19.385	  31.02693284 121.43966019 1.5  0.0 0.0
2015-07-07-16 57 19.491	  31.02693284 121.43966019 1.5  0.0 0.0
2015-07-07-16 57 19.601	  31.02693284 121.43966019 1.5  0.0 0.0
2015-07-07-16 57 19.703	  31.02693284 121.43966019 1.5  0.0 0.0
2015-07-07-16 57 19.805	  31.02693284 121.43966019 1.5  0.0 0.0
2015-07-07-16 57 19.911	  31.02696477 121.4396508 1.5  0.0 0.0
2015-07-07-16 57 20.012	  31.02696477 121.4396508 1.5  0.0 0.0
2015-07-07-16 57 20.114	  31.02696477 121.4396508 1.5  0.0 0.0
2015-07-07-16 57 20.215	  31.02696477 121.4396508 1.5  0.0 0.0
2015-07-07-16 57 20.317	  31.02696477 121.4396508 1.5  0.0 0.0
2015-07-07-16 57 20.419	  31.02696477 121.4396508 1.5  0.0 0.0
2015-07-07-16 57 20.522	  31.02696477 121.4396508 1.5  0.0 0.0
2015-07-07-16 57 20.624	  31.02696477 121.4396508 1.5  0.0 0.0
2015-07-07-16 57 20.727	  31.02696477 121.4396508 1.5  0.0 0.0
2015-07-07-16 57 20.840	  31.02696477 121.4396508 1.5  0.0 0.0
2015-07-07-16 57 20.941	  31.02696477 121.4396508 1.5  0.0 0.0
2015-07-07-16 57 21.045	  31.02696477 121.4396508 1.5  0.0 0.0
2015-07-07-16 57 21.147	  31.02696477 121.4396508 1.5  0.0 0.0
2015-07-07-16 57 21.251	  31.02696477 121.4396508 1.5  0.0 0.0
2015-07-07-16 57 21.361	  31.02696477 121.4396508 1.5  0.0 0.0
2015-07-07-16 57 21.463	  31.02696477 121.4396508 1.5  0.0 0.0
2015-07-07-16 57 21.567	  31.02696477 121.4396508 1.5  0.0 0.0
2015-07-07-16 57 21.671	  31.02696477 121.4396508 1.5  0.0 0.0
2015-07-07-16 57 21.777	  31.02696477 121.4396508 1.5  0.0 0.0
2015-07-07-16 57 21.888	  31.02696477 121.4396508 1.5  0.0 0.0
2015-07-07-16 57 21.990	  31.02696477 121.4396508 1.5  0.0 0.0
2015-07-07-16 57 22.091	  31.02696477 121.4396508 1.5  0.0 0.0
2015-07-07-16 57 22.194	  31.02696477 121.4396508 1.5  0.0 0.0
2015-07-07-16 57 22.299	  31.02696477 121.4396508 1.5  0.0 0.0
2015-07-07-16 57 22.410	  31.02699453 121.43964019 1.5  0.0 0.0
2015-07-07-16 57 22.512	  31.02699453 121.43964019 1.5  0.0 0.0
2015-07-07-16 57 22.614	  31.02699453 121.43964019 1.5  0.0 0.0
2015-07-07-16 57 22.716	  31.02699453 121.43964019 1.5  0.0 0.0
2015-07-07-16 57 22.825	  31.02699453 121.43964019 1.5  0.0 0.0
2015-07-07-16 57 22.965	  31.02699453 121.43964019 1.5  0.0 0.0
2015-07-07-16 57 23.067	  31.02699453 121.43964019 1.5  0.0 0.0
2015-07-07-16 57 23.168	  31.02699453 121.43964019 1.5  0.0 0.0
2015-07-07-16 57 23.273	  31.02699453 121.43964019 1.5  0.0 0.0
2015-07-07-16 57 23.377	  31.02699453 121.43964019 1.5  0.0 0.0
2015-07-07-16 57 23.490	  31.02699453 121.43964019 1.5  0.0 0.0
2015-07-07-16 57 23.592	  31.02699453 121.43964019 1.5  0.0 0.0
2015-07-07-16 57 23.693	  31.02699453 121.43964019 1.5  0.0 0.0
2015-07-07-16 57 23.795	  31.02699453 121.43964019 1.5  0.0 0.0
2015-07-07-16 57 23.900	  31.02699453 121.43964019 1.5  0.0 0.0
2015-07-07-16 57 24.008	  31.02699453 121.43964019 1.5  0.0 0.0
2015-07-07-16 57 24.109	  31.02699453 121.43964019 1.5  0.0 0.0
2015-07-07-16 57 24.211	  31.02699453 121.43964019 1.5  0.0 0.0
2015-07-07-16 57 24.313	  31.02699453 121.43964019 1.5  0.0 0.0
2015-07-07-16 57 24.421	  31.02702515 121.43962728 1.5  0.0 0.0
2015-07-07-16 57 24.523	  31.02702515 121.43962728 1.5  0.0 0.0
2015-07-07-16 57 24.626	  31.02702515 121.43962728 1.5  0.0 0.0
2015-07-07-16 57 24.727	  31.02702515 121.43962728 1.5  0.0 0.0
2015-07-07-16 57 24.829	  31.02702515 121.43962728 1.5  0.0 0.0
2015-07-07-16 57 24.935	  31.02702515 121.43962728 1.5  0.0 0.0
2015-07-07-16 57 25.059	  31.02702515 121.43962728 1.5  0.0 0.0
2015-07-07-16 57 25.169	  31.02702515 121.43962728 1.5  0.0 0.0
2015-07-07-16 57 25.271	  31.02702515 121.43962728 1.5  0.0 0.0
2015-07-07-16 57 25.374	  31.02702515 121.43962728 1.5  0.0 0.0
2015-07-07-16 57 25.476	  31.02702515 121.43962728 1.5  0.0 0.0
2015-07-07-16 57 25.578	  31.02702515 121.43962728 1.5  0.0 0.0
2015-07-07-16 57 25.680	  31.02702515 121.43962728 1.5  0.0 0.0
2015-07-07-16 57 25.781	  31.02702515 121.43962728 1.5  0.0 0.0
2015-07-07-16 57 25.888	  31.02705552 121.4396151 1.5  0.0 0.0
2015-07-07-16 57 25.989	  31.02705552 121.4396151 1.5  0.0 0.0
2015-07-07-16 57 26.096	  31.02705552 121.4396151 1.5  0.0 0.0
2015-07-07-16 57 26.197	  31.02705552 121.4396151 1.5  0.0 0.0
2015-07-07-16 57 26.299	  31.02705552 121.4396151 1.5  0.0 0.0
2015-07-07-16 57 26.405	  31.02705552 121.4396151 1.5  0.0 0.0
2015-07-07-16 57 26.509	  31.02705552 121.4396151 1.5  0.0 0.0
2015-07-07-16 57 26.615	  31.02705552 121.4396151 1.5  0.0 0.0
2015-07-07-16 57 26.720	  31.02705552 121.4396151 1.5  0.0 0.0
2015-07-07-16 57 26.829	  31.02705552 121.4396151 1.5  0.0 0.0
2015-07-07-16 57 26.931	  31.02705552 121.4396151 1.5  0.0 0.0
2015-07-07-16 57 27.036	  31.02705552 121.4396151 1.5  0.0 0.0
2015-07-07-16 57 27.139	  31.02705552 121.4396151 1.5  0.0 0.0
2015-07-07-16 57 27.251	  31.02705552 121.4396151 1.5  0.0 0.0
2015-07-07-16 57 27.353	  31.02705552 121.4396151 1.5  0.0 0.0
2015-07-07-16 57 27.455	  31.02705552 121.4396151 1.5  0.0 0.0
2015-07-07-16 57 27.556	  31.02705552 121.4396151 1.5  0.0 0.0
2015-07-07-16 57 27.657	  31.02705552 121.4396151 1.5  0.0 0.0
2015-07-07-16 57 27.760	  31.02705552 121.4396151 1.5  0.0 0.0
2015-07-07-16 57 27.866	  31.02708506 121.43960879 1.5  0.0 0.0
2015-07-07-16 57 27.976	  31.02708506 121.43960879 1.5  0.0 0.0
2015-07-07-16 57 28.081	  31.02708506 121.43960879 1.5  0.0 0.0
2015-07-07-16 57 28.184	  31.02708506 121.43960879 1.5  0.0 0.0
2015-07-07-16 57 28.288	  31.02708506 121.43960879 1.5  0.0 0.0
2015-07-07-16 57 28.392	  31.02708506 121.43960879 1.5  0.0 0.0
2015-07-07-16 57 28.507	  31.02708506 121.43960879 1.5  0.0 0.0
2015-07-07-16 57 28.610	  31.02708506 121.43960879 1.5  0.0 0.0
2015-07-07-16 57 28.712	  31.02708506 121.43960879 1.5  0.0 0.0
2015-07-07-16 57 28.825	  31.02708506 121.43960879 1.5  0.0 0.0
2015-07-07-16 57 28.948	  31.02708506 121.43960879 1.5  0.0 0.0
2015-07-07-16 57 29.051	  31.02708506 121.43960879 1.5  0.0 0.0
2015-07-07-16 57 29.153	  31.02708506 121.43960879 1.5  0.0 0.0
2015-07-07-16 57 29.256	  31.02708506 121.43960879 1.5  0.0 0.0
2015-07-07-16 57 29.369	  31.02708506 121.43960879 1.5  0.0 0.0
2015-07-07-16 57 29.470	  31.02708506 121.43960879 1.5  0.0 0.0
2015-07-07-16 57 29.571	  31.02708506 121.43960879 1.5  0.0 0.0
2015-07-07-16 57 29.673	  31.02708506 121.43960879 1.5  0.0 0.0
2015-07-07-16 57 29.779	  31.02708506 121.43960879 1.5  0.0 0.0
2015-07-07-16 57 29.881	  31.02708506 121.43960879 1.5  0.0 0.0
2015-07-07-16 57 29.986	  31.0271138 121.43960057 1.5  0.0 0.0
2015-07-07-16 57 30.095	  31.0271138 121.43960057 1.5  0.0 0.0
2015-07-07-16 57 30.197	  31.0271138 121.43960057 1.5  0.0 0.0
2015-07-07-16 57 30.299	  31.0271138 121.43960057 1.5  0.0 0.0
2015-07-07-16 57 30.409	  31.0271138 121.43960057 1.5  0.0 0.0
2015-07-07-16 57 30.511	  31.0271138 121.43960057 1.5  0.0 0.0
2015-07-07-16 57 30.615	  31.0271138 121.43960057 1.5  0.0 0.0
2015-07-07-16 57 30.721	  31.0271138 121.43960057 1.5  0.0 0.0
2015-07-07-16 57 30.825	  31.0271138 121.43960057 1.5  0.0 0.0
2015-07-07-16 57 30.926	  31.0271138 121.43960057 1.5  0.0 0.0
2015-07-07-16 57 31.028	  31.0271138 121.43960057 1.5  0.0 0.0
2015-07-07-16 57 31.149	  31.0271138 121.43960057 1.5  0.0 0.0
2015-07-07-16 57 31.251	  31.0271138 121.43960057 1.5  0.0 0.0
2015-07-07-16 57 31.353	  31.0271138 121.43960057 1.5  0.0 0.0
2015-07-07-16 57 31.458	  31.0271138 121.43960057 1.5  0.0 0.0
2015-07-07-16 57 31.570	  31.0271138 121.43960057 1.5  0.0 0.0
2015-07-07-16 57 31.671	  31.0271138 121.43960057 1.5  0.0 0.0
2015-07-07-16 57 31.773	  31.0271138 121.43960057 1.5  0.0 0.0
2015-07-07-16 57 31.877	  31.0271138 121.43960057 1.5  0.0 0.0
2015-07-07-16 57 31.982	  31.0271406 121.43959283 1.5  0.0 0.0
2015-07-07-16 57 32.085	  31.0271406 121.43959283 1.5  0.0 0.0
2015-07-07-16 57 32.188	  31.0271406 121.43959283 1.5  0.0 0.0
2015-07-07-16 57 32.295	  31.0271406 121.43959283 1.5  0.0 0.0
2015-07-07-16 57 32.399	  31.0271406 121.43959283 1.5  0.0 0.0
2015-07-07-16 57 32.500	  31.0271406 121.43959283 1.5  0.0 0.0
2015-07-07-16 57 32.602	  31.0271406 121.43959283 1.5  0.0 0.0
2015-07-07-16 57 32.704	  31.0271406 121.43959283 1.5  0.0 0.0
2015-07-07-16 57 32.809	  31.0271406 121.43959283 1.5  0.0 0.0
2015-07-07-16 57 32.918	  31.0271406 121.43959283 1.5  0.0 0.0
2015-07-07-16 57 33.073	  31.0271406 121.43959283 1.5  0.0 0.0
2015-07-07-16 57 33.175	  31.0271406 121.43959283 1.5  0.0 0.0
2015-07-07-16 57 33.277	  31.0271406 121.43959283 1.5  0.0 0.0
2015-07-07-16 57 33.387	  31.0271406 121.43959283 1.5  0.0 0.0
2015-07-07-16 57 33.489	  31.0271406 121.43959283 1.5  0.0 0.0
2015-07-07-16 57 33.593	  31.0271406 121.43959283 1.5  0.0 0.0
2015-07-07-16 57 33.698	  31.0271406 121.43959283 1.5  0.0 0.0
2015-07-07-16 57 33.800	  31.0271406 121.43959283 1.5  0.0 0.0
2015-07-07-16 57 33.901	  31.02716596 121.43958545 1.5  0.0 0.0
2015-07-07-16 57 34.008	  31.02716596 121.43958545 1.5  0.0 0.0
2015-07-07-16 57 34.111	  31.02716596 121.43958545 1.5  0.0 0.0
2015-07-07-16 57 34.214	  31.02716596 121.43958545 1.5  0.0 0.0
2015-07-07-16 57 34.332	  31.02716596 121.43958545 1.5  0.0 0.0
2015-07-07-16 57 34.434	  31.02716596 121.43958545 1.5  0.0 0.0
2015-07-07-16 57 34.536	  31.02716596 121.43958545 1.5  0.0 0.0
2015-07-07-16 57 34.640	  31.02716596 121.43958545 1.5  0.0 0.0
2015-07-07-16 57 34.742	  31.02716596 121.43958545 1.5  0.0 0.0
2015-07-07-16 57 34.851	  31.02716596 121.43958545 1.5  0.0 0.0
2015-07-07-16 57 34.963	  31.02716596 121.43958545 1.5  0.0 0.0
2015-07-07-16 57 35.064	  31.02716596 121.43958545 1.5  0.0 0.0
2015-07-07-16 57 35.169	  31.02716596 121.43958545 1.5  0.0 0.0
2015-07-07-16 57 35.271	  31.02716596 121.43958545 1.5  0.0 0.0
2015-07-07-16 57 35.375	  31.02716596 121.43958545 1.5  0.0 0.0
2015-07-07-16 57 35.486	  31.02716596 121.43958545 1.5  0.0 0.0
2015-07-07-16 57 35.593	  31.02716596 121.43958545 1.5  0.0 0.0
2015-07-07-16 57 35.698	  31.02716596 121.43958545 1.5  0.0 0.0
2015-07-07-16 57 35.812	  31.02716596 121.43958545 1.5  0.0 0.0
2015-07-07-16 57 35.914	  31.02718978 121.43957638 1.5  0.0 0.0
2015-07-07-16 57 36.017	  31.02718978 121.43957638 1.5  0.0 0.0
2015-07-07-16 57 36.120	  31.02718978 121.43957638 1.5  0.0 0.0
2015-07-07-16 57 36.222	  31.02718978 121.43957638 1.5  0.0 0.0
2015-07-07-16 57 36.324	  31.02718978 121.43957638 1.5  0.0 0.0
2015-07-07-16 57 36.434	  31.02718978 121.43957638 1.5  0.0 0.0
2015-07-07-16 57 36.538	  31.02718978 121.43957638 1.5  0.0 0.0
2015-07-07-16 57 36.642	  31.02718978 121.43957638 1.5  0.0 0.0
2015-07-07-16 57 36.756	  31.02718978 121.43957638 1.5  0.0 0.0
2015-07-07-16 57 36.857	  31.02718978 121.43957638 1.5  0.0 0.0
2015-07-07-16 57 36.963	  31.02718978 121.43957638 1.5  0.0 0.0
2015-07-07-16 57 37.077	  31.02718978 121.43957638 1.5  0.0 0.0
2015-07-07-16 57 37.181	  31.02718978 121.43957638 1.5  0.0 0.0
2015-07-07-16 57 37.285	  31.02718978 121.43957638 1.5  0.0 0.0
2015-07-07-16 57 37.399	  31.02718978 121.43957638 1.5  0.0 0.0
2015-07-07-16 57 37.501	  31.02718978 121.43957638 1.5  0.0 0.0
2015-07-07-16 57 37.604	  31.02718978 121.43957638 1.5  0.0 0.0
2015-07-07-16 57 37.714	  31.02718978 121.43957638 1.5  0.0 0.0
2015-07-07-16 57 37.815	  31.02718978 121.43957638 1.5  0.0 0.0
2015-07-07-16 57 37.917	  31.02718978 121.43957638 1.5  0.0 0.0
2015-07-07-16 57 38.023	  31.02718978 121.43957638 1.5  0.0 0.0
2015-07-07-16 57 38.125	  31.02718978 121.43957638 1.5  0.0 0.0
2015-07-07-16 57 38.228	  31.02718978 121.43957638 1.5  0.0 0.0
2015-07-07-16 57 38.340	  31.02718978 121.43957638 1.5  0.0 0.0
2015-07-07-16 57 38.443	  31.0272127 121.43956471 1.5  0.0 0.0
2015-07-07-16 57 38.546	  31.0272127 121.43956471 1.5  0.0 0.0
2015-07-07-16 57 38.660	  31.0272127 121.43956471 1.5  0.0 0.0
2015-07-07-16 57 38.768	  31.0272127 121.43956471 1.5  0.0 0.0
2015-07-07-16 57 38.874	  31.0272127 121.43956471 1.5  0.0 0.0
2015-07-07-16 57 38.990	  31.0272127 121.43956471 1.5  0.0 0.0
2015-07-07-16 57 39.095	  31.0272127 121.43956471 1.5  0.0 0.0
2015-07-07-16 57 39.197	  31.0272127 121.43956471 1.5  0.0 0.0
2015-07-07-16 57 39.305	  31.0272127 121.43956471 1.5  0.0 0.0
2015-07-07-16 57 39.410	  31.0272127 121.43956471 1.5  0.0 0.0
2015-07-07-16 57 39.514	  31.0272127 121.43956471 1.5  0.0 0.0
2015-07-07-16 57 39.631	  31.0272127 121.43956471 1.5  0.0 0.0
2015-07-07-16 57 39.732	  31.0272127 121.43956471 1.5  0.0 0.0
2015-07-07-16 57 39.835	  31.0272127 121.43956471 1.5  0.0 0.0
2015-07-07-16 57 39.945	  31.0272127 121.43956471 1.5  0.0 0.0
2015-07-07-16 57 40.046	  31.02723586 121.43955376 1.5  0.0 0.0
2015-07-07-16 57 40.148	  31.02723586 121.43955376 1.5  0.0 0.0
2015-07-07-16 57 40.251	  31.02723586 121.43955376 1.5  0.0 0.0
2015-07-07-16 57 40.359	  31.02723586 121.43955376 1.5  0.0 0.0
2015-07-07-16 57 40.461	  31.02723586 121.43955376 1.5  0.0 0.0
2015-07-07-16 57 40.564	  31.02723586 121.43955376 1.5  0.0 0.0
2015-07-07-16 57 40.673	  31.02723586 121.43955376 1.5  0.0 0.0
2015-07-07-16 57 40.774	  31.02723586 121.43955376 1.5  0.0 0.0
2015-07-07-16 57 40.875	  31.02723586 121.43955376 1.5  0.0 0.0
2015-07-07-16 57 40.984	  31.02723586 121.43955376 1.5  0.0 0.0
2015-07-07-16 57 41.087	  31.02723586 121.43955376 1.5  0.0 0.0
2015-07-07-16 57 41.190	  31.02723586 121.43955376 1.5  0.0 0.0
2015-07-07-16 57 41.307	  31.02723586 121.43955376 1.5  0.0 0.0
2015-07-07-16 57 41.409	  31.02723586 121.43955376 1.5  0.0 0.0
2015-07-07-16 57 41.510	  31.02723586 121.43955376 1.5  0.0 0.0
2015-07-07-16 57 41.628	  31.02723586 121.43955376 1.5  0.0 0.0
2015-07-07-16 57 41.732	  31.02723586 121.43955376 1.5  0.0 0.0
2015-07-07-16 57 41.834	  31.02723586 121.43955376 1.5  0.0 0.0
2015-07-07-16 57 41.943	  31.02726135 121.43954526 1.5  0.0 0.0
2015-07-07-16 57 42.045	  31.02726135 121.43954526 1.5  0.0 0.0
2015-07-07-16 57 42.147	  31.02726135 121.43954526 1.5  0.0 0.0
2015-07-07-16 57 42.251	  31.02726135 121.43954526 1.5  0.0 0.0
2015-07-07-16 57 42.352	  31.02726135 121.43954526 1.5  0.0 0.0
2015-07-07-16 57 42.454	  31.02726135 121.43954526 1.5  0.0 0.0
2015-07-07-16 57 42.561	  31.02726135 121.43954526 1.5  0.0 0.0
2015-07-07-16 57 42.665	  31.02726135 121.43954526 1.5  0.0 0.0
2015-07-07-16 57 42.770	  31.02726135 121.43954526 1.5  0.0 0.0
2015-07-07-16 57 42.887	  31.02726135 121.43954526 1.5  0.0 0.0
2015-07-07-16 57 42.990	  31.02726135 121.43954526 1.5  0.0 0.0
2015-07-07-16 57 43.092	  31.02726135 121.43954526 1.5  0.0 0.0
2015-07-07-16 57 43.198	  31.02726135 121.43954526 1.5  0.0 0.0
2015-07-07-16 57 43.300	  31.02726135 121.43954526 1.5  0.0 0.0
2015-07-07-16 57 43.404	  31.02726135 121.43954526 1.5  0.0 0.0
2015-07-07-16 57 43.568	  31.02726135 121.43954526 1.5  0.0 0.0
2015-07-07-16 57 43.670	  31.02726135 121.43954526 1.5  0.0 0.0
2015-07-07-16 57 43.772	  31.02726135 121.43954526 1.5  0.0 0.0
2015-07-07-16 57 43.875	  31.02728708 121.43953427 1.5  0.0 0.0
2015-07-07-16 57 43.980	  31.02728708 121.43953427 1.5  0.0 0.0
2015-07-07-16 57 44.113	  31.02728708 121.43953427 1.5  0.0 0.0
2015-07-07-16 57 44.216	  31.02728708 121.43953427 1.5  0.0 0.0
2015-07-07-16 57 44.320	  31.02728708 121.43953427 1.5  0.0 0.0
2015-07-07-16 57 44.422	  31.02728708 121.43953427 1.5  0.0 0.0
2015-07-07-16 57 44.529	  31.02728708 121.43953427 1.5  0.0 0.0
2015-07-07-16 57 44.666	  31.02728708 121.43953427 1.5  0.0 0.0
2015-07-07-16 57 44.770	  31.02728708 121.43953427 1.5  0.0 0.0
2015-07-07-16 57 44.874	  31.02728708 121.43953427 1.5  0.0 0.0
2015-07-07-16 57 44.976	  31.02728708 121.43953427 1.5  0.0 0.0
2015-07-07-16 57 45.081	  31.02728708 121.43953427 1.5  0.0 0.0
2015-07-07-16 57 45.244	  31.02728708 121.43953427 1.5  0.0 0.0
2015-07-07-16 57 45.355	  31.02728708 121.43953427 1.5  0.0 0.0
2015-07-07-16 57 45.457	  31.02728708 121.43953427 1.5  0.0 0.0
2015-07-07-16 57 45.563	  31.02728708 121.43953427 1.5  0.0 0.0
2015-07-07-16 57 45.714	  31.02728708 121.43953427 1.5  0.0 0.0
2015-07-07-16 57 45.816	  31.02728708 121.43953427 1.5  0.0 0.0
2015-07-07-16 57 45.919	  31.02731351 121.43952364 1.5  0.0 0.0
2015-07-07-16 57 46.022	  31.02731351 121.43952364 1.5  0.0 0.0
2015-07-07-16 57 46.125	  31.02731351 121.43952364 1.5  0.0 0.0
2015-07-07-16 57 46.255	  31.02731351 121.43952364 1.5  0.0 0.0
2015-07-07-16 57 46.357	  31.02731351 121.43952364 1.5  0.0 0.0
2015-07-07-16 57 46.462	  31.02731351 121.43952364 1.5  0.0 0.0
2015-07-07-16 57 46.567	  31.02731351 121.43952364 1.5  0.0 0.0
2015-07-07-16 57 46.673	  31.02731351 121.43952364 1.5  0.0 0.0
2015-07-07-16 57 46.780	  31.02731351 121.43952364 1.5  0.0 0.0
2015-07-07-16 57 46.882	  31.02731351 121.43952364 1.5  0.0 0.0
2015-07-07-16 57 46.991	  31.02731351 121.43952364 1.5  0.0 0.0
2015-07-07-16 57 47.092	  31.02731351 121.43952364 1.5  0.0 0.0
2015-07-07-16 57 47.194	  31.02731351 121.43952364 1.5  0.0 0.0
2015-07-07-16 57 47.299	  31.02731351 121.43952364 1.5  0.0 0.0
2015-07-07-16 57 47.403	  31.02731351 121.43952364 1.5  0.0 0.0
2015-07-07-16 57 47.517	  31.02731351 121.43952364 1.5  0.0 0.0
2015-07-07-16 57 47.618	  31.02731351 121.43952364 1.5  0.0 0.0
2015-07-07-16 57 47.728	  31.02731351 121.43952364 1.5  0.0 0.0
2015-07-07-16 57 47.835	  31.02731351 121.43952364 1.5  0.0 0.0
2015-07-07-16 57 47.937	  31.02731351 121.43952364 1.5  0.0 0.0
2015-07-07-16 57 48.048	  31.02733949 121.43951535 1.5  0.0 0.0
2015-07-07-16 57 48.149	  31.02733949 121.43951535 1.5  0.0 0.0
2015-07-07-16 57 48.253	  31.02733949 121.43951535 1.5  0.0 0.0
2015-07-07-16 57 48.359	  31.02733949 121.43951535 1.5  0.0 0.0
2015-07-07-16 57 48.468	  31.02733949 121.43951535 1.5  0.0 0.0
2015-07-07-16 57 48.578	  31.02733949 121.43951535 1.5  0.0 0.0
2015-07-07-16 57 48.680	  31.02733949 121.43951535 1.5  0.0 0.0
2015-07-07-16 57 48.786	  31.02733949 121.43951535 1.5  0.0 0.0
2015-07-07-16 57 48.889	  31.02733949 121.43951535 1.5  0.0 0.0
2015-07-07-16 57 49.005	  31.02733949 121.43951535 1.5  0.0 0.0
2015-07-07-16 57 49.106	  31.02733949 121.43951535 1.5  0.0 0.0
2015-07-07-16 57 49.208	  31.02733949 121.43951535 1.5  0.0 0.0
2015-07-07-16 57 49.309	  31.02733949 121.43951535 1.5  0.0 0.0
2015-07-07-16 57 49.411	  31.02733949 121.43951535 1.5  0.0 0.0
2015-07-07-16 57 49.514	  31.02733949 121.43951535 1.5  0.0 0.0
2015-07-07-16 57 49.618	  31.02733949 121.43951535 1.5  0.0 0.0
2015-07-07-16 57 49.720	  31.02733949 121.43951535 1.5  0.0 0.0
2015-07-07-16 57 49.821	  31.02733949 121.43951535 1.5  0.0 0.0
2015-07-07-16 57 49.924	  31.02736445 121.43950452 1.5  0.0 0.0
2015-07-07-16 57 50.027	  31.02736445 121.43950452 1.5  0.0 0.0
2015-07-07-16 57 50.129	  31.02736445 121.43950452 1.5  0.0 0.0
2015-07-07-16 57 50.240	  31.02736445 121.43950452 1.5  0.0 0.0
2015-07-07-16 57 50.342	  31.02736445 121.43950452 1.5  0.0 0.0
2015-07-07-16 57 50.445	  31.02736445 121.43950452 1.5  0.0 0.0
2015-07-07-16 57 50.549	  31.02736445 121.43950452 1.5  0.0 0.0
2015-07-07-16 57 50.651	  31.02736445 121.43950452 1.5  0.0 0.0
2015-07-07-16 57 50.754	  31.02736445 121.43950452 1.5  0.0 0.0
2015-07-07-16 57 50.857	  31.02736445 121.43950452 1.5  0.0 0.0
2015-07-07-16 57 50.960	  31.02736445 121.43950452 1.5  0.0 0.0
2015-07-07-16 57 51.062	  31.02736445 121.43950452 1.5  0.0 0.0
2015-07-07-16 57 51.163	  31.02736445 121.43950452 1.5  0.0 0.0
2015-07-07-16 57 51.266	  31.02736445 121.43950452 1.5  0.0 0.0
2015-07-07-16 57 51.367	  31.02736445 121.43950452 1.5  0.0 0.0
2015-07-07-16 57 51.469	  31.02736445 121.43950452 1.5  0.0 0.0
2015-07-07-16 57 51.571	  31.02736445 121.43950452 1.5  0.0 0.0
2015-07-07-16 57 51.673	  31.02736445 121.43950452 1.5  0.0 0.0
2015-07-07-16 57 51.774	  31.02736445 121.43950452 1.5  0.0 0.0
2015-07-07-16 57 51.882	  31.02739085 121.43949088 1.5  0.0 0.0
2015-07-07-16 57 51.984	  31.02739085 121.43949088 1.5  0.0 0.0
2015-07-07-16 57 52.087	  31.02739085 121.43949088 1.5  0.0 0.0
2015-07-07-16 57 52.196	  31.02739085 121.43949088 1.5  0.0 0.0
2015-07-07-16 57 52.299	  31.02739085 121.43949088 1.5  0.0 0.0
2015-07-07-16 57 52.411	  31.02739085 121.43949088 1.5  0.0 0.0
2015-07-07-16 57 52.513	  31.02739085 121.43949088 1.5  0.0 0.0
2015-07-07-16 57 52.614	  31.02739085 121.43949088 1.5  0.0 0.0
2015-07-07-16 57 52.719	  31.02739085 121.43949088 1.5  0.0 0.0
2015-07-07-16 57 52.829	  31.02739085 121.43949088 1.5  0.0 0.0
2015-07-07-16 57 52.933	  31.02739085 121.43949088 1.5  0.0 0.0
2015-07-07-16 57 53.035	  31.02739085 121.43949088 1.5  0.0 0.0
2015-07-07-16 57 53.138	  31.02739085 121.43949088 1.5  0.0 0.0
2015-07-07-16 57 53.245	  31.02739085 121.43949088 1.5  0.0 0.0
2015-07-07-16 57 53.348	  31.02739085 121.43949088 1.5  0.0 0.0
2015-07-07-16 57 53.458	  31.02739085 121.43949088 1.5  0.0 0.0
2015-07-07-16 57 53.561	  31.02739085 121.43949088 1.5  0.0 0.0
2015-07-07-16 57 53.663	  31.02739085 121.43949088 1.5  0.0 0.0
2015-07-07-16 57 53.768	  31.02739085 121.43949088 1.5  0.0 0.0
2015-07-07-16 57 53.870	  31.02739085 121.43949088 1.5  0.0 0.0
2015-07-07-16 57 53.972	  31.02739085 121.43949088 1.5  0.0 0.0
2015-07-07-16 57 54.075	  31.02739085 121.43949088 1.5  0.0 0.0
2015-07-07-16 57 54.178	  31.02739085 121.43949088 1.5  0.0 0.0
2015-07-07-16 57 54.288	  31.02739085 121.43949088 1.5  0.0 0.0
2015-07-07-16 57 54.391	  31.02741705 121.43947837 1.5  0.0 0.0
2015-07-07-16 57 54.494	  31.02741705 121.43947837 1.5  0.0 0.0
2015-07-07-16 57 54.598	  31.02741705 121.43947837 1.5  0.0 0.0
2015-07-07-16 57 54.707	  31.02741705 121.43947837 1.5  0.0 0.0
2015-07-07-16 57 54.808	  31.02741705 121.43947837 1.5  0.0 0.0
2015-07-07-16 57 54.915	  31.02741705 121.43947837 1.5  0.0 0.0
2015-07-07-16 57 55.017	  31.02741705 121.43947837 1.5  0.0 0.0
2015-07-07-16 57 55.129	  31.02741705 121.43947837 1.5  0.0 0.0
2015-07-07-16 57 55.231	  31.02741705 121.43947837 1.5  0.0 0.0
2015-07-07-16 57 55.335	  31.02741705 121.43947837 1.5  0.0 0.0
2015-07-07-16 57 55.437	  31.02741705 121.43947837 1.5  0.0 0.0
2015-07-07-16 57 55.540	  31.02741705 121.43947837 1.5  0.0 0.0
2015-07-07-16 57 55.645	  31.02741705 121.43947837 1.5  0.0 0.0
2015-07-07-16 57 55.754	  31.02741705 121.43947837 1.5  0.0 0.0
2015-07-07-16 57 55.869	  31.02741705 121.43947837 1.5  0.0 0.0
2015-07-07-16 57 55.971	  31.02741705 121.43947837 1.5  0.0 0.0
2015-07-07-16 57 56.084	  31.02744346 121.43946775 1.5  0.0 0.0
2015-07-07-16 57 56.186	  31.02744346 121.43946775 1.5  0.0 0.0
2015-07-07-16 57 56.295	  31.02744346 121.43946775 1.5  0.0 0.0
2015-07-07-16 57 56.401	  31.02744346 121.43946775 1.5  0.0 0.0
2015-07-07-16 57 56.507	  31.02744346 121.43946775 1.5  0.0 0.0
2015-07-07-16 57 56.614	  31.02744346 121.43946775 1.5  0.0 0.0
2015-07-07-16 57 56.730	  31.02744346 121.43946775 1.5  0.0 0.0
2015-07-07-16 57 56.835	  31.02744346 121.43946775 1.5  0.0 0.0
2015-07-07-16 57 56.941	  31.02744346 121.43946775 1.5  0.0 0.0
2015-07-07-16 57 57.049	  31.02744346 121.43946775 1.5  0.0 0.0
2015-07-07-16 57 57.162	  31.02744346 121.43946775 1.5  0.0 0.0
2015-07-07-16 57 57.263	  31.02744346 121.43946775 1.5  0.0 0.0
2015-07-07-16 57 57.368	  31.02744346 121.43946775 1.5  0.0 0.0
2015-07-07-16 57 57.471	  31.02744346 121.43946775 1.5  0.0 0.0
2015-07-07-16 57 57.581	  31.02744346 121.43946775 1.5  0.0 0.0
2015-07-07-16 57 57.686	  31.02744346 121.43946775 1.5  0.0 0.0
2015-07-07-16 57 57.801	  31.02744346 121.43946775 1.5  0.0 0.0
2015-07-07-16 57 57.905	  31.02747089 121.43945903 1.5  0.0 0.0
2015-07-07-16 57 58.040	  31.02747089 121.43945903 1.5  0.0 0.0
2015-07-07-16 57 58.143	  31.02747089 121.43945903 1.5  0.0 0.0
2015-07-07-16 57 58.290	  31.02747089 121.43945903 1.5  0.0 0.0
2015-07-07-16 57 58.398	  31.02747089 121.43945903 1.5  0.0 0.0
2015-07-07-16 57 58.515	  31.02747089 121.43945903 1.5  0.0 0.0
2015-07-07-16 57 58.617	  31.02747089 121.43945903 1.5  0.0 0.0
2015-07-07-16 57 58.764	  31.02747089 121.43945903 1.5  0.0 0.0
2015-07-07-16 57 58.865	  31.02747089 121.43945903 1.5  0.0 0.0
2015-07-07-16 57 59.011	  31.02747089 121.43945903 1.5  0.0 0.0
2015-07-07-16 57 59.113	  31.02747089 121.43945903 1.5  0.0 0.0
2015-07-07-16 57 59.250	  31.02747089 121.43945903 1.5  0.0 0.0
2015-07-07-16 57 59.356	  31.02747089 121.43945903 1.5  0.0 0.0
2015-07-07-16 57 59.534	  31.02747089 121.43945903 1.5  0.0 0.0
2015-07-07-16 57 59.637	  31.02747089 121.43945903 1.5  0.0 0.0
2015-07-07-16 57 59.811	  31.02747089 121.43945903 1.5  0.0 0.0
2015-07-07-16 57 59.913	  31.02749933 121.43944747 1.5  0.0 0.0
2015-07-07-16 58 00.045	  31.02749933 121.43944747 1.5  0.0 0.0
2015-07-07-16 58 00.153	  31.02749933 121.43944747 1.5  0.0 0.0
2015-07-07-16 58 00.273	  31.02749933 121.43944747 1.5  0.0 0.0
2015-07-07-16 58 00.378	  31.02749933 121.43944747 1.5  0.0 0.0
2015-07-07-16 58 00.532	  31.02749933 121.43944747 1.5  0.0 0.0
2015-07-07-16 58 00.646	  31.02749933 121.43944747 1.5  0.0 0.0
2015-07-07-16 58 00.748	  31.02749933 121.43944747 1.5  0.0 0.0
2015-07-07-16 58 00.851	  31.02749933 121.43944747 1.5  0.0 0.0
2015-07-07-16 58 01.010	  31.02749933 121.43944747 1.5  0.0 0.0
2015-07-07-16 58 01.111	  31.02749933 121.43944747 1.5  0.0 0.0
2015-07-07-16 58 01.262	  31.02749933 121.43944747 1.5  0.0 0.0
2015-07-07-16 58 01.368	  31.02749933 121.43944747 1.5  0.0 0.0
2015-07-07-16 58 01.523	  31.02749933 121.43944747 1.5  0.0 0.0
2015-07-07-16 58 01.625	  31.02749933 121.43944747 1.5  0.0 0.0
2015-07-07-16 58 01.769	  31.02749933 121.43944747 1.5  0.0 0.0
2015-07-07-16 58 01.876	  31.02749933 121.43944747 1.5  0.0 0.0
2015-07-07-16 58 01.994	  31.02749933 121.43944747 1.5  0.0 0.0
2015-07-07-16 58 02.097	  31.02749933 121.43944747 1.5  0.0 0.0
2015-07-07-16 58 02.258	  31.02749933 121.43944747 1.5  0.0 0.0
2015-07-07-16 58 02.359	  31.02749933 121.43944747 1.5  0.0 0.0
2015-07-07-16 58 02.483	  31.0275285 121.43943517 1.5  0.0 0.0
2015-07-07-16 58 02.585	  31.0275285 121.43943517 1.5  0.0 0.0
2015-07-07-16 58 02.732	  31.0275285 121.43943517 1.5  0.0 0.0
2015-07-07-16 58 02.835	  31.0275285 121.43943517 1.5  0.0 0.0
2015-07-07-16 58 02.938	  31.0275285 121.43943517 1.5  0.0 0.0
2015-07-07-16 58 03.048	  31.0275285 121.43943517 1.5  0.0 0.0
2015-07-07-16 58 03.152	  31.0275285 121.43943517 1.5  0.0 0.0
2015-07-07-16 58 03.260	  31.0275285 121.43943517 1.5  0.0 0.0
2015-07-07-16 58 03.362	  31.0275285 121.43943517 1.5  0.0 0.0
2015-07-07-16 58 03.471	  31.0275285 121.43943517 1.5  0.0 0.0
2015-07-07-16 58 03.574	  31.0275285 121.43943517 1.5  0.0 0.0
2015-07-07-16 58 03.685	  31.0275285 121.43943517 1.5  0.0 0.0
2015-07-07-16 58 03.788	  31.0275285 121.43943517 1.5  0.0 0.0
2015-07-07-16 58 03.895	  31.0275285 121.43943517 1.5  0.0 0.0
2015-07-07-16 58 03.997	  31.02755644 121.43942449 1.5  0.0 0.0
2015-07-07-16 58 04.137	  31.02755644 121.43942449 1.5  0.0 0.0
2015-07-07-16 58 04.239	  31.02755644 121.43942449 1.5  0.0 0.0
2015-07-07-16 58 04.388	  31.02755644 121.43942449 1.5  0.0 0.0
2015-07-07-16 58 04.490	  31.02755644 121.43942449 1.5  0.0 0.0
2015-07-07-16 58 04.595	  31.02755644 121.43942449 1.5  0.0 0.0
2015-07-07-16 58 04.708	  31.02755644 121.43942449 1.5  0.0 0.0
2015-07-07-16 58 04.810	  31.02755644 121.43942449 1.5  0.0 0.0
2015-07-07-16 58 04.927	  31.02755644 121.43942449 1.5  0.0 0.0
2015-07-07-16 58 05.031	  31.02755644 121.43942449 1.5  0.0 0.0
2015-07-07-16 58 05.179	  31.02755644 121.43942449 1.5  0.0 0.0
2015-07-07-16 58 05.288	  31.02755644 121.43942449 1.5  0.0 0.0
2015-07-07-16 58 05.391	  31.02755644 121.43942449 1.5  0.0 0.0
2015-07-07-16 58 05.565	  31.02755644 121.43942449 1.5  0.0 0.0
2015-07-07-16 58 05.683	  31.02755644 121.43942449 1.5  0.0 0.0
2015-07-07-16 58 05.788	  31.02755644 121.43942449 1.5  0.0 0.0
2015-07-07-16 58 05.891	  31.02755644 121.43942449 1.5  0.0 0.0
2015-07-07-16 58 06.050	  31.02758467 121.43941298 1.5  0.0 0.0
2015-07-07-16 58 06.156	  31.02758467 121.43941298 1.5  0.0 0.0
2015-07-07-16 58 06.258	  31.02758467 121.43941298 1.5  0.0 0.0
2015-07-07-16 58 06.400	  31.02758467 121.43941298 1.5  0.0 0.0
2015-07-07-16 58 06.510	  31.02758467 121.43941298 1.5  0.0 0.0
2015-07-07-16 58 06.612	  31.02758467 121.43941298 1.5  0.0 0.0
2015-07-07-16 58 06.728	  31.02758467 121.43941298 1.5  0.0 0.0
2015-07-07-16 58 06.837	  31.02758467 121.43941298 1.5  0.0 0.0
2015-07-07-16 58 06.992	  31.02758467 121.43941298 1.5  0.0 0.0
2015-07-07-16 58 07.093	  31.02758467 121.43941298 1.5  0.0 0.0
2015-07-07-16 58 07.211	  31.02758467 121.43941298 1.5  0.0 0.0
2015-07-07-16 58 07.332	  31.02758467 121.43941298 1.5  0.0 0.0
2015-07-07-16 58 07.434	  31.02758467 121.43941298 1.5  0.0 0.0
2015-07-07-16 58 07.577	  31.02758467 121.43941298 1.5  0.0 0.0
2015-07-07-16 58 07.679	  31.02758467 121.43941298 1.5  0.0 0.0
2015-07-07-16 58 07.848	  31.02761224 121.43940106 1.5  0.0 0.0
2015-07-07-16 58 07.955	  31.02761224 121.43940106 1.5  0.0 0.0
2015-07-07-16 58 08.061	  31.02761224 121.43940106 1.5  0.0 0.0
2015-07-07-16 58 08.178	  31.02761224 121.43940106 1.5  0.0 0.0
2015-07-07-16 58 08.282	  31.02761224 121.43940106 1.5  0.0 0.0
2015-07-07-16 58 08.459	  31.02761224 121.43940106 1.5  0.0 0.0
2015-07-07-16 58 08.562	  31.02761224 121.43940106 1.5  0.0 0.0
2015-07-07-16 58 08.664	  31.02761224 121.43940106 1.5  0.0 0.0
2015-07-07-16 58 08.831	  31.02761224 121.43940106 1.5  0.0 0.0
2015-07-07-16 58 08.938	  31.02761224 121.43940106 1.5  0.0 0.0
2015-07-07-16 58 09.067	  31.02761224 121.43940106 1.5  0.0 0.0
2015-07-07-16 58 09.169	  31.02761224 121.43940106 1.5  0.0 0.0
2015-07-07-16 58 09.271	  31.02761224 121.43940106 1.5  0.0 0.0
2015-07-07-16 58 09.390	  31.02761224 121.43940106 1.5  0.0 0.0
