2015-07-03-18 36 22.511	  0.0 0.0 0.0  0.0 0.0
2015-07-03-18 36 22.615	  0.0 0.0 0.0  0.0 0.0
2015-07-03-18 36 22.719	  0.0 0.0 0.0  0.0 0.0
2015-07-03-18 36 22.822	  0.0 0.0 0.0  0.0 0.0
2015-07-03-18 36 22.923	  0.0 0.0 0.0  0.0 0.0
2015-07-03-18 36 23.024	  0.0 0.0 0.0  0.0 0.0
2015-07-03-18 36 23.125	  0.0 0.0 0.0  0.0 0.0
2015-07-03-18 36 23.227	  0.0 0.0 0.0  0.0 0.0
2015-07-03-18 36 23.328	  0.0 0.0 0.0  0.0 0.0
2015-07-03-18 36 23.431	  0.0 0.0 0.0  0.0 0.0
2015-07-03-18 36 23.533	  0.0 0.0 0.0  0.0 0.0
2015-07-03-18 36 23.634	  0.0 0.0 0.0  0.0 0.0
2015-07-03-18 36 23.736	  0.0 0.0 0.0  0.0 0.0
2015-07-03-18 36 23.838	  0.0 0.0 0.0  0.0 0.0
2015-07-03-18 36 23.940	  0.0 0.0 0.0  0.0 0.0
2015-07-03-18 36 24.041	  31.027815 121.4392751 1.25  0.0 0.0
2015-07-03-18 36 24.143	  31.027815 121.4392751 1.25  0.0 0.0
2015-07-03-18 36 24.245	  31.027815 121.4392751 1.25  0.0 0.0
2015-07-03-18 36 24.348	  31.027815 121.4392751 1.25  0.0 0.0
2015-07-03-18 36 24.449	  31.027815 121.4392751 1.25  0.0 0.0
2015-07-03-18 36 24.555	  31.027815 121.4392751 1.25  0.0 0.0
2015-07-03-18 36 24.656	  31.027815 121.4392751 1.25  0.0 0.0
2015-07-03-18 36 24.758	  31.027815 121.4392751 1.25  0.0 0.0
2015-07-03-18 36 24.860	  31.027815 121.4392751 1.25  0.0 0.0
2015-07-03-18 36 24.962	  31.027815 121.4392751 1.25  0.0 0.0
2015-07-03-18 36 25.064	  31.027815 121.4392751 1.25  0.0 0.0
2015-07-03-18 36 25.165	  31.027815 121.4392751 1.25  0.0 0.0
2015-07-03-18 36 25.267	  31.027815 121.4392751 1.25  0.0 0.0
2015-07-03-18 36 25.370	  31.027815 121.4392751 1.25  0.0 0.0
2015-07-03-18 36 25.472	  31.027815 121.4392751 1.25  0.0 0.0
2015-07-03-18 36 25.577	  31.027815 121.4392751 1.25  0.0 0.0
2015-07-03-18 36 25.678	  31.027815 121.4392751 1.25  0.0 0.0
2015-07-03-18 36 25.780	  31.027815 121.4392751 1.25  0.0 0.0
2015-07-03-18 36 25.881	  31.02776377 121.43928028 1.5  0.0 0.0
2015-07-03-18 36 25.983	  31.02776377 121.43928028 1.5  0.0 0.0
2015-07-03-18 36 26.085	  31.02776377 121.43928028 1.5  0.0 0.0
2015-07-03-18 36 26.189	  31.02776377 121.43928028 1.5  0.0 0.0
2015-07-03-18 36 26.294	  31.02776377 121.43928028 1.5  0.0 0.0
2015-07-03-18 36 26.399	  31.02776377 121.43928028 1.5  0.0 0.0
2015-07-03-18 36 26.505	  31.02776377 121.43928028 1.5  0.0 0.0
2015-07-03-18 36 26.609	  31.02776377 121.43928028 1.5  0.0 0.0
2015-07-03-18 36 26.718	  31.02776377 121.43928028 1.5  0.0 0.0
2015-07-03-18 36 26.820	  31.02773892 121.43928738 1.5  0.0 0.0
2015-07-03-18 36 26.922	  31.02773892 121.43928738 1.5  0.0 0.0
2015-07-03-18 36 27.024	  31.02773892 121.43928738 1.5  0.0 0.0
2015-07-03-18 36 27.125	  31.02773892 121.43928738 1.5  0.0 0.0
2015-07-03-18 36 27.228	  31.02773892 121.43928738 1.5  0.0 0.0
2015-07-03-18 36 27.336	  31.02773892 121.43928738 1.5  0.0 0.0
2015-07-03-18 36 27.441	  31.02773892 121.43928738 1.5  0.0 0.0
2015-07-03-18 36 27.547	  31.02773892 121.43928738 1.5  0.0 0.0
2015-07-03-18 36 27.649	  31.02773892 121.43928738 1.5  0.0 0.0
2015-07-03-18 36 27.754	  31.02773892 121.43928738 1.5  0.0 0.0
2015-07-03-18 36 27.858	  31.02771587 121.43929438 1.5  0.0 0.0
2015-07-03-18 36 27.960	  31.02771587 121.43929438 1.5  0.0 0.0
2015-07-03-18 36 28.064	  31.02771587 121.43929438 1.5  0.0 0.0
2015-07-03-18 36 28.168	  31.02771587 121.43929438 1.5  0.0 0.0
2015-07-03-18 36 28.274	  31.02771587 121.43929438 1.5  0.0 0.0
2015-07-03-18 36 28.378	  31.02771587 121.43929438 1.5  0.0 0.0
2015-07-03-18 36 28.484	  31.02771587 121.43929438 1.5  0.0 0.0
2015-07-03-18 36 28.586	  31.02771587 121.43929438 1.5  0.0 0.0
2015-07-03-18 36 28.687	  31.02771587 121.43929438 1.5  0.0 0.0
2015-07-03-18 36 28.789	  31.02771587 121.43929438 1.5  0.0 0.0
2015-07-03-18 36 28.893	  31.02769366 121.4393006 1.5  0.0 0.0
2015-07-03-18 36 28.995	  31.02769366 121.4393006 1.5  0.0 0.0
2015-07-03-18 36 29.097	  31.02769366 121.4393006 1.5  0.0 0.0
2015-07-03-18 36 29.198	  31.02769366 121.4393006 1.5  0.0 0.0
2015-07-03-18 36 29.299	  31.02769366 121.4393006 1.5  0.0 0.0
2015-07-03-18 36 29.406	  31.02769366 121.4393006 1.5  0.0 0.0
2015-07-03-18 36 29.509	  31.02769366 121.4393006 1.5  0.0 0.0
2015-07-03-18 36 29.615	  31.02769366 121.4393006 1.5  0.0 0.0
2015-07-03-18 36 29.719	  31.02769366 121.4393006 1.5  0.0 0.0
2015-07-03-18 36 29.824	  31.02767151 121.43930674 1.75  0.0 0.0
2015-07-03-18 36 29.925	  31.02767151 121.43930674 1.75  0.0 0.0
2015-07-03-18 36 30.027	  31.02767151 121.43930674 1.75  0.0 0.0
2015-07-03-18 36 30.131	  31.02767151 121.43930674 1.75  0.0 0.0
2015-07-03-18 36 30.237	  31.02767151 121.43930674 1.75  0.0 0.0
2015-07-03-18 36 30.341	  31.02767151 121.43930674 1.75  0.0 0.0
2015-07-03-18 36 30.448	  31.02767151 121.43930674 1.75  0.0 0.0
2015-07-03-18 36 30.550	  31.02767151 121.43930674 1.75  0.0 0.0
2015-07-03-18 36 30.652	  31.02767151 121.43930674 1.75  0.0 0.0
2015-07-03-18 36 30.756	  31.02767151 121.43930674 1.75  0.0 0.0
2015-07-03-18 36 30.860	  31.02765011 121.4393121 1.75  0.0 0.0
2015-07-03-18 36 30.961	  31.02765011 121.4393121 1.75  0.0 0.0
2015-07-03-18 36 31.065	  31.02765011 121.4393121 1.75  0.0 0.0
2015-07-03-18 36 31.167	  31.02765011 121.4393121 1.75  0.0 0.0
2015-07-03-18 36 31.269	  31.02765011 121.4393121 1.75  0.0 0.0
2015-07-03-18 36 31.374	  31.02765011 121.4393121 1.75  0.0 0.0
2015-07-03-18 36 31.480	  31.02765011 121.4393121 1.75  0.0 0.0
2015-07-03-18 36 31.587	  31.02765011 121.4393121 1.75  0.0 0.0
2015-07-03-18 36 31.696	  31.02765011 121.4393121 1.75  0.0 0.0
2015-07-03-18 36 31.797	  31.02765011 121.4393121 1.75  0.0 0.0
2015-07-03-18 36 31.898	  31.02763099 121.43931893 1.75  0.0 0.0
2015-07-03-18 36 32.002	  31.02763099 121.43931893 1.75  0.0 0.0
2015-07-03-18 36 32.106	  31.02763099 121.43931893 1.75  0.0 0.0
2015-07-03-18 36 32.210	  31.02763099 121.43931893 1.75  0.0 0.0
2015-07-03-18 36 32.314	  31.02763099 121.43931893 1.75  0.0 0.0
2015-07-03-18 36 32.416	  31.02763099 121.43931893 1.75  0.0 0.0
2015-07-03-18 36 32.519	  31.02763099 121.43931893 1.75  0.0 0.0
2015-07-03-18 36 32.620	  31.02763099 121.43931893 1.75  0.0 0.0
2015-07-03-18 36 32.722	  31.02763099 121.43931893 1.75  0.0 0.0
2015-07-03-18 36 32.823	  31.02763099 121.43931893 1.75  0.0 0.0
2015-07-03-18 36 32.925	  31.0276133 121.4393268 1.75  0.0 0.0
2015-07-03-18 36 33.027	  31.0276133 121.4393268 1.75  0.0 0.0
2015-07-03-18 36 33.134	  31.0276133 121.4393268 1.75  0.0 0.0
2015-07-03-18 36 33.236	  31.0276133 121.4393268 1.75  0.0 0.0
2015-07-03-18 36 33.337	  31.0276133 121.4393268 1.75  0.0 0.0
2015-07-03-18 36 33.438	  31.0276133 121.4393268 1.75  0.0 0.0
2015-07-03-18 36 33.540	  31.0276133 121.4393268 1.75  0.0 0.0
2015-07-03-18 36 33.652	  31.0276133 121.4393268 1.75  0.0 0.0
2015-07-03-18 36 33.755	  31.0276133 121.4393268 1.75  0.0 0.0
2015-07-03-18 36 33.858	  31.02759606 121.43933806 1.75  0.0 0.0
2015-07-03-18 36 34.001	  31.02759606 121.43933806 1.75  0.0 0.0
2015-07-03-18 36 34.102	  31.02759606 121.43933806 1.75  0.0 0.0
2015-07-03-18 36 34.208	  31.02759606 121.43933806 1.75  0.0 0.0
2015-07-03-18 36 34.312	  31.02759606 121.43933806 1.75  0.0 0.0
2015-07-03-18 36 34.415	  31.02759606 121.43933806 1.75  0.0 0.0
2015-07-03-18 36 34.519	  31.02759606 121.43933806 1.75  0.0 0.0
2015-07-03-18 36 34.624	  31.02759606 121.43933806 1.75  0.0 0.0
2015-07-03-18 36 34.735	  31.02759606 121.43933806 1.75  0.0 0.0
2015-07-03-18 36 34.836	  31.02757916 121.43934619 1.75  0.0 0.0
2015-07-03-18 36 34.937	  31.02757916 121.43934619 1.75  0.0 0.0
2015-07-03-18 36 35.039	  31.02757916 121.43934619 1.75  0.0 0.0
2015-07-03-18 36 35.141	  31.02757916 121.43934619 1.75  0.0 0.0
2015-07-03-18 36 35.246	  31.02757916 121.43934619 1.75  0.0 0.0
2015-07-03-18 36 35.348	  31.02757916 121.43934619 1.75  0.0 0.0
2015-07-03-18 36 35.449	  31.02757916 121.43934619 1.75  0.0 0.0
2015-07-03-18 36 35.555	  31.02757916 121.43934619 1.75  0.0 0.0
2015-07-03-18 36 35.659	  31.02757916 121.43934619 1.75  0.0 0.0
2015-07-03-18 36 35.771	  31.02757916 121.43934619 1.75  0.0 0.0
2015-07-03-18 36 35.873	  31.02757916 121.43934619 1.75  0.0 0.0
2015-07-03-18 36 35.975	  31.02757916 121.43934619 1.75  0.0 0.0
2015-07-03-18 36 36.077	  31.02757916 121.43934619 1.75  0.0 0.0
2015-07-03-18 36 36.178	  31.02757916 121.43934619 1.75  0.0 0.0
2015-07-03-18 36 36.285	  31.02757916 121.43934619 1.75  0.0 0.0
2015-07-03-18 36 36.389	  31.02757916 121.43934619 1.75  0.0 0.0
2015-07-03-18 36 36.493	  31.02757916 121.43934619 1.75  0.0 0.0
2015-07-03-18 36 36.598	  31.02757916 121.43934619 1.75  0.0 0.0
2015-07-03-18 36 36.703	  31.02757916 121.43934619 1.75  0.0 0.0
2015-07-03-18 36 36.815	  31.02757916 121.43934619 1.75  0.0 0.0
2015-07-03-18 36 36.916	  31.02757916 121.43934619 1.75  0.0 0.0
2015-07-03-18 36 37.019	  31.02757916 121.43934619 1.75  0.0 0.0
2015-07-03-18 36 37.120	  31.02757916 121.43934619 1.75  0.0 0.0
2015-07-03-18 36 37.227	  31.02757916 121.43934619 1.75  0.0 0.0
2015-07-03-18 36 37.329	  31.02754679 121.43936144 1.75  0.0 0.0
2015-07-03-18 36 37.442	  31.02754679 121.43936144 1.75  0.0 0.0
2015-07-03-18 36 37.547	  31.02754679 121.43936144 1.75  0.0 0.0
2015-07-03-18 36 37.652	  31.02754679 121.43936144 1.75  0.0 0.0
2015-07-03-18 36 37.754	  31.02754679 121.43936144 1.75  0.0 0.0
2015-07-03-18 36 37.855	  31.02754679 121.43936144 1.75  0.0 0.0
2015-07-03-18 36 37.959	  31.02754679 121.43936144 1.75  0.0 0.0
2015-07-03-18 36 38.060	  31.02754679 121.43936144 1.75  0.0 0.0
2015-07-03-18 36 38.161	  31.02754679 121.43936144 1.75  0.0 0.0
2015-07-03-18 36 38.263	  31.02754679 121.43936144 1.75  0.0 0.0
2015-07-03-18 36 38.365	  31.02754679 121.43936144 1.75  0.0 0.0
2015-07-03-18 36 38.470	  31.02754679 121.43936144 1.75  0.0 0.0
2015-07-03-18 36 38.577	  31.02754679 121.43936144 1.75  0.0 0.0
2015-07-03-18 36 38.692	  31.02754679 121.43936144 1.75  0.0 0.0
2015-07-03-18 36 38.795	  31.02754679 121.43936144 1.75  0.0 0.0
2015-07-03-18 36 38.896	  31.02754679 121.43936144 1.75  0.0 0.0
2015-07-03-18 36 39.000	  31.02754679 121.43936144 1.75  0.0 0.0
2015-07-03-18 36 39.105	  31.02754679 121.43936144 1.75  0.0 0.0
2015-07-03-18 36 39.206	  31.02754679 121.43936144 1.75  0.0 0.0
2015-07-03-18 36 39.308	  31.02754679 121.43936144 1.75  0.0 0.0
2015-07-03-18 36 39.410	  31.02751794 121.43939554 1.75  0.0 0.0
2015-07-03-18 36 39.516	  31.02751794 121.43939554 1.75  0.0 0.0
2015-07-03-18 36 39.618	  31.02751794 121.43939554 1.75  0.0 0.0
2015-07-03-18 36 39.720	  31.02751794 121.43939554 1.75  0.0 0.0
2015-07-03-18 36 39.825	  31.02751794 121.43939554 1.75  0.0 0.0
2015-07-03-18 36 39.935	  31.02751794 121.43939554 1.75  0.0 0.0
2015-07-03-18 36 40.037	  31.02751794 121.43939554 1.75  0.0 0.0
2015-07-03-18 36 40.138	  31.02751794 121.43939554 1.75  0.0 0.0
2015-07-03-18 36 40.243	  31.02751794 121.43939554 1.75  0.0 0.0
2015-07-03-18 36 40.356	  31.02751794 121.43939554 1.75  0.0 0.0
2015-07-03-18 36 40.458	  31.02751794 121.43939554 1.75  0.0 0.0
2015-07-03-18 36 40.560	  31.02751794 121.43939554 1.75  0.0 0.0
2015-07-03-18 36 40.663	  31.02751794 121.43939554 1.75  0.0 0.0
2015-07-03-18 36 40.769	  31.02751794 121.43939554 1.75  0.0 0.0
2015-07-03-18 36 40.871	  31.02751794 121.43939554 1.75  0.0 0.0
2015-07-03-18 36 40.974	  31.02748901 121.43942544 1.75  0.0 0.0
2015-07-03-18 36 41.083	  31.02748901 121.43942544 1.75  0.0 0.0
2015-07-03-18 36 41.188	  31.02748901 121.43942544 1.75  0.0 0.0
2015-07-03-18 36 41.291	  31.02748901 121.43942544 1.75  0.0 0.0
2015-07-03-18 36 41.397	  31.02748901 121.43942544 1.75  0.0 0.0
2015-07-03-18 36 41.503	  31.02748901 121.43942544 1.75  0.0 0.0
2015-07-03-18 36 41.618	  31.02748901 121.43942544 1.75  0.0 0.0
2015-07-03-18 36 41.721	  31.02748901 121.43942544 1.75  0.0 0.0
2015-07-03-18 36 41.825	  31.02748901 121.43942544 1.75  0.0 0.0
2015-07-03-18 36 41.929	  31.02748901 121.43942544 1.75  0.0 0.0
2015-07-03-18 36 42.046	  31.02748901 121.43942544 1.75  0.0 0.0
2015-07-03-18 36 42.147	  31.02748901 121.43942544 1.75  0.0 0.0
2015-07-03-18 36 42.249	  31.02748901 121.43942544 1.75  0.0 0.0
2015-07-03-18 36 42.350	  31.02748901 121.43942544 1.75  0.0 0.0
2015-07-03-18 36 42.488	  31.02748901 121.43942544 1.75  0.0 0.0
2015-07-03-18 36 42.590	  31.02748901 121.43942544 1.75  0.0 0.0
2015-07-03-18 36 42.693	  31.02748901 121.43942544 1.75  0.0 0.0
2015-07-03-18 36 42.801	  31.02748901 121.43942544 1.75  0.0 0.0
2015-07-03-18 36 42.907	  31.02745797 121.43944561 1.75  0.0 0.0
2015-07-03-18 36 43.010	  31.02745797 121.43944561 1.75  0.0 0.0
2015-07-03-18 36 43.116	  31.02745797 121.43944561 1.75  0.0 0.0
2015-07-03-18 36 43.220	  31.02745797 121.43944561 1.75  0.0 0.0
2015-07-03-18 36 43.327	  31.02745797 121.43944561 1.75  0.0 0.0
2015-07-03-18 36 43.432	  31.02745797 121.43944561 1.75  0.0 0.0
2015-07-03-18 36 43.551	  31.02745797 121.43944561 1.75  0.0 0.0
2015-07-03-18 36 43.652	  31.02745797 121.43944561 1.75  0.0 0.0
2015-07-03-18 36 43.755	  31.02745797 121.43944561 1.75  0.0 0.0
2015-07-03-18 36 43.865	  31.02745797 121.43944561 1.75  0.0 0.0
2015-07-03-18 36 43.967	  31.02745797 121.43944561 1.75  0.0 0.0
2015-07-03-18 36 44.068	  31.02745797 121.43944561 1.75  0.0 0.0
2015-07-03-18 36 44.178	  31.02745797 121.43944561 1.75  0.0 0.0
2015-07-03-18 36 44.285	  31.02745797 121.43944561 1.75  0.0 0.0
2015-07-03-18 36 44.386	  31.02745797 121.43944561 1.75  0.0 0.0
2015-07-03-18 36 44.488	  31.02745797 121.43944561 1.75  0.0 0.0
2015-07-03-18 36 44.594	  31.02745797 121.43944561 1.75  0.0 0.0
2015-07-03-18 36 44.705	  31.02745797 121.43944561 1.75  0.0 0.0
2015-07-03-18 36 44.806	  31.02745797 121.43944561 1.75  0.0 0.0
2015-07-03-18 36 44.908	  31.02742777 121.43946398 1.75  0.0 0.0
2015-07-03-18 36 45.011	  31.02742777 121.43946398 1.75  0.0 0.0
2015-07-03-18 36 45.113	  31.02742777 121.43946398 1.75  0.0 0.0
2015-07-03-18 36 45.220	  31.02742777 121.43946398 1.75  0.0 0.0
2015-07-03-18 36 45.331	  31.02742777 121.43946398 1.75  0.0 0.0
2015-07-03-18 36 45.434	  31.02742777 121.43946398 1.75  0.0 0.0
2015-07-03-18 36 45.537	  31.02742777 121.43946398 1.75  0.0 0.0
2015-07-03-18 36 45.639	  31.02742777 121.43946398 1.75  0.0 0.0
2015-07-03-18 36 45.741	  31.02742777 121.43946398 1.75  0.0 0.0
2015-07-03-18 36 45.844	  31.02742777 121.43946398 1.75  0.0 0.0
2015-07-03-18 36 45.956	  31.02742777 121.43946398 1.75  0.0 0.0
2015-07-03-18 36 46.058	  31.02742777 121.43946398 1.75  0.0 0.0
2015-07-03-18 36 46.159	  31.02742777 121.43946398 1.75  0.0 0.0
2015-07-03-18 36 46.261	  31.02742777 121.43946398 1.75  0.0 0.0
2015-07-03-18 36 46.364	  31.02742777 121.43946398 1.75  0.0 0.0
2015-07-03-18 36 46.465	  31.02742777 121.43946398 1.75  0.0 0.0
2015-07-03-18 36 46.569	  31.02742777 121.43946398 1.75  0.0 0.0
2015-07-03-18 36 46.671	  31.02742777 121.43946398 1.75  0.0 0.0
2015-07-03-18 36 46.773	  31.02742777 121.43946398 1.75  0.0 0.0
2015-07-03-18 36 46.878	  31.02742777 121.43946398 1.75  0.0 0.0
2015-07-03-18 36 46.985	  31.02742777 121.43946398 1.75  0.0 0.0
2015-07-03-18 36 47.091	  31.02742777 121.43946398 1.75  0.0 0.0
2015-07-03-18 36 47.205	  31.02742777 121.43946398 1.75  0.0 0.0
2015-07-03-18 36 47.306	  31.02742777 121.43946398 1.75  0.0 0.0
2015-07-03-18 36 47.408	  31.02739704 121.43948128 1.75  0.0 0.0
2015-07-03-18 36 47.517	  31.02739704 121.43948128 1.75  0.0 0.0
2015-07-03-18 36 47.621	  31.02739704 121.43948128 1.75  0.0 0.0
2015-07-03-18 36 47.733	  31.02739704 121.43948128 1.75  0.0 0.0
2015-07-03-18 36 47.851	  31.02739704 121.43948128 1.75  0.0 0.0
2015-07-03-18 36 47.954	  31.02739704 121.43948128 1.75  0.0 0.0
2015-07-03-18 36 48.057	  31.02739704 121.43948128 1.75  0.0 0.0
2015-07-03-18 36 48.220	  31.02739704 121.43948128 1.75  0.0 0.0
2015-07-03-18 36 48.323	  31.02739704 121.43948128 1.75  0.0 0.0
2015-07-03-18 36 48.425	  31.02739704 121.43948128 1.75  0.0 0.0
2015-07-03-18 36 48.571	  31.02739704 121.43948128 1.75  0.0 0.0
2015-07-03-18 36 48.673	  31.02739704 121.43948128 1.75  0.0 0.0
2015-07-03-18 36 48.777	  31.02739704 121.43948128 1.75  0.0 0.0
2015-07-03-18 36 48.879	  31.02739704 121.43948128 1.75  0.0 0.0
2015-07-03-18 36 48.981	  31.02736644 121.43949582 1.75  0.0 0.0
2015-07-03-18 36 49.083	  31.02736644 121.43949582 1.75  0.0 0.0
2015-07-03-18 36 49.185	  31.02736644 121.43949582 1.75  0.0 0.0
2015-07-03-18 36 49.289	  31.02736644 121.43949582 1.75  0.0 0.0
2015-07-03-18 36 49.405	  31.02736644 121.43949582 1.75  0.0 0.0
2015-07-03-18 36 49.507	  31.02736644 121.43949582 1.75  0.0 0.0
2015-07-03-18 36 49.608	  31.02736644 121.43949582 1.75  0.0 0.0
2015-07-03-18 36 49.725	  31.02736644 121.43949582 1.75  0.0 0.0
2015-07-03-18 36 49.832	  31.02736644 121.43949582 1.75  0.0 0.0
2015-07-03-18 36 49.942	  31.02736644 121.43949582 1.75  0.0 0.0
2015-07-03-18 36 50.044	  31.02736644 121.43949582 1.75  0.0 0.0
2015-07-03-18 36 50.146	  31.02736644 121.43949582 1.75  0.0 0.0
2015-07-03-18 36 50.281	  31.02736644 121.43949582 1.75  0.0 0.0
2015-07-03-18 36 50.388	  31.02736644 121.43949582 1.75  0.0 0.0
2015-07-03-18 36 50.492	  31.02736644 121.43949582 1.75  0.0 0.0
2015-07-03-18 36 50.653	  31.02736644 121.43949582 1.75  0.0 0.0
2015-07-03-18 36 50.758	  31.02736644 121.43949582 1.75  0.0 0.0
2015-07-03-18 36 50.875	  31.02733592 121.43950986 1.75  0.0 0.0
2015-07-03-18 36 50.984	  31.02733592 121.43950986 1.75  0.0 0.0
2015-07-03-18 36 51.086	  31.02733592 121.43950986 1.75  0.0 0.0
2015-07-03-18 36 51.234	  31.02733592 121.43950986 1.75  0.0 0.0
2015-07-03-18 36 51.336	  31.02733592 121.43950986 1.75  0.0 0.0
2015-07-03-18 36 51.502	  31.02733592 121.43950986 1.75  0.0 0.0
2015-07-03-18 36 51.607	  31.02733592 121.43950986 1.75  0.0 0.0
2015-07-03-18 36 51.724	  31.02733592 121.43950986 1.75  0.0 0.0
2015-07-03-18 36 51.826	  31.02733592 121.43950986 1.75  0.0 0.0
2015-07-03-18 36 51.927	  31.02733592 121.43950986 1.75  0.0 0.0
2015-07-03-18 36 52.045	  31.02733592 121.43950986 1.75  0.0 0.0
2015-07-03-18 36 52.147	  31.02733592 121.43950986 1.75  0.0 0.0
2015-07-03-18 36 52.249	  31.02733592 121.43950986 1.75  0.0 0.0
2015-07-03-18 36 52.403	  31.02733592 121.43950986 1.75  0.0 0.0
2015-07-03-18 36 52.505	  31.02733592 121.43950986 1.75  0.0 0.0
2015-07-03-18 36 52.657	  31.02733592 121.43950986 1.75  0.0 0.0
2015-07-03-18 36 52.761	  31.02733592 121.43950986 1.75  0.0 0.0
2015-07-03-18 36 52.929	  31.02730458 121.43952518 1.75  0.0 0.0
2015-07-03-18 36 53.030	  31.02730458 121.43952518 1.75  0.0 0.0
2015-07-03-18 36 53.145	  31.02730458 121.43952518 1.75  0.0 0.0
2015-07-03-18 36 53.248	  31.02730458 121.43952518 1.75  0.0 0.0
2015-07-03-18 36 53.354	  31.02730458 121.43952518 1.75  0.0 0.0
2015-07-03-18 36 53.461	  31.02730458 121.43952518 1.75  0.0 0.0
2015-07-03-18 36 53.625	  31.02730458 121.43952518 1.75  0.0 0.0
2015-07-03-18 36 53.726	  31.02730458 121.43952518 1.75  0.0 0.0
2015-07-03-18 36 53.901	  31.02730458 121.43952518 1.75  0.0 0.0
2015-07-03-18 36 54.006	  31.02730458 121.43952518 1.75  0.0 0.0
2015-07-03-18 36 54.188	  31.02730458 121.43952518 1.75  0.0 0.0
2015-07-03-18 36 54.290	  31.02730458 121.43952518 1.75  0.0 0.0
2015-07-03-18 36 54.420	  31.02730458 121.43952518 1.75  0.0 0.0
2015-07-03-18 36 54.522	  31.02730458 121.43952518 1.75  0.0 0.0
2015-07-03-18 36 54.675	  31.02730458 121.43952518 1.75  0.0 0.0
2015-07-03-18 36 54.780	  31.02730458 121.43952518 1.75  0.0 0.0
2015-07-03-18 36 54.930	  31.02730458 121.43952518 1.75  0.0 0.0
2015-07-03-18 36 55.038	  31.02730458 121.43952518 1.75  0.0 0.0
2015-07-03-18 36 55.203	  31.02730458 121.43952518 1.75  0.0 0.0
2015-07-03-18 36 55.304	  31.0272732 121.43953774 1.75  0.0 0.0
2015-07-03-18 36 55.502	  31.0272732 121.43953774 1.75  0.0 0.0
2015-07-03-18 36 55.607	  31.0272732 121.43953774 1.75  0.0 0.0
2015-07-03-18 36 55.756	  31.0272732 121.43953774 1.75  0.0 0.0
2015-07-03-18 36 55.859	  31.0272732 121.43953774 1.75  0.0 0.0
2015-07-03-18 36 56.017	  31.0272732 121.43953774 1.75  0.0 0.0
2015-07-03-18 36 56.136	  31.0272732 121.43953774 1.75  0.0 0.0
2015-07-03-18 36 56.284	  31.0272732 121.43953774 1.75  0.0 0.0
2015-07-03-18 36 56.387	  31.0272732 121.43953774 1.75  0.0 0.0
2015-07-03-18 36 56.513	  31.0272732 121.43953774 1.75  0.0 0.0
2015-07-03-18 36 56.615	  31.0272732 121.43953774 1.75  0.0 0.0
2015-07-03-18 36 56.777	  31.0272732 121.43953774 1.75  0.0 0.0
2015-07-03-18 36 56.880	  31.0272732 121.43953774 1.75  0.0 0.0
2015-07-03-18 36 57.010	  31.02724133 121.43954841 1.75  0.0 0.0
2015-07-03-18 36 57.112	  31.02724133 121.43954841 1.75  0.0 0.0
2015-07-03-18 36 57.245	  31.02724133 121.43954841 1.75  0.0 0.0
2015-07-03-18 36 57.347	  31.02724133 121.43954841 1.75  0.0 0.0
2015-07-03-18 36 57.503	  31.02724133 121.43954841 1.75  0.0 0.0
2015-07-03-18 36 57.608	  31.02724133 121.43954841 1.75  0.0 0.0
2015-07-03-18 36 57.760	  31.02724133 121.43954841 1.75  0.0 0.0
2015-07-03-18 36 57.861	  31.02724133 121.43954841 1.75  0.0 0.0
2015-07-03-18 36 57.990	  31.02724133 121.43954841 1.75  0.0 0.0
2015-07-03-18 36 58.095	  31.02724133 121.43954841 1.75  0.0 0.0
2015-07-03-18 36 58.243	  31.02724133 121.43954841 1.75  0.0 0.0
2015-07-03-18 36 58.344	  31.02724133 121.43954841 1.75  0.0 0.0
2015-07-03-18 36 58.473	  31.02724133 121.43954841 1.75  0.0 0.0
2015-07-03-18 36 58.577	  31.02724133 121.43954841 1.75  0.0 0.0
2015-07-03-18 36 58.695	  31.02724133 121.43954841 1.75  0.0 0.0
2015-07-03-18 36 58.801	  31.02724133 121.43954841 1.75  0.0 0.0
2015-07-03-18 36 58.910	  31.02720982 121.43956157 1.75  0.0 0.0
2015-07-03-18 36 59.011	  31.02720982 121.43956157 1.75  0.0 0.0
2015-07-03-18 36 59.112	  31.02720982 121.43956157 1.75  0.0 0.0
2015-07-03-18 36 59.214	  31.02720982 121.43956157 1.75  0.0 0.0
2015-07-03-18 36 59.316	  31.02720982 121.43956157 1.75  0.0 0.0
2015-07-03-18 36 59.505	  31.02720982 121.43956157 1.75  0.0 0.0
2015-07-03-18 36 59.608	  31.02720982 121.43956157 1.75  0.0 0.0
2015-07-03-18 36 59.748	  31.02720982 121.43956157 1.75  0.0 0.0
2015-07-03-18 36 59.851	  31.02720982 121.43956157 1.75  0.0 0.0
2015-07-03-18 36 59.993	  31.02720982 121.43956157 1.75  0.0 0.0
2015-07-03-18 37 00.095	  31.02720982 121.43956157 1.75  0.0 0.0
2015-07-03-18 37 00.210	  31.02720982 121.43956157 1.75  0.0 0.0
2015-07-03-18 37 00.311	  31.02720982 121.43956157 1.75  0.0 0.0
2015-07-03-18 37 00.503	  31.02720982 121.43956157 1.75  0.0 0.0
2015-07-03-18 37 00.608	  31.02720982 121.43956157 1.75  0.0 0.0
2015-07-03-18 37 00.772	  31.02720982 121.43956157 1.75  0.0 0.0
2015-07-03-18 37 00.874	  31.02718021 121.43957401 1.75  0.0 0.0
2015-07-03-18 37 00.983	  31.02718021 121.43957401 1.75  0.0 0.0
2015-07-03-18 37 01.085	  31.02718021 121.43957401 1.75  0.0 0.0
2015-07-03-18 37 01.187	  31.02718021 121.43957401 1.75  0.0 0.0
2015-07-03-18 37 01.292	  31.02718021 121.43957401 1.75  0.0 0.0
2015-07-03-18 37 01.395	  31.02718021 121.43957401 1.75  0.0 0.0
2015-07-03-18 37 01.499	  31.02718021 121.43957401 1.75  0.0 0.0
2015-07-03-18 37 01.603	  31.02718021 121.43957401 1.75  0.0 0.0
2015-07-03-18 37 01.762	  31.02718021 121.43957401 1.75  0.0 0.0
2015-07-03-18 37 01.865	  31.02718021 121.43957401 1.75  0.0 0.0
2015-07-03-18 37 02.003	  31.02718021 121.43957401 1.75  0.0 0.0
2015-07-03-18 37 02.108	  31.02718021 121.43957401 1.75  0.0 0.0
2015-07-03-18 37 02.257	  31.02718021 121.43957401 1.75  0.0 0.0
2015-07-03-18 37 02.362	  31.02718021 121.43957401 1.75  0.0 0.0
2015-07-03-18 37 02.525	  31.02718021 121.43957401 1.75  0.0 0.0
2015-07-03-18 37 02.627	  31.02718021 121.43957401 1.75  0.0 0.0
2015-07-03-18 37 02.766	  31.02718021 121.43957401 1.75  0.0 0.0
2015-07-03-18 37 02.868	  31.02715022 121.43958774 1.75  0.0 0.0
2015-07-03-18 37 02.988	  31.02715022 121.43958774 1.75  0.0 0.0
2015-07-03-18 37 03.090	  31.02715022 121.43958774 1.75  0.0 0.0
2015-07-03-18 37 03.216	  31.02715022 121.43958774 1.75  0.0 0.0
2015-07-03-18 37 03.319	  31.02715022 121.43958774 1.75  0.0 0.0
2015-07-03-18 37 03.472	  31.02715022 121.43958774 1.75  0.0 0.0
2015-07-03-18 37 03.577	  31.02715022 121.43958774 1.75  0.0 0.0
2015-07-03-18 37 03.755	  31.02715022 121.43958774 1.75  0.0 0.0
2015-07-03-18 37 03.896	  31.02715022 121.43958774 1.75  0.0 0.0
2015-07-03-18 37 03.999	  31.02715022 121.43958774 1.75  0.0 0.0
2015-07-03-18 37 04.138	  31.02715022 121.43958774 1.75  0.0 0.0
2015-07-03-18 37 04.241	  31.02715022 121.43958774 1.75  0.0 0.0
2015-07-03-18 37 04.393	  31.02715022 121.43958774 1.75  0.0 0.0
2015-07-03-18 37 04.495	  31.02715022 121.43958774 1.75  0.0 0.0
2015-07-03-18 37 04.653	  31.02715022 121.43958774 1.75  0.0 0.0
2015-07-03-18 37 04.758	  31.02715022 121.43958774 1.75  0.0 0.0
2015-07-03-18 37 04.915	  31.0271206 121.43959755 1.75  0.0 0.0
2015-07-03-18 37 05.017	  31.0271206 121.43959755 1.75  0.0 0.0
2015-07-03-18 37 05.156	  31.0271206 121.43959755 1.75  0.0 0.0
2015-07-03-18 37 05.264	  31.0271206 121.43959755 1.75  0.0 0.0
2015-07-03-18 37 05.439	  31.0271206 121.43959755 1.75  0.0 0.0
2015-07-03-18 37 05.541	  31.0271206 121.43959755 1.75  0.0 0.0
2015-07-03-18 37 05.659	  31.0271206 121.43959755 1.75  0.0 0.0
2015-07-03-18 37 05.762	  31.0271206 121.43959755 1.75  0.0 0.0
2015-07-03-18 37 05.949	  31.0271206 121.43959755 1.75  0.0 0.0
2015-07-03-18 37 06.051	  31.0271206 121.43959755 1.75  0.0 0.0
2015-07-03-18 37 06.166	  31.0271206 121.43959755 1.75  0.0 0.0
2015-07-03-18 37 06.268	  31.0271206 121.43959755 1.75  0.0 0.0
2015-07-03-18 37 06.434	  31.0271206 121.43959755 1.75  0.0 0.0
2015-07-03-18 37 06.535	  31.0271206 121.43959755 1.75  0.0 0.0
2015-07-03-18 37 06.676	  31.0271206 121.43959755 1.75  0.0 0.0
2015-07-03-18 37 06.778	  31.02709179 121.43960869 1.75  0.0 0.0
2015-07-03-18 37 06.947	  31.02709179 121.43960869 1.75  0.0 0.0
2015-07-03-18 37 07.048	  31.02709179 121.43960869 1.75  0.0 0.0
2015-07-03-18 37 07.166	  31.02709179 121.43960869 1.75  0.0 0.0
2015-07-03-18 37 07.268	  31.02709179 121.43960869 1.75  0.0 0.0
2015-07-03-18 37 07.369	  31.02709179 121.43960869 1.75  0.0 0.0
2015-07-03-18 37 07.483	  31.02709179 121.43960869 1.75  0.0 0.0
2015-07-03-18 37 07.585	  31.02709179 121.43960869 1.75  0.0 0.0
2015-07-03-18 37 07.700	  31.02709179 121.43960869 1.75  0.0 0.0
2015-07-03-18 37 07.802	  31.02709179 121.43960869 1.75  0.0 0.0
2015-07-03-18 37 07.926	  31.02709179 121.43960869 1.75  0.0 0.0
2015-07-03-18 37 08.031	  31.02709179 121.43960869 1.75  0.0 0.0
2015-07-03-18 37 08.176	  31.02709179 121.43960869 1.75  0.0 0.0
2015-07-03-18 37 08.281	  31.02709179 121.43960869 1.75  0.0 0.0
2015-07-03-18 37 08.383	  31.02709179 121.43960869 1.75  0.0 0.0
2015-07-03-18 37 08.527	  31.02709179 121.43960869 1.75  0.0 0.0
2015-07-03-18 37 08.629	  31.02709179 121.43960869 1.75  0.0 0.0
2015-07-03-18 37 08.776	  31.02709179 121.43960869 1.75  0.0 0.0
2015-07-03-18 37 08.878	  31.02706328 121.43962409 1.75  0.0 0.0
2015-07-03-18 37 09.006	  31.02706328 121.43962409 1.75  0.0 0.0
2015-07-03-18 37 09.112	  31.02706328 121.43962409 1.75  0.0 0.0
2015-07-03-18 37 09.215	  31.02706328 121.43962409 1.75  0.0 0.0
2015-07-03-18 37 09.386	  31.02706328 121.43962409 1.75  0.0 0.0
2015-07-03-18 37 09.488	  31.02706328 121.43962409 1.75  0.0 0.0
2015-07-03-18 37 09.647	  31.02706328 121.43962409 1.75  0.0 0.0
2015-07-03-18 37 09.751	  31.02706328 121.43962409 1.75  0.0 0.0
2015-07-03-18 37 09.853	  31.02706328 121.43962409 1.75  0.0 0.0
2015-07-03-18 37 09.965	  31.02706328 121.43962409 1.75  0.0 0.0
2015-07-03-18 37 10.068	  31.02706328 121.43962409 1.75  0.0 0.0
2015-07-03-18 37 10.243	  31.02706328 121.43962409 1.75  0.0 0.0
2015-07-03-18 37 10.345	  31.02706328 121.43962409 1.75  0.0 0.0
2015-07-03-18 37 10.486	  31.02706328 121.43962409 1.75  0.0 0.0
2015-07-03-18 37 10.588	  31.02706328 121.43962409 1.75  0.0 0.0
2015-07-03-18 37 10.691	  31.02706328 121.43962409 1.75  0.0 0.0
2015-07-03-18 37 10.804	  31.02706328 121.43962409 1.75  0.0 0.0
2015-07-03-18 37 10.905	  31.02703436 121.43964011 1.75  0.0 0.0
2015-07-03-18 37 11.044	  31.02703436 121.43964011 1.75  0.0 0.0
2015-07-03-18 37 11.147	  31.02703436 121.43964011 1.75  0.0 0.0
2015-07-03-18 37 11.288	  31.02703436 121.43964011 1.75  0.0 0.0
2015-07-03-18 37 11.390	  31.02703436 121.43964011 1.75  0.0 0.0
2015-07-03-18 37 11.494	  31.02703436 121.43964011 1.75  0.0 0.0
2015-07-03-18 37 11.600	  31.02703436 121.43964011 1.75  0.0 0.0
2015-07-03-18 37 11.702	  31.02703436 121.43964011 1.75  0.0 0.0
2015-07-03-18 37 11.850	  31.02703436 121.43964011 1.75  0.0 0.0
2015-07-03-18 37 11.954	  31.02703436 121.43964011 1.75  0.0 0.0
2015-07-03-18 37 12.105	  31.02703436 121.43964011 1.75  0.0 0.0
2015-07-03-18 37 12.217	  31.02703436 121.43964011 1.75  0.0 0.0
2015-07-03-18 37 12.321	  31.02703436 121.43964011 1.75  0.0 0.0
2015-07-03-18 37 12.437	  31.02703436 121.43964011 1.75  0.0 0.0
2015-07-03-18 37 12.539	  31.02703436 121.43964011 1.75  0.0 0.0
2015-07-03-18 37 12.641	  31.02703436 121.43964011 1.75  0.0 0.0
2015-07-03-18 37 12.775	  31.02703436 121.43964011 1.75  0.0 0.0
2015-07-03-18 37 12.883	  31.0270044 121.43965592 1.75  0.0 0.0
2015-07-03-18 37 13.022	  31.0270044 121.43965592 1.75  0.0 0.0
2015-07-03-18 37 13.160	  31.0270044 121.43965592 1.75  0.0 0.0
2015-07-03-18 37 13.283	  31.0270044 121.43965592 1.75  0.0 0.0
2015-07-03-18 37 13.458	  31.0270044 121.43965592 1.75  0.0 0.0
2015-07-03-18 37 13.564	  31.0270044 121.43965592 1.75  0.0 0.0
2015-07-03-18 37 13.667	  31.0270044 121.43965592 1.75  0.0 0.0
2015-07-03-18 37 13.815	  31.0270044 121.43965592 1.75  0.0 0.0
2015-07-03-18 37 13.935	  31.0270044 121.43965592 1.75  0.0 0.0
2015-07-03-18 37 14.036	  31.0270044 121.43965592 1.75  0.0 0.0
2015-07-03-18 37 14.160	  31.0270044 121.43965592 1.75  0.0 0.0
2015-07-03-18 37 14.279	  31.0270044 121.43965592 1.75  0.0 0.0
2015-07-03-18 37 14.381	  31.0270044 121.43965592 1.75  0.0 0.0
2015-07-03-18 37 14.522	  31.0270044 121.43965592 1.75  0.0 0.0
2015-07-03-18 37 14.628	  31.0270044 121.43965592 1.75  0.0 0.0
2015-07-03-18 37 14.731	  31.0270044 121.43965592 1.75  0.0 0.0
2015-07-03-18 37 14.878	  31.02697403 121.43967163 1.75  0.0 0.0
2015-07-03-18 37 14.984	  31.02697403 121.43967163 1.75  0.0 0.0
2015-07-03-18 37 15.088	  31.02697403 121.43967163 1.75  0.0 0.0
2015-07-03-18 37 15.249	  31.02697403 121.43967163 1.75  0.0 0.0
2015-07-03-18 37 15.363	  31.02697403 121.43967163 1.75  0.0 0.0
2015-07-03-18 37 15.464	  31.02697403 121.43967163 1.75  0.0 0.0
2015-07-03-18 37 15.578	  31.02697403 121.43967163 1.75  0.0 0.0
2015-07-03-18 37 15.687	  31.02697403 121.43967163 1.75  0.0 0.0
2015-07-03-18 37 15.793	  31.02697403 121.43967163 1.75  0.0 0.0
2015-07-03-18 37 15.958	  31.02697403 121.43967163 1.75  0.0 0.0
2015-07-03-18 37 16.060	  31.02697403 121.43967163 1.75  0.0 0.0
2015-07-03-18 37 16.162	  31.02697403 121.43967163 1.75  0.0 0.0
2015-07-03-18 37 16.298	  31.02697403 121.43967163 1.75  0.0 0.0
2015-07-03-18 37 16.406	  31.02697403 121.43967163 1.75  0.0 0.0
2015-07-03-18 37 16.569	  31.02697403 121.43967163 1.75  0.0 0.0
2015-07-03-18 37 16.685	  31.02697403 121.43967163 1.75  0.0 0.0
2015-07-03-18 37 16.799	  31.02697403 121.43967163 1.75  0.0 0.0
2015-07-03-18 37 16.903	  31.0269445 121.43968594 1.75  0.0 0.0
2015-07-03-18 37 17.058	  31.0269445 121.43968594 1.75  0.0 0.0
2015-07-03-18 37 17.202	  31.0269445 121.43968594 1.75  0.0 0.0
2015-07-03-18 37 17.363	  31.0269445 121.43968594 1.75  0.0 0.0
2015-07-03-18 37 17.481	  31.0269445 121.43968594 1.75  0.0 0.0
2015-07-03-18 37 17.608	  31.0269445 121.43968594 1.75  0.0 0.0
2015-07-03-18 37 17.774	  31.0269445 121.43968594 1.75  0.0 0.0
2015-07-03-18 37 17.888	  31.0269445 121.43968594 1.75  0.0 0.0
2015-07-03-18 37 18.011	  31.0269445 121.43968594 1.75  0.0 0.0
2015-07-03-18 37 18.128	  31.0269445 121.43968594 1.75  0.0 0.0
2015-07-03-18 37 18.238	  31.0269445 121.43968594 1.75  0.0 0.0
2015-07-03-18 37 18.403	  31.0269445 121.43968594 1.75  0.0 0.0
2015-07-03-18 37 18.506	  31.0269445 121.43968594 1.75  0.0 0.0
2015-07-03-18 37 18.609	  31.0269445 121.43968594 1.75  0.0 0.0
2015-07-03-18 37 18.729	  31.0269445 121.43968594 1.75  0.0 0.0
2015-07-03-18 37 18.831	  31.02691563 121.43970001 1.75  0.0 0.0
2015-07-03-18 37 18.980	  31.02691563 121.43970001 1.75  0.0 0.0
2015-07-03-18 37 19.087	  31.02691563 121.43970001 1.75  0.0 0.0
2015-07-03-18 37 19.189	  31.02691563 121.43970001 1.75  0.0 0.0
2015-07-03-18 37 19.295	  31.02691563 121.43970001 1.75  0.0 0.0
2015-07-03-18 37 19.405	  31.02691563 121.43970001 1.75  0.0 0.0
2015-07-03-18 37 19.510	  31.02691563 121.43970001 1.75  0.0 0.0
2015-07-03-18 37 19.616	  31.02691563 121.43970001 1.75  0.0 0.0
2015-07-03-18 37 19.757	  31.02691563 121.43970001 1.75  0.0 0.0
2015-07-03-18 37 19.859	  31.02691563 121.43970001 1.75  0.0 0.0
2015-07-03-18 37 19.989	  31.02691563 121.43970001 1.75  0.0 0.0
2015-07-03-18 37 20.095	  31.02691563 121.43970001 1.75  0.0 0.0
2015-07-03-18 37 20.198	  31.02691563 121.43970001 1.75  0.0 0.0
2015-07-03-18 37 20.364	  31.02691563 121.43970001 1.75  0.0 0.0
2015-07-03-18 37 20.466	  31.02691563 121.43970001 1.75  0.0 0.0
2015-07-03-18 37 20.618	  31.02691563 121.43970001 1.75  0.0 0.0
2015-07-03-18 37 20.723	  31.02691563 121.43970001 1.75  0.0 0.0
2015-07-03-18 37 20.828	  31.02688674 121.43971414 1.75  0.0 0.0
2015-07-03-18 37 20.999	  31.02688674 121.43971414 1.75  0.0 0.0
2015-07-03-18 37 21.100	  31.02688674 121.43971414 1.75  0.0 0.0
2015-07-03-18 37 21.250	  31.02688674 121.43971414 1.75  0.0 0.0
2015-07-03-18 37 21.363	  31.02688674 121.43971414 1.75  0.0 0.0
2015-07-03-18 37 21.468	  31.02688674 121.43971414 1.75  0.0 0.0
2015-07-03-18 37 21.628	  31.02688674 121.43971414 1.75  0.0 0.0
2015-07-03-18 37 21.732	  31.02688674 121.43971414 1.75  0.0 0.0
2015-07-03-18 37 21.891	  31.02688674 121.43971414 1.75  0.0 0.0
2015-07-03-18 37 22.007	  31.02688674 121.43971414 1.75  0.0 0.0
2015-07-03-18 37 22.109	  31.02688674 121.43971414 1.75  0.0 0.0
2015-07-03-18 37 22.253	  31.02688674 121.43971414 1.75  0.0 0.0
2015-07-03-18 37 22.358	  31.02688674 121.43971414 1.75  0.0 0.0
2015-07-03-18 37 22.537	  31.02688674 121.43971414 1.75  0.0 0.0
2015-07-03-18 37 22.645	  31.02688674 121.43971414 1.75  0.0 0.0
2015-07-03-18 37 22.748	  31.02688674 121.43971414 1.75  0.0 0.0
2015-07-03-18 37 22.899	  31.02685809 121.43972702 1.75  0.0 0.0
2015-07-03-18 37 23.005	  31.02685809 121.43972702 1.75  0.0 0.0
2015-07-03-18 37 23.106	  31.02685809 121.43972702 1.75  0.0 0.0
2015-07-03-18 37 23.263	  31.02685809 121.43972702 1.75  0.0 0.0
2015-07-03-18 37 23.367	  31.02685809 121.43972702 1.75  0.0 0.0
2015-07-03-18 37 23.560	  31.02685809 121.43972702 1.75  0.0 0.0
2015-07-03-18 37 23.668	  31.02685809 121.43972702 1.75  0.0 0.0
2015-07-03-18 37 23.771	  31.02685809 121.43972702 1.75  0.0 0.0
2015-07-03-18 37 23.952	  31.02685809 121.43972702 1.75  0.0 0.0
2015-07-03-18 37 24.054	  31.02685809 121.43972702 1.75  0.0 0.0
2015-07-03-18 37 24.180	  31.02685809 121.43972702 1.75  0.0 0.0
2015-07-03-18 37 24.287	  31.02685809 121.43972702 1.75  0.0 0.0
2015-07-03-18 37 24.396	  31.02685809 121.43972702 1.75  0.0 0.0
2015-07-03-18 37 24.497	  31.02685809 121.43972702 1.75  0.0 0.0
2015-07-03-18 37 24.638	  31.02685809 121.43972702 1.75  0.0 0.0
2015-07-03-18 37 24.746	  31.02685809 121.43972702 1.75  0.0 0.0
2015-07-03-18 37 24.906	  31.02682942 121.43973979 1.75  0.0 0.0
2015-07-03-18 37 25.010	  31.02682942 121.43973979 1.75  0.0 0.0
2015-07-03-18 37 25.112	  31.02682942 121.43973979 1.75  0.0 0.0
2015-07-03-18 37 25.257	  31.02682942 121.43973979 1.75  0.0 0.0
2015-07-03-18 37 25.364	  31.02682942 121.43973979 1.75  0.0 0.0
2015-07-03-18 37 25.468	  31.02682942 121.43973979 1.75  0.0 0.0
2015-07-03-18 37 25.616	  31.02682942 121.43973979 1.75  0.0 0.0
2015-07-03-18 37 25.726	  31.02682942 121.43973979 1.75  0.0 0.0
2015-07-03-18 37 25.855	  31.02682942 121.43973979 1.75  0.0 0.0
2015-07-03-18 37 25.959	  31.02682942 121.43973979 1.75  0.0 0.0
2015-07-03-18 37 26.062	  31.02682942 121.43973979 1.75  0.0 0.0
2015-07-03-18 37 26.211	  31.02682942 121.43973979 1.75  0.0 0.0
2015-07-03-18 37 26.318	  31.02682942 121.43973979 1.75  0.0 0.0
2015-07-03-18 37 26.453	  31.02682942 121.43973979 1.75  0.0 0.0
2015-07-03-18 37 26.555	  31.02682942 121.43973979 1.75  0.0 0.0
2015-07-03-18 37 26.657	  31.02682942 121.43973979 1.75  0.0 0.0
2015-07-03-18 37 26.797	  31.02682942 121.43973979 1.75  0.0 0.0
2015-07-03-18 37 26.899	  31.02680092 121.4397524 1.75  0.0 0.0
2015-07-03-18 37 27.003	  31.02680092 121.4397524 1.75  0.0 0.0
2015-07-03-18 37 27.138	  31.02680092 121.4397524 1.75  0.0 0.0
2015-07-03-18 37 27.241	  31.02680092 121.4397524 1.75  0.0 0.0
2015-07-03-18 37 27.365	  31.02680092 121.4397524 1.75  0.0 0.0
2015-07-03-18 37 27.467	  31.02680092 121.4397524 1.75  0.0 0.0
2015-07-03-18 37 27.569	  31.02680092 121.4397524 1.75  0.0 0.0
2015-07-03-18 37 27.759	  31.02680092 121.4397524 1.75  0.0 0.0
2015-07-03-18 37 27.861	  31.02680092 121.4397524 1.75  0.0 0.0
2015-07-03-18 37 27.966	  31.02680092 121.4397524 1.75  0.0 0.0
2015-07-03-18 37 28.118	  31.02680092 121.4397524 1.75  0.0 0.0
2015-07-03-18 37 28.223	  31.02680092 121.4397524 1.75  0.0 0.0
2015-07-03-18 37 28.351	  31.02680092 121.4397524 1.75  0.0 0.0
2015-07-03-18 37 28.456	  31.02680092 121.4397524 1.75  0.0 0.0
2015-07-03-18 37 28.561	  31.02680092 121.4397524 1.75  0.0 0.0
2015-07-03-18 37 28.730	  31.02680092 121.4397524 1.75  0.0 0.0
2015-07-03-18 37 28.832	  31.0267719 121.43976351 1.75  0.0 0.0
2015-07-03-18 37 28.934	  31.0267719 121.43976351 1.75  0.0 0.0
2015-07-03-18 37 29.105	  31.0267719 121.43976351 1.75  0.0 0.0
2015-07-03-18 37 29.207	  31.0267719 121.43976351 1.75  0.0 0.0
2015-07-03-18 37 29.310	  31.0267719 121.43976351 1.75  0.0 0.0
2015-07-03-18 37 29.442	  31.0267719 121.43976351 1.75  0.0 0.0
2015-07-03-18 37 29.586	  31.0267719 121.43976351 1.75  0.0 0.0
2015-07-03-18 37 29.690	  31.0267719 121.43976351 1.75  0.0 0.0
2015-07-03-18 37 29.796	  31.0267719 121.43976351 1.75  0.0 0.0
2015-07-03-18 37 29.959	  31.0267719 121.43976351 1.75  0.0 0.0
2015-07-03-18 37 30.063	  31.0267719 121.43976351 1.75  0.0 0.0
2015-07-03-18 37 30.166	  31.0267719 121.43976351 1.75  0.0 0.0
2015-07-03-18 37 30.315	  31.0267719 121.43976351 1.75  0.0 0.0
2015-07-03-18 37 30.426	  31.0267719 121.43976351 1.75  0.0 0.0
2015-07-03-18 37 30.529	  31.0267719 121.43976351 1.75  0.0 0.0
2015-07-03-18 37 30.647	  31.0267719 121.43976351 1.75  0.0 0.0
2015-07-03-18 37 30.752	  31.0267719 121.43976351 1.75  0.0 0.0
2015-07-03-18 37 30.857	  31.02674428 121.43977697 1.75  0.0 0.0
2015-07-03-18 37 30.989	  31.02674428 121.43977697 1.75  0.0 0.0
2015-07-03-18 37 31.096	  31.02674428 121.43977697 1.75  0.0 0.0
2015-07-03-18 37 31.203	  31.02674428 121.43977697 1.75  0.0 0.0
2015-07-03-18 37 31.353	  31.02674428 121.43977697 1.75  0.0 0.0
2015-07-03-18 37 31.460	  31.02674428 121.43977697 1.75  0.0 0.0
2015-07-03-18 37 31.562	  31.02674428 121.43977697 1.75  0.0 0.0
2015-07-03-18 37 31.683	  31.02674428 121.43977697 1.75  0.0 0.0
2015-07-03-18 37 31.794	  31.02674428 121.43977697 1.75  0.0 0.0
2015-07-03-18 37 31.897	  31.02674428 121.43977697 1.75  0.0 0.0
2015-07-03-18 37 32.026	  31.02674428 121.43977697 1.75  0.0 0.0
2015-07-03-18 37 32.135	  31.02674428 121.43977697 1.75  0.0 0.0
2015-07-03-18 37 32.244	  31.02674428 121.43977697 1.75  0.0 0.0
2015-07-03-18 37 32.403	  31.02674428 121.43977697 1.75  0.0 0.0
2015-07-03-18 37 32.508	  31.02674428 121.43977697 1.75  0.0 0.0
2015-07-03-18 37 32.611	  31.02674428 121.43977697 1.75  0.0 0.0
2015-07-03-18 37 32.755	  31.02674428 121.43977697 1.75  0.0 0.0
2015-07-03-18 37 32.867	  31.02671755 121.43978853 1.75  0.0 0.0
2015-07-03-18 37 32.968	  31.02671755 121.43978853 1.75  0.0 0.0
2015-07-03-18 37 33.096	  31.02671755 121.43978853 1.75  0.0 0.0
2015-07-03-18 37 33.203	  31.02671755 121.43978853 1.75  0.0 0.0
2015-07-03-18 37 33.306	  31.02671755 121.43978853 1.75  0.0 0.0
2015-07-03-18 37 33.454	  31.02671755 121.43978853 1.75  0.0 0.0
2015-07-03-18 37 33.602	  31.02671755 121.43978853 1.75  0.0 0.0
2015-07-03-18 37 33.714	  31.02671755 121.43978853 1.75  0.0 0.0
2015-07-03-18 37 33.817	  31.02671755 121.43978853 1.75  0.0 0.0
2015-07-03-18 37 33.994	  31.02671755 121.43978853 1.75  0.0 0.0
2015-07-03-18 37 34.109	  31.02671755 121.43978853 1.75  0.0 0.0
2015-07-03-18 37 34.241	  31.02671755 121.43978853 1.75  0.0 0.0
2015-07-03-18 37 34.358	  31.02671755 121.43978853 1.75  0.0 0.0
2015-07-03-18 37 34.460	  31.02671755 121.43978853 1.75  0.0 0.0
2015-07-03-18 37 34.565	  31.02671755 121.43978853 1.75  0.0 0.0
2015-07-03-18 37 34.668	  31.02671755 121.43978853 1.75  0.0 0.0
2015-07-03-18 37 34.824	  31.02669066 121.43980178 1.75  0.0 0.0
2015-07-03-18 37 34.951	  31.02669066 121.43980178 1.75  0.0 0.0
2015-07-03-18 37 35.054	  31.02669066 121.43980178 1.75  0.0 0.0
2015-07-03-18 37 35.216	  31.02669066 121.43980178 1.75  0.0 0.0
2015-07-03-18 37 35.384	  31.02669066 121.43980178 1.75  0.0 0.0
2015-07-03-18 37 35.525	  31.02669066 121.43980178 1.75  0.0 0.0
2015-07-03-18 37 35.627	  31.02669066 121.43980178 1.75  0.0 0.0
2015-07-03-18 37 35.730	  31.02669066 121.43980178 1.75  0.0 0.0
2015-07-03-18 37 35.909	  31.02669066 121.43980178 1.75  0.0 0.0
2015-07-03-18 37 36.038	  31.02669066 121.43980178 1.75  0.0 0.0
2015-07-03-18 37 36.183	  31.02669066 121.43980178 1.75  0.0 0.0
2015-07-03-18 37 36.290	  31.02669066 121.43980178 1.75  0.0 0.0
2015-07-03-18 37 36.396	  31.02669066 121.43980178 1.75  0.0 0.0
2015-07-03-18 37 36.554	  31.02669066 121.43980178 1.75  0.0 0.0
2015-07-03-18 37 36.672	  31.02669066 121.43980178 1.75  0.0 0.0
2015-07-03-18 37 36.779	  31.02669066 121.43980178 1.75  0.0 0.0
2015-07-03-18 37 36.881	  31.02666287 121.43981478 1.75  0.0 0.0
2015-07-03-18 37 37.022	  31.02666287 121.43981478 1.75  0.0 0.0
2015-07-03-18 37 37.148	  31.02666287 121.43981478 1.75  0.0 0.0
2015-07-03-18 37 37.264	  31.02666287 121.43981478 1.75  0.0 0.0
2015-07-03-18 37 37.394	  31.02666287 121.43981478 1.75  0.0 0.0
2015-07-03-18 37 37.507	  31.02666287 121.43981478 1.75  0.0 0.0
2015-07-03-18 37 37.609	  31.02666287 121.43981478 1.75  0.0 0.0
2015-07-03-18 37 37.725	  31.02666287 121.43981478 1.75  0.0 0.0
2015-07-03-18 37 37.846	  31.02666287 121.43981478 1.75  0.0 0.0
2015-07-03-18 37 37.978	  31.02666287 121.43981478 1.75  0.0 0.0
2015-07-03-18 37 38.121	  31.02666287 121.43981478 1.75  0.0 0.0
2015-07-03-18 37 38.235	  31.02666287 121.43981478 1.75  0.0 0.0
2015-07-03-18 37 38.337	  31.02666287 121.43981478 1.75  0.0 0.0
2015-07-03-18 37 38.480	  31.02666287 121.43981478 1.75  0.0 0.0
2015-07-03-18 37 38.618	  31.02666287 121.43981478 1.75  0.0 0.0
2015-07-03-18 37 38.777	  31.02666287 121.43981478 1.75  0.0 0.0
2015-07-03-18 37 38.931	  31.0266352 121.43982786 1.75  0.0 0.0
2015-07-03-18 37 39.038	  31.0266352 121.43982786 1.75  0.0 0.0
2015-07-03-18 37 39.140	  31.0266352 121.43982786 1.75  0.0 0.0
2015-07-03-18 37 39.309	  31.0266352 121.43982786 1.75  0.0 0.0
2015-07-03-18 37 39.429	  31.0266352 121.43982786 1.75  0.0 0.0
2015-07-03-18 37 39.578	  31.0266352 121.43982786 1.75  0.0 0.0
2015-07-03-18 37 39.693	  31.0266352 121.43982786 1.75  0.0 0.0
2015-07-03-18 37 39.823	  31.0266352 121.43982786 1.75  0.0 0.0
2015-07-03-18 37 39.968	  31.0266352 121.43982786 1.75  0.0 0.0
2015-07-03-18 37 40.072	  31.0266352 121.43982786 1.75  0.0 0.0
2015-07-03-18 37 40.173	  31.0266352 121.43982786 1.75  0.0 0.0
2015-07-03-18 37 40.289	  31.0266352 121.43982786 1.75  0.0 0.0
2015-07-03-18 37 40.442	  31.0266352 121.43982786 1.75  0.0 0.0
2015-07-03-18 37 40.583	  31.0266352 121.43982786 1.75  0.0 0.0
2015-07-03-18 37 40.748	  31.0266352 121.43982786 1.75  0.0 0.0
2015-07-03-18 37 40.850	  31.02660735 121.43983969 1.75  0.0 0.0
2015-07-03-18 37 40.952	  31.02660735 121.43983969 1.75  0.0 0.0
2015-07-03-18 37 41.094	  31.02660735 121.43983969 1.75  0.0 0.0
2015-07-03-18 37 41.238	  31.02660735 121.43983969 1.75  0.0 0.0
2015-07-03-18 37 41.386	  31.02660735 121.43983969 1.75  0.0 0.0
2015-07-03-18 37 41.498	  31.02660735 121.43983969 1.75  0.0 0.0
2015-07-03-18 37 41.603	  31.02660735 121.43983969 1.75  0.0 0.0
2015-07-03-18 37 41.767	  31.02660735 121.43983969 1.75  0.0 0.0
2015-07-03-18 37 41.962	  31.02660735 121.43983969 1.75  0.0 0.0
2015-07-03-18 37 42.078	  31.02660735 121.43983969 1.75  0.0 0.0
2015-07-03-18 37 42.194	  31.02660735 121.43983969 1.75  0.0 0.0
2015-07-03-18 37 42.302	  31.02660735 121.43983969 1.75  0.0 0.0
2015-07-03-18 37 42.410	  31.02660735 121.43983969 1.75  0.0 0.0
2015-07-03-18 37 42.585	  31.02660735 121.43983969 1.75  0.0 0.0
2015-07-03-18 37 42.721	  31.02660735 121.43983969 1.75  0.0 0.0
2015-07-03-18 37 42.838	  31.02660735 121.43983969 1.75  0.0 0.0
2015-07-03-18 37 42.991	  31.02657884 121.43985284 1.75  0.0 0.0
2015-07-03-18 37 43.095	  31.02657884 121.43985284 1.75  0.0 0.0
2015-07-03-18 37 43.199	  31.02657884 121.43985284 1.75  0.0 0.0
2015-07-03-18 37 43.354	  31.02657884 121.43985284 1.75  0.0 0.0
2015-07-03-18 37 43.476	  31.02657884 121.43985284 1.75  0.0 0.0
2015-07-03-18 37 43.605	  31.02657884 121.43985284 1.75  0.0 0.0
2015-07-03-18 37 43.723	  31.02657884 121.43985284 1.75  0.0 0.0
2015-07-03-18 37 43.837	  31.02657884 121.43985284 1.75  0.0 0.0
2015-07-03-18 37 43.939	  31.02657884 121.43985284 1.75  0.0 0.0
