2015-07-03-18 30 34.495	  0.0 0.0 0.0  0.0 0.0
2015-07-03-18 30 34.596	  0.0 0.0 0.0  0.0 0.0
2015-07-03-18 30 34.698	  0.0 0.0 0.0  0.0 0.0
2015-07-03-18 30 34.802	  0.0 0.0 0.0  0.0 0.0
2015-07-03-18 30 34.905	  0.0 0.0 0.0  0.0 0.0
2015-07-03-18 30 35.006	  0.0 0.0 0.0  0.0 0.0
2015-07-03-18 30 35.107	  0.0 0.0 0.0  0.0 0.0
2015-07-03-18 30 35.209	  0.0 0.0 0.0  0.0 0.0
2015-07-03-18 30 35.311	  0.0 0.0 0.0  0.0 0.0
2015-07-03-18 30 35.413	  0.0 0.0 0.0  0.0 0.0
2015-07-03-18 30 35.515	  0.0 0.0 0.0  0.0 0.0
2015-07-03-18 30 35.616	  0.0 0.0 0.0  0.0 0.0
2015-07-03-18 30 35.718	  0.0 0.0 0.0  0.0 0.0
2015-07-03-18 30 35.821	  0.0 0.0 0.0  0.0 0.0
2015-07-03-18 30 35.922	  0.0 0.0 0.0  0.0 0.0
2015-07-03-18 30 36.024	  0.0 0.0 0.0  0.0 0.0
2015-07-03-18 30 36.125	  0.0 0.0 0.0  0.0 0.0
2015-07-03-18 30 36.228	  0.0 0.0 0.0  0.0 0.0
2015-07-03-18 30 36.330	  0.0 0.0 0.0  0.0 0.0
2015-07-03-18 30 36.431	  0.0 0.0 0.0  0.0 0.0
2015-07-03-18 30 36.533	  0.0 0.0 0.0  0.0 0.0
2015-07-03-18 30 36.635	  0.0 0.0 0.0  0.0 0.0
2015-07-03-18 30 36.737	  0.0 0.0 0.0  0.0 0.0
2015-07-03-18 30 36.839	  0.0 0.0 0.0  0.0 0.0
2015-07-03-18 30 36.940	  0.0 0.0 0.0  0.0 0.0
2015-07-03-18 30 37.042	  0.0 0.0 0.0  0.0 0.0
2015-07-03-18 30 37.145	  0.0 0.0 0.0  0.0 0.0
2015-07-03-18 30 37.247	  0.0 0.0 0.0  0.0 0.0
2015-07-03-18 30 37.349	  0.0 0.0 0.0  0.0 0.0
2015-07-03-18 30 37.451	  0.0 0.0 0.0  0.0 0.0
2015-07-03-18 30 37.556	  0.0 0.0 0.0  0.0 0.0
2015-07-03-18 30 37.658	  0.0 0.0 0.0  0.0 0.0
2015-07-03-18 30 37.761	  0.0 0.0 0.0  0.0 0.0
2015-07-03-18 30 37.865	  31.02651092 121.43983925 1.25  0.0 0.0
2015-07-03-18 30 37.967	  31.02651092 121.43983925 1.25  0.0 0.0
2015-07-03-18 30 38.074	  31.02651092 121.43983925 1.25  0.0 0.0
2015-07-03-18 30 38.186	  31.02651092 121.43983925 1.25  0.0 0.0
2015-07-03-18 30 38.290	  31.02651092 121.43983925 1.25  0.0 0.0
2015-07-03-18 30 38.394	  31.02651092 121.43983925 1.25  0.0 0.0
2015-07-03-18 30 38.500	  31.02651092 121.43983925 1.25  0.0 0.0
2015-07-03-18 30 38.608	  31.02651092 121.43983925 1.25  0.0 0.0
2015-07-03-18 30 38.712	  31.02651092 121.43983925 1.25  0.0 0.0
2015-07-03-18 30 38.825	  31.02654258 121.43982479 1.25  0.0 0.0
2015-07-03-18 30 38.926	  31.02654258 121.43982479 1.25  0.0 0.0
2015-07-03-18 30 39.029	  31.02654258 121.43982479 1.25  0.0 0.0
2015-07-03-18 30 39.132	  31.02654258 121.43982479 1.25  0.0 0.0
2015-07-03-18 30 39.236	  31.02654258 121.43982479 1.25  0.0 0.0
2015-07-03-18 30 39.340	  31.02654258 121.43982479 1.25  0.0 0.0
2015-07-03-18 30 39.445	  31.02654258 121.43982479 1.25  0.0 0.0
2015-07-03-18 30 39.550	  31.02654258 121.43982479 1.25  0.0 0.0
2015-07-03-18 30 39.660	  31.02654258 121.43982479 1.25  0.0 0.0
2015-07-03-18 30 39.765	  31.02654258 121.43982479 1.25  0.0 0.0
2015-07-03-18 30 39.870	  31.02656783 121.4398204 1.25  0.0 0.0
2015-07-03-18 30 39.974	  31.02656783 121.4398204 1.25  0.0 0.0
2015-07-03-18 30 40.077	  31.02656783 121.4398204 1.25  0.0 0.0
2015-07-03-18 30 40.179	  31.02656783 121.4398204 1.25  0.0 0.0
2015-07-03-18 30 40.289	  31.02656783 121.4398204 1.25  0.0 0.0
2015-07-03-18 30 40.395	  31.02656783 121.4398204 1.25  0.0 0.0
2015-07-03-18 30 40.499	  31.02656783 121.4398204 1.25  0.0 0.0
2015-07-03-18 30 40.603	  31.02656783 121.4398204 1.25  0.0 0.0
2015-07-03-18 30 40.706	  31.02656783 121.4398204 1.25  0.0 0.0
2015-07-03-18 30 40.808	  31.02656783 121.4398204 1.25  0.0 0.0
2015-07-03-18 30 40.910	  31.02656783 121.4398204 1.25  0.0 0.0
2015-07-03-18 30 41.014	  31.02656783 121.4398204 1.25  0.0 0.0
2015-07-03-18 30 41.120	  31.02656783 121.4398204 1.25  0.0 0.0
2015-07-03-18 30 41.226	  31.02656783 121.4398204 1.25  0.0 0.0
2015-07-03-18 30 41.331	  31.02659144 121.439816 1.25  0.0 0.0
2015-07-03-18 30 41.504	  31.02659144 121.439816 1.25  0.0 0.0
2015-07-03-18 30 41.606	  31.02659144 121.439816 1.25  0.0 0.0
2015-07-03-18 30 41.708	  31.02659144 121.439816 1.25  0.0 0.0
2015-07-03-18 30 41.813	  31.02659144 121.439816 1.25  0.0 0.0
2015-07-03-18 30 41.915	  31.02659144 121.439816 1.25  0.0 0.0
2015-07-03-18 30 42.016	  31.02659144 121.439816 1.25  0.0 0.0
2015-07-03-18 30 42.118	  31.02659144 121.439816 1.25  0.0 0.0
2015-07-03-18 30 42.221	  31.02659144 121.439816 1.25  0.0 0.0
2015-07-03-18 30 42.323	  31.02659144 121.439816 1.25  0.0 0.0
2015-07-03-18 30 42.427	  31.02659144 121.439816 1.25  0.0 0.0
2015-07-03-18 30 42.533	  31.02659144 121.439816 1.25  0.0 0.0
2015-07-03-18 30 42.637	  31.02659144 121.439816 1.25  0.0 0.0
2015-07-03-18 30 42.747	  31.02659144 121.439816 1.25  0.0 0.0
2015-07-03-18 30 42.848	  31.02662977 121.43980865 1.25  0.0 0.0
2015-07-03-18 30 42.951	  31.02662977 121.43980865 1.25  0.0 0.0
2015-07-03-18 30 43.053	  31.02662977 121.43980865 1.25  0.0 0.0
2015-07-03-18 30 43.156	  31.02662977 121.43980865 1.25  0.0 0.0
2015-07-03-18 30 43.261	  31.02662977 121.43980865 1.25  0.0 0.0
2015-07-03-18 30 43.377	  31.02662977 121.43980865 1.25  0.0 0.0
2015-07-03-18 30 43.479	  31.02662977 121.43980865 1.25  0.0 0.0
2015-07-03-18 30 43.581	  31.02662977 121.43980865 1.25  0.0 0.0
2015-07-03-18 30 43.686	  31.02662977 121.43980865 1.25  0.0 0.0
2015-07-03-18 30 43.795	  31.02662977 121.43980865 1.25  0.0 0.0
2015-07-03-18 30 43.900	  31.02662977 121.43980865 1.25  0.0 0.0
2015-07-03-18 30 44.010	  31.02662977 121.43980865 1.25  0.0 0.0
2015-07-03-18 30 44.112	  31.02662977 121.43980865 1.25  0.0 0.0
2015-07-03-18 30 44.215	  31.02662977 121.43980865 1.25  0.0 0.0
2015-07-03-18 30 44.317	  31.02662977 121.43980865 1.25  0.0 0.0
2015-07-03-18 30 44.428	  31.02662977 121.43980865 1.25  0.0 0.0
2015-07-03-18 30 44.531	  31.02662977 121.43980865 1.25  0.0 0.0
2015-07-03-18 30 44.635	  31.02662977 121.43980865 1.25  0.0 0.0
2015-07-03-18 30 44.737	  31.02662977 121.43980865 1.25  0.0 0.0
2015-07-03-18 30 44.841	  31.02666069 121.4397981 1.25  0.0 0.0
2015-07-03-18 30 44.944	  31.02666069 121.4397981 1.25  0.0 0.0
2015-07-03-18 30 45.048	  31.02666069 121.4397981 1.25  0.0 0.0
2015-07-03-18 30 45.152	  31.02666069 121.4397981 1.25  0.0 0.0
2015-07-03-18 30 45.256	  31.02666069 121.4397981 1.25  0.0 0.0
2015-07-03-18 30 45.360	  31.02666069 121.4397981 1.25  0.0 0.0
2015-07-03-18 30 45.461	  31.02666069 121.4397981 1.25  0.0 0.0
2015-07-03-18 30 45.562	  31.02666069 121.4397981 1.25  0.0 0.0
2015-07-03-18 30 45.672	  31.02666069 121.4397981 1.25  0.0 0.0
2015-07-03-18 30 45.778	  31.02666069 121.4397981 1.25  0.0 0.0
2015-07-03-18 30 45.883	  31.02666069 121.4397981 1.25  0.0 0.0
2015-07-03-18 30 45.984	  31.02666069 121.4397981 1.25  0.0 0.0
2015-07-03-18 30 46.086	  31.02666069 121.4397981 1.25  0.0 0.0
2015-07-03-18 30 46.189	  31.02666069 121.4397981 1.25  0.0 0.0
2015-07-03-18 30 46.296	  31.02666069 121.4397981 1.25  0.0 0.0
2015-07-03-18 30 46.413	  31.02666069 121.4397981 1.25  0.0 0.0
2015-07-03-18 30 46.515	  31.02666069 121.4397981 1.25  0.0 0.0
2015-07-03-18 30 46.616	  31.02666069 121.4397981 1.25  0.0 0.0
2015-07-03-18 30 46.718	  31.02666069 121.4397981 1.25  0.0 0.0
2015-07-03-18 30 46.822	  31.02666069 121.4397981 1.25  0.0 0.0
2015-07-03-18 30 46.931	  31.02668934 121.43978789 1.25  0.0 0.0
2015-07-03-18 30 47.041	  31.02668934 121.43978789 1.25  0.0 0.0
2015-07-03-18 30 47.145	  31.02668934 121.43978789 1.25  0.0 0.0
2015-07-03-18 30 47.249	  31.02668934 121.43978789 1.25  0.0 0.0
2015-07-03-18 30 47.353	  31.02668934 121.43978789 1.25  0.0 0.0
2015-07-03-18 30 47.468	  31.02668934 121.43978789 1.25  0.0 0.0
2015-07-03-18 30 47.570	  31.02668934 121.43978789 1.25  0.0 0.0
2015-07-03-18 30 47.671	  31.02668934 121.43978789 1.25  0.0 0.0
2015-07-03-18 30 47.773	  31.02668934 121.43978789 1.25  0.0 0.0
2015-07-03-18 30 47.877	  31.02668934 121.43978789 1.25  0.0 0.0
2015-07-03-18 30 48.000	  31.02668934 121.43978789 1.25  0.0 0.0
2015-07-03-18 30 48.101	  31.02668934 121.43978789 1.25  0.0 0.0
2015-07-03-18 30 48.203	  31.02668934 121.43978789 1.25  0.0 0.0
2015-07-03-18 30 48.305	  31.02668934 121.43978789 1.25  0.0 0.0
2015-07-03-18 30 48.409	  31.02668934 121.43978789 1.25  0.0 0.0
2015-07-03-18 30 48.520	  31.02668934 121.43978789 1.25  0.0 0.0
2015-07-03-18 30 48.621	  31.02668934 121.43978789 1.25  0.0 0.0
2015-07-03-18 30 48.722	  31.02668934 121.43978789 1.25  0.0 0.0
2015-07-03-18 30 48.831	  31.02671472 121.43977847 1.25  0.0 0.0
2015-07-03-18 30 48.953	  31.02671472 121.43977847 1.25  0.0 0.0
2015-07-03-18 30 49.054	  31.02671472 121.43977847 1.25  0.0 0.0
2015-07-03-18 30 49.156	  31.02671472 121.43977847 1.25  0.0 0.0
2015-07-03-18 30 49.257	  31.02671472 121.43977847 1.25  0.0 0.0
2015-07-03-18 30 49.359	  31.02671472 121.43977847 1.25  0.0 0.0
2015-07-03-18 30 49.462	  31.02671472 121.43977847 1.25  0.0 0.0
2015-07-03-18 30 49.565	  31.02671472 121.43977847 1.25  0.0 0.0
2015-07-03-18 30 49.672	  31.02671472 121.43977847 1.25  0.0 0.0
2015-07-03-18 30 49.779	  31.02671472 121.43977847 1.25  0.0 0.0
2015-07-03-18 30 49.899	  31.02671472 121.43977847 1.25  0.0 0.0
2015-07-03-18 30 50.001	  31.02671472 121.43977847 1.25  0.0 0.0
2015-07-03-18 30 50.102	  31.02671472 121.43977847 1.25  0.0 0.0
2015-07-03-18 30 50.216	  31.02671472 121.43977847 1.25  0.0 0.0
2015-07-03-18 30 50.325	  31.02671472 121.43977847 1.25  0.0 0.0
2015-07-03-18 30 50.431	  31.02671472 121.43977847 1.25  0.0 0.0
2015-07-03-18 30 50.538	  31.02671472 121.43977847 1.25  0.0 0.0
2015-07-03-18 30 50.639	  31.02671472 121.43977847 1.25  0.0 0.0
2015-07-03-18 30 50.740	  31.02671472 121.43977847 1.25  0.0 0.0
2015-07-03-18 30 50.847	  31.02673888 121.43976873 1.25  0.0 0.0
2015-07-03-18 30 50.949	  31.02673888 121.43976873 1.25  0.0 0.0
2015-07-03-18 30 51.051	  31.02673888 121.43976873 1.25  0.0 0.0
2015-07-03-18 30 51.154	  31.02673888 121.43976873 1.25  0.0 0.0
2015-07-03-18 30 51.256	  31.02673888 121.43976873 1.25  0.0 0.0
2015-07-03-18 30 51.361	  31.02673888 121.43976873 1.25  0.0 0.0
2015-07-03-18 30 51.466	  31.02673888 121.43976873 1.25  0.0 0.0
2015-07-03-18 30 51.570	  31.02673888 121.43976873 1.25  0.0 0.0
2015-07-03-18 30 51.676	  31.02673888 121.43976873 1.25  0.0 0.0
2015-07-03-18 30 51.790	  31.02673888 121.43976873 1.25  0.0 0.0
2015-07-03-18 30 51.893	  31.02673888 121.43976873 1.25  0.0 0.0
2015-07-03-18 30 51.995	  31.02673888 121.43976873 1.25  0.0 0.0
2015-07-03-18 30 52.097	  31.02673888 121.43976873 1.25  0.0 0.0
2015-07-03-18 30 52.203	  31.02673888 121.43976873 1.25  0.0 0.0
2015-07-03-18 30 52.305	  31.02673888 121.43976873 1.25  0.0 0.0
2015-07-03-18 30 52.409	  31.02673888 121.43976873 1.25  0.0 0.0
2015-07-03-18 30 52.514	  31.02673888 121.43976873 1.25  0.0 0.0
2015-07-03-18 30 52.629	  31.02673888 121.43976873 1.25  0.0 0.0
2015-07-03-18 30 52.730	  31.02673888 121.43976873 1.25  0.0 0.0
2015-07-03-18 30 52.832	  31.0267621 121.43975777 1.25  0.0 0.0
2015-07-03-18 30 52.934	  31.0267621 121.43975777 1.25  0.0 0.0
2015-07-03-18 30 53.043	  31.0267621 121.43975777 1.25  0.0 0.0
2015-07-03-18 30 53.145	  31.0267621 121.43975777 1.25  0.0 0.0
2015-07-03-18 30 53.247	  31.0267621 121.43975777 1.25  0.0 0.0
2015-07-03-18 30 53.350	  31.0267621 121.43975777 1.25  0.0 0.0
2015-07-03-18 30 53.460	  31.0267621 121.43975777 1.25  0.0 0.0
2015-07-03-18 30 53.565	  31.0267621 121.43975777 1.25  0.0 0.0
2015-07-03-18 30 53.669	  31.0267621 121.43975777 1.25  0.0 0.0
2015-07-03-18 30 53.773	  31.0267621 121.43975777 1.25  0.0 0.0
2015-07-03-18 30 53.892	  31.0267621 121.43975777 1.25  0.0 0.0
2015-07-03-18 30 53.994	  31.0267621 121.43975777 1.25  0.0 0.0
2015-07-03-18 30 54.095	  31.0267621 121.43975777 1.25  0.0 0.0
2015-07-03-18 30 54.197	  31.0267621 121.43975777 1.25  0.0 0.0
2015-07-03-18 30 54.314	  31.0267621 121.43975777 1.25  0.0 0.0
2015-07-03-18 30 54.417	  31.0267621 121.43975777 1.25  0.0 0.0
2015-07-03-18 30 54.519	  31.0267621 121.43975777 1.25  0.0 0.0
2015-07-03-18 30 54.622	  31.0267621 121.43975777 1.25  0.0 0.0
2015-07-03-18 30 54.729	  31.0267621 121.43975777 1.25  0.0 0.0
2015-07-03-18 30 54.831	  31.0267621 121.43975777 1.25  0.0 0.0
2015-07-03-18 30 54.935	  31.02678442 121.43974791 1.25  0.0 0.0
2015-07-03-18 30 55.036	  31.02678442 121.43974791 1.25  0.0 0.0
2015-07-03-18 30 55.139	  31.02678442 121.43974791 1.25  0.0 0.0
2015-07-03-18 30 55.246	  31.02678442 121.43974791 1.25  0.0 0.0
2015-07-03-18 30 55.356	  31.02678442 121.43974791 1.25  0.0 0.0
2015-07-03-18 30 55.457	  31.02678442 121.43974791 1.25  0.0 0.0
2015-07-03-18 30 55.559	  31.02678442 121.43974791 1.25  0.0 0.0
2015-07-03-18 30 55.664	  31.02678442 121.43974791 1.25  0.0 0.0
2015-07-03-18 30 55.770	  31.02678442 121.43974791 1.25  0.0 0.0
2015-07-03-18 30 55.874	  31.02678442 121.43974791 1.25  0.0 0.0
2015-07-03-18 30 55.975	  31.02678442 121.43974791 1.25  0.0 0.0
2015-07-03-18 30 56.077	  31.02678442 121.43974791 1.25  0.0 0.0
2015-07-03-18 30 56.189	  31.02678442 121.43974791 1.25  0.0 0.0
2015-07-03-18 30 56.295	  31.02678442 121.43974791 1.25  0.0 0.0
2015-07-03-18 30 56.401	  31.02678442 121.43974791 1.25  0.0 0.0
2015-07-03-18 30 56.505	  31.02678442 121.43974791 1.25  0.0 0.0
2015-07-03-18 30 56.608	  31.02678442 121.43974791 1.25  0.0 0.0
2015-07-03-18 30 56.710	  31.02678442 121.43974791 1.25  0.0 0.0
2015-07-03-18 30 56.813	  31.02678442 121.43974791 1.25  0.0 0.0
2015-07-03-18 30 56.916	  31.02678442 121.43974791 1.25  0.0 0.0
2015-07-03-18 30 57.018	  31.02678442 121.43974791 1.25  0.0 0.0
2015-07-03-18 30 57.123	  31.02678442 121.43974791 1.25  0.0 0.0
2015-07-03-18 30 57.227	  31.02678442 121.43974791 1.25  0.0 0.0
2015-07-03-18 30 57.328	  31.02680562 121.4397386 1.25  0.0 0.0
2015-07-03-18 30 57.430	  31.02680562 121.4397386 1.25  0.0 0.0
2015-07-03-18 30 57.531	  31.02680562 121.4397386 1.25  0.0 0.0
2015-07-03-18 30 57.634	  31.02680562 121.4397386 1.25  0.0 0.0
2015-07-03-18 30 57.736	  31.02680562 121.4397386 1.25  0.0 0.0
2015-07-03-18 30 57.838	  31.02680562 121.4397386 1.25  0.0 0.0
2015-07-03-18 30 57.941	  31.02680562 121.4397386 1.25  0.0 0.0
2015-07-03-18 30 58.047	  31.02680562 121.4397386 1.25  0.0 0.0
2015-07-03-18 30 58.156	  31.02680562 121.4397386 1.25  0.0 0.0
2015-07-03-18 30 58.258	  31.02680562 121.4397386 1.25  0.0 0.0
2015-07-03-18 30 58.360	  31.02680562 121.4397386 1.25  0.0 0.0
2015-07-03-18 30 58.465	  31.02680562 121.4397386 1.25  0.0 0.0
2015-07-03-18 30 58.567	  31.02680562 121.4397386 1.25  0.0 0.0
2015-07-03-18 30 58.670	  31.02680562 121.4397386 1.25  0.0 0.0
2015-07-03-18 30 58.776	  31.02680562 121.4397386 1.25  0.0 0.0
2015-07-03-18 30 58.881	  31.02682631 121.43972842 1.25  0.0 0.0
2015-07-03-18 30 58.984	  31.02682631 121.43972842 1.25  0.0 0.0
2015-07-03-18 30 59.094	  31.02682631 121.43972842 1.25  0.0 0.0
2015-07-03-18 30 59.196	  31.02682631 121.43972842 1.25  0.0 0.0
2015-07-03-18 30 59.297	  31.02682631 121.43972842 1.25  0.0 0.0
2015-07-03-18 30 59.407	  31.02682631 121.43972842 1.25  0.0 0.0
2015-07-03-18 30 59.508	  31.02682631 121.43972842 1.25  0.0 0.0
2015-07-03-18 30 59.611	  31.02682631 121.43972842 1.25  0.0 0.0
2015-07-03-18 30 59.715	  31.02682631 121.43972842 1.25  0.0 0.0
2015-07-03-18 30 59.817	  31.02682631 121.43972842 1.25  0.0 0.0
2015-07-03-18 30 59.918	  31.02682631 121.43972842 1.25  0.0 0.0
2015-07-03-18 31 00.050	  31.02682631 121.43972842 1.25  0.0 0.0
2015-07-03-18 31 00.153	  31.02682631 121.43972842 1.25  0.0 0.0
2015-07-03-18 31 00.268	  31.02682631 121.43972842 1.25  0.0 0.0
2015-07-03-18 31 00.377	  31.02682631 121.43972842 1.25  0.0 0.0
2015-07-03-18 31 00.481	  31.02682631 121.43972842 1.25  0.0 0.0
2015-07-03-18 31 00.587	  31.02682631 121.43972842 1.25  0.0 0.0
2015-07-03-18 31 00.691	  31.02682631 121.43972842 1.25  0.0 0.0
2015-07-03-18 31 00.795	  31.02684848 121.439718 1.25  0.0 0.0
2015-07-03-18 31 00.918	  31.02684848 121.439718 1.25  0.0 0.0
2015-07-03-18 31 01.021	  31.02684848 121.439718 1.25  0.0 0.0
2015-07-03-18 31 01.122	  31.02684848 121.439718 1.25  0.0 0.0
2015-07-03-18 31 01.233	  31.02684848 121.439718 1.25  0.0 0.0
2015-07-03-18 31 01.337	  31.02684848 121.439718 1.25  0.0 0.0
2015-07-03-18 31 01.440	  31.02684848 121.439718 1.25  0.0 0.0
2015-07-03-18 31 01.550	  31.02684848 121.439718 1.25  0.0 0.0
2015-07-03-18 31 01.651	  31.02684848 121.439718 1.25  0.0 0.0
2015-07-03-18 31 01.753	  31.02684848 121.439718 1.25  0.0 0.0
2015-07-03-18 31 01.859	  31.02684848 121.439718 1.25  0.0 0.0
2015-07-03-18 31 01.962	  31.02684848 121.439718 1.25  0.0 0.0
2015-07-03-18 31 02.065	  31.02684848 121.439718 1.25  0.0 0.0
2015-07-03-18 31 02.176	  31.02684848 121.439718 1.25  0.0 0.0
2015-07-03-18 31 02.279	  31.02684848 121.439718 1.25  0.0 0.0
2015-07-03-18 31 02.380	  31.02684848 121.439718 1.25  0.0 0.0
2015-07-03-18 31 02.487	  31.02684848 121.439718 1.25  0.0 0.0
2015-07-03-18 31 02.592	  31.02684848 121.439718 1.25  0.0 0.0
2015-07-03-18 31 02.697	  31.02684848 121.439718 1.25  0.0 0.0
2015-07-03-18 31 02.806	  31.02687114 121.43970681 1.25  0.0 0.0
2015-07-03-18 31 02.907	  31.02687114 121.43970681 1.25  0.0 0.0
2015-07-03-18 31 03.009	  31.02687114 121.43970681 1.25  0.0 0.0
2015-07-03-18 31 03.114	  31.02687114 121.43970681 1.25  0.0 0.0
2015-07-03-18 31 03.216	  31.02687114 121.43970681 1.25  0.0 0.0
2015-07-03-18 31 03.321	  31.02687114 121.43970681 1.25  0.0 0.0
2015-07-03-18 31 03.438	  31.02687114 121.43970681 1.25  0.0 0.0
2015-07-03-18 31 03.540	  31.02687114 121.43970681 1.25  0.0 0.0
2015-07-03-18 31 03.641	  31.02687114 121.43970681 1.25  0.0 0.0
2015-07-03-18 31 03.746	  31.02687114 121.43970681 1.25  0.0 0.0
2015-07-03-18 31 03.849	  31.02687114 121.43970681 1.25  0.0 0.0
2015-07-03-18 31 03.950	  31.02687114 121.43970681 1.25  0.0 0.0
2015-07-03-18 31 04.056	  31.02687114 121.43970681 1.25  0.0 0.0
2015-07-03-18 31 04.161	  31.02687114 121.43970681 1.25  0.0 0.0
2015-07-03-18 31 04.265	  31.02687114 121.43970681 1.25  0.0 0.0
2015-07-03-18 31 04.379	  31.02687114 121.43970681 1.25  0.0 0.0
2015-07-03-18 31 04.481	  31.02687114 121.43970681 1.25  0.0 0.0
2015-07-03-18 31 04.584	  31.02687114 121.43970681 1.25  0.0 0.0
2015-07-03-18 31 04.690	  31.02687114 121.43970681 1.25  0.0 0.0
2015-07-03-18 31 04.799	  31.02689337 121.43969468 1.25  0.0 0.0
2015-07-03-18 31 04.910	  31.02689337 121.43969468 1.25  0.0 0.0
2015-07-03-18 31 05.017	  31.02689337 121.43969468 1.25  0.0 0.0
2015-07-03-18 31 05.122	  31.02689337 121.43969468 1.25  0.0 0.0
2015-07-03-18 31 05.235	  31.02689337 121.43969468 1.25  0.0 0.0
2015-07-03-18 31 05.338	  31.02689337 121.43969468 1.25  0.0 0.0
2015-07-03-18 31 05.441	  31.02689337 121.43969468 1.25  0.0 0.0
2015-07-03-18 31 05.550	  31.02689337 121.43969468 1.25  0.0 0.0
2015-07-03-18 31 05.651	  31.02689337 121.43969468 1.25  0.0 0.0
2015-07-03-18 31 05.755	  31.02689337 121.43969468 1.25  0.0 0.0
2015-07-03-18 31 05.867	  31.02689337 121.43969468 1.25  0.0 0.0
2015-07-03-18 31 05.969	  31.02689337 121.43969468 1.25  0.0 0.0
2015-07-03-18 31 06.070	  31.02689337 121.43969468 1.25  0.0 0.0
2015-07-03-18 31 06.177	  31.02689337 121.43969468 1.25  0.0 0.0
2015-07-03-18 31 06.279	  31.02689337 121.43969468 1.25  0.0 0.0
2015-07-03-18 31 06.383	  31.02689337 121.43969468 1.25  0.0 0.0
2015-07-03-18 31 06.495	  31.02689337 121.43969468 1.25  0.0 0.0
2015-07-03-18 31 06.596	  31.02689337 121.43969468 1.25  0.0 0.0
2015-07-03-18 31 06.697	  31.02689337 121.43969468 1.25  0.0 0.0
2015-07-03-18 31 06.810	  31.02691613 121.43968423 1.25  0.0 0.0
2015-07-03-18 31 06.912	  31.02691613 121.43968423 1.25  0.0 0.0
2015-07-03-18 31 07.014	  31.02691613 121.43968423 1.25  0.0 0.0
2015-07-03-18 31 07.154	  31.02691613 121.43968423 1.25  0.0 0.0
2015-07-03-18 31 07.259	  31.02691613 121.43968423 1.25  0.0 0.0
2015-07-03-18 31 07.367	  31.02691613 121.43968423 1.25  0.0 0.0
2015-07-03-18 31 07.472	  31.02691613 121.43968423 1.25  0.0 0.0
2015-07-03-18 31 07.579	  31.02691613 121.43968423 1.25  0.0 0.0
2015-07-03-18 31 07.691	  31.02691613 121.43968423 1.25  0.0 0.0
2015-07-03-18 31 07.793	  31.02691613 121.43968423 1.25  0.0 0.0
2015-07-03-18 31 07.897	  31.02691613 121.43968423 1.25  0.0 0.0
2015-07-03-18 31 08.026	  31.02691613 121.43968423 1.25  0.0 0.0
2015-07-03-18 31 08.129	  31.02691613 121.43968423 1.25  0.0 0.0
2015-07-03-18 31 08.234	  31.02691613 121.43968423 1.25  0.0 0.0
2015-07-03-18 31 08.338	  31.02691613 121.43968423 1.25  0.0 0.0
2015-07-03-18 31 08.440	  31.02691613 121.43968423 1.25  0.0 0.0
2015-07-03-18 31 08.602	  31.02691613 121.43968423 1.25  0.0 0.0
2015-07-03-18 31 08.704	  31.02691613 121.43968423 1.25  0.0 0.0
2015-07-03-18 31 08.806	  31.02693863 121.43967455 1.25  0.0 0.0
2015-07-03-18 31 08.908	  31.02693863 121.43967455 1.25  0.0 0.0
2015-07-03-18 31 09.010	  31.02693863 121.43967455 1.25  0.0 0.0
2015-07-03-18 31 09.165	  31.02693863 121.43967455 1.25  0.0 0.0
2015-07-03-18 31 09.269	  31.02693863 121.43967455 1.25  0.0 0.0
2015-07-03-18 31 09.379	  31.02693863 121.43967455 1.25  0.0 0.0
2015-07-03-18 31 09.484	  31.02693863 121.43967455 1.25  0.0 0.0
2015-07-03-18 31 09.588	  31.02693863 121.43967455 1.25  0.0 0.0
2015-07-03-18 31 09.764	  31.02693863 121.43967455 1.25  0.0 0.0
2015-07-03-18 31 09.866	  31.02693863 121.43967455 1.25  0.0 0.0
2015-07-03-18 31 09.974	  31.02693863 121.43967455 1.25  0.0 0.0
2015-07-03-18 31 10.079	  31.02693863 121.43967455 1.25  0.0 0.0
2015-07-03-18 31 10.217	  31.02693863 121.43967455 1.25  0.0 0.0
2015-07-03-18 31 10.333	  31.02693863 121.43967455 1.25  0.0 0.0
2015-07-03-18 31 10.440	  31.02693863 121.43967455 1.25  0.0 0.0
2015-07-03-18 31 10.555	  31.02693863 121.43967455 1.25  0.0 0.0
2015-07-03-18 31 10.660	  31.02693863 121.43967455 1.25  0.0 0.0
2015-07-03-18 31 10.768	  31.02693863 121.43967455 1.25  0.0 0.0
2015-07-03-18 31 10.914	  31.02696048 121.43966453 1.25  0.0 0.0
2015-07-03-18 31 11.018	  31.02696048 121.43966453 1.25  0.0 0.0
2015-07-03-18 31 11.134	  31.02696048 121.43966453 1.25  0.0 0.0
2015-07-03-18 31 11.238	  31.02696048 121.43966453 1.25  0.0 0.0
2015-07-03-18 31 11.341	  31.02696048 121.43966453 1.25  0.0 0.0
2015-07-03-18 31 11.498	  31.02696048 121.43966453 1.25  0.0 0.0
2015-07-03-18 31 11.600	  31.02696048 121.43966453 1.25  0.0 0.0
2015-07-03-18 31 11.706	  31.02696048 121.43966453 1.25  0.0 0.0
2015-07-03-18 31 11.808	  31.02696048 121.43966453 1.25  0.0 0.0
2015-07-03-18 31 11.910	  31.02696048 121.43966453 1.25  0.0 0.0
2015-07-03-18 31 12.012	  31.02696048 121.43966453 1.25  0.0 0.0
2015-07-03-18 31 12.116	  31.02696048 121.43966453 1.25  0.0 0.0
2015-07-03-18 31 12.247	  31.02696048 121.43966453 1.25  0.0 0.0
2015-07-03-18 31 12.354	  31.02696048 121.43966453 1.25  0.0 0.0
2015-07-03-18 31 12.464	  31.02696048 121.43966453 1.25  0.0 0.0
2015-07-03-18 31 12.566	  31.02696048 121.43966453 1.25  0.0 0.0
2015-07-03-18 31 12.668	  31.02696048 121.43966453 1.25  0.0 0.0
2015-07-03-18 31 12.772	  31.02696048 121.43966453 1.25  0.0 0.0
2015-07-03-18 31 12.877	  31.026982 121.43965467 1.25  0.0 0.0
2015-07-03-18 31 12.979	  31.026982 121.43965467 1.25  0.0 0.0
2015-07-03-18 31 13.080	  31.026982 121.43965467 1.25  0.0 0.0
2015-07-03-18 31 13.196	  31.026982 121.43965467 1.25  0.0 0.0
2015-07-03-18 31 13.300	  31.026982 121.43965467 1.25  0.0 0.0
2015-07-03-18 31 13.433	  31.026982 121.43965467 1.25  0.0 0.0
2015-07-03-18 31 13.534	  31.026982 121.43965467 1.25  0.0 0.0
2015-07-03-18 31 13.660	  31.026982 121.43965467 1.25  0.0 0.0
2015-07-03-18 31 13.768	  31.026982 121.43965467 1.25  0.0 0.0
2015-07-03-18 31 13.915	  31.026982 121.43965467 1.25  0.0 0.0
2015-07-03-18 31 14.017	  31.026982 121.43965467 1.25  0.0 0.0
2015-07-03-18 31 14.122	  31.026982 121.43965467 1.25  0.0 0.0
2015-07-03-18 31 14.225	  31.026982 121.43965467 1.25  0.0 0.0
2015-07-03-18 31 14.330	  31.026982 121.43965467 1.25  0.0 0.0
2015-07-03-18 31 14.436	  31.026982 121.43965467 1.25  0.0 0.0
2015-07-03-18 31 14.549	  31.026982 121.43965467 1.25  0.0 0.0
2015-07-03-18 31 14.650	  31.026982 121.43965467 1.25  0.0 0.0
2015-07-03-18 31 14.753	  31.026982 121.43965467 1.25  0.0 0.0
2015-07-03-18 31 14.855	  31.02700511 121.43964403 1.25  0.0 0.0
2015-07-03-18 31 14.957	  31.02700511 121.43964403 1.25  0.0 0.0
2015-07-03-18 31 15.060	  31.02700511 121.43964403 1.25  0.0 0.0
2015-07-03-18 31 15.165	  31.02700511 121.43964403 1.25  0.0 0.0
2015-07-03-18 31 15.267	  31.02700511 121.43964403 1.25  0.0 0.0
2015-07-03-18 31 15.369	  31.02700511 121.43964403 1.25  0.0 0.0
2015-07-03-18 31 15.472	  31.02700511 121.43964403 1.25  0.0 0.0
2015-07-03-18 31 15.576	  31.02700511 121.43964403 1.25  0.0 0.0
2015-07-03-18 31 15.688	  31.02700511 121.43964403 1.25  0.0 0.0
2015-07-03-18 31 15.790	  31.02700511 121.43964403 1.25  0.0 0.0
2015-07-03-18 31 15.894	  31.02700511 121.43964403 1.25  0.0 0.0
2015-07-03-18 31 15.997	  31.02700511 121.43964403 1.25  0.0 0.0
2015-07-03-18 31 16.100	  31.02700511 121.43964403 1.25  0.0 0.0
2015-07-03-18 31 16.204	  31.02700511 121.43964403 1.25  0.0 0.0
2015-07-03-18 31 16.309	  31.02700511 121.43964403 1.25  0.0 0.0
2015-07-03-18 31 16.411	  31.02700511 121.43964403 1.25  0.0 0.0
2015-07-03-18 31 16.517	  31.02700511 121.43964403 1.25  0.0 0.0
2015-07-03-18 31 16.619	  31.02700511 121.43964403 1.25  0.0 0.0
2015-07-03-18 31 16.729	  31.02700511 121.43964403 1.25  0.0 0.0
2015-07-03-18 31 16.834	  31.02702926 121.43963487 1.25  0.0 0.0
2015-07-03-18 31 16.935	  31.02702926 121.43963487 1.25  0.0 0.0
2015-07-03-18 31 17.037	  31.02702926 121.43963487 1.25  0.0 0.0
2015-07-03-18 31 17.138	  31.02702926 121.43963487 1.25  0.0 0.0
2015-07-03-18 31 17.241	  31.02702926 121.43963487 1.25  0.0 0.0
2015-07-03-18 31 17.346	  31.02702926 121.43963487 1.25  0.0 0.0
2015-07-03-18 31 17.455	  31.02702926 121.43963487 1.25  0.0 0.0
2015-07-03-18 31 17.574	  31.02702926 121.43963487 1.25  0.0 0.0
2015-07-03-18 31 17.676	  31.02702926 121.43963487 1.25  0.0 0.0
2015-07-03-18 31 17.798	  31.02702926 121.43963487 1.25  0.0 0.0
2015-07-03-18 31 17.901	  31.02702926 121.43963487 1.25  0.0 0.0
2015-07-03-18 31 18.006	  31.02702926 121.43963487 1.25  0.0 0.0
2015-07-03-18 31 18.109	  31.02702926 121.43963487 1.25  0.0 0.0
2015-07-03-18 31 18.221	  31.02702926 121.43963487 1.25  0.0 0.0
2015-07-03-18 31 18.322	  31.02702926 121.43963487 1.25  0.0 0.0
2015-07-03-18 31 18.426	  31.02702926 121.43963487 1.25  0.0 0.0
2015-07-03-18 31 18.529	  31.02702926 121.43963487 1.25  0.0 0.0
2015-07-03-18 31 18.647	  31.02702926 121.43963487 1.25  0.0 0.0
2015-07-03-18 31 18.749	  31.02702926 121.43963487 1.25  0.0 0.0
2015-07-03-18 31 18.857	  31.02702926 121.43963487 1.25  0.0 0.0
2015-07-03-18 31 18.958	  31.02702926 121.43963487 1.25  0.0 0.0
2015-07-03-18 31 19.064	  31.02702926 121.43963487 1.25  0.0 0.0
2015-07-03-18 31 19.167	  31.02702926 121.43963487 1.25  0.0 0.0
2015-07-03-18 31 19.271	  31.02702926 121.43963487 1.25  0.0 0.0
2015-07-03-18 31 19.375	  31.02702926 121.43963487 1.25  0.0 0.0
2015-07-03-18 31 19.488	  31.02702926 121.43963487 1.25  0.0 0.0
2015-07-03-18 31 19.590	  31.02702926 121.43963487 1.25  0.0 0.0
2015-07-03-18 31 19.691	  31.02702926 121.43963487 1.25  0.0 0.0
2015-07-03-18 31 19.795	  31.02702926 121.43963487 1.25  0.0 0.0
2015-07-03-18 31 19.902	  31.02702926 121.43963487 1.25  0.0 0.0
2015-07-03-18 31 20.004	  31.02702926 121.43963487 1.25  0.0 0.0
2015-07-03-18 31 20.110	  31.02702926 121.43963487 1.25  0.0 0.0
2015-07-03-18 31 20.216	  31.02702926 121.43963487 1.25  0.0 0.0
2015-07-03-18 31 20.384	  31.02702926 121.43963487 1.25  0.0 0.0
2015-07-03-18 31 20.486	  31.02702926 121.43963487 1.25  0.0 0.0
2015-07-03-18 31 20.591	  31.02702926 121.43963487 1.25  0.0 0.0
2015-07-03-18 31 20.703	  31.02702926 121.43963487 1.25  0.0 0.0
2015-07-03-18 31 20.805	  31.02702926 121.43963487 1.25  0.0 0.0
2015-07-03-18 31 20.909	  31.02702926 121.43963487 1.25  0.0 0.0
2015-07-03-18 31 21.011	  31.02702926 121.43963487 1.25  0.0 0.0
2015-07-03-18 31 21.122	  31.02702926 121.43963487 1.25  0.0 0.0
2015-07-03-18 31 21.225	  31.02702926 121.43963487 1.25  0.0 0.0
2015-07-03-18 31 21.331	  31.02702926 121.43963487 1.25  0.0 0.0
2015-07-03-18 31 21.434	  31.02702926 121.43963487 1.25  0.0 0.0
2015-07-03-18 31 21.554	  31.02702926 121.43963487 1.25  0.0 0.0
2015-07-03-18 31 21.656	  31.02702926 121.43963487 1.25  0.0 0.0
2015-07-03-18 31 21.761	  31.02702926 121.43963487 1.25  0.0 0.0
2015-07-03-18 31 21.865	  31.02702926 121.43963487 1.25  0.0 0.0
2015-07-03-18 31 21.973	  31.02702926 121.43963487 1.25  0.0 0.0
2015-07-03-18 31 22.077	  31.02702926 121.43963487 1.25  0.0 0.0
2015-07-03-18 31 22.193	  31.02702926 121.43963487 1.25  0.0 0.0
2015-07-03-18 31 22.297	  31.02702926 121.43963487 1.25  0.0 0.0
2015-07-03-18 31 22.408	  31.02702926 121.43963487 1.25  0.0 0.0
2015-07-03-18 31 22.510	  31.02702926 121.43963487 1.25  0.0 0.0
2015-07-03-18 31 22.621	  31.02702926 121.43963487 1.25  0.0 0.0
2015-07-03-18 31 22.723	  31.02702926 121.43963487 1.25  0.0 0.0
2015-07-03-18 31 22.828	  31.02702926 121.43963487 1.25  0.0 0.0
2015-07-03-18 31 22.931	  31.02702926 121.43963487 1.25  0.0 0.0
2015-07-03-18 31 23.038	  31.02702926 121.43963487 1.25  0.0 0.0
2015-07-03-18 31 23.143	  31.02702926 121.43963487 1.25  0.0 0.0
2015-07-03-18 31 23.257	  31.02702926 121.43963487 1.25  0.0 0.0
2015-07-03-18 31 23.359	  31.02702926 121.43963487 1.25  0.0 0.0
2015-07-03-18 31 23.466	  31.02702926 121.43963487 1.25  0.0 0.0
2015-07-03-18 31 23.569	  31.02702926 121.43963487 1.25  0.0 0.0
2015-07-03-18 31 23.682	  31.02702926 121.43963487 1.25  0.0 0.0
2015-07-03-18 31 23.788	  31.02702926 121.43963487 1.25  0.0 0.0
2015-07-03-18 31 23.904	  31.02702926 121.43963487 1.25  0.0 0.0
2015-07-03-18 31 24.020	  31.02702926 121.43963487 1.25  0.0 0.0
2015-07-03-18 31 24.131	  31.02702926 121.43963487 1.25  0.0 0.0
2015-07-03-18 31 24.239	  31.02702926 121.43963487 1.25  0.0 0.0
2015-07-03-18 31 24.356	  31.02702926 121.43963487 1.25  0.0 0.0
2015-07-03-18 31 24.458	  31.02702926 121.43963487 1.25  0.0 0.0
2015-07-03-18 31 24.563	  31.02702926 121.43963487 1.25  0.0 0.0
2015-07-03-18 31 24.668	  31.02702926 121.43963487 1.25  0.0 0.0
2015-07-03-18 31 24.779	  31.02704732 121.43963046 0.0  0.0 0.0
2015-07-03-18 31 24.883	  31.02704732 121.43963046 0.0  0.0 0.0
2015-07-03-18 31 24.995	  31.02704732 121.43963046 0.0  0.0 0.0
2015-07-03-18 31 25.096	  31.02704732 121.43963046 0.0  0.0 0.0
2015-07-03-18 31 25.204	  31.02704732 121.43963046 0.0  0.0 0.0
2015-07-03-18 31 25.309	  31.02704732 121.43963046 0.0  0.0 0.0
2015-07-03-18 31 25.424	  31.02704732 121.43963046 0.0  0.0 0.0
2015-07-03-18 31 25.530	  31.02704732 121.43963046 0.0  0.0 0.0
2015-07-03-18 31 25.631	  31.02704732 121.43963046 0.0  0.0 0.0
2015-07-03-18 31 25.738	  31.02704732 121.43963046 0.0  0.0 0.0
2015-07-03-18 31 25.839	  31.02704732 121.43963046 0.0  0.0 0.0
2015-07-03-18 31 25.945	  31.02704732 121.43963046 0.0  0.0 0.0
2015-07-03-18 31 26.047	  31.02704732 121.43963046 0.0  0.0 0.0
2015-07-03-18 31 26.154	  31.02704732 121.43963046 0.0  0.0 0.0
2015-07-03-18 31 26.256	  31.02704732 121.43963046 0.0  0.0 0.0
2015-07-03-18 31 26.364	  31.02704732 121.43963046 0.0  0.0 0.0
2015-07-03-18 31 26.467	  31.02704732 121.43963046 0.0  0.0 0.0
2015-07-03-18 31 26.573	  31.02704732 121.43963046 0.0  0.0 0.0
2015-07-03-18 31 26.676	  31.02704732 121.43963046 0.0  0.0 0.0
2015-07-03-18 31 26.787	  31.02706817 121.43962034 1.25  0.0 0.0
2015-07-03-18 31 26.914	  31.02706817 121.43962034 1.25  0.0 0.0
2015-07-03-18 31 27.026	  31.02706817 121.43962034 1.25  0.0 0.0
2015-07-03-18 31 27.131	  31.02706817 121.43962034 1.25  0.0 0.0
2015-07-03-18 31 27.241	  31.02706817 121.43962034 1.25  0.0 0.0
2015-07-03-18 31 27.344	  31.02706817 121.43962034 1.25  0.0 0.0
2015-07-03-18 31 27.454	  31.02706817 121.43962034 1.25  0.0 0.0
2015-07-03-18 31 27.557	  31.02706817 121.43962034 1.25  0.0 0.0
2015-07-03-18 31 27.662	  31.02706817 121.43962034 1.25  0.0 0.0
2015-07-03-18 31 27.766	  31.02706817 121.43962034 1.25  0.0 0.0
2015-07-03-18 31 27.871	  31.02706817 121.43962034 1.25  0.0 0.0
2015-07-03-18 31 27.973	  31.02706817 121.43962034 1.25  0.0 0.0
2015-07-03-18 31 28.110	  31.02706817 121.43962034 1.25  0.0 0.0
2015-07-03-18 31 28.215	  31.02706817 121.43962034 1.25  0.0 0.0
2015-07-03-18 31 28.388	  31.02706817 121.43962034 1.25  0.0 0.0
2015-07-03-18 31 28.496	  31.02706817 121.43962034 1.25  0.0 0.0
2015-07-03-18 31 28.599	  31.02706817 121.43962034 1.25  0.0 0.0
2015-07-03-18 31 28.755	  31.02706817 121.43962034 1.25  0.0 0.0
2015-07-03-18 31 28.858	  31.02709485 121.43960692 1.25  0.0 0.0
2015-07-03-18 31 28.989	  31.02709485 121.43960692 1.25  0.0 0.0
2015-07-03-18 31 29.094	  31.02709485 121.43960692 1.25  0.0 0.0
2015-07-03-18 31 29.197	  31.02709485 121.43960692 1.25  0.0 0.0
2015-07-03-18 31 29.338	  31.02709485 121.43960692 1.25  0.0 0.0
2015-07-03-18 31 29.440	  31.02709485 121.43960692 1.25  0.0 0.0
2015-07-03-18 31 29.605	  31.02709485 121.43960692 1.25  0.0 0.0
2015-07-03-18 31 29.708	  31.02709485 121.43960692 1.25  0.0 0.0
2015-07-03-18 31 29.815	  31.02709485 121.43960692 1.25  0.0 0.0
2015-07-03-18 31 29.968	  31.02709485 121.43960692 1.25  0.0 0.0
2015-07-03-18 31 30.069	  31.02709485 121.43960692 1.25  0.0 0.0
2015-07-03-18 31 30.187	  31.02709485 121.43960692 1.25  0.0 0.0
2015-07-03-18 31 30.289	  31.02709485 121.43960692 1.25  0.0 0.0
2015-07-03-18 31 30.391	  31.02709485 121.43960692 1.25  0.0 0.0
2015-07-03-18 31 30.503	  31.02709485 121.43960692 1.25  0.0 0.0
2015-07-03-18 31 30.648	  31.02709485 121.43960692 1.25  0.0 0.0
2015-07-03-18 31 30.752	  31.02712179 121.43959664 1.25  0.0 0.0
2015-07-03-18 31 30.911	  31.02712179 121.43959664 1.25  0.0 0.0
2015-07-03-18 31 31.014	  31.02712179 121.43959664 1.25  0.0 0.0
2015-07-03-18 31 31.116	  31.02712179 121.43959664 1.25  0.0 0.0
2015-07-03-18 31 31.264	  31.02712179 121.43959664 1.25  0.0 0.0
2015-07-03-18 31 31.367	  31.02712179 121.43959664 1.25  0.0 0.0
2015-07-03-18 31 31.511	  31.02712179 121.43959664 1.25  0.0 0.0
2015-07-03-18 31 31.626	  31.02712179 121.43959664 1.25  0.0 0.0
2015-07-03-18 31 31.729	  31.02712179 121.43959664 1.25  0.0 0.0
2015-07-03-18 31 31.885	  31.02712179 121.43959664 1.25  0.0 0.0
2015-07-03-18 31 31.986	  31.02712179 121.43959664 1.25  0.0 0.0
2015-07-03-18 31 32.119	  31.02712179 121.43959664 1.25  0.0 0.0
2015-07-03-18 31 32.221	  31.02712179 121.43959664 1.25  0.0 0.0
2015-07-03-18 31 32.324	  31.02712179 121.43959664 1.25  0.0 0.0
2015-07-03-18 31 32.499	  31.02712179 121.43959664 1.25  0.0 0.0
2015-07-03-18 31 32.601	  31.02712179 121.43959664 1.25  0.0 0.0
2015-07-03-18 31 32.748	  31.02712179 121.43959664 1.25  0.0 0.0
2015-07-03-18 31 32.851	  31.02714811 121.4395871 1.25  0.0 0.0
2015-07-03-18 31 32.954	  31.02714811 121.4395871 1.25  0.0 0.0
2015-07-03-18 31 33.072	  31.02714811 121.4395871 1.25  0.0 0.0
2015-07-03-18 31 33.178	  31.02714811 121.4395871 1.25  0.0 0.0
2015-07-03-18 31 33.314	  31.02714811 121.4395871 1.25  0.0 0.0
2015-07-03-18 31 33.417	  31.02714811 121.4395871 1.25  0.0 0.0
2015-07-03-18 31 33.552	  31.02714811 121.4395871 1.25  0.0 0.0
2015-07-03-18 31 33.654	  31.02714811 121.4395871 1.25  0.0 0.0
2015-07-03-18 31 33.815	  31.02714811 121.4395871 1.25  0.0 0.0
2015-07-03-18 31 33.926	  31.02714811 121.4395871 1.25  0.0 0.0
2015-07-03-18 31 34.029	  31.02714811 121.4395871 1.25  0.0 0.0
2015-07-03-18 31 34.153	  31.02714811 121.4395871 1.25  0.0 0.0
2015-07-03-18 31 34.258	  31.02714811 121.4395871 1.25  0.0 0.0
2015-07-03-18 31 34.405	  31.02714811 121.4395871 1.25  0.0 0.0
2015-07-03-18 31 34.516	  31.02714811 121.4395871 1.25  0.0 0.0
2015-07-03-18 31 34.619	  31.02714811 121.4395871 1.25  0.0 0.0
2015-07-03-18 31 34.759	  31.02714811 121.4395871 1.25  0.0 0.0
2015-07-03-18 31 34.862	  31.027174 121.43957991 1.25  0.0 0.0
2015-07-03-18 31 34.989	  31.027174 121.43957991 1.25  0.0 0.0
2015-07-03-18 31 35.095	  31.027174 121.43957991 1.25  0.0 0.0
2015-07-03-18 31 35.198	  31.027174 121.43957991 1.25  0.0 0.0
2015-07-03-18 31 35.355	  31.027174 121.43957991 1.25  0.0 0.0
2015-07-03-18 31 35.456	  31.027174 121.43957991 1.25  0.0 0.0
2015-07-03-18 31 35.558	  31.027174 121.43957991 1.25  0.0 0.0
2015-07-03-18 31 35.660	  31.027174 121.43957991 1.25  0.0 0.0
2015-07-03-18 31 35.809	  31.027174 121.43957991 1.25  0.0 0.0
2015-07-03-18 31 35.913	  31.027174 121.43957991 1.25  0.0 0.0
2015-07-03-18 31 36.033	  31.027174 121.43957991 1.25  0.0 0.0
2015-07-03-18 31 36.144	  31.027174 121.43957991 1.25  0.0 0.0
2015-07-03-18 31 36.252	  31.027174 121.43957991 1.25  0.0 0.0
2015-07-03-18 31 36.407	  31.027174 121.43957991 1.25  0.0 0.0
2015-07-03-18 31 36.510	  31.027174 121.43957991 1.25  0.0 0.0
2015-07-03-18 31 36.629	  31.027174 121.43957991 1.25  0.0 0.0
2015-07-03-18 31 36.737	  31.027174 121.43957991 1.25  0.0 0.0
2015-07-03-18 31 36.843	  31.02720085 121.43957129 1.25  0.0 0.0
2015-07-03-18 31 37.004	  31.02720085 121.43957129 1.25  0.0 0.0
2015-07-03-18 31 37.107	  31.02720085 121.43957129 1.25  0.0 0.0
2015-07-03-18 31 37.211	  31.02720085 121.43957129 1.25  0.0 0.0
2015-07-03-18 31 37.364	  31.02720085 121.43957129 1.25  0.0 0.0
2015-07-03-18 31 37.469	  31.02720085 121.43957129 1.25  0.0 0.0
2015-07-03-18 31 37.574	  31.02720085 121.43957129 1.25  0.0 0.0
2015-07-03-18 31 37.740	  31.02720085 121.43957129 1.25  0.0 0.0
2015-07-03-18 31 37.841	  31.02720085 121.43957129 1.25  0.0 0.0
2015-07-03-18 31 37.944	  31.02720085 121.43957129 1.25  0.0 0.0
2015-07-03-18 31 38.110	  31.02720085 121.43957129 1.25  0.0 0.0
2015-07-03-18 31 38.211	  31.02720085 121.43957129 1.25  0.0 0.0
2015-07-03-18 31 38.314	  31.02720085 121.43957129 1.25  0.0 0.0
2015-07-03-18 31 38.481	  31.02720085 121.43957129 1.25  0.0 0.0
2015-07-03-18 31 38.583	  31.02720085 121.43957129 1.25  0.0 0.0
2015-07-03-18 31 38.685	  31.02720085 121.43957129 1.25  0.0 0.0
2015-07-03-18 31 38.836	  31.02722771 121.43955988 1.25  0.0 0.0
2015-07-03-18 31 38.946	  31.02722771 121.43955988 1.25  0.0 0.0
2015-07-03-18 31 39.054	  31.02722771 121.43955988 1.25  0.0 0.0
2015-07-03-18 31 39.206	  31.02722771 121.43955988 1.25  0.0 0.0
2015-07-03-18 31 39.309	  31.02722771 121.43955988 1.25  0.0 0.0
2015-07-03-18 31 39.411	  31.02722771 121.43955988 1.25  0.0 0.0
2015-07-03-18 31 39.556	  31.02722771 121.43955988 1.25  0.0 0.0
2015-07-03-18 31 39.677	  31.02722771 121.43955988 1.25  0.0 0.0
2015-07-03-18 31 39.781	  31.02722771 121.43955988 1.25  0.0 0.0
2015-07-03-18 31 39.960	  31.02722771 121.43955988 1.25  0.0 0.0
2015-07-03-18 31 40.065	  31.02722771 121.43955988 1.25  0.0 0.0
2015-07-03-18 31 40.168	  31.02722771 121.43955988 1.25  0.0 0.0
2015-07-03-18 31 40.287	  31.02722771 121.43955988 1.25  0.0 0.0
2015-07-03-18 31 40.396	  31.02722771 121.43955988 1.25  0.0 0.0
2015-07-03-18 31 40.499	  31.02722771 121.43955988 1.25  0.0 0.0
2015-07-03-18 31 40.619	  31.02722771 121.43955988 1.25  0.0 0.0
2015-07-03-18 31 40.779	  31.02722771 121.43955988 1.25  0.0 0.0
2015-07-03-18 31 40.888	  31.02722771 121.43955988 1.25  0.0 0.0
2015-07-03-18 31 40.990	  31.02722771 121.43955988 1.25  0.0 0.0
2015-07-03-18 31 41.137	  31.02722771 121.43955988 1.25  0.0 0.0
2015-07-03-18 31 41.244	  31.02722771 121.43955988 1.25  0.0 0.0
2015-07-03-18 31 41.350	  31.02725635 121.43954817 1.25  0.0 0.0
2015-07-03-18 31 41.510	  31.02725635 121.43954817 1.25  0.0 0.0
2015-07-03-18 31 41.616	  31.02725635 121.43954817 1.25  0.0 0.0
2015-07-03-18 31 41.717	  31.02725635 121.43954817 1.25  0.0 0.0
2015-07-03-18 31 41.892	  31.02725635 121.43954817 1.25  0.0 0.0
2015-07-03-18 31 42.011	  31.02725635 121.43954817 1.25  0.0 0.0
2015-07-03-18 31 42.113	  31.02725635 121.43954817 1.25  0.0 0.0
2015-07-03-18 31 42.220	  31.02725635 121.43954817 1.25  0.0 0.0
2015-07-03-18 31 42.406	  31.02725635 121.43954817 1.25  0.0 0.0
2015-07-03-18 31 42.511	  31.02725635 121.43954817 1.25  0.0 0.0
2015-07-03-18 31 42.613	  31.02725635 121.43954817 1.25  0.0 0.0
2015-07-03-18 31 42.733	  31.02725635 121.43954817 1.25  0.0 0.0
2015-07-03-18 31 42.851	  31.02725635 121.43954817 1.25  0.0 0.0
2015-07-03-18 31 42.956	  31.02725635 121.43954817 1.25  0.0 0.0
2015-07-03-18 31 43.105	  31.02725635 121.43954817 1.25  0.0 0.0
2015-07-03-18 31 43.248	  31.02725635 121.43954817 1.25  0.0 0.0
2015-07-03-18 31 43.357	  31.02728464 121.43953596 1.25  0.0 0.0
2015-07-03-18 31 43.464	  31.02728464 121.43953596 1.25  0.0 0.0
2015-07-03-18 31 43.609	  31.02728464 121.43953596 1.25  0.0 0.0
2015-07-03-18 31 43.727	  31.02728464 121.43953596 1.25  0.0 0.0
2015-07-03-18 31 43.829	  31.02728464 121.43953596 1.25  0.0 0.0
2015-07-03-18 31 43.931	  31.02728464 121.43953596 1.25  0.0 0.0
2015-07-03-18 31 44.077	  31.02728464 121.43953596 1.25  0.0 0.0
2015-07-03-18 31 44.195	  31.02728464 121.43953596 1.25  0.0 0.0
2015-07-03-18 31 44.298	  31.02728464 121.43953596 1.25  0.0 0.0
2015-07-03-18 31 44.403	  31.02728464 121.43953596 1.25  0.0 0.0
2015-07-03-18 31 44.574	  31.02728464 121.43953596 1.25  0.0 0.0
2015-07-03-18 31 44.676	  31.02728464 121.43953596 1.25  0.0 0.0
2015-07-03-18 31 44.819	  31.02728464 121.43953596 1.25  0.0 0.0
2015-07-03-18 31 44.961	  31.02728464 121.43953596 1.25  0.0 0.0
2015-07-03-18 31 45.078	  31.02728464 121.43953596 1.25  0.0 0.0
2015-07-03-18 31 45.180	  31.02728464 121.43953596 1.25  0.0 0.0
2015-07-03-18 31 45.324	  31.02728464 121.43953596 1.25  0.0 0.0
2015-07-03-18 31 45.484	  31.02731335 121.43952162 1.25  0.0 0.0
2015-07-03-18 31 45.586	  31.02731335 121.43952162 1.25  0.0 0.0
2015-07-03-18 31 45.688	  31.02731335 121.43952162 1.25  0.0 0.0
2015-07-03-18 31 45.798	  31.02731335 121.43952162 1.25  0.0 0.0
2015-07-03-18 31 45.901	  31.02731335 121.43952162 1.25  0.0 0.0
2015-07-03-18 31 46.051	  31.02731335 121.43952162 1.25  0.0 0.0
2015-07-03-18 31 46.205	  31.02731335 121.43952162 1.25  0.0 0.0
2015-07-03-18 31 46.306	  31.02731335 121.43952162 1.25  0.0 0.0
2015-07-03-18 31 46.411	  31.02731335 121.43952162 1.25  0.0 0.0
2015-07-03-18 31 46.531	  31.02731335 121.43952162 1.25  0.0 0.0
2015-07-03-18 31 46.672	  31.02731335 121.43952162 1.25  0.0 0.0
2015-07-03-18 31 46.781	  31.02731335 121.43952162 1.25  0.0 0.0
2015-07-03-18 31 46.884	  31.02734114 121.43951023 1.25  0.0 0.0
2015-07-03-18 31 47.026	  31.02734114 121.43951023 1.25  0.0 0.0
2015-07-03-18 31 47.142	  31.02734114 121.43951023 1.25  0.0 0.0
2015-07-03-18 31 47.261	  31.02734114 121.43951023 1.25  0.0 0.0
2015-07-03-18 31 47.364	  31.02734114 121.43951023 1.25  0.0 0.0
2015-07-03-18 31 47.555	  31.02734114 121.43951023 1.25  0.0 0.0
2015-07-03-18 31 47.674	  31.02734114 121.43951023 1.25  0.0 0.0
2015-07-03-18 31 47.783	  31.02734114 121.43951023 1.25  0.0 0.0
2015-07-03-18 31 47.885	  31.02734114 121.43951023 1.25  0.0 0.0
2015-07-03-18 31 48.025	  31.02734114 121.43951023 1.25  0.0 0.0
2015-07-03-18 31 48.147	  31.02734114 121.43951023 1.25  0.0 0.0
2015-07-03-18 31 48.251	  31.02734114 121.43951023 1.25  0.0 0.0
2015-07-03-18 31 48.356	  31.02734114 121.43951023 1.25  0.0 0.0
2015-07-03-18 31 48.529	  31.02734114 121.43951023 1.25  0.0 0.0
2015-07-03-18 31 48.652	  31.02734114 121.43951023 1.25  0.0 0.0
2015-07-03-18 31 48.754	  31.02734114 121.43951023 1.25  0.0 0.0
2015-07-03-18 31 48.855	  31.02734114 121.43951023 1.25  0.0 0.0
2015-07-03-18 31 49.030	  31.02734114 121.43951023 1.25  0.0 0.0
2015-07-03-18 31 49.155	  31.02734114 121.43951023 1.25  0.0 0.0
2015-07-03-18 31 49.268	  31.02734114 121.43951023 1.25  0.0 0.0
2015-07-03-18 31 49.371	  31.02736537 121.4394974 1.25  0.0 0.0
2015-07-03-18 31 49.514	  31.02736537 121.4394974 1.25  0.0 0.0
2015-07-03-18 31 49.617	  31.02736537 121.4394974 1.25  0.0 0.0
2015-07-03-18 31 49.765	  31.02736537 121.4394974 1.25  0.0 0.0
2015-07-03-18 31 49.946	  31.02736537 121.4394974 1.25  0.0 0.0
2015-07-03-18 31 50.050	  31.02736537 121.4394974 1.25  0.0 0.0
2015-07-03-18 31 50.153	  31.02736537 121.4394974 1.25  0.0 0.0
2015-07-03-18 31 50.298	  31.02736537 121.4394974 1.25  0.0 0.0
2015-07-03-18 31 50.416	  31.02736537 121.4394974 1.25  0.0 0.0
2015-07-03-18 31 50.518	  31.02736537 121.4394974 1.25  0.0 0.0
2015-07-03-18 31 50.623	  31.02736537 121.4394974 1.25  0.0 0.0
2015-07-03-18 31 50.741	  31.02736537 121.4394974 1.25  0.0 0.0
2015-07-03-18 31 50.886	  31.02736537 121.4394974 1.25  0.0 0.0
2015-07-03-18 31 51.002	  31.02738439 121.43948964 0.0  0.0 0.0
2015-07-03-18 31 51.105	  31.02738439 121.43948964 0.0  0.0 0.0
2015-07-03-18 31 51.223	  31.02738439 121.43948964 0.0  0.0 0.0
2015-07-03-18 31 51.369	  31.02738439 121.43948964 0.0  0.0 0.0
2015-07-03-18 31 51.485	  31.02738439 121.43948964 0.0  0.0 0.0
2015-07-03-18 31 51.588	  31.02738439 121.43948964 0.0  0.0 0.0
2015-07-03-18 31 51.729	  31.02738439 121.43948964 0.0  0.0 0.0
2015-07-03-18 31 51.869	  31.02738439 121.43948964 0.0  0.0 0.0
2015-07-03-18 31 51.972	  31.02738439 121.43948964 0.0  0.0 0.0
2015-07-03-18 31 52.074	  31.02738439 121.43948964 0.0  0.0 0.0
2015-07-03-18 31 52.191	  31.02738439 121.43948964 0.0  0.0 0.0
2015-07-03-18 31 52.309	  31.02738439 121.43948964 0.0  0.0 0.0
2015-07-03-18 31 52.416	  31.02738439 121.43948964 0.0  0.0 0.0
2015-07-03-18 31 52.517	  31.02738439 121.43948964 0.0  0.0 0.0
2015-07-03-18 31 52.676	  31.02738439 121.43948964 0.0  0.0 0.0
2015-07-03-18 31 52.807	  31.02738439 121.43948964 0.0  0.0 0.0
2015-07-03-18 31 52.910	  31.02740421 121.43948334 1.0  0.0 0.0
2015-07-03-18 31 53.013	  31.02740421 121.43948334 1.0  0.0 0.0
2015-07-03-18 31 53.201	  31.02740421 121.43948334 1.0  0.0 0.0
2015-07-03-18 31 53.323	  31.02740421 121.43948334 1.0  0.0 0.0
2015-07-03-18 31 53.428	  31.02740421 121.43948334 1.0  0.0 0.0
2015-07-03-18 31 53.531	  31.02740421 121.43948334 1.0  0.0 0.0
2015-07-03-18 31 53.702	  31.02740421 121.43948334 1.0  0.0 0.0
2015-07-03-18 31 53.844	  31.02740421 121.43948334 1.0  0.0 0.0
2015-07-03-18 31 53.954	  31.02740421 121.43948334 1.0  0.0 0.0
2015-07-03-18 31 54.059	  31.02740421 121.43948334 1.0  0.0 0.0
2015-07-03-18 31 54.214	  31.02740421 121.43948334 1.0  0.0 0.0
2015-07-03-18 31 54.333	  31.02740421 121.43948334 1.0  0.0 0.0
2015-07-03-18 31 54.436	  31.02740421 121.43948334 1.0  0.0 0.0
2015-07-03-18 31 54.538	  31.02740421 121.43948334 1.0  0.0 0.0
2015-07-03-18 31 54.683	  31.02740421 121.43948334 1.0  0.0 0.0
2015-07-03-18 31 54.803	  31.02743279 121.43947367 1.5  0.0 0.0
2015-07-03-18 31 54.914	  31.02743279 121.43947367 1.5  0.0 0.0
2015-07-03-18 31 55.018	  31.02743279 121.43947367 1.5  0.0 0.0
2015-07-03-18 31 55.152	  31.02743279 121.43947367 1.5  0.0 0.0
2015-07-03-18 31 55.270	  31.02743279 121.43947367 1.5  0.0 0.0
2015-07-03-18 31 55.374	  31.02743279 121.43947367 1.5  0.0 0.0
2015-07-03-18 31 55.482	  31.02743279 121.43947367 1.5  0.0 0.0
2015-07-03-18 31 55.647	  31.02743279 121.43947367 1.5  0.0 0.0
2015-07-03-18 31 55.784	  31.02743279 121.43947367 1.5  0.0 0.0
2015-07-03-18 31 55.948	  31.02743279 121.43947367 1.5  0.0 0.0
2015-07-03-18 31 56.064	  31.02743279 121.43947367 1.5  0.0 0.0
2015-07-03-18 31 56.169	  31.02743279 121.43947367 1.5  0.0 0.0
2015-07-03-18 31 56.272	  31.02743279 121.43947367 1.5  0.0 0.0
2015-07-03-18 31 56.413	  31.02743279 121.43947367 1.5  0.0 0.0
2015-07-03-18 31 56.612	  31.02743279 121.43947367 1.5  0.0 0.0
2015-07-03-18 31 56.718	  31.02743279 121.43947367 1.5  0.0 0.0
2015-07-03-18 31 56.820	  31.02743279 121.43947367 1.5  0.0 0.0
2015-07-03-18 31 56.939	  31.02743279 121.43947367 1.5  0.0 0.0
2015-07-03-18 31 57.073	  31.02743279 121.43947367 1.5  0.0 0.0
2015-07-03-18 31 57.176	  31.02743279 121.43947367 1.5  0.0 0.0
2015-07-03-18 31 57.278	  31.02743279 121.43947367 1.5  0.0 0.0
2015-07-03-18 31 57.382	  31.02746208 121.43946075 1.5  0.0 0.0
2015-07-03-18 31 57.502	  31.02746208 121.43946075 1.5  0.0 0.0
2015-07-03-18 31 57.667	  31.02746208 121.43946075 1.5  0.0 0.0
2015-07-03-18 31 57.772	  31.02746208 121.43946075 1.5  0.0 0.0
2015-07-03-18 31 57.875	  31.02746208 121.43946075 1.5  0.0 0.0
2015-07-03-18 31 57.979	  31.02746208 121.43946075 1.5  0.0 0.0
2015-07-03-18 31 58.162	  31.02746208 121.43946075 1.5  0.0 0.0
2015-07-03-18 31 58.299	  31.02746208 121.43946075 1.5  0.0 0.0
2015-07-03-18 31 58.405	  31.02746208 121.43946075 1.5  0.0 0.0
2015-07-03-18 31 58.507	  31.02746208 121.43946075 1.5  0.0 0.0
2015-07-03-18 31 58.609	  31.02746208 121.43946075 1.5  0.0 0.0
2015-07-03-18 31 58.759	  31.02746208 121.43946075 1.5  0.0 0.0
2015-07-03-18 31 58.874	  31.02748974 121.4394482 1.5  0.0 0.0
2015-07-03-18 31 59.002	  31.02748974 121.4394482 1.5  0.0 0.0
2015-07-03-18 31 59.119	  31.02748974 121.4394482 1.5  0.0 0.0
2015-07-03-18 31 59.277	  31.02748974 121.4394482 1.5  0.0 0.0
2015-07-03-18 31 59.394	  31.02748974 121.4394482 1.5  0.0 0.0
2015-07-03-18 31 59.511	  31.02748974 121.4394482 1.5  0.0 0.0
2015-07-03-18 31 59.657	  31.02748974 121.4394482 1.5  0.0 0.0
2015-07-03-18 31 59.833	  31.02748974 121.4394482 1.5  0.0 0.0
2015-07-03-18 31 59.973	  31.02748974 121.4394482 1.5  0.0 0.0
2015-07-03-18 32 00.093	  31.02748974 121.4394482 1.5  0.0 0.0
2015-07-03-18 32 00.252	  31.02748974 121.4394482 1.5  0.0 0.0
2015-07-03-18 32 00.391	  31.02748974 121.4394482 1.5  0.0 0.0
2015-07-03-18 32 00.499	  31.02748974 121.4394482 1.5  0.0 0.0
2015-07-03-18 32 00.602	  31.02748974 121.4394482 1.5  0.0 0.0
2015-07-03-18 32 00.719	  31.02748974 121.4394482 1.5  0.0 0.0
2015-07-03-18 32 00.837	  31.02751609 121.4394358 1.25  0.0 0.0
2015-07-03-18 32 00.964	  31.02751609 121.4394358 1.25  0.0 0.0
2015-07-03-18 32 01.091	  31.02751609 121.4394358 1.25  0.0 0.0
2015-07-03-18 32 01.203	  31.02751609 121.4394358 1.25  0.0 0.0
2015-07-03-18 32 01.305	  31.02751609 121.4394358 1.25  0.0 0.0
2015-07-03-18 32 01.408	  31.02751609 121.4394358 1.25  0.0 0.0
2015-07-03-18 32 01.545	  31.02751609 121.4394358 1.25  0.0 0.0
2015-07-03-18 32 01.663	  31.02751609 121.4394358 1.25  0.0 0.0
2015-07-03-18 32 01.793	  31.02751609 121.4394358 1.25  0.0 0.0
2015-07-03-18 32 01.915	  31.02751609 121.4394358 1.25  0.0 0.0
2015-07-03-18 32 02.048	  31.02751609 121.4394358 1.25  0.0 0.0
2015-07-03-18 32 02.195	  31.02751609 121.4394358 1.25  0.0 0.0
2015-07-03-18 32 02.315	  31.02751609 121.4394358 1.25  0.0 0.0
2015-07-03-18 32 02.416	  31.02751609 121.4394358 1.25  0.0 0.0
2015-07-03-18 32 02.518	  31.02751609 121.4394358 1.25  0.0 0.0
2015-07-03-18 32 02.621	  31.02751609 121.4394358 1.25  0.0 0.0
2015-07-03-18 32 02.725	  31.02751609 121.4394358 1.25  0.0 0.0
2015-07-03-18 32 02.917	  31.02754149 121.4394214 1.25  0.0 0.0
2015-07-03-18 32 03.026	  31.02754149 121.4394214 1.25  0.0 0.0
2015-07-03-18 32 03.129	  31.02754149 121.4394214 1.25  0.0 0.0
2015-07-03-18 32 03.231	  31.02754149 121.4394214 1.25  0.0 0.0
2015-07-03-18 32 03.333	  31.02754149 121.4394214 1.25  0.0 0.0
2015-07-03-18 32 03.448	  31.02754149 121.4394214 1.25  0.0 0.0
2015-07-03-18 32 03.550	  31.02754149 121.4394214 1.25  0.0 0.0
2015-07-03-18 32 03.652	  31.02754149 121.4394214 1.25  0.0 0.0
2015-07-03-18 32 03.782	  31.02754149 121.4394214 1.25  0.0 0.0
2015-07-03-18 32 03.952	  31.02754149 121.4394214 1.25  0.0 0.0
2015-07-03-18 32 04.069	  31.02754149 121.4394214 1.25  0.0 0.0
2015-07-03-18 32 04.185	  31.02754149 121.4394214 1.25  0.0 0.0
2015-07-03-18 32 04.306	  31.02754149 121.4394214 1.25  0.0 0.0
2015-07-03-18 32 04.483	  31.02754149 121.4394214 1.25  0.0 0.0
2015-07-03-18 32 04.600	  31.02754149 121.4394214 1.25  0.0 0.0
2015-07-03-18 32 04.720	  31.02754149 121.4394214 1.25  0.0 0.0
2015-07-03-18 32 04.897	  31.02756557 121.43940961 1.25  0.0 0.0
2015-07-03-18 32 05.026	  31.02756557 121.43940961 1.25  0.0 0.0
2015-07-03-18 32 05.199	  31.02756557 121.43940961 1.25  0.0 0.0
2015-07-03-18 32 05.317	  31.02756557 121.43940961 1.25  0.0 0.0
2015-07-03-18 32 05.439	  31.02756557 121.43940961 1.25  0.0 0.0
2015-07-03-18 32 05.581	  31.02756557 121.43940961 1.25  0.0 0.0
2015-07-03-18 32 05.728	  31.02756557 121.43940961 1.25  0.0 0.0
2015-07-03-18 32 05.868	  31.02756557 121.43940961 1.25  0.0 0.0
2015-07-03-18 32 05.989	  31.02756557 121.43940961 1.25  0.0 0.0
2015-07-03-18 32 06.093	  31.02756557 121.43940961 1.25  0.0 0.0
2015-07-03-18 32 06.202	  31.02756557 121.43940961 1.25  0.0 0.0
2015-07-03-18 32 06.305	  31.02756557 121.43940961 1.25  0.0 0.0
2015-07-03-18 32 06.409	  31.02756557 121.43940961 1.25  0.0 0.0
2015-07-03-18 32 06.512	  31.02756557 121.43940961 1.25  0.0 0.0
2015-07-03-18 32 06.615	  31.02756557 121.43940961 1.25  0.0 0.0
2015-07-03-18 32 06.722	  31.02756557 121.43940961 1.25  0.0 0.0
2015-07-03-18 32 06.831	  31.02758766 121.43940062 1.25  0.0 0.0
2015-07-03-18 32 06.933	  31.02758766 121.43940062 1.25  0.0 0.0
2015-07-03-18 32 07.037	  31.02758766 121.43940062 1.25  0.0 0.0
2015-07-03-18 32 07.141	  31.02758766 121.43940062 1.25  0.0 0.0
2015-07-03-18 32 07.248	  31.02758766 121.43940062 1.25  0.0 0.0
2015-07-03-18 32 07.352	  31.02758766 121.43940062 1.25  0.0 0.0
2015-07-03-18 32 07.458	  31.02758766 121.43940062 1.25  0.0 0.0
2015-07-03-18 32 07.566	  31.02758766 121.43940062 1.25  0.0 0.0
2015-07-03-18 32 07.676	  31.02758766 121.43940062 1.25  0.0 0.0
2015-07-03-18 32 07.789	  31.02758766 121.43940062 1.25  0.0 0.0
2015-07-03-18 32 07.896	  31.02758766 121.43940062 1.25  0.0 0.0
2015-07-03-18 32 08.002	  31.02758766 121.43940062 1.25  0.0 0.0
2015-07-03-18 32 08.106	  31.02758766 121.43940062 1.25  0.0 0.0
2015-07-03-18 32 08.213	  31.02758766 121.43940062 1.25  0.0 0.0
2015-07-03-18 32 08.319	  31.02758766 121.43940062 1.25  0.0 0.0
2015-07-03-18 32 08.425	  31.02758766 121.43940062 1.25  0.0 0.0
2015-07-03-18 32 08.532	  31.02758766 121.43940062 1.25  0.0 0.0
2015-07-03-18 32 08.637	  31.02758766 121.43940062 1.25  0.0 0.0
2015-07-03-18 32 08.745	  31.02758766 121.43940062 1.25  0.0 0.0
2015-07-03-18 32 08.881	  31.02761276 121.43939294 1.25  0.0 0.0
2015-07-03-18 32 08.983	  31.02761276 121.43939294 1.25  0.0 0.0
2015-07-03-18 32 09.087	  31.02761276 121.43939294 1.25  0.0 0.0
2015-07-03-18 32 09.192	  31.02761276 121.43939294 1.25  0.0 0.0
2015-07-03-18 32 09.301	  31.02761276 121.43939294 1.25  0.0 0.0
2015-07-03-18 32 09.403	  31.02761276 121.43939294 1.25  0.0 0.0
2015-07-03-18 32 09.509	  31.02761276 121.43939294 1.25  0.0 0.0
2015-07-03-18 32 09.626	  31.02761276 121.43939294 1.25  0.0 0.0
2015-07-03-18 32 09.731	  31.02761276 121.43939294 1.25  0.0 0.0
2015-07-03-18 32 09.847	  31.02761276 121.43939294 1.25  0.0 0.0
2015-07-03-18 32 09.985	  31.02761276 121.43939294 1.25  0.0 0.0
2015-07-03-18 32 10.095	  31.02761276 121.43939294 1.25  0.0 0.0
2015-07-03-18 32 10.239	  31.02761276 121.43939294 1.25  0.0 0.0
2015-07-03-18 32 10.381	  31.02761276 121.43939294 1.25  0.0 0.0
2015-07-03-18 32 10.548	  31.02761276 121.43939294 1.25  0.0 0.0
2015-07-03-18 32 10.664	  31.02761276 121.43939294 1.25  0.0 0.0
2015-07-03-18 32 10.798	  31.02763985 121.43937977 1.25  0.0 0.0
2015-07-03-18 32 10.953	  31.02763985 121.43937977 1.25  0.0 0.0
2015-07-03-18 32 11.093	  31.02763985 121.43937977 1.25  0.0 0.0
2015-07-03-18 32 11.198	  31.02763985 121.43937977 1.25  0.0 0.0
2015-07-03-18 32 11.301	  31.02763985 121.43937977 1.25  0.0 0.0
2015-07-03-18 32 11.403	  31.02763985 121.43937977 1.25  0.0 0.0
2015-07-03-18 32 11.510	  31.02763985 121.43937977 1.25  0.0 0.0
2015-07-03-18 32 11.618	  31.02763985 121.43937977 1.25  0.0 0.0
2015-07-03-18 32 11.735	  31.02763985 121.43937977 1.25  0.0 0.0
2015-07-03-18 32 11.907	  31.02763985 121.43937977 1.25  0.0 0.0
2015-07-03-18 32 12.047	  31.02763985 121.43937977 1.25  0.0 0.0
2015-07-03-18 32 12.168	  31.02763985 121.43937977 1.25  0.0 0.0
2015-07-03-18 32 12.287	  31.02763985 121.43937977 1.25  0.0 0.0
2015-07-03-18 32 12.454	  31.02763985 121.43937977 1.25  0.0 0.0
2015-07-03-18 32 12.586	  31.02763985 121.43937977 1.25  0.0 0.0
2015-07-03-18 32 12.726	  31.0276661 121.4393694 1.25  0.0 0.0
2015-07-03-18 32 12.903	  31.0276661 121.4393694 1.25  0.0 0.0
2015-07-03-18 32 13.023	  31.0276661 121.4393694 1.25  0.0 0.0
2015-07-03-18 32 13.151	  31.0276661 121.4393694 1.25  0.0 0.0
2015-07-03-18 32 13.309	  31.0276661 121.4393694 1.25  0.0 0.0
2015-07-03-18 32 13.447	  31.0276661 121.4393694 1.25  0.0 0.0
2015-07-03-18 32 13.598	  31.0276661 121.4393694 1.25  0.0 0.0
2015-07-03-18 32 13.741	  31.0276661 121.4393694 1.25  0.0 0.0
2015-07-03-18 32 13.862	  31.0276661 121.4393694 1.25  0.0 0.0
2015-07-03-18 32 13.998	  31.0276661 121.4393694 1.25  0.0 0.0
2015-07-03-18 32 14.127	  31.0276661 121.4393694 1.25  0.0 0.0
2015-07-03-18 32 14.291	  31.0276661 121.4393694 1.25  0.0 0.0
2015-07-03-18 32 14.408	  31.0276661 121.4393694 1.25  0.0 0.0
2015-07-03-18 32 14.526	  31.0276661 121.4393694 1.25  0.0 0.0
2015-07-03-18 32 14.676	  31.0276661 121.4393694 1.25  0.0 0.0
2015-07-03-18 32 14.834	  31.0276661 121.4393694 1.25  0.0 0.0
2015-07-03-18 32 14.968	  31.0276661 121.4393694 1.25  0.0 0.0
2015-07-03-18 32 15.110	  31.0276661 121.4393694 1.25  0.0 0.0
2015-07-03-18 32 15.246	  31.0276661 121.4393694 1.25  0.0 0.0
2015-07-03-18 32 15.399	  31.0276661 121.4393694 1.25  0.0 0.0
2015-07-03-18 32 15.551	  31.0276661 121.4393694 1.25  0.0 0.0
2015-07-03-18 32 15.658	  31.0276661 121.4393694 1.25  0.0 0.0
2015-07-03-18 32 15.803	  31.0276661 121.4393694 1.25  0.0 0.0
2015-07-03-18 32 15.921	  31.0276661 121.4393694 1.25  0.0 0.0
2015-07-03-18 32 16.072	  31.0276661 121.4393694 1.25  0.0 0.0
2015-07-03-18 32 16.217	  31.0276661 121.4393694 1.25  0.0 0.0
2015-07-03-18 32 16.327	  31.0276661 121.4393694 1.25  0.0 0.0
2015-07-03-18 32 16.432	  31.0276661 121.4393694 1.25  0.0 0.0
2015-07-03-18 32 16.571	  31.0276661 121.4393694 1.25  0.0 0.0
2015-07-03-18 32 16.722	  31.0276661 121.4393694 1.25  0.0 0.0
2015-07-03-18 32 16.883	  31.0276661 121.4393694 1.25  0.0 0.0
2015-07-03-18 32 17.001	  31.0276661 121.4393694 1.25  0.0 0.0
2015-07-03-18 32 17.117	  31.0276661 121.4393694 1.25  0.0 0.0
2015-07-03-18 32 17.256	  31.0276661 121.4393694 1.25  0.0 0.0
2015-07-03-18 32 17.410	  31.0276661 121.4393694 1.25  0.0 0.0
2015-07-03-18 32 17.553	  31.0276661 121.4393694 1.25  0.0 0.0
2015-07-03-18 32 17.698	  31.0276661 121.4393694 1.25  0.0 0.0
2015-07-03-18 32 17.917	  31.0276661 121.4393694 1.25  0.0 0.0
2015-07-03-18 32 18.021	  31.0276661 121.4393694 1.25  0.0 0.0
2015-07-03-18 32 18.136	  31.0276661 121.4393694 1.25  0.0 0.0
2015-07-03-18 32 18.301	  31.0276661 121.4393694 1.25  0.0 0.0
2015-07-03-18 32 18.458	  31.0276661 121.4393694 1.25  0.0 0.0
2015-07-03-18 32 18.585	  31.0276661 121.4393694 1.25  0.0 0.0
2015-07-03-18 32 18.730	  31.02768315 121.43936162 0.5  0.0 0.0
2015-07-03-18 32 18.908	  31.02768315 121.43936162 0.5  0.0 0.0
2015-07-03-18 32 19.063	  31.02768315 121.43936162 0.5  0.0 0.0
2015-07-03-18 32 19.179	  31.02768315 121.43936162 0.5  0.0 0.0
2015-07-03-18 32 19.299	  31.02768315 121.43936162 0.5  0.0 0.0
