2015-07-08-17 34 19.962	  0.0 0.0 0.0  0.0 0.0
2015-07-08-17 34 20.064	  0.0 0.0 0.0  0.0 0.0
2015-07-08-17 34 20.166	  0.0 0.0 0.0  0.0 0.0
2015-07-08-17 34 20.273	  0.0 0.0 0.0  0.0 0.0
2015-07-08-17 34 20.375	  31.0277817 121.43936277 1.25  0.0 0.0
2015-07-08-17 34 20.477	  31.0277817 121.43936277 1.25  0.0 0.0
2015-07-08-17 34 20.578	  31.0277817 121.43936277 1.25  0.0 0.0
2015-07-08-17 34 20.680	  31.0277817 121.43936277 1.25  0.0 0.0
2015-07-08-17 34 20.782	  31.0277817 121.43936277 1.25  0.0 0.0
2015-07-08-17 34 20.884	  31.0277817 121.43936277 1.25  0.0 0.0
2015-07-08-17 34 20.987	  31.0277817 121.43936277 1.25  0.0 0.0
2015-07-08-17 34 21.088	  31.0277817 121.43936277 1.25  0.0 0.0
2015-07-08-17 34 21.190	  31.0277817 121.43936277 1.25  0.0 0.0
2015-07-08-17 34 21.292	  31.0277817 121.43936277 1.25  0.0 0.0
2015-07-08-17 34 21.394	  31.0277817 121.43936277 1.25  0.0 0.0
2015-07-08-17 34 21.496	  31.0277817 121.43936277 1.25  0.0 0.0
2015-07-08-17 34 21.597	  31.0277817 121.43936277 1.25  0.0 0.0
2015-07-08-17 34 21.700	  31.0277817 121.43936277 1.25  0.0 0.0
2015-07-08-17 34 21.803	  31.0277817 121.43936277 1.25  0.0 0.0
2015-07-08-17 34 21.905	  31.0277817 121.43936277 1.25  0.0 0.0
2015-07-08-17 34 22.006	  31.0277817 121.43936277 1.25  0.0 0.0
2015-07-08-17 34 22.108	  31.0277817 121.43936277 1.25  0.0 0.0
2015-07-08-17 34 22.210	  31.02775654 121.43938019 1.25  0.0 0.0
2015-07-08-17 34 22.317	  31.02775654 121.43938019 1.25  0.0 0.0
2015-07-08-17 34 22.420	  31.02775654 121.43938019 1.25  0.0 0.0
2015-07-08-17 34 22.522	  31.02775654 121.43938019 1.25  0.0 0.0
2015-07-08-17 34 22.624	  31.02775654 121.43938019 1.25  0.0 0.0
2015-07-08-17 34 22.726	  31.02775654 121.43938019 1.25  0.0 0.0
2015-07-08-17 34 22.828	  31.02775654 121.43938019 1.25  0.0 0.0
2015-07-08-17 34 22.931	  31.02775654 121.43938019 1.25  0.0 0.0
2015-07-08-17 34 23.033	  31.02775654 121.43938019 1.25  0.0 0.0
2015-07-08-17 34 23.134	  31.02775654 121.43938019 1.25  0.0 0.0
2015-07-08-17 34 23.236	  31.02775654 121.43938019 1.25  0.0 0.0
2015-07-08-17 34 23.337	  31.02775654 121.43938019 1.25  0.0 0.0
2015-07-08-17 34 23.438	  31.02775654 121.43938019 1.25  0.0 0.0
2015-07-08-17 34 23.540	  31.02775654 121.43938019 1.25  0.0 0.0
2015-07-08-17 34 23.643	  31.02775654 121.43938019 1.25  0.0 0.0
2015-07-08-17 34 23.751	  31.02775654 121.43938019 1.25  0.0 0.0
2015-07-08-17 34 23.861	  31.02775654 121.43938019 1.25  0.0 0.0
2015-07-08-17 34 23.963	  31.02775654 121.43938019 1.25  0.0 0.0
2015-07-08-17 34 24.067	  31.02775654 121.43938019 1.25  0.0 0.0
2015-07-08-17 34 24.172	  31.02773699 121.43938935 1.25  0.0 0.0
2015-07-08-17 34 24.273	  31.02773699 121.43938935 1.25  0.0 0.0
2015-07-08-17 34 24.375	  31.02773699 121.43938935 1.25  0.0 0.0
2015-07-08-17 34 24.477	  31.02773699 121.43938935 1.25  0.0 0.0
2015-07-08-17 34 24.579	  31.02773699 121.43938935 1.25  0.0 0.0
2015-07-08-17 34 24.681	  31.02773699 121.43938935 1.25  0.0 0.0
2015-07-08-17 34 24.783	  31.02773699 121.43938935 1.25  0.0 0.0
2015-07-08-17 34 24.889	  31.02773699 121.43938935 1.25  0.0 0.0
2015-07-08-17 34 24.992	  31.02773699 121.43938935 1.25  0.0 0.0
2015-07-08-17 34 25.093	  31.02773699 121.43938935 1.25  0.0 0.0
2015-07-08-17 34 25.195	  31.02773699 121.43938935 1.25  0.0 0.0
2015-07-08-17 34 25.299	  31.02773699 121.43938935 1.25  0.0 0.0
2015-07-08-17 34 25.400	  31.02773699 121.43938935 1.25  0.0 0.0
2015-07-08-17 34 25.502	  31.02773699 121.43938935 1.25  0.0 0.0
2015-07-08-17 34 25.607	  31.02773699 121.43938935 1.25  0.0 0.0
2015-07-08-17 34 25.714	  31.02773699 121.43938935 1.25  0.0 0.0
2015-07-08-17 34 25.823	  31.02773699 121.43938935 1.25  0.0 0.0
2015-07-08-17 34 25.925	  31.02773699 121.43938935 1.25  0.0 0.0
2015-07-08-17 34 26.029	  31.02773699 121.43938935 1.25  0.0 0.0
2015-07-08-17 34 26.135	  31.02771597 121.43939613 1.25  0.0 0.0
2015-07-08-17 34 26.257	  31.02771597 121.43939613 1.25  0.0 0.0
2015-07-08-17 34 26.359	  31.02771597 121.43939613 1.25  0.0 0.0
2015-07-08-17 34 26.461	  31.02771597 121.43939613 1.25  0.0 0.0
2015-07-08-17 34 26.564	  31.02771597 121.43939613 1.25  0.0 0.0
2015-07-08-17 34 26.668	  31.02771597 121.43939613 1.25  0.0 0.0
2015-07-08-17 34 26.774	  31.02771597 121.43939613 1.25  0.0 0.0
2015-07-08-17 34 26.878	  31.02771597 121.43939613 1.25  0.0 0.0
2015-07-08-17 34 26.982	  31.02771597 121.43939613 1.25  0.0 0.0
2015-07-08-17 34 27.089	  31.02771597 121.43939613 1.25  0.0 0.0
2015-07-08-17 34 27.191	  31.02771597 121.43939613 1.25  0.0 0.0
2015-07-08-17 34 27.294	  31.02771597 121.43939613 1.25  0.0 0.0
2015-07-08-17 34 27.396	  31.02771597 121.43939613 1.25  0.0 0.0
2015-07-08-17 34 27.498	  31.02771597 121.43939613 1.25  0.0 0.0
2015-07-08-17 34 27.599	  31.02771597 121.43939613 1.25  0.0 0.0
2015-07-08-17 34 27.706	  31.02771597 121.43939613 1.25  0.0 0.0
2015-07-08-17 34 27.809	  31.02771597 121.43939613 1.25  0.0 0.0
2015-07-08-17 34 27.911	  31.02771597 121.43939613 1.25  0.0 0.0
2015-07-08-17 34 28.015	  31.02771597 121.43939613 1.25  0.0 0.0
2015-07-08-17 34 28.121	  31.02771597 121.43939613 1.25  0.0 0.0
2015-07-08-17 34 28.233	  31.02769459 121.43940730999999 1.25  0.0 0.0
2015-07-08-17 34 28.335	  31.02769459 121.43940730999999 1.25  0.0 0.0
2015-07-08-17 34 28.438	  31.02769459 121.43940730999999 1.25  0.0 0.0
2015-07-08-17 34 28.543	  31.02769459 121.43940730999999 1.25  0.0 0.0
2015-07-08-17 34 28.648	  31.02769459 121.43940730999999 1.25  0.0 0.0
2015-07-08-17 34 28.754	  31.02769459 121.43940730999999 1.25  0.0 0.0
2015-07-08-17 34 28.860	  31.02769459 121.43940730999999 1.25  0.0 0.0
2015-07-08-17 34 28.965	  31.02769459 121.43940730999999 1.25  0.0 0.0
2015-07-08-17 34 29.067	  31.02769459 121.43940730999999 1.25  0.0 0.0
2015-07-08-17 34 29.170	  31.02769459 121.43940730999999 1.25  0.0 0.0
2015-07-08-17 34 29.271	  31.02769459 121.43940730999999 1.25  0.0 0.0
2015-07-08-17 34 29.374	  31.02769459 121.43940730999999 1.25  0.0 0.0
2015-07-08-17 34 29.475	  31.02769459 121.43940730999999 1.25  0.0 0.0
2015-07-08-17 34 29.577	  31.02769459 121.43940730999999 1.25  0.0 0.0
2015-07-08-17 34 29.679	  31.02769459 121.43940730999999 1.25  0.0 0.0
2015-07-08-17 34 29.783	  31.02769459 121.43940730999999 1.25  0.0 0.0
2015-07-08-17 34 29.886	  31.02769459 121.43940730999999 1.25  0.0 0.0
2015-07-08-17 34 29.995	  31.02769459 121.43940730999999 1.25  0.0 0.0
2015-07-08-17 34 30.096	  31.02769459 121.43940730999999 1.25  0.0 0.0
2015-07-08-17 34 30.199	  31.02767149 121.4394171 1.25  0.0 0.0
2015-07-08-17 34 30.337	  31.02767149 121.4394171 1.25  0.0 0.0
2015-07-08-17 34 30.441	  31.02767149 121.4394171 1.25  0.0 0.0
2015-07-08-17 34 30.544	  31.02767149 121.4394171 1.25  0.0 0.0
2015-07-08-17 34 30.649	  31.02767149 121.4394171 1.25  0.0 0.0
2015-07-08-17 34 30.752	  31.02767149 121.4394171 1.25  0.0 0.0
2015-07-08-17 34 30.868	  31.02767149 121.4394171 1.25  0.0 0.0
2015-07-08-17 34 30.970	  31.02767149 121.4394171 1.25  0.0 0.0
2015-07-08-17 34 31.072	  31.02767149 121.4394171 1.25  0.0 0.0
2015-07-08-17 34 31.176	  31.02767149 121.4394171 1.25  0.0 0.0
2015-07-08-17 34 31.285	  31.02767149 121.4394171 1.25  0.0 0.0
2015-07-08-17 34 31.415	  31.02767149 121.4394171 1.25  0.0 0.0
2015-07-08-17 34 31.516	  31.02767149 121.4394171 1.25  0.0 0.0
2015-07-08-17 34 31.618	  31.02767149 121.4394171 1.25  0.0 0.0
2015-07-08-17 34 31.720	  31.02767149 121.4394171 1.25  0.0 0.0
2015-07-08-17 34 31.824	  31.02767149 121.4394171 1.25  0.0 0.0
2015-07-08-17 34 31.936	  31.02767149 121.4394171 1.25  0.0 0.0
2015-07-08-17 34 32.037	  31.02767149 121.4394171 1.25  0.0 0.0
2015-07-08-17 34 32.139	  31.02767149 121.4394171 1.25  0.0 0.0
2015-07-08-17 34 32.243	  31.02765006 121.43942531 1.25  0.0 0.0
2015-07-08-17 34 32.348	  31.02765006 121.43942531 1.25  0.0 0.0
2015-07-08-17 34 32.463	  31.02765006 121.43942531 1.25  0.0 0.0
2015-07-08-17 34 32.565	  31.02765006 121.43942531 1.25  0.0 0.0
2015-07-08-17 34 32.669	  31.02765006 121.43942531 1.25  0.0 0.0
2015-07-08-17 34 32.775	  31.02765006 121.43942531 1.25  0.0 0.0
2015-07-08-17 34 32.877	  31.02765006 121.43942531 1.25  0.0 0.0
2015-07-08-17 34 32.979	  31.02765006 121.43942531 1.25  0.0 0.0
2015-07-08-17 34 33.083	  31.02765006 121.43942531 1.25  0.0 0.0
2015-07-08-17 34 33.187	  31.02765006 121.43942531 1.25  0.0 0.0
2015-07-08-17 34 33.300	  31.02765006 121.43942531 1.25  0.0 0.0
2015-07-08-17 34 33.401	  31.02765006 121.43942531 1.25  0.0 0.0
2015-07-08-17 34 33.503	  31.02765006 121.43942531 1.25  0.0 0.0
2015-07-08-17 34 33.606	  31.02765006 121.43942531 1.25  0.0 0.0
2015-07-08-17 34 33.708	  31.02765006 121.43942531 1.25  0.0 0.0
2015-07-08-17 34 33.818	  31.02765006 121.43942531 1.25  0.0 0.0
2015-07-08-17 34 33.922	  31.02765006 121.43942531 1.25  0.0 0.0
2015-07-08-17 34 34.025	  31.02765006 121.43942531 1.25  0.0 0.0
2015-07-08-17 34 34.127	  31.02765006 121.43942531 1.25  0.0 0.0
2015-07-08-17 34 34.230	  31.02762892 121.43943702 1.25  0.0 0.0
2015-07-08-17 34 34.332	  31.02762892 121.43943702 1.25  0.0 0.0
2015-07-08-17 34 34.434	  31.02762892 121.43943702 1.25  0.0 0.0
2015-07-08-17 34 34.536	  31.02762892 121.43943702 1.25  0.0 0.0
2015-07-08-17 34 34.639	  31.02762892 121.43943702 1.25  0.0 0.0
2015-07-08-17 34 34.745	  31.02762892 121.43943702 1.25  0.0 0.0
2015-07-08-17 34 34.851	  31.02762892 121.43943702 1.25  0.0 0.0
2015-07-08-17 34 34.953	  31.02762892 121.43943702 1.25  0.0 0.0
2015-07-08-17 34 35.058	  31.02762892 121.43943702 1.25  0.0 0.0
2015-07-08-17 34 35.165	  31.02762892 121.43943702 1.25  0.0 0.0
2015-07-08-17 34 35.271	  31.02762892 121.43943702 1.25  0.0 0.0
2015-07-08-17 34 35.374	  31.02762892 121.43943702 1.25  0.0 0.0
2015-07-08-17 34 35.479	  31.02762892 121.43943702 1.25  0.0 0.0
2015-07-08-17 34 35.582	  31.02762892 121.43943702 1.25  0.0 0.0
2015-07-08-17 34 35.688	  31.02762892 121.43943702 1.25  0.0 0.0
2015-07-08-17 34 35.792	  31.02762892 121.43943702 1.25  0.0 0.0
2015-07-08-17 34 35.905	  31.02762892 121.43943702 1.25  0.0 0.0
2015-07-08-17 34 36.007	  31.02762892 121.43943702 1.25  0.0 0.0
2015-07-08-17 34 36.108	  31.02762892 121.43943702 1.25  0.0 0.0
2015-07-08-17 34 36.211	  31.0276063 121.4394484 1.25  0.0 0.0
2015-07-08-17 34 36.317	  31.0276063 121.4394484 1.25  0.0 0.0
2015-07-08-17 34 36.419	  31.0276063 121.4394484 1.25  0.0 0.0
2015-07-08-17 34 36.521	  31.0276063 121.4394484 1.25  0.0 0.0
2015-07-08-17 34 36.625	  31.0276063 121.4394484 1.25  0.0 0.0
2015-07-08-17 34 36.739	  31.0276063 121.4394484 1.25  0.0 0.0
2015-07-08-17 34 36.840	  31.0276063 121.4394484 1.25  0.0 0.0
2015-07-08-17 34 36.941	  31.0276063 121.4394484 1.25  0.0 0.0
2015-07-08-17 34 37.050	  31.0276063 121.4394484 1.25  0.0 0.0
2015-07-08-17 34 37.167	  31.0276063 121.4394484 1.25  0.0 0.0
2015-07-08-17 34 37.269	  31.0276063 121.4394484 1.25  0.0 0.0
2015-07-08-17 34 37.372	  31.0276063 121.4394484 1.25  0.0 0.0
2015-07-08-17 34 37.477	  31.0276063 121.4394484 1.25  0.0 0.0
2015-07-08-17 34 37.586	  31.0276063 121.4394484 1.25  0.0 0.0
2015-07-08-17 34 37.688	  31.0276063 121.4394484 1.25  0.0 0.0
2015-07-08-17 34 37.790	  31.0276063 121.4394484 1.25  0.0 0.0
2015-07-08-17 34 37.892	  31.0276063 121.4394484 1.25  0.0 0.0
2015-07-08-17 34 38.008	  31.0276063 121.4394484 1.25  0.0 0.0
2015-07-08-17 34 38.109	  31.0276063 121.4394484 1.25  0.0 0.0
2015-07-08-17 34 38.211	  31.0276063 121.4394484 1.25  0.0 0.0
2015-07-08-17 34 38.313	  31.02758048 121.43945957 1.25  0.0 0.0
2015-07-08-17 34 38.459	  31.02758048 121.43945957 1.25  0.0 0.0
2015-07-08-17 34 38.561	  31.02758048 121.43945957 1.25  0.0 0.0
2015-07-08-17 34 38.663	  31.02758048 121.43945957 1.25  0.0 0.0
2015-07-08-17 34 38.765	  31.02758048 121.43945957 1.25  0.0 0.0
2015-07-08-17 34 38.871	  31.02758048 121.43945957 1.25  0.0 0.0
2015-07-08-17 34 38.977	  31.02758048 121.43945957 1.25  0.0 0.0
2015-07-08-17 34 39.082	  31.02758048 121.43945957 1.25  0.0 0.0
2015-07-08-17 34 39.192	  31.02758048 121.43945957 1.25  0.0 0.0
2015-07-08-17 34 39.294	  31.02758048 121.43945957 1.25  0.0 0.0
2015-07-08-17 34 39.396	  31.02758048 121.43945957 1.25  0.0 0.0
2015-07-08-17 34 39.500	  31.02758048 121.43945957 1.25  0.0 0.0
2015-07-08-17 34 39.616	  31.02758048 121.43945957 1.25  0.0 0.0
2015-07-08-17 34 39.719	  31.02758048 121.43945957 1.25  0.0 0.0
2015-07-08-17 34 39.821	  31.02758048 121.43945957 1.25  0.0 0.0
2015-07-08-17 34 39.930	  31.02758048 121.43945957 1.25  0.0 0.0
2015-07-08-17 34 40.037	  31.02758048 121.43945957 1.25  0.0 0.0
2015-07-08-17 34 40.138	  31.02758048 121.43945957 1.25  0.0 0.0
2015-07-08-17 34 40.240	  31.0275545 121.43947345 1.5  0.0 0.0
2015-07-08-17 34 40.342	  31.0275545 121.43947345 1.5  0.0 0.0
2015-07-08-17 34 40.448	  31.0275545 121.43947345 1.5  0.0 0.0
2015-07-08-17 34 40.551	  31.0275545 121.43947345 1.5  0.0 0.0
2015-07-08-17 34 40.656	  31.0275545 121.43947345 1.5  0.0 0.0
2015-07-08-17 34 40.758	  31.0275545 121.43947345 1.5  0.0 0.0
2015-07-08-17 34 40.862	  31.0275545 121.43947345 1.5  0.0 0.0
2015-07-08-17 34 40.966	  31.0275545 121.43947345 1.5  0.0 0.0
2015-07-08-17 34 41.087	  31.0275545 121.43947345 1.5  0.0 0.0
2015-07-08-17 34 41.188	  31.0275545 121.43947345 1.5  0.0 0.0
2015-07-08-17 34 41.293	  31.0275545 121.43947345 1.5  0.0 0.0
2015-07-08-17 34 41.400	  31.0275545 121.43947345 1.5  0.0 0.0
2015-07-08-17 34 41.502	  31.0275545 121.43947345 1.5  0.0 0.0
2015-07-08-17 34 41.603	  31.0275545 121.43947345 1.5  0.0 0.0
2015-07-08-17 34 41.706	  31.0275545 121.43947345 1.5  0.0 0.0
2015-07-08-17 34 41.809	  31.0275545 121.43947345 1.5  0.0 0.0
2015-07-08-17 34 41.915	  31.0275545 121.43947345 1.5  0.0 0.0
2015-07-08-17 34 42.020	  31.0275545 121.43947345 1.5  0.0 0.0
2015-07-08-17 34 42.125	  31.0275545 121.43947345 1.5  0.0 0.0
2015-07-08-17 34 42.227	  31.02752831 121.43948745 1.5  0.0 0.0
2015-07-08-17 34 42.329	  31.02752831 121.43948745 1.5  0.0 0.0
2015-07-08-17 34 42.433	  31.02752831 121.43948745 1.5  0.0 0.0
2015-07-08-17 34 42.536	  31.02752831 121.43948745 1.5  0.0 0.0
2015-07-08-17 34 42.638	  31.02752831 121.43948745 1.5  0.0 0.0
2015-07-08-17 34 42.744	  31.02752831 121.43948745 1.5  0.0 0.0
2015-07-08-17 34 42.846	  31.02752831 121.43948745 1.5  0.0 0.0
2015-07-08-17 34 42.948	  31.02752831 121.43948745 1.5  0.0 0.0
2015-07-08-17 34 43.050	  31.02752831 121.43948745 1.5  0.0 0.0
2015-07-08-17 34 43.152	  31.02752831 121.43948745 1.5  0.0 0.0
2015-07-08-17 34 43.254	  31.02752831 121.43948745 1.5  0.0 0.0
2015-07-08-17 34 43.362	  31.02752831 121.43948745 1.5  0.0 0.0
2015-07-08-17 34 43.465	  31.02752831 121.43948745 1.5  0.0 0.0
2015-07-08-17 34 43.568	  31.02752831 121.43948745 1.5  0.0 0.0
2015-07-08-17 34 43.682	  31.02752831 121.43948745 1.5  0.0 0.0
2015-07-08-17 34 43.788	  31.02752831 121.43948745 1.5  0.0 0.0
2015-07-08-17 34 43.890	  31.02752831 121.43948745 1.5  0.0 0.0
2015-07-08-17 34 43.995	  31.02752831 121.43948745 1.5  0.0 0.0
2015-07-08-17 34 44.097	  31.02752831 121.43948745 1.5  0.0 0.0
2015-07-08-17 34 44.204	  31.02750318 121.43950107 1.5  0.0 0.0
2015-07-08-17 34 44.309	  31.02750318 121.43950107 1.5  0.0 0.0
2015-07-08-17 34 44.411	  31.02750318 121.43950107 1.5  0.0 0.0
2015-07-08-17 34 44.514	  31.02750318 121.43950107 1.5  0.0 0.0
2015-07-08-17 34 44.633	  31.02750318 121.43950107 1.5  0.0 0.0
2015-07-08-17 34 44.734	  31.02750318 121.43950107 1.5  0.0 0.0
2015-07-08-17 34 44.838	  31.02750318 121.43950107 1.5  0.0 0.0
2015-07-08-17 34 44.998	  31.02750318 121.43950107 1.5  0.0 0.0
2015-07-08-17 34 45.100	  31.02750318 121.43950107 1.5  0.0 0.0
2015-07-08-17 34 45.201	  31.02750318 121.43950107 1.5  0.0 0.0
2015-07-08-17 34 45.306	  31.02750318 121.43950107 1.5  0.0 0.0
2015-07-08-17 34 45.409	  31.02750318 121.43950107 1.5  0.0 0.0
2015-07-08-17 34 45.513	  31.02750318 121.43950107 1.5  0.0 0.0
2015-07-08-17 34 45.616	  31.02750318 121.43950107 1.5  0.0 0.0
2015-07-08-17 34 45.732	  31.02750318 121.43950107 1.5  0.0 0.0
2015-07-08-17 34 45.841	  31.02750318 121.43950107 1.5  0.0 0.0
2015-07-08-17 34 45.998	  31.02750318 121.43950107 1.5  0.0 0.0
2015-07-08-17 34 46.100	  31.02750318 121.43950107 1.5  0.0 0.0
2015-07-08-17 34 46.249	  31.02750318 121.43950107 1.5  0.0 0.0
2015-07-08-17 34 46.352	  31.02747692 121.43951648 1.5  0.0 0.0
2015-07-08-17 34 46.455	  31.02747692 121.43951648 1.5  0.0 0.0
2015-07-08-17 34 46.607	  31.02747692 121.43951648 1.5  0.0 0.0
2015-07-08-17 34 46.709	  31.02747692 121.43951648 1.5  0.0 0.0
2015-07-08-17 34 46.818	  31.02747692 121.43951648 1.5  0.0 0.0
2015-07-08-17 34 46.921	  31.02747692 121.43951648 1.5  0.0 0.0
2015-07-08-17 34 47.024	  31.02747692 121.43951648 1.5  0.0 0.0
2015-07-08-17 34 47.183	  31.02747692 121.43951648 1.5  0.0 0.0
2015-07-08-17 34 47.285	  31.02747692 121.43951648 1.5  0.0 0.0
2015-07-08-17 34 47.419	  31.02747692 121.43951648 1.5  0.0 0.0
2015-07-08-17 34 47.522	  31.02747692 121.43951648 1.5  0.0 0.0
2015-07-08-17 34 47.694	  31.02747692 121.43951648 1.5  0.0 0.0
2015-07-08-17 34 47.799	  31.02747692 121.43951648 1.5  0.0 0.0
2015-07-08-17 34 47.970	  31.02747692 121.43951648 1.5  0.0 0.0
2015-07-08-17 34 48.072	  31.02747692 121.43951648 1.5  0.0 0.0
2015-07-08-17 34 48.212	  31.02747692 121.43951648 1.5  0.0 0.0
2015-07-08-17 34 48.318	  31.02745108 121.43952890999999 1.5  0.0 0.0
2015-07-08-17 34 48.436	  31.02745108 121.43952890999999 1.5  0.0 0.0
2015-07-08-17 34 48.537	  31.02745108 121.43952890999999 1.5  0.0 0.0
2015-07-08-17 34 48.680	  31.02745108 121.43952890999999 1.5  0.0 0.0
2015-07-08-17 34 48.785	  31.02745108 121.43952890999999 1.5  0.0 0.0
2015-07-08-17 34 48.962	  31.02745108 121.43952890999999 1.5  0.0 0.0
2015-07-08-17 34 49.064	  31.02745108 121.43952890999999 1.5  0.0 0.0
2015-07-08-17 34 49.206	  31.02745108 121.43952890999999 1.5  0.0 0.0
2015-07-08-17 34 49.314	  31.02745108 121.43952890999999 1.5  0.0 0.0
2015-07-08-17 34 49.451	  31.02745108 121.43952890999999 1.5  0.0 0.0
2015-07-08-17 34 49.557	  31.02745108 121.43952890999999 1.5  0.0 0.0
2015-07-08-17 34 49.708	  31.02745108 121.43952890999999 1.5  0.0 0.0
2015-07-08-17 34 49.810	  31.02745108 121.43952890999999 1.5  0.0 0.0
2015-07-08-17 34 49.952	  31.02745108 121.43952890999999 1.5  0.0 0.0
2015-07-08-17 34 50.055	  31.02745108 121.43952890999999 1.5  0.0 0.0
2015-07-08-17 34 50.217	  31.02742418 121.43953862 1.5  0.0 0.0
2015-07-08-17 34 50.318	  31.02742418 121.43953862 1.5  0.0 0.0
2015-07-08-17 34 50.445	  31.02742418 121.43953862 1.5  0.0 0.0
2015-07-08-17 34 50.547	  31.02742418 121.43953862 1.5  0.0 0.0
2015-07-08-17 34 50.694	  31.02742418 121.43953862 1.5  0.0 0.0
2015-07-08-17 34 50.798	  31.02742418 121.43953862 1.5  0.0 0.0
2015-07-08-17 34 50.916	  31.02742418 121.43953862 1.5  0.0 0.0
2015-07-08-17 34 51.105	  31.02742418 121.43953862 1.5  0.0 0.0
2015-07-08-17 34 51.214	  31.02742418 121.43953862 1.5  0.0 0.0
2015-07-08-17 34 51.330	  31.02742418 121.43953862 1.5  0.0 0.0
2015-07-08-17 34 51.435	  31.02742418 121.43953862 1.5  0.0 0.0
2015-07-08-17 34 51.567	  31.02742418 121.43953862 1.5  0.0 0.0
2015-07-08-17 34 51.669	  31.02742418 121.43953862 1.5  0.0 0.0
2015-07-08-17 34 51.834	  31.02742418 121.43953862 1.5  0.0 0.0
2015-07-08-17 34 51.936	  31.02742418 121.43953862 1.5  0.0 0.0
2015-07-08-17 34 52.109	  31.02742418 121.43953862 1.5  0.0 0.0
2015-07-08-17 34 52.212	  31.02739732 121.43954731 1.5  0.0 0.0
2015-07-08-17 34 52.363	  31.02739732 121.43954731 1.5  0.0 0.0
2015-07-08-17 34 52.468	  31.02739732 121.43954731 1.5  0.0 0.0
2015-07-08-17 34 52.638	  31.02739732 121.43954731 1.5  0.0 0.0
2015-07-08-17 34 52.784	  31.02739732 121.43954731 1.5  0.0 0.0
2015-07-08-17 34 52.886	  31.02739732 121.43954731 1.5  0.0 0.0
2015-07-08-17 34 53.041	  31.02739732 121.43954731 1.5  0.0 0.0
2015-07-08-17 34 53.202	  31.02739732 121.43954731 1.5  0.0 0.0
2015-07-08-17 34 53.321	  31.02739732 121.43954731 1.5  0.0 0.0
2015-07-08-17 34 53.425	  31.02739732 121.43954731 1.5  0.0 0.0
2015-07-08-17 34 53.598	  31.02739732 121.43954731 1.5  0.0 0.0
2015-07-08-17 34 53.713	  31.02739732 121.43954731 1.5  0.0 0.0
2015-07-08-17 34 53.875	  31.02739732 121.43954731 1.5  0.0 0.0
2015-07-08-17 34 53.978	  31.02739732 121.43954731 1.5  0.0 0.0
2015-07-08-17 34 54.148	  31.02739732 121.43954731 1.5  0.0 0.0
2015-07-08-17 34 54.289	  31.02737143 121.43955929 1.5  0.0 0.0
2015-07-08-17 34 54.395	  31.02737143 121.43955929 1.5  0.0 0.0
2015-07-08-17 34 54.531	  31.02737143 121.43955929 1.5  0.0 0.0
2015-07-08-17 34 54.669	  31.02737143 121.43955929 1.5  0.0 0.0
2015-07-08-17 34 54.844	  31.02737143 121.43955929 1.5  0.0 0.0
2015-07-08-17 34 54.947	  31.02737143 121.43955929 1.5  0.0 0.0
2015-07-08-17 34 55.100	  31.02737143 121.43955929 1.5  0.0 0.0
2015-07-08-17 34 55.263	  31.02737143 121.43955929 1.5  0.0 0.0
2015-07-08-17 34 55.414	  31.02737143 121.43955929 1.5  0.0 0.0
2015-07-08-17 34 55.519	  31.02737143 121.43955929 1.5  0.0 0.0
2015-07-08-17 34 55.687	  31.02737143 121.43955929 1.5  0.0 0.0
2015-07-08-17 34 55.805	  31.02737143 121.43955929 1.5  0.0 0.0
2015-07-08-17 34 55.922	  31.02737143 121.43955929 1.5  0.0 0.0
2015-07-08-17 34 56.071	  31.02737143 121.43955929 1.5  0.0 0.0
2015-07-08-17 34 56.187	  31.02734578 121.43957421 1.5  0.0 0.0
2015-07-08-17 34 56.303	  31.02734578 121.43957421 1.5  0.0 0.0
2015-07-08-17 34 56.442	  31.02734578 121.43957421 1.5  0.0 0.0
2015-07-08-17 34 56.562	  31.02734578 121.43957421 1.5  0.0 0.0
2015-07-08-17 34 56.669	  31.02734578 121.43957421 1.5  0.0 0.0
2015-07-08-17 34 56.789	  31.02734578 121.43957421 1.5  0.0 0.0
2015-07-08-17 34 56.890	  31.02734578 121.43957421 1.5  0.0 0.0
2015-07-08-17 34 57.055	  31.02734578 121.43957421 1.5  0.0 0.0
2015-07-08-17 34 57.158	  31.02734578 121.43957421 1.5  0.0 0.0
2015-07-08-17 34 57.323	  31.02734578 121.43957421 1.5  0.0 0.0
2015-07-08-17 34 57.425	  31.02734578 121.43957421 1.5  0.0 0.0
2015-07-08-17 34 57.543	  31.02734578 121.43957421 1.5  0.0 0.0
2015-07-08-17 34 57.646	  31.02734578 121.43957421 1.5  0.0 0.0
2015-07-08-17 34 57.791	  31.02734578 121.43957421 1.5  0.0 0.0
2015-07-08-17 34 57.892	  31.02734578 121.43957421 1.5  0.0 0.0
2015-07-08-17 34 58.070	  31.02734578 121.43957421 1.5  0.0 0.0
2015-07-08-17 34 58.172	  31.02732046 121.43958953 1.5  0.0 0.0
2015-07-08-17 34 58.306	  31.02732046 121.43958953 1.5  0.0 0.0
2015-07-08-17 34 58.413	  31.02732046 121.43958953 1.5  0.0 0.0
2015-07-08-17 34 58.561	  31.02732046 121.43958953 1.5  0.0 0.0
2015-07-08-17 34 58.663	  31.02732046 121.43958953 1.5  0.0 0.0
2015-07-08-17 34 58.802	  31.02732046 121.43958953 1.5  0.0 0.0
2015-07-08-17 34 58.909	  31.02732046 121.43958953 1.5  0.0 0.0
2015-07-08-17 34 59.059	  31.02732046 121.43958953 1.5  0.0 0.0
2015-07-08-17 34 59.161	  31.02732046 121.43958953 1.5  0.0 0.0
2015-07-08-17 34 59.304	  31.02732046 121.43958953 1.5  0.0 0.0
2015-07-08-17 34 59.405	  31.02732046 121.43958953 1.5  0.0 0.0
2015-07-08-17 34 59.507	  31.02732046 121.43958953 1.5  0.0 0.0
2015-07-08-17 34 59.609	  31.02732046 121.43958953 1.5  0.0 0.0
2015-07-08-17 34 59.729	  31.02732046 121.43958953 1.5  0.0 0.0
2015-07-08-17 34 59.832	  31.02732046 121.43958953 1.5  0.0 0.0
2015-07-08-17 34 59.964	  31.02732046 121.43958953 1.5  0.0 0.0
2015-07-08-17 35 00.065	  31.02732046 121.43958953 1.5  0.0 0.0
2015-07-08-17 35 00.192	  31.02729352 121.43959872 1.5  0.0 0.0
2015-07-08-17 35 00.297	  31.02729352 121.43959872 1.5  0.0 0.0
2015-07-08-17 35 00.457	  31.02729352 121.43959872 1.5  0.0 0.0
2015-07-08-17 35 00.559	  31.02729352 121.43959872 1.5  0.0 0.0
2015-07-08-17 35 00.703	  31.02729352 121.43959872 1.5  0.0 0.0
2015-07-08-17 35 00.809	  31.02729352 121.43959872 1.5  0.0 0.0
2015-07-08-17 35 00.988	  31.02729352 121.43959872 1.5  0.0 0.0
2015-07-08-17 35 01.089	  31.02729352 121.43959872 1.5  0.0 0.0
2015-07-08-17 35 01.230	  31.02729352 121.43959872 1.5  0.0 0.0
2015-07-08-17 35 01.332	  31.02729352 121.43959872 1.5  0.0 0.0
2015-07-08-17 35 01.460	  31.02729352 121.43959872 1.5  0.0 0.0
2015-07-08-17 35 01.563	  31.02729352 121.43959872 1.5  0.0 0.0
2015-07-08-17 35 01.682	  31.02729352 121.43959872 1.5  0.0 0.0
2015-07-08-17 35 01.786	  31.02729352 121.43959872 1.5  0.0 0.0
2015-07-08-17 35 01.954	  31.02729352 121.43959872 1.5  0.0 0.0
2015-07-08-17 35 02.062	  31.02729352 121.43959872 1.5  0.0 0.0
2015-07-08-17 35 02.165	  31.02729352 121.43959872 1.5  0.0 0.0
2015-07-08-17 35 02.307	  31.02729352 121.43959872 1.5  0.0 0.0
2015-07-08-17 35 02.412	  31.02726679 121.43961065 1.5  0.0 0.0
2015-07-08-17 35 02.531	  31.02726679 121.43961065 1.5  0.0 0.0
2015-07-08-17 35 02.633	  31.02726679 121.43961065 1.5  0.0 0.0
2015-07-08-17 35 02.735	  31.02726679 121.43961065 1.5  0.0 0.0
2015-07-08-17 35 02.840	  31.02726679 121.43961065 1.5  0.0 0.0
2015-07-08-17 35 02.943	  31.02726679 121.43961065 1.5  0.0 0.0
2015-07-08-17 35 03.051	  31.02726679 121.43961065 1.5  0.0 0.0
2015-07-08-17 35 03.168	  31.02726679 121.43961065 1.5  0.0 0.0
2015-07-08-17 35 03.341	  31.02726679 121.43961065 1.5  0.0 0.0
2015-07-08-17 35 03.444	  31.02726679 121.43961065 1.5  0.0 0.0
2015-07-08-17 35 03.585	  31.02726679 121.43961065 1.5  0.0 0.0
2015-07-08-17 35 03.693	  31.02726679 121.43961065 1.5  0.0 0.0
2015-07-08-17 35 03.796	  31.02726679 121.43961065 1.5  0.0 0.0
2015-07-08-17 35 03.972	  31.02726679 121.43961065 1.5  0.0 0.0
2015-07-08-17 35 04.090	  31.02726679 121.43961065 1.5  0.0 0.0
2015-07-08-17 35 04.194	  31.02726679 121.43961065 1.5  0.0 0.0
2015-07-08-17 35 04.360	  31.02723832 121.43962002 1.5  0.0 0.0
2015-07-08-17 35 04.462	  31.02723832 121.43962002 1.5  0.0 0.0
2015-07-08-17 35 04.598	  31.02723832 121.43962002 1.5  0.0 0.0
2015-07-08-17 35 04.700	  31.02723832 121.43962002 1.5  0.0 0.0
2015-07-08-17 35 04.804	  31.02723832 121.43962002 1.5  0.0 0.0
2015-07-08-17 35 04.917	  31.02723832 121.43962002 1.5  0.0 0.0
2015-07-08-17 35 05.021	  31.02723832 121.43962002 1.5  0.0 0.0
2015-07-08-17 35 05.139	  31.02723832 121.43962002 1.5  0.0 0.0
2015-07-08-17 35 05.300	  31.02723832 121.43962002 1.5  0.0 0.0
2015-07-08-17 35 05.401	  31.02723832 121.43962002 1.5  0.0 0.0
2015-07-08-17 35 05.520	  31.02723832 121.43962002 1.5  0.0 0.0
2015-07-08-17 35 05.625	  31.02723832 121.43962002 1.5  0.0 0.0
2015-07-08-17 35 05.800	  31.02723832 121.43962002 1.5  0.0 0.0
2015-07-08-17 35 05.903	  31.02723832 121.43962002 1.5  0.0 0.0
2015-07-08-17 35 06.005	  31.02723832 121.43962002 1.5  0.0 0.0
2015-07-08-17 35 06.158	  31.02721037 121.43962763 1.5  0.0 0.0
2015-07-08-17 35 06.261	  31.02721037 121.43962763 1.5  0.0 0.0
2015-07-08-17 35 06.367	  31.02721037 121.43962763 1.5  0.0 0.0
2015-07-08-17 35 06.470	  31.02721037 121.43962763 1.5  0.0 0.0
2015-07-08-17 35 06.572	  31.02721037 121.43962763 1.5  0.0 0.0
2015-07-08-17 35 06.701	  31.02721037 121.43962763 1.5  0.0 0.0
2015-07-08-17 35 06.844	  31.02721037 121.43962763 1.5  0.0 0.0
2015-07-08-17 35 06.987	  31.02721037 121.43962763 1.5  0.0 0.0
2015-07-08-17 35 07.090	  31.02721037 121.43962763 1.5  0.0 0.0
2015-07-08-17 35 07.260	  31.02721037 121.43962763 1.5  0.0 0.0
2015-07-08-17 35 07.394	  31.02721037 121.43962763 1.5  0.0 0.0
2015-07-08-17 35 07.495	  31.02721037 121.43962763 1.5  0.0 0.0
2015-07-08-17 35 07.669	  31.02721037 121.43962763 1.5  0.0 0.0
2015-07-08-17 35 07.806	  31.02721037 121.43962763 1.5  0.0 0.0
2015-07-08-17 35 08.001	  31.02721037 121.43962763 1.5  0.0 0.0
2015-07-08-17 35 08.102	  31.02721037 121.43962763 1.5  0.0 0.0
2015-07-08-17 35 08.269	  31.02718341 121.43963694 1.5  0.0 0.0
2015-07-08-17 35 08.385	  31.02718341 121.43963694 1.5  0.0 0.0
2015-07-08-17 35 08.503	  31.02718341 121.43963694 1.5  0.0 0.0
2015-07-08-17 35 08.605	  31.02718341 121.43963694 1.5  0.0 0.0
2015-07-08-17 35 08.749	  31.02718341 121.43963694 1.5  0.0 0.0
2015-07-08-17 35 08.887	  31.02718341 121.43963694 1.5  0.0 0.0
2015-07-08-17 35 08.989	  31.02718341 121.43963694 1.5  0.0 0.0
2015-07-08-17 35 09.149	  31.02718341 121.43963694 1.5  0.0 0.0
2015-07-08-17 35 09.266	  31.02718341 121.43963694 1.5  0.0 0.0
2015-07-08-17 35 09.395	  31.02718341 121.43963694 1.5  0.0 0.0
2015-07-08-17 35 09.499	  31.02718341 121.43963694 1.5  0.0 0.0
2015-07-08-17 35 09.655	  31.02718341 121.43963694 1.5  0.0 0.0
2015-07-08-17 35 09.808	  31.02718341 121.43963694 1.5  0.0 0.0
2015-07-08-17 35 09.952	  31.02718341 121.43963694 1.5  0.0 0.0
2015-07-08-17 35 10.054	  31.02718341 121.43963694 1.5  0.0 0.0
2015-07-08-17 35 10.197	  31.02718341 121.43963694 1.5  0.0 0.0
2015-07-08-17 35 10.344	  31.02715632 121.43964983 1.5  0.0 0.0
2015-07-08-17 35 10.446	  31.02715632 121.43964983 1.5  0.0 0.0
2015-07-08-17 35 10.586	  31.02715632 121.43964983 1.5  0.0 0.0
2015-07-08-17 35 10.752	  31.02715632 121.43964983 1.5  0.0 0.0
2015-07-08-17 35 10.867	  31.02715632 121.43964983 1.5  0.0 0.0
2015-07-08-17 35 10.968	  31.02715632 121.43964983 1.5  0.0 0.0
2015-07-08-17 35 11.115	  31.02715632 121.43964983 1.5  0.0 0.0
2015-07-08-17 35 11.282	  31.02715632 121.43964983 1.5  0.0 0.0
2015-07-08-17 35 11.405	  31.02715632 121.43964983 1.5  0.0 0.0
2015-07-08-17 35 11.507	  31.02715632 121.43964983 1.5  0.0 0.0
2015-07-08-17 35 11.642	  31.02715632 121.43964983 1.5  0.0 0.0
2015-07-08-17 35 11.777	  31.02715632 121.43964983 1.5  0.0 0.0
2015-07-08-17 35 11.948	  31.02715632 121.43964983 1.5  0.0 0.0
2015-07-08-17 35 12.065	  31.02715632 121.43964983 1.5  0.0 0.0
2015-07-08-17 35 12.180	  31.02715632 121.43964983 1.5  0.0 0.0
2015-07-08-17 35 12.298	  31.02712843 121.43965758 1.5  0.0 0.0
2015-07-08-17 35 12.414	  31.02712843 121.43965758 1.5  0.0 0.0
2015-07-08-17 35 12.531	  31.02712843 121.43965758 1.5  0.0 0.0
2015-07-08-17 35 12.695	  31.02712843 121.43965758 1.5  0.0 0.0
2015-07-08-17 35 12.807	  31.02712843 121.43965758 1.5  0.0 0.0
2015-07-08-17 35 12.963	  31.02712843 121.43965758 1.5  0.0 0.0
2015-07-08-17 35 13.107	  31.02712843 121.43965758 1.5  0.0 0.0
2015-07-08-17 35 13.259	  31.02712843 121.43965758 1.5  0.0 0.0
2015-07-08-17 35 13.381	  31.02712843 121.43965758 1.5  0.0 0.0
2015-07-08-17 35 13.522	  31.02712843 121.43965758 1.5  0.0 0.0
2015-07-08-17 35 13.651	  31.02712843 121.43965758 1.5  0.0 0.0
2015-07-08-17 35 13.790	  31.02712843 121.43965758 1.5  0.0 0.0
2015-07-08-17 35 13.934	  31.02712843 121.43965758 1.5  0.0 0.0
2015-07-08-17 35 14.071	  31.02712843 121.43965758 1.5  0.0 0.0
2015-07-08-17 35 14.269	  31.02710099 121.43966483 1.5  0.0 0.0
2015-07-08-17 35 14.384	  31.02710099 121.43966483 1.5  0.0 0.0
2015-07-08-17 35 14.504	  31.02710099 121.43966483 1.5  0.0 0.0
2015-07-08-17 35 14.621	  31.02710099 121.43966483 1.5  0.0 0.0
2015-07-08-17 35 14.736	  31.02710099 121.43966483 1.5  0.0 0.0
2015-07-08-17 35 14.903	  31.02710099 121.43966483 1.5  0.0 0.0
2015-07-08-17 35 15.022	  31.02710099 121.43966483 1.5  0.0 0.0
2015-07-08-17 35 15.139	  31.02710099 121.43966483 1.5  0.0 0.0
2015-07-08-17 35 15.264	  31.02710099 121.43966483 1.5  0.0 0.0
2015-07-08-17 35 15.381	  31.02710099 121.43966483 1.5  0.0 0.0
2015-07-08-17 35 15.499	  31.02710099 121.43966483 1.5  0.0 0.0
2015-07-08-17 35 15.654	  31.02710099 121.43966483 1.5  0.0 0.0
2015-07-08-17 35 15.796	  31.02710099 121.43966483 1.5  0.0 0.0
2015-07-08-17 35 15.938	  31.02710099 121.43966483 1.5  0.0 0.0
2015-07-08-17 35 16.055	  31.02710099 121.43966483 1.5  0.0 0.0
2015-07-08-17 35 16.195	  31.02707243 121.43967406 1.5  0.0 0.0
2015-07-08-17 35 16.310	  31.02707243 121.43967406 1.5  0.0 0.0
2015-07-08-17 35 16.425	  31.02707243 121.43967406 1.5  0.0 0.0
2015-07-08-17 35 16.567	  31.02707243 121.43967406 1.5  0.0 0.0
2015-07-08-17 35 16.732	  31.02707243 121.43967406 1.5  0.0 0.0
2015-07-08-17 35 16.882	  31.02707243 121.43967406 1.5  0.0 0.0
2015-07-08-17 35 17.033	  31.02707243 121.43967406 1.5  0.0 0.0
2015-07-08-17 35 17.200	  31.02707243 121.43967406 1.5  0.0 0.0
2015-07-08-17 35 17.318	  31.02707243 121.43967406 1.5  0.0 0.0
2015-07-08-17 35 17.449	  31.02707243 121.43967406 1.5  0.0 0.0
2015-07-08-17 35 17.593	  31.02707243 121.43967406 1.5  0.0 0.0
2015-07-08-17 35 17.709	  31.02707243 121.43967406 1.5  0.0 0.0
2015-07-08-17 35 17.894	  31.02707243 121.43967406 1.5  0.0 0.0
2015-07-08-17 35 18.024	  31.02707243 121.43967406 1.5  0.0 0.0
2015-07-08-17 35 18.170	  31.0270437 121.43968461 1.5  0.0 0.0
2015-07-08-17 35 18.285	  31.0270437 121.43968461 1.5  0.0 0.0
2015-07-08-17 35 18.421	  31.0270437 121.43968461 1.5  0.0 0.0
2015-07-08-17 35 18.537	  31.0270437 121.43968461 1.5  0.0 0.0
2015-07-08-17 35 18.679	  31.0270437 121.43968461 1.5  0.0 0.0
2015-07-08-17 35 18.835	  31.0270437 121.43968461 1.5  0.0 0.0
2015-07-08-17 35 18.950	  31.0270437 121.43968461 1.5  0.0 0.0
2015-07-08-17 35 19.066	  31.0270437 121.43968461 1.5  0.0 0.0
2015-07-08-17 35 19.211	  31.0270437 121.43968461 1.5  0.0 0.0
2015-07-08-17 35 19.391	  31.0270437 121.43968461 1.5  0.0 0.0
2015-07-08-17 35 19.529	  31.0270437 121.43968461 1.5  0.0 0.0
2015-07-08-17 35 19.643	  31.0270437 121.43968461 1.5  0.0 0.0
2015-07-08-17 35 19.769	  31.0270437 121.43968461 1.5  0.0 0.0
2015-07-08-17 35 19.916	  31.0270437 121.43968461 1.5  0.0 0.0
2015-07-08-17 35 20.060	  31.0270437 121.43968461 1.5  0.0 0.0
2015-07-08-17 35 20.191	  31.02701655 121.4396942 1.5  0.0 0.0
2015-07-08-17 35 20.355	  31.02701655 121.4396942 1.5  0.0 0.0
2015-07-08-17 35 20.493	  31.02701655 121.4396942 1.5  0.0 0.0
2015-07-08-17 35 20.615	  31.02701655 121.4396942 1.5  0.0 0.0
2015-07-08-17 35 20.731	  31.02701655 121.4396942 1.5  0.0 0.0
2015-07-08-17 35 20.862	  31.02701655 121.4396942 1.5  0.0 0.0
2015-07-08-17 35 20.987	  31.02701655 121.4396942 1.5  0.0 0.0
2015-07-08-17 35 21.149	  31.02701655 121.4396942 1.5  0.0 0.0
2015-07-08-17 35 21.268	  31.02701655 121.4396942 1.5  0.0 0.0
2015-07-08-17 35 21.400	  31.02701655 121.4396942 1.5  0.0 0.0
2015-07-08-17 35 21.553	  31.02701655 121.4396942 1.5  0.0 0.0
2015-07-08-17 35 21.670	  31.02701655 121.4396942 1.5  0.0 0.0
2015-07-08-17 35 21.815	  31.02701655 121.4396942 1.5  0.0 0.0
2015-07-08-17 35 22.003	  31.02701655 121.4396942 1.5  0.0 0.0
2015-07-08-17 35 22.120	  31.02701655 121.4396942 1.5  0.0 0.0
2015-07-08-17 35 22.278	  31.0269896 121.43970493 1.5  0.0 0.0
2015-07-08-17 35 22.399	  31.0269896 121.43970493 1.5  0.0 0.0
2015-07-08-17 35 22.515	  31.0269896 121.43970493 1.5  0.0 0.0
2015-07-08-17 35 22.631	  31.0269896 121.43970493 1.5  0.0 0.0
2015-07-08-17 35 22.756	  31.0269896 121.43970493 1.5  0.0 0.0
2015-07-08-17 35 22.904	  31.0269896 121.43970493 1.5  0.0 0.0
2015-07-08-17 35 23.079	  31.0269896 121.43970493 1.5  0.0 0.0
2015-07-08-17 35 23.201	  31.0269896 121.43970493 1.5  0.0 0.0
2015-07-08-17 35 23.304	  31.0269896 121.43970493 1.5  0.0 0.0
2015-07-08-17 35 23.438	  31.0269896 121.43970493 1.5  0.0 0.0
2015-07-08-17 35 23.605	  31.0269896 121.43970493 1.5  0.0 0.0
2015-07-08-17 35 23.722	  31.0269896 121.43970493 1.5  0.0 0.0
2015-07-08-17 35 23.828	  31.0269896 121.43970493 1.5  0.0 0.0
2015-07-08-17 35 23.950	  31.0269896 121.43970493 1.5  0.0 0.0
2015-07-08-17 35 24.100	  31.0269896 121.43970493 1.5  0.0 0.0
2015-07-08-17 35 24.244	  31.02696063 121.43971864 1.5  0.0 0.0
2015-07-08-17 35 24.386	  31.02696063 121.43971864 1.5  0.0 0.0
2015-07-08-17 35 24.506	  31.02696063 121.43971864 1.5  0.0 0.0
2015-07-08-17 35 24.678	  31.02696063 121.43971864 1.5  0.0 0.0
2015-07-08-17 35 24.806	  31.02696063 121.43971864 1.5  0.0 0.0
2015-07-08-17 35 24.923	  31.02696063 121.43971864 1.5  0.0 0.0
2015-07-08-17 35 25.057	  31.02696063 121.43971864 1.5  0.0 0.0
2015-07-08-17 35 25.201	  31.02696063 121.43971864 1.5  0.0 0.0
2015-07-08-17 35 25.316	  31.02696063 121.43971864 1.5  0.0 0.0
2015-07-08-17 35 25.472	  31.02696063 121.43971864 1.5  0.0 0.0
2015-07-08-17 35 25.636	  31.02696063 121.43971864 1.5  0.0 0.0
2015-07-08-17 35 25.770	  31.02696063 121.43971864 1.5  0.0 0.0
2015-07-08-17 35 25.927	  31.02696063 121.43971864 1.5  0.0 0.0
2015-07-08-17 35 26.043	  31.02696063 121.43971864 1.5  0.0 0.0
2015-07-08-17 35 26.182	  31.02693268 121.43973152 1.5  0.0 0.0
2015-07-08-17 35 26.312	  31.02693268 121.43973152 1.5  0.0 0.0
2015-07-08-17 35 26.468	  31.02693268 121.43973152 1.5  0.0 0.0
2015-07-08-17 35 26.608	  31.02693268 121.43973152 1.5  0.0 0.0
2015-07-08-17 35 26.749	  31.02693268 121.43973152 1.5  0.0 0.0
2015-07-08-17 35 26.902	  31.02693268 121.43973152 1.5  0.0 0.0
2015-07-08-17 35 27.019	  31.02693268 121.43973152 1.5  0.0 0.0
2015-07-08-17 35 27.164	  31.02693268 121.43973152 1.5  0.0 0.0
2015-07-08-17 35 27.304	  31.02693268 121.43973152 1.5  0.0 0.0
2015-07-08-17 35 27.441	  31.02693268 121.43973152 1.5  0.0 0.0
2015-07-08-17 35 27.583	  31.02693268 121.43973152 1.5  0.0 0.0
2015-07-08-17 35 27.701	  31.02693268 121.43973152 1.5  0.0 0.0
2015-07-08-17 35 27.873	  31.02693268 121.43973152 1.5  0.0 0.0
2015-07-08-17 35 28.018	  31.02693268 121.43973152 1.5  0.0 0.0
2015-07-08-17 35 28.187	  31.02693268 121.43973152 1.5  0.0 0.0
2015-07-08-17 35 28.309	  31.02690767 121.43974465 1.5  0.0 0.0
2015-07-08-17 35 28.413	  31.02690767 121.43974465 1.5  0.0 0.0
2015-07-08-17 35 28.515	  31.02690767 121.43974465 1.5  0.0 0.0
2015-07-08-17 35 28.669	  31.02690767 121.43974465 1.5  0.0 0.0
2015-07-08-17 35 28.823	  31.02690767 121.43974465 1.5  0.0 0.0
2015-07-08-17 35 28.926	  31.02690767 121.43974465 1.5  0.0 0.0
2015-07-08-17 35 29.028	  31.02690767 121.43974465 1.5  0.0 0.0
2015-07-08-17 35 29.142	  31.02690767 121.43974465 1.5  0.0 0.0
2015-07-08-17 35 29.317	  31.02690767 121.43974465 1.5  0.0 0.0
2015-07-08-17 35 29.460	  31.02690767 121.43974465 1.5  0.0 0.0
2015-07-08-17 35 29.614	  31.02690767 121.43974465 1.5  0.0 0.0
2015-07-08-17 35 29.732	  31.02690767 121.43974465 1.5  0.0 0.0
2015-07-08-17 35 29.910	  31.02690767 121.43974465 1.5  0.0 0.0
2015-07-08-17 35 30.060	  31.02690767 121.43974465 1.5  0.0 0.0
2015-07-08-17 35 30.176	  31.02688132 121.4397538 1.5  0.0 0.0
2015-07-08-17 35 30.293	  31.02688132 121.4397538 1.5  0.0 0.0
2015-07-08-17 35 30.414	  31.02688132 121.4397538 1.5  0.0 0.0
2015-07-08-17 35 30.551	  31.02688132 121.4397538 1.5  0.0 0.0
2015-07-08-17 35 30.670	  31.02688132 121.4397538 1.5  0.0 0.0
2015-07-08-17 35 30.811	  31.02688132 121.4397538 1.5  0.0 0.0
2015-07-08-17 35 30.960	  31.02688132 121.4397538 1.5  0.0 0.0
2015-07-08-17 35 31.124	  31.02688132 121.4397538 1.5  0.0 0.0
2015-07-08-17 35 31.248	  31.02688132 121.4397538 1.5  0.0 0.0
2015-07-08-17 35 31.364	  31.02688132 121.4397538 1.5  0.0 0.0
2015-07-08-17 35 31.481	  31.02688132 121.4397538 1.5  0.0 0.0
2015-07-08-17 35 31.615	  31.02688132 121.4397538 1.5  0.0 0.0
2015-07-08-17 35 31.750	  31.02688132 121.4397538 1.5  0.0 0.0
2015-07-08-17 35 31.894	  31.02688132 121.4397538 1.5  0.0 0.0
2015-07-08-17 35 32.056	  31.02688132 121.4397538 1.5  0.0 0.0
2015-07-08-17 35 32.188	  31.02685344 121.43976405 1.5  0.0 0.0
2015-07-08-17 35 32.332	  31.02685344 121.43976405 1.5  0.0 0.0
2015-07-08-17 35 32.473	  31.02685344 121.43976405 1.5  0.0 0.0
2015-07-08-17 35 32.607	  31.02685344 121.43976405 1.5  0.0 0.0
2015-07-08-17 35 32.782	  31.02685344 121.43976405 1.5  0.0 0.0
2015-07-08-17 35 32.921	  31.02685344 121.43976405 1.5  0.0 0.0
2015-07-08-17 35 33.075	  31.02685344 121.43976405 1.5  0.0 0.0
2015-07-08-17 35 33.207	  31.02685344 121.43976405 1.5  0.0 0.0
2015-07-08-17 35 33.353	  31.02685344 121.43976405 1.5  0.0 0.0
2015-07-08-17 35 33.513	  31.02685344 121.43976405 1.5  0.0 0.0
2015-07-08-17 35 33.668	  31.02685344 121.43976405 1.5  0.0 0.0
2015-07-08-17 35 33.793	  31.02685344 121.43976405 1.5  0.0 0.0
2015-07-08-17 35 33.909	  31.02685344 121.43976405 1.5  0.0 0.0
2015-07-08-17 35 34.048	  31.02685344 121.43976405 1.5  0.0 0.0
2015-07-08-17 35 34.195	  31.02685344 121.43976405 1.5  0.0 0.0
2015-07-08-17 35 34.311	  31.02682549 121.43977523 1.5  0.0 0.0
2015-07-08-17 35 34.492	  31.02682549 121.43977523 1.5  0.0 0.0
2015-07-08-17 35 34.604	  31.02682549 121.43977523 1.5  0.0 0.0
2015-07-08-17 35 34.706	  31.02682549 121.43977523 1.5  0.0 0.0
2015-07-08-17 35 34.852	  31.02682549 121.43977523 1.5  0.0 0.0
2015-07-08-17 35 34.995	  31.02682549 121.43977523 1.5  0.0 0.0
2015-07-08-17 35 35.112	  31.02682549 121.43977523 1.5  0.0 0.0
2015-07-08-17 35 35.262	  31.02682549 121.43977523 1.5  0.0 0.0
2015-07-08-17 35 35.414	  31.02682549 121.43977523 1.5  0.0 0.0
2015-07-08-17 35 35.531	  31.02682549 121.43977523 1.5  0.0 0.0
2015-07-08-17 35 35.676	  31.02682549 121.43977523 1.5  0.0 0.0
2015-07-08-17 35 35.816	  31.02682549 121.43977523 1.5  0.0 0.0
2015-07-08-17 35 35.981	  31.02682549 121.43977523 1.5  0.0 0.0
2015-07-08-17 35 36.099	  31.02682549 121.43977523 1.5  0.0 0.0
2015-07-08-17 35 36.254	  31.02679663 121.43978435 1.5  0.0 0.0
2015-07-08-17 35 36.389	  31.02679663 121.43978435 1.5  0.0 0.0
2015-07-08-17 35 36.505	  31.02679663 121.43978435 1.5  0.0 0.0
2015-07-08-17 35 36.676	  31.02679663 121.43978435 1.5  0.0 0.0
2015-07-08-17 35 36.815	  31.02679663 121.43978435 1.5  0.0 0.0
2015-07-08-17 35 36.979	  31.02679663 121.43978435 1.5  0.0 0.0
2015-07-08-17 35 37.121	  31.02679663 121.43978435 1.5  0.0 0.0
2015-07-08-17 35 37.284	  31.02679663 121.43978435 1.5  0.0 0.0
2015-07-08-17 35 37.403	  31.02679663 121.43978435 1.5  0.0 0.0
2015-07-08-17 35 37.541	  31.02679663 121.43978435 1.5  0.0 0.0
2015-07-08-17 35 37.661	  31.02679663 121.43978435 1.5  0.0 0.0
2015-07-08-17 35 37.805	  31.02679663 121.43978435 1.5  0.0 0.0
2015-07-08-17 35 37.946	  31.02679663 121.43978435 1.5  0.0 0.0
2015-07-08-17 35 38.106	  31.02679663 121.43978435 1.5  0.0 0.0
2015-07-08-17 35 38.241	  31.02676839 121.43979174 1.5  0.0 0.0
2015-07-08-17 35 38.379	  31.02676839 121.43979174 1.5  0.0 0.0
2015-07-08-17 35 38.495	  31.02676839 121.43979174 1.5  0.0 0.0
2015-07-08-17 35 38.652	  31.02676839 121.43979174 1.5  0.0 0.0
2015-07-08-17 35 38.791	  31.02676839 121.43979174 1.5  0.0 0.0
2015-07-08-17 35 38.950	  31.02676839 121.43979174 1.5  0.0 0.0
2015-07-08-17 35 39.092	  31.02676839 121.43979174 1.5  0.0 0.0
2015-07-08-17 35 39.257	  31.02676839 121.43979174 1.5  0.0 0.0
2015-07-08-17 35 39.377	  31.02676839 121.43979174 1.5  0.0 0.0
2015-07-08-17 35 39.520	  31.02676839 121.43979174 1.5  0.0 0.0
2015-07-08-17 35 39.666	  31.02676839 121.43979174 1.5  0.0 0.0
2015-07-08-17 35 39.809	  31.02676839 121.43979174 1.5  0.0 0.0
2015-07-08-17 35 39.984	  31.02676839 121.43979174 1.5  0.0 0.0
2015-07-08-17 35 40.125	  31.02676839 121.43979174 1.5  0.0 0.0
2015-07-08-17 35 40.251	  31.02673875 121.43980345 1.5  0.0 0.0
2015-07-08-17 35 40.390	  31.02673875 121.43980345 1.5  0.0 0.0
2015-07-08-17 35 40.556	  31.02673875 121.43980345 1.5  0.0 0.0
2015-07-08-17 35 40.699	  31.02673875 121.43980345 1.5  0.0 0.0
2015-07-08-17 35 40.854	  31.02673875 121.43980345 1.5  0.0 0.0
2015-07-08-17 35 41.003	  31.02673875 121.43980345 1.5  0.0 0.0
2015-07-08-17 35 41.156	  31.02673875 121.43980345 1.5  0.0 0.0
2015-07-08-17 35 41.300	  31.02673875 121.43980345 1.5  0.0 0.0
2015-07-08-17 35 41.441	  31.02673875 121.43980345 1.5  0.0 0.0
2015-07-08-17 35 41.571	  31.02673875 121.43980345 1.5  0.0 0.0
2015-07-08-17 35 41.705	  31.02673875 121.43980345 1.5  0.0 0.0
2015-07-08-17 35 41.848	  31.02673875 121.43980345 1.5  0.0 0.0
2015-07-08-17 35 41.989	  31.02673875 121.43980345 1.5  0.0 0.0
2015-07-08-17 35 42.108	  31.02673875 121.43980345 1.5  0.0 0.0
2015-07-08-17 35 42.265	  31.02671057 121.43981652 1.5  0.0 0.0
2015-07-08-17 35 42.433	  31.02671057 121.43981652 1.5  0.0 0.0
2015-07-08-17 35 42.563	  31.02671057 121.43981652 1.5  0.0 0.0
2015-07-08-17 35 42.710	  31.02671057 121.43981652 1.5  0.0 0.0
2015-07-08-17 35 42.831	  31.02671057 121.43981652 1.5  0.0 0.0
2015-07-08-17 35 42.950	  31.02671057 121.43981652 1.5  0.0 0.0
2015-07-08-17 35 43.092	  31.02671057 121.43981652 1.5  0.0 0.0
2015-07-08-17 35 43.253	  31.02671057 121.43981652 1.5  0.0 0.0
2015-07-08-17 35 43.375	  31.02671057 121.43981652 1.5  0.0 0.0
2015-07-08-17 35 43.498	  31.02671057 121.43981652 1.5  0.0 0.0
2015-07-08-17 35 43.675	  31.02671057 121.43981652 1.5  0.0 0.0
2015-07-08-17 35 43.798	  31.02671057 121.43981652 1.5  0.0 0.0
2015-07-08-17 35 43.915	  31.02671057 121.43981652 1.5  0.0 0.0
2015-07-08-17 35 44.033	  31.02671057 121.43981652 1.5  0.0 0.0
2015-07-08-17 35 44.157	  31.02671057 121.43981652 1.5  0.0 0.0
2015-07-08-17 35 44.418	  31.02668236 121.43983165 1.5  0.0 0.0
2015-07-08-17 35 44.535	  31.02668236 121.43983165 1.5  0.0 0.0
2015-07-08-17 35 44.692	  31.02668236 121.43983165 1.5  0.0 0.0
2015-07-08-17 35 44.857	  31.02668236 121.43983165 1.5  0.0 0.0
2015-07-08-17 35 44.993	  31.02668236 121.43983165 1.5  0.0 0.0
2015-07-08-17 35 45.154	  31.02668236 121.43983165 1.5  0.0 0.0
2015-07-08-17 35 45.273	  31.02668236 121.43983165 1.5  0.0 0.0
2015-07-08-17 35 45.401	  31.02668236 121.43983165 1.5  0.0 0.0
2015-07-08-17 35 45.518	  31.02668236 121.43983165 1.5  0.0 0.0
2015-07-08-17 35 45.686	  31.02668236 121.43983165 1.5  0.0 0.0
2015-07-08-17 35 45.826	  31.02668236 121.43983165 1.5  0.0 0.0
2015-07-08-17 35 45.990	  31.02668236 121.43983165 1.5  0.0 0.0
2015-07-08-17 35 46.109	  31.02668236 121.43983165 1.5  0.0 0.0
2015-07-08-17 35 46.297	  31.02665572 121.43984214 1.5  0.0 0.0
2015-07-08-17 35 46.436	  31.02665572 121.43984214 1.5  0.0 0.0
2015-07-08-17 35 46.578	  31.02665572 121.43984214 1.5  0.0 0.0
2015-07-08-17 35 46.756	  31.02665572 121.43984214 1.5  0.0 0.0
2015-07-08-17 35 46.874	  31.02665572 121.43984214 1.5  0.0 0.0
2015-07-08-17 35 47.019	  31.02665572 121.43984214 1.5  0.0 0.0
2015-07-08-17 35 47.190	  31.02665572 121.43984214 1.5  0.0 0.0
2015-07-08-17 35 47.308	  31.02665572 121.43984214 1.5  0.0 0.0
2015-07-08-17 35 47.424	  31.02665572 121.43984214 1.5  0.0 0.0
2015-07-08-17 35 47.540	  31.02665572 121.43984214 1.5  0.0 0.0
2015-07-08-17 35 47.707	  31.02665572 121.43984214 1.5  0.0 0.0
2015-07-08-17 35 47.854	  31.02665572 121.43984214 1.5  0.0 0.0
2015-07-08-17 35 48.029	  31.02665572 121.43984214 1.5  0.0 0.0
2015-07-08-17 35 48.173	  31.02663005 121.43985164 1.5  0.0 0.0
2015-07-08-17 35 48.326	  31.02663005 121.43985164 1.5  0.0 0.0
2015-07-08-17 35 48.464	  31.02663005 121.43985164 1.5  0.0 0.0
2015-07-08-17 35 48.612	  31.02663005 121.43985164 1.5  0.0 0.0
2015-07-08-17 35 48.730	  31.02663005 121.43985164 1.5  0.0 0.0
2015-07-08-17 35 48.883	  31.02663005 121.43985164 1.5  0.0 0.0
2015-07-08-17 35 49.021	  31.02663005 121.43985164 1.5  0.0 0.0
2015-07-08-17 35 49.165	  31.02663005 121.43985164 1.5  0.0 0.0
2015-07-08-17 35 49.305	  31.02663005 121.43985164 1.5  0.0 0.0
2015-07-08-17 35 49.448	  31.02663005 121.43985164 1.5  0.0 0.0
2015-07-08-17 35 49.590	  31.02663005 121.43985164 1.5  0.0 0.0
2015-07-08-17 35 49.706	  31.02663005 121.43985164 1.5  0.0 0.0
2015-07-08-17 35 49.872	  31.02663005 121.43985164 1.5  0.0 0.0
2015-07-08-17 35 50.073	  31.02663005 121.43985164 1.5  0.0 0.0
2015-07-08-17 35 50.201	  31.02663005 121.43985164 1.5  0.0 0.0
2015-07-08-17 35 50.319	  31.02660352 121.43986157 1.5  0.0 0.0
2015-07-08-17 35 50.451	  31.02660352 121.43986157 1.5  0.0 0.0
2015-07-08-17 35 50.591	  31.02660352 121.43986157 1.5  0.0 0.0
2015-07-08-17 35 50.741	  31.02660352 121.43986157 1.5  0.0 0.0
