2015-07-08-17 43 14.085	  0.0 0.0 0.0  0.0 0.0
2015-07-08-17 43 14.187	  0.0 0.0 0.0  0.0 0.0
2015-07-08-17 43 14.288	  0.0 0.0 0.0  0.0 0.0
2015-07-08-17 43 14.390	  0.0 0.0 0.0  0.0 0.0
2015-07-08-17 43 14.492	  0.0 0.0 0.0  0.0 0.0
2015-07-08-17 43 14.594	  0.0 0.0 0.0  0.0 0.0
2015-07-08-17 43 14.697	  0.0 0.0 0.0  0.0 0.0
2015-07-08-17 43 14.799	  0.0 0.0 0.0  0.0 0.0
2015-07-08-17 43 14.900	  0.0 0.0 0.0  0.0 0.0
2015-07-08-17 43 15.002	  0.0 0.0 0.0  0.0 0.0
2015-07-08-17 43 15.105	  0.0 0.0 0.0  0.0 0.0
2015-07-08-17 43 15.206	  0.0 0.0 0.0  0.0 0.0
2015-07-08-17 43 15.308	  0.0 0.0 0.0  0.0 0.0
2015-07-08-17 43 15.409	  0.0 0.0 0.0  0.0 0.0
2015-07-08-17 43 15.511	  0.0 0.0 0.0  0.0 0.0
2015-07-08-17 43 15.614	  0.0 0.0 0.0  0.0 0.0
2015-07-08-17 43 15.715	  0.0 0.0 0.0  0.0 0.0
2015-07-08-17 43 15.817	  0.0 0.0 0.0  0.0 0.0
2015-07-08-17 43 15.919	  0.0 0.0 0.0  0.0 0.0
2015-07-08-17 43 16.020	  0.0 0.0 0.0  0.0 0.0
2015-07-08-17 43 16.122	  0.0 0.0 0.0  0.0 0.0
2015-07-08-17 43 16.224	  31.02777294 121.43934204 1.5  0.0 0.0
2015-07-08-17 43 16.326	  31.02777294 121.43934204 1.5  0.0 0.0
2015-07-08-17 43 16.427	  31.02777294 121.43934204 1.5  0.0 0.0
2015-07-08-17 43 16.530	  31.02777294 121.43934204 1.5  0.0 0.0
2015-07-08-17 43 16.632	  31.02777294 121.43934204 1.5  0.0 0.0
2015-07-08-17 43 16.734	  31.02777294 121.43934204 1.5  0.0 0.0
2015-07-08-17 43 16.836	  31.02777294 121.43934204 1.5  0.0 0.0
2015-07-08-17 43 16.938	  31.02777294 121.43934204 1.5  0.0 0.0
2015-07-08-17 43 17.041	  31.02777294 121.43934204 1.5  0.0 0.0
2015-07-08-17 43 17.150	  31.02774016 121.43937004 1.5  0.0 0.0
2015-07-08-17 43 17.255	  31.02774016 121.43937004 1.5  0.0 0.0
2015-07-08-17 43 17.356	  31.02774016 121.43937004 1.5  0.0 0.0
2015-07-08-17 43 17.458	  31.02774016 121.43937004 1.5  0.0 0.0
2015-07-08-17 43 17.559	  31.02774016 121.43937004 1.5  0.0 0.0
2015-07-08-17 43 17.661	  31.02774016 121.43937004 1.5  0.0 0.0
2015-07-08-17 43 17.790	  31.02774016 121.43937004 1.5  0.0 0.0
2015-07-08-17 43 17.952	  31.02774016 121.43937004 1.5  0.0 0.0
2015-07-08-17 43 18.055	  31.02774016 121.43937004 1.5  0.0 0.0
2015-07-08-17 43 18.157	  31.02771702 121.43938469 1.5  0.0 0.0
2015-07-08-17 43 18.259	  31.02771702 121.43938469 1.5  0.0 0.0
2015-07-08-17 43 18.364	  31.02771702 121.43938469 1.5  0.0 0.0
2015-07-08-17 43 18.472	  31.02771702 121.43938469 1.5  0.0 0.0
2015-07-08-17 43 18.576	  31.02771702 121.43938469 1.5  0.0 0.0
2015-07-08-17 43 18.687	  31.02771702 121.43938469 1.5  0.0 0.0
2015-07-08-17 43 18.788	  31.02771702 121.43938469 1.5  0.0 0.0
2015-07-08-17 43 18.889	  31.02771702 121.43938469 1.5  0.0 0.0
2015-07-08-17 43 18.992	  31.02771702 121.43938469 1.5  0.0 0.0
2015-07-08-17 43 19.095	  31.02771702 121.43938469 1.5  0.0 0.0
2015-07-08-17 43 19.198	  31.02770081 121.43939752 1.5  0.0 0.0
2015-07-08-17 43 19.303	  31.02770081 121.43939752 1.5  0.0 0.0
2015-07-08-17 43 19.429	  31.02770081 121.43939752 1.5  0.0 0.0
2015-07-08-17 43 19.533	  31.02770081 121.43939752 1.5  0.0 0.0
2015-07-08-17 43 19.637	  31.02770081 121.43939752 1.5  0.0 0.0
2015-07-08-17 43 19.739	  31.02770081 121.43939752 1.5  0.0 0.0
2015-07-08-17 43 19.840	  31.02770081 121.43939752 1.5  0.0 0.0
2015-07-08-17 43 19.942	  31.02770081 121.43939752 1.5  0.0 0.0
2015-07-08-17 43 20.048	  31.02770081 121.43939752 1.5  0.0 0.0
2015-07-08-17 43 20.154	  31.02770081 121.43939752 1.5  0.0 0.0
2015-07-08-17 43 20.307	  31.02770081 121.43939752 1.5  0.0 0.0
2015-07-08-17 43 20.408	  31.02770081 121.43939752 1.5  0.0 0.0
2015-07-08-17 43 20.511	  31.02770081 121.43939752 1.5  0.0 0.0
2015-07-08-17 43 20.615	  31.02770081 121.43939752 1.5  0.0 0.0
2015-07-08-17 43 20.721	  31.02770081 121.43939752 1.5  0.0 0.0
2015-07-08-17 43 20.826	  31.02770081 121.43939752 1.5  0.0 0.0
2015-07-08-17 43 20.944	  31.02770081 121.43939752 1.5  0.0 0.0
2015-07-08-17 43 21.046	  31.02770081 121.43939752 1.5  0.0 0.0
2015-07-08-17 43 21.149	  31.02770081 121.43939752 1.5  0.0 0.0
2015-07-08-17 43 21.273	  31.02770081 121.43939752 1.5  0.0 0.0
2015-07-08-17 43 21.374	  31.02770081 121.43939752 1.5  0.0 0.0
2015-07-08-17 43 21.476	  31.02770081 121.43939752 1.5  0.0 0.0
2015-07-08-17 43 21.580	  31.02770081 121.43939752 1.5  0.0 0.0
2015-07-08-17 43 21.682	  31.02770081 121.43939752 1.5  0.0 0.0
2015-07-08-17 43 21.785	  31.02770081 121.43939752 1.5  0.0 0.0
2015-07-08-17 43 21.892	  31.02770081 121.43939752 1.5  0.0 0.0
2015-07-08-17 43 21.996	  31.02770081 121.43939752 1.5  0.0 0.0
2015-07-08-17 43 22.100	  31.02770081 121.43939752 1.5  0.0 0.0
2015-07-08-17 43 22.201	  31.02768038 121.43939901 0.5  0.0 0.0
2015-07-08-17 43 22.306	  31.02768038 121.43939901 0.5  0.0 0.0
2015-07-08-17 43 22.408	  31.02768038 121.43939901 0.5  0.0 0.0
2015-07-08-17 43 22.509	  31.02768038 121.43939901 0.5  0.0 0.0
2015-07-08-17 43 22.612	  31.02768038 121.43939901 0.5  0.0 0.0
2015-07-08-17 43 22.717	  31.02768038 121.43939901 0.5  0.0 0.0
2015-07-08-17 43 22.826	  31.02768038 121.43939901 0.5  0.0 0.0
2015-07-08-17 43 22.929	  31.02768038 121.43939901 0.5  0.0 0.0
2015-07-08-17 43 23.032	  31.02768038 121.43939901 0.5  0.0 0.0
2015-07-08-17 43 23.135	  31.02768038 121.43939901 0.5  0.0 0.0
2015-07-08-17 43 23.240	  31.02768038 121.43939901 0.5  0.0 0.0
2015-07-08-17 43 23.341	  31.02768038 121.43939901 0.5  0.0 0.0
2015-07-08-17 43 23.450	  31.02768038 121.43939901 0.5  0.0 0.0
2015-07-08-17 43 23.556	  31.02768038 121.43939901 0.5  0.0 0.0
2015-07-08-17 43 23.657	  31.02768038 121.43939901 0.5  0.0 0.0
2015-07-08-17 43 23.759	  31.02768038 121.43939901 0.5  0.0 0.0
2015-07-08-17 43 23.862	  31.02768038 121.43939901 0.5  0.0 0.0
2015-07-08-17 43 23.964	  31.02768038 121.43939901 0.5  0.0 0.0
2015-07-08-17 43 24.070	  31.02768038 121.43939901 0.5  0.0 0.0
2015-07-08-17 43 24.171	  31.02768038 121.43939901 0.5  0.0 0.0
2015-07-08-17 43 24.272	  31.02766373 121.43940908 1.0  0.0 0.0
2015-07-08-17 43 24.374	  31.02766373 121.43940908 1.0  0.0 0.0
2015-07-08-17 43 24.477	  31.02766373 121.43940908 1.0  0.0 0.0
2015-07-08-17 43 24.579	  31.02766373 121.43940908 1.0  0.0 0.0
2015-07-08-17 43 24.682	  31.02766373 121.43940908 1.0  0.0 0.0
2015-07-08-17 43 24.786	  31.02766373 121.43940908 1.0  0.0 0.0
2015-07-08-17 43 24.892	  31.02766373 121.43940908 1.0  0.0 0.0
2015-07-08-17 43 25.008	  31.02766373 121.43940908 1.0  0.0 0.0
2015-07-08-17 43 25.109	  31.02766373 121.43940908 1.0  0.0 0.0
2015-07-08-17 43 25.211	  31.02766373 121.43940908 1.0  0.0 0.0
2015-07-08-17 43 25.314	  31.02766373 121.43940908 1.0  0.0 0.0
2015-07-08-17 43 25.418	  31.02766373 121.43940908 1.0  0.0 0.0
2015-07-08-17 43 25.536	  31.02766373 121.43940908 1.0  0.0 0.0
2015-07-08-17 43 25.638	  31.02766373 121.43940908 1.0  0.0 0.0
2015-07-08-17 43 25.740	  31.02766373 121.43940908 1.0  0.0 0.0
2015-07-08-17 43 25.842	  31.02766373 121.43940908 1.0  0.0 0.0
2015-07-08-17 43 25.944	  31.02766373 121.43940908 1.0  0.0 0.0
2015-07-08-17 43 26.046	  31.02766373 121.43940908 1.0  0.0 0.0
2015-07-08-17 43 26.149	  31.02766373 121.43940908 1.0  0.0 0.0
2015-07-08-17 43 26.251	  31.02764153 121.43942139 1.25  0.0 0.0
2015-07-08-17 43 26.354	  31.02764153 121.43942139 1.25  0.0 0.0
2015-07-08-17 43 26.456	  31.02764153 121.43942139 1.25  0.0 0.0
2015-07-08-17 43 26.562	  31.02764153 121.43942139 1.25  0.0 0.0
2015-07-08-17 43 26.663	  31.02764153 121.43942139 1.25  0.0 0.0
2015-07-08-17 43 26.766	  31.02764153 121.43942139 1.25  0.0 0.0
2015-07-08-17 43 26.872	  31.02764153 121.43942139 1.25  0.0 0.0
2015-07-08-17 43 26.977	  31.02764153 121.43942139 1.25  0.0 0.0
2015-07-08-17 43 27.091	  31.02764153 121.43942139 1.25  0.0 0.0
2015-07-08-17 43 27.193	  31.02764153 121.43942139 1.25  0.0 0.0
2015-07-08-17 43 27.299	  31.02764153 121.43942139 1.25  0.0 0.0
2015-07-08-17 43 27.405	  31.02764153 121.43942139 1.25  0.0 0.0
2015-07-08-17 43 27.509	  31.02764153 121.43942139 1.25  0.0 0.0
2015-07-08-17 43 27.614	  31.02764153 121.43942139 1.25  0.0 0.0
2015-07-08-17 43 27.715	  31.02764153 121.43942139 1.25  0.0 0.0
2015-07-08-17 43 27.818	  31.02764153 121.43942139 1.25  0.0 0.0
2015-07-08-17 43 27.919	  31.02764153 121.43942139 1.25  0.0 0.0
2015-07-08-17 43 28.026	  31.02764153 121.43942139 1.25  0.0 0.0
2015-07-08-17 43 28.135	  31.02764153 121.43942139 1.25  0.0 0.0
2015-07-08-17 43 28.238	  31.02764153 121.43942139 1.25  0.0 0.0
2015-07-08-17 43 28.340	  31.02762304 121.43943125 1.25  0.0 0.0
2015-07-08-17 43 28.442	  31.02762304 121.43943125 1.25  0.0 0.0
2015-07-08-17 43 28.543	  31.02762304 121.43943125 1.25  0.0 0.0
2015-07-08-17 43 28.652	  31.02762304 121.43943125 1.25  0.0 0.0
2015-07-08-17 43 28.756	  31.02762304 121.43943125 1.25  0.0 0.0
2015-07-08-17 43 28.861	  31.02762304 121.43943125 1.25  0.0 0.0
2015-07-08-17 43 28.967	  31.02762304 121.43943125 1.25  0.0 0.0
2015-07-08-17 43 29.077	  31.02762304 121.43943125 1.25  0.0 0.0
2015-07-08-17 43 29.178	  31.02762304 121.43943125 1.25  0.0 0.0
2015-07-08-17 43 29.283	  31.02762304 121.43943125 1.25  0.0 0.0
2015-07-08-17 43 29.388	  31.02762304 121.43943125 1.25  0.0 0.0
2015-07-08-17 43 29.496	  31.02762304 121.43943125 1.25  0.0 0.0
2015-07-08-17 43 29.599	  31.02762304 121.43943125 1.25  0.0 0.0
2015-07-08-17 43 29.703	  31.02762304 121.43943125 1.25  0.0 0.0
2015-07-08-17 43 29.806	  31.02762304 121.43943125 1.25  0.0 0.0
2015-07-08-17 43 29.908	  31.02762304 121.43943125 1.25  0.0 0.0
2015-07-08-17 43 30.014	  31.02762304 121.43943125 1.25  0.0 0.0
2015-07-08-17 43 30.125	  31.02762304 121.43943125 1.25  0.0 0.0
2015-07-08-17 43 30.226	  31.02762304 121.43943125 1.25  0.0 0.0
2015-07-08-17 43 30.327	  31.02760147 121.43944571 1.25  0.0 0.0
2015-07-08-17 43 30.430	  31.02760147 121.43944571 1.25  0.0 0.0
2015-07-08-17 43 30.534	  31.02760147 121.43944571 1.25  0.0 0.0
2015-07-08-17 43 30.638	  31.02760147 121.43944571 1.25  0.0 0.0
2015-07-08-17 43 30.742	  31.02760147 121.43944571 1.25  0.0 0.0
2015-07-08-17 43 30.847	  31.02760147 121.43944571 1.25  0.0 0.0
2015-07-08-17 43 30.961	  31.02760147 121.43944571 1.25  0.0 0.0
2015-07-08-17 43 31.062	  31.02760147 121.43944571 1.25  0.0 0.0
2015-07-08-17 43 31.165	  31.02760147 121.43944571 1.25  0.0 0.0
2015-07-08-17 43 31.266	  31.02760147 121.43944571 1.25  0.0 0.0
2015-07-08-17 43 31.375	  31.02760147 121.43944571 1.25  0.0 0.0
2015-07-08-17 43 31.477	  31.02760147 121.43944571 1.25  0.0 0.0
2015-07-08-17 43 31.580	  31.02760147 121.43944571 1.25  0.0 0.0
2015-07-08-17 43 31.683	  31.02760147 121.43944571 1.25  0.0 0.0
2015-07-08-17 43 31.791	  31.02760147 121.43944571 1.25  0.0 0.0
2015-07-08-17 43 31.893	  31.02760147 121.43944571 1.25  0.0 0.0
2015-07-08-17 43 31.995	  31.02760147 121.43944571 1.25  0.0 0.0
2015-07-08-17 43 32.096	  31.02760147 121.43944571 1.25  0.0 0.0
2015-07-08-17 43 32.205	  31.02757831 121.43945663 1.25  0.0 0.0
2015-07-08-17 43 32.307	  31.02757831 121.43945663 1.25  0.0 0.0
2015-07-08-17 43 32.410	  31.02757831 121.43945663 1.25  0.0 0.0
2015-07-08-17 43 32.517	  31.02757831 121.43945663 1.25  0.0 0.0
2015-07-08-17 43 32.628	  31.02757831 121.43945663 1.25  0.0 0.0
2015-07-08-17 43 32.730	  31.02757831 121.43945663 1.25  0.0 0.0
2015-07-08-17 43 32.832	  31.02757831 121.43945663 1.25  0.0 0.0
2015-07-08-17 43 32.934	  31.02757831 121.43945663 1.25  0.0 0.0
2015-07-08-17 43 33.051	  31.02757831 121.43945663 1.25  0.0 0.0
2015-07-08-17 43 33.153	  31.02757831 121.43945663 1.25  0.0 0.0
2015-07-08-17 43 33.255	  31.02757831 121.43945663 1.25  0.0 0.0
2015-07-08-17 43 33.359	  31.02757831 121.43945663 1.25  0.0 0.0
2015-07-08-17 43 33.469	  31.02757831 121.43945663 1.25  0.0 0.0
2015-07-08-17 43 33.571	  31.02757831 121.43945663 1.25  0.0 0.0
2015-07-08-17 43 33.675	  31.02757831 121.43945663 1.25  0.0 0.0
2015-07-08-17 43 33.779	  31.02757831 121.43945663 1.25  0.0 0.0
2015-07-08-17 43 33.896	  31.02757831 121.43945663 1.25  0.0 0.0
2015-07-08-17 43 33.998	  31.02757831 121.43945663 1.25  0.0 0.0
2015-07-08-17 43 34.100	  31.02757831 121.43945663 1.25  0.0 0.0
2015-07-08-17 43 34.203	  31.02755351 121.43946612 1.25  0.0 0.0
2015-07-08-17 43 34.313	  31.02755351 121.43946612 1.25  0.0 0.0
2015-07-08-17 43 34.414	  31.02755351 121.43946612 1.25  0.0 0.0
2015-07-08-17 43 34.515	  31.02755351 121.43946612 1.25  0.0 0.0
2015-07-08-17 43 34.659	  31.02755351 121.43946612 1.25  0.0 0.0
2015-07-08-17 43 34.762	  31.02755351 121.43946612 1.25  0.0 0.0
2015-07-08-17 43 34.867	  31.02755351 121.43946612 1.25  0.0 0.0
2015-07-08-17 43 34.969	  31.02755351 121.43946612 1.25  0.0 0.0
2015-07-08-17 43 35.071	  31.02755351 121.43946612 1.25  0.0 0.0
2015-07-08-17 43 35.177	  31.02755351 121.43946612 1.25  0.0 0.0
2015-07-08-17 43 35.291	  31.02755351 121.43946612 1.25  0.0 0.0
2015-07-08-17 43 35.393	  31.02755351 121.43946612 1.25  0.0 0.0
2015-07-08-17 43 35.495	  31.02755351 121.43946612 1.25  0.0 0.0
2015-07-08-17 43 35.598	  31.02755351 121.43946612 1.25  0.0 0.0
2015-07-08-17 43 35.700	  31.02755351 121.43946612 1.25  0.0 0.0
2015-07-08-17 43 35.803	  31.02755351 121.43946612 1.25  0.0 0.0
2015-07-08-17 43 35.906	  31.02755351 121.43946612 1.25  0.0 0.0
2015-07-08-17 43 36.019	  31.02755351 121.43946612 1.25  0.0 0.0
2015-07-08-17 43 36.122	  31.02755351 121.43946612 1.25  0.0 0.0
2015-07-08-17 43 36.227	  31.02752861 121.43947508 1.25  0.0 0.0
2015-07-08-17 43 36.328	  31.02752861 121.43947508 1.25  0.0 0.0
2015-07-08-17 43 36.431	  31.02752861 121.43947508 1.25  0.0 0.0
2015-07-08-17 43 36.532	  31.02752861 121.43947508 1.25  0.0 0.0
2015-07-08-17 43 36.638	  31.02752861 121.43947508 1.25  0.0 0.0
2015-07-08-17 43 36.747	  31.02752861 121.43947508 1.25  0.0 0.0
2015-07-08-17 43 36.849	  31.02752861 121.43947508 1.25  0.0 0.0
2015-07-08-17 43 36.950	  31.02752861 121.43947508 1.25  0.0 0.0
2015-07-08-17 43 37.060	  31.02752861 121.43947508 1.25  0.0 0.0
2015-07-08-17 43 37.162	  31.02752861 121.43947508 1.25  0.0 0.0
2015-07-08-17 43 37.263	  31.02752861 121.43947508 1.25  0.0 0.0
2015-07-08-17 43 37.365	  31.02752861 121.43947508 1.25  0.0 0.0
2015-07-08-17 43 37.492	  31.02752861 121.43947508 1.25  0.0 0.0
2015-07-08-17 43 37.594	  31.02752861 121.43947508 1.25  0.0 0.0
2015-07-08-17 43 37.701	  31.02752861 121.43947508 1.25  0.0 0.0
2015-07-08-17 43 37.803	  31.02752861 121.43947508 1.25  0.0 0.0
2015-07-08-17 43 37.910	  31.02752861 121.43947508 1.25  0.0 0.0
2015-07-08-17 43 38.025	  31.02752861 121.43947508 1.25  0.0 0.0
2015-07-08-17 43 38.130	  31.02752861 121.43947508 1.25  0.0 0.0
2015-07-08-17 43 38.237	  31.02750549 121.43948281 1.25  0.0 0.0
2015-07-08-17 43 38.343	  31.02750549 121.43948281 1.25  0.0 0.0
2015-07-08-17 43 38.445	  31.02750549 121.43948281 1.25  0.0 0.0
2015-07-08-17 43 38.548	  31.02750549 121.43948281 1.25  0.0 0.0
2015-07-08-17 43 38.655	  31.02750549 121.43948281 1.25  0.0 0.0
2015-07-08-17 43 38.756	  31.02750549 121.43948281 1.25  0.0 0.0
2015-07-08-17 43 38.862	  31.02750549 121.43948281 1.25  0.0 0.0
2015-07-08-17 43 38.973	  31.02750549 121.43948281 1.25  0.0 0.0
2015-07-08-17 43 39.076	  31.02750549 121.43948281 1.25  0.0 0.0
2015-07-08-17 43 39.179	  31.02750549 121.43948281 1.25  0.0 0.0
2015-07-08-17 43 39.295	  31.02750549 121.43948281 1.25  0.0 0.0
2015-07-08-17 43 39.408	  31.02750549 121.43948281 1.25  0.0 0.0
2015-07-08-17 43 39.510	  31.02750549 121.43948281 1.25  0.0 0.0
2015-07-08-17 43 39.612	  31.02750549 121.43948281 1.25  0.0 0.0
2015-07-08-17 43 39.716	  31.02750549 121.43948281 1.25  0.0 0.0
2015-07-08-17 43 39.823	  31.02750549 121.43948281 1.25  0.0 0.0
2015-07-08-17 43 39.928	  31.02750549 121.43948281 1.25  0.0 0.0
2015-07-08-17 43 40.034	  31.02750549 121.43948281 1.25  0.0 0.0
2015-07-08-17 43 40.148	  31.02750549 121.43948281 1.25  0.0 0.0
2015-07-08-17 43 40.250	  31.02748151 121.43949272 1.5  0.0 0.0
2015-07-08-17 43 40.361	  31.02748151 121.43949272 1.5  0.0 0.0
2015-07-08-17 43 40.469	  31.02748151 121.43949272 1.5  0.0 0.0
2015-07-08-17 43 40.572	  31.02748151 121.43949272 1.5  0.0 0.0
2015-07-08-17 43 40.679	  31.02748151 121.43949272 1.5  0.0 0.0
2015-07-08-17 43 40.789	  31.02748151 121.43949272 1.5  0.0 0.0
2015-07-08-17 43 40.892	  31.02748151 121.43949272 1.5  0.0 0.0
2015-07-08-17 43 40.994	  31.02748151 121.43949272 1.5  0.0 0.0
2015-07-08-17 43 41.099	  31.02748151 121.43949272 1.5  0.0 0.0
2015-07-08-17 43 41.204	  31.02748151 121.43949272 1.5  0.0 0.0
2015-07-08-17 43 41.354	  31.02748151 121.43949272 1.5  0.0 0.0
2015-07-08-17 43 41.458	  31.02748151 121.43949272 1.5  0.0 0.0
2015-07-08-17 43 41.560	  31.02748151 121.43949272 1.5  0.0 0.0
2015-07-08-17 43 41.666	  31.02748151 121.43949272 1.5  0.0 0.0
2015-07-08-17 43 41.779	  31.02748151 121.43949272 1.5  0.0 0.0
2015-07-08-17 43 41.882	  31.02748151 121.43949272 1.5  0.0 0.0
2015-07-08-17 43 41.983	  31.02748151 121.43949272 1.5  0.0 0.0
2015-07-08-17 43 42.088	  31.02748151 121.43949272 1.5  0.0 0.0
2015-07-08-17 43 42.190	  31.02746021 121.43950379 1.5  0.0 0.0
2015-07-08-17 43 42.298	  31.02746021 121.43950379 1.5  0.0 0.0
2015-07-08-17 43 42.402	  31.02746021 121.43950379 1.5  0.0 0.0
2015-07-08-17 43 42.505	  31.02746021 121.43950379 1.5  0.0 0.0
2015-07-08-17 43 42.609	  31.02746021 121.43950379 1.5  0.0 0.0
2015-07-08-17 43 42.721	  31.02746021 121.43950379 1.5  0.0 0.0
2015-07-08-17 43 42.822	  31.02746021 121.43950379 1.5  0.0 0.0
2015-07-08-17 43 42.924	  31.02746021 121.43950379 1.5  0.0 0.0
2015-07-08-17 43 43.030	  31.02746021 121.43950379 1.5  0.0 0.0
2015-07-08-17 43 43.134	  31.02746021 121.43950379 1.5  0.0 0.0
2015-07-08-17 43 43.240	  31.02746021 121.43950379 1.5  0.0 0.0
2015-07-08-17 43 43.347	  31.02746021 121.43950379 1.5  0.0 0.0
2015-07-08-17 43 43.449	  31.02746021 121.43950379 1.5  0.0 0.0
2015-07-08-17 43 43.551	  31.02746021 121.43950379 1.5  0.0 0.0
2015-07-08-17 43 43.669	  31.02746021 121.43950379 1.5  0.0 0.0
2015-07-08-17 43 43.772	  31.02746021 121.43950379 1.5  0.0 0.0
2015-07-08-17 43 43.875	  31.02746021 121.43950379 1.5  0.0 0.0
2015-07-08-17 43 43.985	  31.02746021 121.43950379 1.5  0.0 0.0
2015-07-08-17 43 44.088	  31.02746021 121.43950379 1.5  0.0 0.0
2015-07-08-17 43 44.190	  31.02743835 121.43951072 1.5  0.0 0.0
2015-07-08-17 43 44.352	  31.02743835 121.43951072 1.5  0.0 0.0
2015-07-08-17 43 44.454	  31.02743835 121.43951072 1.5  0.0 0.0
2015-07-08-17 43 44.556	  31.02743835 121.43951072 1.5  0.0 0.0
2015-07-08-17 43 44.682	  31.02743835 121.43951072 1.5  0.0 0.0
2015-07-08-17 43 44.790	  31.02743835 121.43951072 1.5  0.0 0.0
2015-07-08-17 43 44.892	  31.02743835 121.43951072 1.5  0.0 0.0
2015-07-08-17 43 44.996	  31.02743835 121.43951072 1.5  0.0 0.0
2015-07-08-17 43 45.137	  31.02743835 121.43951072 1.5  0.0 0.0
2015-07-08-17 43 45.241	  31.02743835 121.43951072 1.5  0.0 0.0
2015-07-08-17 43 45.360	  31.02743835 121.43951072 1.5  0.0 0.0
2015-07-08-17 43 45.461	  31.02743835 121.43951072 1.5  0.0 0.0
2015-07-08-17 43 45.563	  31.02743835 121.43951072 1.5  0.0 0.0
2015-07-08-17 43 45.672	  31.02743835 121.43951072 1.5  0.0 0.0
2015-07-08-17 43 45.774	  31.02743835 121.43951072 1.5  0.0 0.0
2015-07-08-17 43 45.881	  31.02743835 121.43951072 1.5  0.0 0.0
2015-07-08-17 43 46.053	  31.02743835 121.43951072 1.5  0.0 0.0
2015-07-08-17 43 46.156	  31.02743835 121.43951072 1.5  0.0 0.0
2015-07-08-17 43 46.262	  31.02743835 121.43951072 1.5  0.0 0.0
2015-07-08-17 43 46.364	  31.02741475 121.43951641 1.5  0.0 0.0
2015-07-08-17 43 46.465	  31.02741475 121.43951641 1.5  0.0 0.0
2015-07-08-17 43 46.572	  31.02741475 121.43951641 1.5  0.0 0.0
2015-07-08-17 43 46.676	  31.02741475 121.43951641 1.5  0.0 0.0
2015-07-08-17 43 46.780	  31.02741475 121.43951641 1.5  0.0 0.0
2015-07-08-17 43 46.892	  31.02741475 121.43951641 1.5  0.0 0.0
2015-07-08-17 43 46.997	  31.02741475 121.43951641 1.5  0.0 0.0
2015-07-08-17 43 47.102	  31.02741475 121.43951641 1.5  0.0 0.0
2015-07-08-17 43 47.276	  31.02741475 121.43951641 1.5  0.0 0.0
2015-07-08-17 43 47.378	  31.02741475 121.43951641 1.5  0.0 0.0
2015-07-08-17 43 47.480	  31.02741475 121.43951641 1.5  0.0 0.0
2015-07-08-17 43 47.582	  31.02741475 121.43951641 1.5  0.0 0.0
2015-07-08-17 43 47.685	  31.02741475 121.43951641 1.5  0.0 0.0
2015-07-08-17 43 47.858	  31.02741475 121.43951641 1.5  0.0 0.0
2015-07-08-17 43 47.960	  31.02741475 121.43951641 1.5  0.0 0.0
2015-07-08-17 43 48.065	  31.02741475 121.43951641 1.5  0.0 0.0
2015-07-08-17 43 48.169	  31.02741475 121.43951641 1.5  0.0 0.0
2015-07-08-17 43 48.273	  31.02739183 121.43952458 1.5  0.0 0.0
2015-07-08-17 43 48.409	  31.02739183 121.43952458 1.5  0.0 0.0
2015-07-08-17 43 48.511	  31.02739183 121.43952458 1.5  0.0 0.0
2015-07-08-17 43 48.614	  31.02739183 121.43952458 1.5  0.0 0.0
2015-07-08-17 43 48.717	  31.02739183 121.43952458 1.5  0.0 0.0
2015-07-08-17 43 48.821	  31.02739183 121.43952458 1.5  0.0 0.0
2015-07-08-17 43 48.956	  31.02739183 121.43952458 1.5  0.0 0.0
2015-07-08-17 43 49.058	  31.02739183 121.43952458 1.5  0.0 0.0
2015-07-08-17 43 49.160	  31.02739183 121.43952458 1.5  0.0 0.0
2015-07-08-17 43 49.266	  31.02739183 121.43952458 1.5  0.0 0.0
2015-07-08-17 43 49.369	  31.02739183 121.43952458 1.5  0.0 0.0
2015-07-08-17 43 49.527	  31.02739183 121.43952458 1.5  0.0 0.0
2015-07-08-17 43 49.634	  31.02739183 121.43952458 1.5  0.0 0.0
2015-07-08-17 43 49.746	  31.02739183 121.43952458 1.5  0.0 0.0
2015-07-08-17 43 49.847	  31.02739183 121.43952458 1.5  0.0 0.0
2015-07-08-17 43 49.950	  31.02739183 121.43952458 1.5  0.0 0.0
2015-07-08-17 43 50.092	  31.02739183 121.43952458 1.5  0.0 0.0
2015-07-08-17 43 50.198	  31.02736877 121.43953222 1.5  0.0 0.0
2015-07-08-17 43 50.300	  31.02736877 121.43953222 1.5  0.0 0.0
2015-07-08-17 43 50.402	  31.02736877 121.43953222 1.5  0.0 0.0
2015-07-08-17 43 50.505	  31.02736877 121.43953222 1.5  0.0 0.0
2015-07-08-17 43 50.609	  31.02736877 121.43953222 1.5  0.0 0.0
2015-07-08-17 43 50.713	  31.02736877 121.43953222 1.5  0.0 0.0
2015-07-08-17 43 50.904	  31.02736877 121.43953222 1.5  0.0 0.0
2015-07-08-17 43 51.007	  31.02736877 121.43953222 1.5  0.0 0.0
2015-07-08-17 43 51.109	  31.02736877 121.43953222 1.5  0.0 0.0
2015-07-08-17 43 51.214	  31.02736877 121.43953222 1.5  0.0 0.0
2015-07-08-17 43 51.315	  31.02736877 121.43953222 1.5  0.0 0.0
2015-07-08-17 43 51.417	  31.02736877 121.43953222 1.5  0.0 0.0
2015-07-08-17 43 51.520	  31.02736877 121.43953222 1.5  0.0 0.0
2015-07-08-17 43 51.657	  31.02736877 121.43953222 1.5  0.0 0.0
2015-07-08-17 43 51.759	  31.02736877 121.43953222 1.5  0.0 0.0
2015-07-08-17 43 51.865	  31.02736877 121.43953222 1.5  0.0 0.0
2015-07-08-17 43 51.967	  31.02736877 121.43953222 1.5  0.0 0.0
2015-07-08-17 43 52.069	  31.02736877 121.43953222 1.5  0.0 0.0
2015-07-08-17 43 52.172	  31.02736877 121.43953222 1.5  0.0 0.0
2015-07-08-17 43 52.277	  31.02734637 121.43954109 1.5  0.0 0.0
2015-07-08-17 43 52.399	  31.02734637 121.43954109 1.5  0.0 0.0
2015-07-08-17 43 52.501	  31.02734637 121.43954109 1.5  0.0 0.0
2015-07-08-17 43 52.612	  31.02734637 121.43954109 1.5  0.0 0.0
2015-07-08-17 43 52.713	  31.02734637 121.43954109 1.5  0.0 0.0
2015-07-08-17 43 52.819	  31.02734637 121.43954109 1.5  0.0 0.0
2015-07-08-17 43 52.923	  31.02734637 121.43954109 1.5  0.0 0.0
2015-07-08-17 43 53.027	  31.02734637 121.43954109 1.5  0.0 0.0
2015-07-08-17 43 53.129	  31.02734637 121.43954109 1.5  0.0 0.0
2015-07-08-17 43 53.234	  31.02734637 121.43954109 1.5  0.0 0.0
2015-07-08-17 43 53.341	  31.02734637 121.43954109 1.5  0.0 0.0
2015-07-08-17 43 53.442	  31.02734637 121.43954109 1.5  0.0 0.0
2015-07-08-17 43 53.544	  31.02734637 121.43954109 1.5  0.0 0.0
2015-07-08-17 43 53.650	  31.02734637 121.43954109 1.5  0.0 0.0
2015-07-08-17 43 53.751	  31.02734637 121.43954109 1.5  0.0 0.0
2015-07-08-17 43 53.857	  31.02734637 121.43954109 1.5  0.0 0.0
2015-07-08-17 43 53.960	  31.02734637 121.43954109 1.5  0.0 0.0
2015-07-08-17 43 54.065	  31.02734637 121.43954109 1.5  0.0 0.0
2015-07-08-17 43 54.171	  31.02734637 121.43954109 1.5  0.0 0.0
2015-07-08-17 43 54.282	  31.02734637 121.43954109 1.5  0.0 0.0
2015-07-08-17 43 54.384	  31.02732401 121.439548 1.5  0.0 0.0
2015-07-08-17 43 54.487	  31.02732401 121.439548 1.5  0.0 0.0
2015-07-08-17 43 54.589	  31.02732401 121.439548 1.5  0.0 0.0
2015-07-08-17 43 54.691	  31.02732401 121.439548 1.5  0.0 0.0
2015-07-08-17 43 54.794	  31.02732401 121.439548 1.5  0.0 0.0
2015-07-08-17 43 54.904	  31.02732401 121.439548 1.5  0.0 0.0
2015-07-08-17 43 55.020	  31.02732401 121.439548 1.5  0.0 0.0
2015-07-08-17 43 55.138	  31.02732401 121.439548 1.5  0.0 0.0
2015-07-08-17 43 55.254	  31.02732401 121.439548 1.5  0.0 0.0
2015-07-08-17 43 55.378	  31.02732401 121.439548 1.5  0.0 0.0
2015-07-08-17 43 55.479	  31.02732401 121.439548 1.5  0.0 0.0
2015-07-08-17 43 55.652	  31.02732401 121.439548 1.5  0.0 0.0
2015-07-08-17 43 55.757	  31.02732401 121.439548 1.5  0.0 0.0
2015-07-08-17 43 55.870	  31.02732401 121.439548 1.5  0.0 0.0
2015-07-08-17 43 55.972	  31.02732401 121.439548 1.5  0.0 0.0
2015-07-08-17 43 56.077	  31.02732401 121.439548 1.5  0.0 0.0
2015-07-08-17 43 56.180	  31.02732401 121.439548 1.5  0.0 0.0
2015-07-08-17 43 56.351	  31.02730184 121.43955522 1.5  0.0 0.0
2015-07-08-17 43 56.453	  31.02730184 121.43955522 1.5  0.0 0.0
2015-07-08-17 43 56.578	  31.02730184 121.43955522 1.5  0.0 0.0
2015-07-08-17 43 56.683	  31.02730184 121.43955522 1.5  0.0 0.0
2015-07-08-17 43 56.840	  31.02730184 121.43955522 1.5  0.0 0.0
2015-07-08-17 43 56.942	  31.02730184 121.43955522 1.5  0.0 0.0
2015-07-08-17 43 57.086	  31.02730184 121.43955522 1.5  0.0 0.0
2015-07-08-17 43 57.191	  31.02730184 121.43955522 1.5  0.0 0.0
2015-07-08-17 43 57.295	  31.02730184 121.43955522 1.5  0.0 0.0
2015-07-08-17 43 57.401	  31.02730184 121.43955522 1.5  0.0 0.0
2015-07-08-17 43 57.510	  31.02730184 121.43955522 1.5  0.0 0.0
2015-07-08-17 43 57.627	  31.02730184 121.43955522 1.5  0.0 0.0
2015-07-08-17 43 57.729	  31.02730184 121.43955522 1.5  0.0 0.0
2015-07-08-17 43 57.835	  31.02730184 121.43955522 1.5  0.0 0.0
2015-07-08-17 43 57.937	  31.02730184 121.43955522 1.5  0.0 0.0
2015-07-08-17 43 58.043	  31.02730184 121.43955522 1.5  0.0 0.0
2015-07-08-17 43 58.147	  31.02730184 121.43955522 1.5  0.0 0.0
2015-07-08-17 43 58.270	  31.02727802 121.43956496 1.5  0.0 0.0
2015-07-08-17 43 58.372	  31.02727802 121.43956496 1.5  0.0 0.0
2015-07-08-17 43 58.481	  31.02727802 121.43956496 1.5  0.0 0.0
2015-07-08-17 43 58.585	  31.02727802 121.43956496 1.5  0.0 0.0
2015-07-08-17 43 58.690	  31.02727802 121.43956496 1.5  0.0 0.0
2015-07-08-17 43 58.791	  31.02727802 121.43956496 1.5  0.0 0.0
2015-07-08-17 43 58.892	  31.02727802 121.43956496 1.5  0.0 0.0
2015-07-08-17 43 59.000	  31.02727802 121.43956496 1.5  0.0 0.0
2015-07-08-17 43 59.112	  31.02727802 121.43956496 1.5  0.0 0.0
2015-07-08-17 43 59.214	  31.02727802 121.43956496 1.5  0.0 0.0
2015-07-08-17 43 59.329	  31.02727802 121.43956496 1.5  0.0 0.0
2015-07-08-17 43 59.431	  31.02727802 121.43956496 1.5  0.0 0.0
2015-07-08-17 43 59.560	  31.02727802 121.43956496 1.5  0.0 0.0
2015-07-08-17 43 59.666	  31.02727802 121.43956496 1.5  0.0 0.0
2015-07-08-17 43 59.848	  31.02727802 121.43956496 1.5  0.0 0.0
2015-07-08-17 43 59.950	  31.02727802 121.43956496 1.5  0.0 0.0
2015-07-08-17 44 00.052	  31.02727802 121.43956496 1.5  0.0 0.0
2015-07-08-17 44 00.154	  31.02727802 121.43956496 1.5  0.0 0.0
2015-07-08-17 44 00.259	  31.02725337 121.43957638 1.5  0.0 0.0
2015-07-08-17 44 00.363	  31.02725337 121.43957638 1.5  0.0 0.0
2015-07-08-17 44 00.468	  31.02725337 121.43957638 1.5  0.0 0.0
2015-07-08-17 44 00.572	  31.02725337 121.43957638 1.5  0.0 0.0
2015-07-08-17 44 00.726	  31.02725337 121.43957638 1.5  0.0 0.0
2015-07-08-17 44 00.831	  31.02725337 121.43957638 1.5  0.0 0.0
2015-07-08-17 44 00.949	  31.02725337 121.43957638 1.5  0.0 0.0
2015-07-08-17 44 01.051	  31.02725337 121.43957638 1.5  0.0 0.0
2015-07-08-17 44 01.154	  31.02725337 121.43957638 1.5  0.0 0.0
2015-07-08-17 44 01.263	  31.02725337 121.43957638 1.5  0.0 0.0
2015-07-08-17 44 01.368	  31.02725337 121.43957638 1.5  0.0 0.0
2015-07-08-17 44 01.511	  31.02725337 121.43957638 1.5  0.0 0.0
2015-07-08-17 44 01.615	  31.02725337 121.43957638 1.5  0.0 0.0
2015-07-08-17 44 01.721	  31.02725337 121.43957638 1.5  0.0 0.0
2015-07-08-17 44 01.826	  31.02725337 121.43957638 1.5  0.0 0.0
2015-07-08-17 44 01.928	  31.02725337 121.43957638 1.5  0.0 0.0
2015-07-08-17 44 02.103	  31.02725337 121.43957638 1.5  0.0 0.0
2015-07-08-17 44 02.206	  31.02725337 121.43957638 1.5  0.0 0.0
2015-07-08-17 44 02.353	  31.02722982 121.43959026 1.5  0.0 0.0
2015-07-08-17 44 02.460	  31.02722982 121.43959026 1.5  0.0 0.0
2015-07-08-17 44 02.564	  31.02722982 121.43959026 1.5  0.0 0.0
2015-07-08-17 44 02.681	  31.02722982 121.43959026 1.5  0.0 0.0
2015-07-08-17 44 02.784	  31.02722982 121.43959026 1.5  0.0 0.0
2015-07-08-17 44 02.885	  31.02722982 121.43959026 1.5  0.0 0.0
2015-07-08-17 44 02.990	  31.02722982 121.43959026 1.5  0.0 0.0
2015-07-08-17 44 03.092	  31.02722982 121.43959026 1.5  0.0 0.0
2015-07-08-17 44 03.253	  31.02722982 121.43959026 1.5  0.0 0.0
2015-07-08-17 44 03.355	  31.02722982 121.43959026 1.5  0.0 0.0
2015-07-08-17 44 03.475	  31.02722982 121.43959026 1.5  0.0 0.0
2015-07-08-17 44 03.582	  31.02722982 121.43959026 1.5  0.0 0.0
2015-07-08-17 44 03.686	  31.02722982 121.43959026 1.5  0.0 0.0
2015-07-08-17 44 03.850	  31.02722982 121.43959026 1.5  0.0 0.0
2015-07-08-17 44 03.953	  31.02722982 121.43959026 1.5  0.0 0.0
2015-07-08-17 44 04.056	  31.02722982 121.43959026 1.5  0.0 0.0
2015-07-08-17 44 04.164	  31.02722982 121.43959026 1.5  0.0 0.0
2015-07-08-17 44 04.267	  31.02720668 121.439603 1.5  0.0 0.0
2015-07-08-17 44 04.403	  31.02720668 121.439603 1.5  0.0 0.0
2015-07-08-17 44 04.518	  31.02720668 121.439603 1.5  0.0 0.0
2015-07-08-17 44 04.620	  31.02720668 121.439603 1.5  0.0 0.0
2015-07-08-17 44 04.789	  31.02720668 121.439603 1.5  0.0 0.0
2015-07-08-17 44 04.895	  31.02720668 121.439603 1.5  0.0 0.0
2015-07-08-17 44 05.001	  31.02720668 121.439603 1.5  0.0 0.0
2015-07-08-17 44 05.154	  31.02720668 121.439603 1.5  0.0 0.0
2015-07-08-17 44 05.271	  31.02720668 121.439603 1.5  0.0 0.0
2015-07-08-17 44 05.396	  31.02720668 121.439603 1.5  0.0 0.0
2015-07-08-17 44 05.501	  31.02720668 121.439603 1.5  0.0 0.0
2015-07-08-17 44 05.606	  31.02720668 121.439603 1.5  0.0 0.0
2015-07-08-17 44 05.775	  31.02720668 121.439603 1.5  0.0 0.0
2015-07-08-17 44 05.876	  31.02720668 121.439603 1.5  0.0 0.0
2015-07-08-17 44 05.979	  31.02720668 121.439603 1.5  0.0 0.0
2015-07-08-17 44 06.150	  31.02720668 121.439603 1.5  0.0 0.0
2015-07-08-17 44 06.251	  31.02718399 121.43961683 1.5  0.0 0.0
2015-07-08-17 44 06.369	  31.02718399 121.43961683 1.5  0.0 0.0
2015-07-08-17 44 06.493	  31.02718399 121.43961683 1.5  0.0 0.0
2015-07-08-17 44 06.596	  31.02718399 121.43961683 1.5  0.0 0.0
2015-07-08-17 44 06.729	  31.02718399 121.43961683 1.5  0.0 0.0
2015-07-08-17 44 06.916	  31.02718399 121.43961683 1.5  0.0 0.0
2015-07-08-17 44 07.017	  31.02718399 121.43961683 1.5  0.0 0.0
2015-07-08-17 44 07.134	  31.02718399 121.43961683 1.5  0.0 0.0
2015-07-08-17 44 07.302	  31.02718399 121.43961683 1.5  0.0 0.0
2015-07-08-17 44 07.405	  31.02718399 121.43961683 1.5  0.0 0.0
2015-07-08-17 44 07.550	  31.02718399 121.43961683 1.5  0.0 0.0
2015-07-08-17 44 07.669	  31.02718399 121.43961683 1.5  0.0 0.0
2015-07-08-17 44 07.771	  31.02718399 121.43961683 1.5  0.0 0.0
2015-07-08-17 44 07.916	  31.02718399 121.43961683 1.5  0.0 0.0
2015-07-08-17 44 08.037	  31.02718399 121.43961683 1.5  0.0 0.0
2015-07-08-17 44 08.139	  31.02716071 121.43962884 1.5  0.0 0.0
2015-07-08-17 44 08.301	  31.02716071 121.43962884 1.5  0.0 0.0
2015-07-08-17 44 08.442	  31.02716071 121.43962884 1.5  0.0 0.0
2015-07-08-17 44 08.545	  31.02716071 121.43962884 1.5  0.0 0.0
2015-07-08-17 44 08.687	  31.02716071 121.43962884 1.5  0.0 0.0
2015-07-08-17 44 08.844	  31.02716071 121.43962884 1.5  0.0 0.0
2015-07-08-17 44 08.948	  31.02716071 121.43962884 1.5  0.0 0.0
2015-07-08-17 44 09.101	  31.02716071 121.43962884 1.5  0.0 0.0
2015-07-08-17 44 09.250	  31.02716071 121.43962884 1.5  0.0 0.0
2015-07-08-17 44 09.352	  31.02716071 121.43962884 1.5  0.0 0.0
2015-07-08-17 44 09.502	  31.02716071 121.43962884 1.5  0.0 0.0
2015-07-08-17 44 09.641	  31.02716071 121.43962884 1.5  0.0 0.0
2015-07-08-17 44 09.743	  31.02716071 121.43962884 1.5  0.0 0.0
2015-07-08-17 44 09.899	  31.02716071 121.43962884 1.5  0.0 0.0
2015-07-08-17 44 10.040	  31.02716071 121.43962884 1.5  0.0 0.0
2015-07-08-17 44 10.145	  31.02716071 121.43962884 1.5  0.0 0.0
2015-07-08-17 44 10.306	  31.02713694 121.4396413 1.5  0.0 0.0
2015-07-08-17 44 10.462	  31.02713694 121.4396413 1.5  0.0 0.0
2015-07-08-17 44 10.586	  31.02713694 121.4396413 1.5  0.0 0.0
2015-07-08-17 44 10.691	  31.02713694 121.4396413 1.5  0.0 0.0
2015-07-08-17 44 10.797	  31.02713694 121.4396413 1.5  0.0 0.0
2015-07-08-17 44 10.953	  31.02713694 121.4396413 1.5  0.0 0.0
2015-07-08-17 44 11.056	  31.02713694 121.4396413 1.5  0.0 0.0
2015-07-08-17 44 11.159	  31.02713694 121.4396413 1.5  0.0 0.0
2015-07-08-17 44 11.304	  31.02713694 121.4396413 1.5  0.0 0.0
2015-07-08-17 44 11.407	  31.02713694 121.4396413 1.5  0.0 0.0
2015-07-08-17 44 11.553	  31.02713694 121.4396413 1.5  0.0 0.0
2015-07-08-17 44 11.671	  31.02713694 121.4396413 1.5  0.0 0.0
2015-07-08-17 44 11.776	  31.02713694 121.4396413 1.5  0.0 0.0
2015-07-08-17 44 11.952	  31.02713694 121.4396413 1.5  0.0 0.0
2015-07-08-17 44 12.096	  31.02713694 121.4396413 1.5  0.0 0.0
2015-07-08-17 44 12.198	  31.02713694 121.4396413 1.5  0.0 0.0
2015-07-08-17 44 12.348	  31.02711291 121.43965228 1.5  0.0 0.0
2015-07-08-17 44 12.494	  31.02711291 121.43965228 1.5  0.0 0.0
2015-07-08-17 44 12.596	  31.02711291 121.43965228 1.5  0.0 0.0
2015-07-08-17 44 12.713	  31.02711291 121.43965228 1.5  0.0 0.0
2015-07-08-17 44 12.847	  31.02711291 121.43965228 1.5  0.0 0.0
2015-07-08-17 44 12.964	  31.02711291 121.43965228 1.5  0.0 0.0
2015-07-08-17 44 13.066	  31.02711291 121.43965228 1.5  0.0 0.0
2015-07-08-17 44 13.232	  31.02711291 121.43965228 1.5  0.0 0.0
2015-07-08-17 44 13.388	  31.02711291 121.43965228 1.5  0.0 0.0
2015-07-08-17 44 13.498	  31.02711291 121.43965228 1.5  0.0 0.0
2015-07-08-17 44 13.656	  31.02711291 121.43965228 1.5  0.0 0.0
2015-07-08-17 44 13.789	  31.02711291 121.43965228 1.5  0.0 0.0
2015-07-08-17 44 13.891	  31.02711291 121.43965228 1.5  0.0 0.0
2015-07-08-17 44 14.049	  31.02711291 121.43965228 1.5  0.0 0.0
2015-07-08-17 44 14.194	  31.02708962 121.43966489 1.5  0.0 0.0
2015-07-08-17 44 14.300	  31.02708962 121.43966489 1.5  0.0 0.0
2015-07-08-17 44 14.466	  31.02708962 121.43966489 1.5  0.0 0.0
2015-07-08-17 44 14.587	  31.02708962 121.43966489 1.5  0.0 0.0
2015-07-08-17 44 14.689	  31.02708962 121.43966489 1.5  0.0 0.0
2015-07-08-17 44 14.835	  31.02708962 121.43966489 1.5  0.0 0.0
2015-07-08-17 44 14.956	  31.02708962 121.43966489 1.5  0.0 0.0
2015-07-08-17 44 15.058	  31.02708962 121.43966489 1.5  0.0 0.0
2015-07-08-17 44 15.198	  31.02708962 121.43966489 1.5  0.0 0.0
2015-07-08-17 44 15.317	  31.02708962 121.43966489 1.5  0.0 0.0
2015-07-08-17 44 15.436	  31.02708962 121.43966489 1.5  0.0 0.0
2015-07-08-17 44 15.568	  31.02708962 121.43966489 1.5  0.0 0.0
2015-07-08-17 44 15.687	  31.02708962 121.43966489 1.5  0.0 0.0
2015-07-08-17 44 15.828	  31.02708962 121.43966489 1.5  0.0 0.0
2015-07-08-17 44 15.930	  31.02708962 121.43966489 1.5  0.0 0.0
2015-07-08-17 44 16.094	  31.02708962 121.43966489 1.5  0.0 0.0
2015-07-08-17 44 16.236	  31.02706601 121.43967715 1.5  0.0 0.0
2015-07-08-17 44 16.341	  31.02706601 121.43967715 1.5  0.0 0.0
2015-07-08-17 44 16.480	  31.02706601 121.43967715 1.5  0.0 0.0
2015-07-08-17 44 16.634	  31.02706601 121.43967715 1.5  0.0 0.0
2015-07-08-17 44 16.739	  31.02706601 121.43967715 1.5  0.0 0.0
2015-07-08-17 44 16.878	  31.02706601 121.43967715 1.5  0.0 0.0
2015-07-08-17 44 17.033	  31.02706601 121.43967715 1.5  0.0 0.0
2015-07-08-17 44 17.138	  31.02706601 121.43967715 1.5  0.0 0.0
2015-07-08-17 44 17.295	  31.02706601 121.43967715 1.5  0.0 0.0
2015-07-08-17 44 17.415	  31.02706601 121.43967715 1.5  0.0 0.0
2015-07-08-17 44 17.519	  31.02706601 121.43967715 1.5  0.0 0.0
2015-07-08-17 44 17.627	  31.02706601 121.43967715 1.5  0.0 0.0
2015-07-08-17 44 17.782	  31.02706601 121.43967715 1.5  0.0 0.0
2015-07-08-17 44 17.887	  31.02706601 121.43967715 1.5  0.0 0.0
2015-07-08-17 44 18.004	  31.02706601 121.43967715 1.5  0.0 0.0
2015-07-08-17 44 18.121	  31.02706601 121.43967715 1.5  0.0 0.0
2015-07-08-17 44 18.224	  31.02706601 121.43967715 1.5  0.0 0.0
2015-07-08-17 44 18.326	  31.02704237 121.4396875 1.5  0.0 0.0
2015-07-08-17 44 18.458	  31.02704237 121.4396875 1.5  0.0 0.0
2015-07-08-17 44 18.561	  31.02704237 121.4396875 1.5  0.0 0.0
2015-07-08-17 44 18.676	  31.02704237 121.4396875 1.5  0.0 0.0
2015-07-08-17 44 18.829	  31.02704237 121.4396875 1.5  0.0 0.0
2015-07-08-17 44 18.937	  31.02704237 121.4396875 1.5  0.0 0.0
2015-07-08-17 44 19.045	  31.02704237 121.4396875 1.5  0.0 0.0
2015-07-08-17 44 19.178	  31.02704237 121.4396875 1.5  0.0 0.0
2015-07-08-17 44 19.285	  31.02704237 121.4396875 1.5  0.0 0.0
2015-07-08-17 44 19.404	  31.02704237 121.4396875 1.5  0.0 0.0
2015-07-08-17 44 19.520	  31.02704237 121.4396875 1.5  0.0 0.0
2015-07-08-17 44 19.627	  31.02704237 121.4396875 1.5  0.0 0.0
2015-07-08-17 44 19.736	  31.02704237 121.4396875 1.5  0.0 0.0
2015-07-08-17 44 19.876	  31.02704237 121.4396875 1.5  0.0 0.0
2015-07-08-17 44 19.983	  31.02704237 121.4396875 1.5  0.0 0.0
2015-07-08-17 44 20.101	  31.02704237 121.4396875 1.5  0.0 0.0
2015-07-08-17 44 20.250	  31.02704237 121.4396875 1.5  0.0 0.0
2015-07-08-17 44 20.353	  31.02701921 121.43969815 1.5  0.0 0.0
2015-07-08-17 44 20.455	  31.02701921 121.43969815 1.5  0.0 0.0
2015-07-08-17 44 20.574	  31.02701921 121.43969815 1.5  0.0 0.0
2015-07-08-17 44 20.679	  31.02701921 121.43969815 1.5  0.0 0.0
2015-07-08-17 44 20.787	  31.02701921 121.43969815 1.5  0.0 0.0
2015-07-08-17 44 20.889	  31.02701921 121.43969815 1.5  0.0 0.0
2015-07-08-17 44 21.037	  31.02701921 121.43969815 1.5  0.0 0.0
2015-07-08-17 44 21.152	  31.02701921 121.43969815 1.5  0.0 0.0
2015-07-08-17 44 21.279	  31.02701921 121.43969815 1.5  0.0 0.0
2015-07-08-17 44 21.424	  31.02701921 121.43969815 1.5  0.0 0.0
2015-07-08-17 44 21.601	  31.02701921 121.43969815 1.5  0.0 0.0
2015-07-08-17 44 21.721	  31.02701921 121.43969815 1.5  0.0 0.0
2015-07-08-17 44 21.887	  31.02701921 121.43969815 1.5  0.0 0.0
2015-07-08-17 44 22.051	  31.02701921 121.43969815 1.5  0.0 0.0
2015-07-08-17 44 22.169	  31.02699657 121.43971205 1.5  0.0 0.0
2015-07-08-17 44 22.292	  31.02699657 121.43971205 1.5  0.0 0.0
2015-07-08-17 44 22.459	  31.02699657 121.43971205 1.5  0.0 0.0
2015-07-08-17 44 22.585	  31.02699657 121.43971205 1.5  0.0 0.0
2015-07-08-17 44 22.728	  31.02699657 121.43971205 1.5  0.0 0.0
2015-07-08-17 44 22.872	  31.02699657 121.43971205 1.5  0.0 0.0
2015-07-08-17 44 23.010	  31.02699657 121.43971205 1.5  0.0 0.0
2015-07-08-17 44 23.176	  31.02699657 121.43971205 1.5  0.0 0.0
2015-07-08-17 44 23.343	  31.02699657 121.43971205 1.5  0.0 0.0
2015-07-08-17 44 23.489	  31.02699657 121.43971205 1.5  0.0 0.0
2015-07-08-17 44 23.636	  31.02699657 121.43971205 1.5  0.0 0.0
2015-07-08-17 44 23.778	  31.02699657 121.43971205 1.5  0.0 0.0
2015-07-08-17 44 23.897	  31.02699657 121.43971205 1.5  0.0 0.0
2015-07-08-17 44 24.030	  31.02699657 121.43971205 1.5  0.0 0.0
2015-07-08-17 44 24.166	  31.02697381 121.43972481 1.5  0.0 0.0
2015-07-08-17 44 24.321	  31.02697381 121.43972481 1.5  0.0 0.0
2015-07-08-17 44 24.437	  31.02697381 121.43972481 1.5  0.0 0.0
2015-07-08-17 44 24.587	  31.02697381 121.43972481 1.5  0.0 0.0
2015-07-08-17 44 24.752	  31.02697381 121.43972481 1.5  0.0 0.0
2015-07-08-17 44 24.892	  31.02697381 121.43972481 1.5  0.0 0.0
2015-07-08-17 44 25.053	  31.02697381 121.43972481 1.5  0.0 0.0
2015-07-08-17 44 25.199	  31.02697381 121.43972481 1.5  0.0 0.0
2015-07-08-17 44 25.316	  31.02697381 121.43972481 1.5  0.0 0.0
2015-07-08-17 44 25.460	  31.02697381 121.43972481 1.5  0.0 0.0
2015-07-08-17 44 25.592	  31.02697381 121.43972481 1.5  0.0 0.0
2015-07-08-17 44 25.720	  31.02697381 121.43972481 1.5  0.0 0.0
2015-07-08-17 44 25.863	  31.02697381 121.43972481 1.5  0.0 0.0
2015-07-08-17 44 25.998	  31.02697381 121.43972481 1.5  0.0 0.0
2015-07-08-17 44 26.153	  31.02697381 121.43972481 1.5  0.0 0.0
2015-07-08-17 44 26.300	  31.02695098 121.43973588 1.5  0.0 0.0
2015-07-08-17 44 26.432	  31.02695098 121.43973588 1.5  0.0 0.0
2015-07-08-17 44 26.575	  31.02695098 121.43973588 1.5  0.0 0.0
2015-07-08-17 44 26.692	  31.02695098 121.43973588 1.5  0.0 0.0
2015-07-08-17 44 26.853	  31.02695098 121.43973588 1.5  0.0 0.0
2015-07-08-17 44 26.999	  31.02695098 121.43973588 1.5  0.0 0.0
2015-07-08-17 44 27.143	  31.02695098 121.43973588 1.5  0.0 0.0
2015-07-08-17 44 27.283	  31.02695098 121.43973588 1.5  0.0 0.0
2015-07-08-17 44 27.408	  31.02695098 121.43973588 1.5  0.0 0.0
2015-07-08-17 44 27.524	  31.02695098 121.43973588 1.5  0.0 0.0
2015-07-08-17 44 27.644	  31.02695098 121.43973588 1.5  0.0 0.0
2015-07-08-17 44 27.793	  31.02695098 121.43973588 1.5  0.0 0.0
2015-07-08-17 44 27.911	  31.02695098 121.43973588 1.5  0.0 0.0
2015-07-08-17 44 28.076	  31.02695098 121.43973588 1.5  0.0 0.0
2015-07-08-17 44 28.238	  31.02695098 121.43973588 1.5  0.0 0.0
2015-07-08-17 44 28.387	  31.02692878 121.43974684 1.5  0.0 0.0
2015-07-08-17 44 28.503	  31.02692878 121.43974684 1.5  0.0 0.0
2015-07-08-17 44 28.650	  31.02692878 121.43974684 1.5  0.0 0.0
2015-07-08-17 44 28.791	  31.02692878 121.43974684 1.5  0.0 0.0
2015-07-08-17 44 28.939	  31.02692878 121.43974684 1.5  0.0 0.0
2015-07-08-17 44 29.100	  31.02692878 121.43974684 1.5  0.0 0.0
2015-07-08-17 44 29.240	  31.02692878 121.43974684 1.5  0.0 0.0
2015-07-08-17 44 29.365	  31.02692878 121.43974684 1.5  0.0 0.0
2015-07-08-17 44 29.482	  31.02692878 121.43974684 1.5  0.0 0.0
2015-07-08-17 44 29.601	  31.02692878 121.43974684 1.5  0.0 0.0
2015-07-08-17 44 29.744	  31.02692878 121.43974684 1.5  0.0 0.0
2015-07-08-17 44 29.899	  31.02692878 121.43974684 1.5  0.0 0.0
2015-07-08-17 44 30.044	  31.02692878 121.43974684 1.5  0.0 0.0
2015-07-08-17 44 30.200	  31.02690658 121.43975746 1.5  0.0 0.0
2015-07-08-17 44 30.315	  31.02690658 121.43975746 1.5  0.0 0.0
2015-07-08-17 44 30.454	  31.02690658 121.43975746 1.5  0.0 0.0
2015-07-08-17 44 30.603	  31.02690658 121.43975746 1.5  0.0 0.0
2015-07-08-17 44 30.748	  31.02690658 121.43975746 1.5  0.0 0.0
2015-07-08-17 44 30.866	  31.02690658 121.43975746 1.5  0.0 0.0
2015-07-08-17 44 30.999	  31.02690658 121.43975746 1.5  0.0 0.0
2015-07-08-17 44 31.118	  31.02690658 121.43975746 1.5  0.0 0.0
2015-07-08-17 44 31.250	  31.02690658 121.43975746 1.5  0.0 0.0
2015-07-08-17 44 31.380	  31.02690658 121.43975746 1.5  0.0 0.0
2015-07-08-17 44 31.556	  31.02690658 121.43975746 1.5  0.0 0.0
2015-07-08-17 44 31.698	  31.02690658 121.43975746 1.5  0.0 0.0
2015-07-08-17 44 31.850	  31.02690658 121.43975746 1.5  0.0 0.0
2015-07-08-17 44 32.002	  31.02690658 121.43975746 1.5  0.0 0.0
2015-07-08-17 44 32.158	  31.02688347 121.43976675 1.5  0.0 0.0
2015-07-08-17 44 32.310	  31.02688347 121.43976675 1.5  0.0 0.0
2015-07-08-17 44 32.438	  31.02688347 121.43976675 1.5  0.0 0.0
2015-07-08-17 44 32.583	  31.02688347 121.43976675 1.5  0.0 0.0
2015-07-08-17 44 32.701	  31.02688347 121.43976675 1.5  0.0 0.0
2015-07-08-17 44 32.819	  31.02688347 121.43976675 1.5  0.0 0.0
2015-07-08-17 44 32.966	  31.02688347 121.43976675 1.5  0.0 0.0
2015-07-08-17 44 33.123	  31.02688347 121.43976675 1.5  0.0 0.0
2015-07-08-17 44 33.262	  31.02688347 121.43976675 1.5  0.0 0.0
2015-07-08-17 44 33.426	  31.02688347 121.43976675 1.5  0.0 0.0
2015-07-08-17 44 33.572	  31.02688347 121.43976675 1.5  0.0 0.0
2015-07-08-17 44 33.743	  31.02688347 121.43976675 1.5  0.0 0.0
2015-07-08-17 44 33.880	  31.02688347 121.43976675 1.5  0.0 0.0
2015-07-08-17 44 33.996	  31.02688347 121.43976675 1.5  0.0 0.0
2015-07-08-17 44 34.112	  31.02688347 121.43976675 1.5  0.0 0.0
2015-07-08-17 44 34.247	  31.02688347 121.43976675 1.5  0.0 0.0
2015-07-08-17 44 34.400	  31.02686045 121.4397763 1.5  0.0 0.0
2015-07-08-17 44 34.517	  31.02686045 121.4397763 1.5  0.0 0.0
2015-07-08-17 44 34.662	  31.02686045 121.4397763 1.5  0.0 0.0
2015-07-08-17 44 34.814	  31.02686045 121.4397763 1.5  0.0 0.0
2015-07-08-17 44 34.967	  31.02686045 121.4397763 1.5  0.0 0.0
2015-07-08-17 44 35.117	  31.02686045 121.4397763 1.5  0.0 0.0
2015-07-08-17 44 35.272	  31.02686045 121.4397763 1.5  0.0 0.0
2015-07-08-17 44 35.418	  31.02686045 121.4397763 1.5  0.0 0.0
2015-07-08-17 44 35.572	  31.02686045 121.4397763 1.5  0.0 0.0
2015-07-08-17 44 35.727	  31.02686045 121.4397763 1.5  0.0 0.0
2015-07-08-17 44 35.857	  31.02686045 121.4397763 1.5  0.0 0.0
2015-07-08-17 44 36.004	  31.02686045 121.4397763 1.5  0.0 0.0
2015-07-08-17 44 36.146	  31.02686045 121.4397763 1.5  0.0 0.0
2015-07-08-17 44 36.287	  31.02683733 121.43978407 1.5  0.0 0.0
2015-07-08-17 44 36.416	  31.02683733 121.43978407 1.5  0.0 0.0
2015-07-08-17 44 36.535	  31.02683733 121.43978407 1.5  0.0 0.0
2015-07-08-17 44 36.680	  31.02683733 121.43978407 1.5  0.0 0.0
2015-07-08-17 44 36.783	  31.02683733 121.43978407 1.5  0.0 0.0
2015-07-08-17 44 36.885	  31.02683733 121.43978407 1.5  0.0 0.0
2015-07-08-17 44 37.022	  31.02683733 121.43978407 1.5  0.0 0.0
2015-07-08-17 44 37.199	  31.02683733 121.43978407 1.5  0.0 0.0
2015-07-08-17 44 37.318	  31.02683733 121.43978407 1.5  0.0 0.0
2015-07-08-17 44 37.436	  31.02683733 121.43978407 1.5  0.0 0.0
2015-07-08-17 44 37.554	  31.02683733 121.43978407 1.5  0.0 0.0
2015-07-08-17 44 37.691	  31.02683733 121.43978407 1.5  0.0 0.0
2015-07-08-17 44 37.840	  31.02683733 121.43978407 1.5  0.0 0.0
2015-07-08-17 44 37.986	  31.02683733 121.43978407 1.5  0.0 0.0
2015-07-08-17 44 38.125	  31.02681411 121.43979043 1.5  0.0 0.0
2015-07-08-17 44 38.311	  31.02681411 121.43979043 1.5  0.0 0.0
2015-07-08-17 44 38.430	  31.02681411 121.43979043 1.5  0.0 0.0
2015-07-08-17 44 38.555	  31.02681411 121.43979043 1.5  0.0 0.0
2015-07-08-17 44 38.710	  31.02681411 121.43979043 1.5  0.0 0.0
2015-07-08-17 44 38.856	  31.02681411 121.43979043 1.5  0.0 0.0
2015-07-08-17 44 38.997	  31.02681411 121.43979043 1.5  0.0 0.0
2015-07-08-17 44 39.148	  31.02681411 121.43979043 1.5  0.0 0.0
2015-07-08-17 44 39.275	  31.02681411 121.43979043 1.5  0.0 0.0
2015-07-08-17 44 39.394	  31.02681411 121.43979043 1.5  0.0 0.0
2015-07-08-17 44 39.513	  31.02681411 121.43979043 1.5  0.0 0.0
2015-07-08-17 44 39.674	  31.02681411 121.43979043 1.5  0.0 0.0
2015-07-08-17 44 39.795	  31.02681411 121.43979043 1.5  0.0 0.0
2015-07-08-17 44 39.937	  31.02681411 121.43979043 1.5  0.0 0.0
2015-07-08-17 44 40.081	  31.02681411 121.43979043 1.5  0.0 0.0
2015-07-08-17 44 40.207	  31.02679038 121.43979934 1.5  0.0 0.0
2015-07-08-17 44 40.323	  31.02679038 121.43979934 1.5  0.0 0.0
2015-07-08-17 44 40.452	  31.02679038 121.43979934 1.5  0.0 0.0
2015-07-08-17 44 40.612	  31.02679038 121.43979934 1.5  0.0 0.0
2015-07-08-17 44 40.775	  31.02679038 121.43979934 1.5  0.0 0.0
2015-07-08-17 44 40.892	  31.02679038 121.43979934 1.5  0.0 0.0
2015-07-08-17 44 41.033	  31.02679038 121.43979934 1.5  0.0 0.0
2015-07-08-17 44 41.190	  31.02679038 121.43979934 1.5  0.0 0.0
2015-07-08-17 44 41.307	  31.02679038 121.43979934 1.5  0.0 0.0
2015-07-08-17 44 41.444	  31.02679038 121.43979934 1.5  0.0 0.0
2015-07-08-17 44 41.559	  31.02679038 121.43979934 1.5  0.0 0.0
2015-07-08-17 44 41.695	  31.02679038 121.43979934 1.5  0.0 0.0
2015-07-08-17 44 41.848	  31.02679038 121.43979934 1.5  0.0 0.0
2015-07-08-17 44 41.985	  31.02679038 121.43979934 1.5  0.0 0.0
2015-07-08-17 44 42.101	  31.02679038 121.43979934 1.5  0.0 0.0
2015-07-08-17 44 42.262	  31.02679038 121.43979934 1.5  0.0 0.0
2015-07-08-17 44 42.418	  31.02676602 121.43981068 1.5  0.0 0.0
2015-07-08-17 44 42.561	  31.02676602 121.43981068 1.5  0.0 0.0
2015-07-08-17 44 42.711	  31.02676602 121.43981068 1.5  0.0 0.0
2015-07-08-17 44 42.855	  31.02676602 121.43981068 1.5  0.0 0.0
2015-07-08-17 44 43.002	  31.02676602 121.43981068 1.5  0.0 0.0
2015-07-08-17 44 43.118	  31.02676602 121.43981068 1.5  0.0 0.0
2015-07-08-17 44 43.288	  31.02676602 121.43981068 1.5  0.0 0.0
2015-07-08-17 44 43.453	  31.02676602 121.43981068 1.5  0.0 0.0
2015-07-08-17 44 43.582	  31.02676602 121.43981068 1.5  0.0 0.0
2015-07-08-17 44 43.697	  31.02676602 121.43981068 1.5  0.0 0.0
2015-07-08-17 44 43.839	  31.02676602 121.43981068 1.5  0.0 0.0
2015-07-08-17 44 43.986	  31.02676602 121.43981068 1.5  0.0 0.0
2015-07-08-17 44 44.104	  31.02676602 121.43981068 1.5  0.0 0.0
2015-07-08-17 44 44.259	  31.02676602 121.43981068 1.5  0.0 0.0
2015-07-08-17 44 44.426	  31.02674108 121.43982121 1.5  0.0 0.0
2015-07-08-17 44 44.588	  31.02674108 121.43982121 1.5  0.0 0.0
2015-07-08-17 44 44.729	  31.02674108 121.43982121 1.5  0.0 0.0
2015-07-08-17 44 44.879	  31.02674108 121.43982121 1.5  0.0 0.0
2015-07-08-17 44 45.035	  31.02674108 121.43982121 1.5  0.0 0.0
2015-07-08-17 44 45.198	  31.02674108 121.43982121 1.5  0.0 0.0
2015-07-08-17 44 45.318	  31.02674108 121.43982121 1.5  0.0 0.0
2015-07-08-17 44 45.477	  31.02674108 121.43982121 1.5  0.0 0.0
2015-07-08-17 44 45.639	  31.02674108 121.43982121 1.5  0.0 0.0
2015-07-08-17 44 45.788	  31.02674108 121.43982121 1.5  0.0 0.0
2015-07-08-17 44 45.907	  31.02674108 121.43982121 1.5  0.0 0.0
2015-07-08-17 44 46.091	  31.02674108 121.43982121 1.5  0.0 0.0
2015-07-08-17 44 46.257	  31.02671598 121.43983222 1.5  0.0 0.0
2015-07-08-17 44 46.372	  31.02671598 121.43983222 1.5  0.0 0.0
2015-07-08-17 44 46.487	  31.02671598 121.43983222 1.5  0.0 0.0
2015-07-08-17 44 46.653	  31.02671598 121.43983222 1.5  0.0 0.0
2015-07-08-17 44 46.796	  31.02671598 121.43983222 1.5  0.0 0.0
2015-07-08-17 44 46.916	  31.02671598 121.43983222 1.5  0.0 0.0
2015-07-08-17 44 47.087	  31.02671598 121.43983222 1.5  0.0 0.0
2015-07-08-17 44 47.232	  31.02671598 121.43983222 1.5  0.0 0.0
2015-07-08-17 44 47.361	  31.02671598 121.43983222 1.5  0.0 0.0
2015-07-08-17 44 47.480	  31.02671598 121.43983222 1.5  0.0 0.0
2015-07-08-17 44 47.647	  31.02671598 121.43983222 1.5  0.0 0.0
2015-07-08-17 44 47.765	  31.02671598 121.43983222 1.5  0.0 0.0
2015-07-08-17 44 47.882	  31.02671598 121.43983222 1.5  0.0 0.0
2015-07-08-17 44 48.044	  31.02671598 121.43983222 1.5  0.0 0.0
2015-07-08-17 44 48.163	  31.02669065 121.43984346 1.5  0.0 0.0
2015-07-08-17 44 48.291	  31.02669065 121.43984346 1.5  0.0 0.0
2015-07-08-17 44 48.441	  31.02669065 121.43984346 1.5  0.0 0.0
2015-07-08-17 44 48.568	  31.02669065 121.43984346 1.5  0.0 0.0
2015-07-08-17 44 48.705	  31.02669065 121.43984346 1.5  0.0 0.0
2015-07-08-17 44 48.836	  31.02669065 121.43984346 1.5  0.0 0.0
2015-07-08-17 44 48.989	  31.02669065 121.43984346 1.5  0.0 0.0
2015-07-08-17 44 49.143	  31.02669065 121.43984346 1.5  0.0 0.0
2015-07-08-17 44 49.261	  31.02669065 121.43984346 1.5  0.0 0.0
2015-07-08-17 44 49.405	  31.02669065 121.43984346 1.5  0.0 0.0
2015-07-08-17 44 49.547	  31.02669065 121.43984346 1.5  0.0 0.0
2015-07-08-17 44 49.689	  31.02669065 121.43984346 1.5  0.0 0.0
2015-07-08-17 44 49.831	  31.02669065 121.43984346 1.5  0.0 0.0
2015-07-08-17 44 49.949	  31.02669065 121.43984346 1.5  0.0 0.0
2015-07-08-17 44 50.071	  31.02669065 121.43984346 1.5  0.0 0.0
2015-07-08-17 44 50.205	  31.02666511 121.43985452 1.5  0.0 0.0
2015-07-08-17 44 50.336	  31.02666511 121.43985452 1.5  0.0 0.0
2015-07-08-17 44 50.481	  31.02666511 121.43985452 1.5  0.0 0.0
2015-07-08-17 44 50.622	  31.02666511 121.43985452 1.5  0.0 0.0
2015-07-08-17 44 50.741	  31.02666511 121.43985452 1.5  0.0 0.0
2015-07-08-17 44 50.884	  31.02666511 121.43985452 1.5  0.0 0.0
2015-07-08-17 44 51.068	  31.02666511 121.43985452 1.5  0.0 0.0
2015-07-08-17 44 51.212	  31.02666511 121.43985452 1.5  0.0 0.0
2015-07-08-17 44 51.332	  31.02666511 121.43985452 1.5  0.0 0.0
2015-07-08-17 44 51.501	  31.02666511 121.43985452 1.5  0.0 0.0
2015-07-08-17 44 51.659	  31.02666511 121.43985452 1.5  0.0 0.0
2015-07-08-17 44 51.808	  31.02666511 121.43985452 1.5  0.0 0.0
2015-07-08-17 44 51.929	  31.02666511 121.43985452 1.5  0.0 0.0
2015-07-08-17 44 52.058	  31.02666511 121.43985452 1.5  0.0 0.0
2015-07-08-17 44 52.198	  31.02664052 121.43986746 1.5  0.0 0.0
2015-07-08-17 44 52.346	  31.02664052 121.43986746 1.5  0.0 0.0
2015-07-08-17 44 52.508	  31.02664052 121.43986746 1.5  0.0 0.0
2015-07-08-17 44 52.625	  31.02664052 121.43986746 1.5  0.0 0.0
2015-07-08-17 44 52.728	  31.02664052 121.43986746 1.5  0.0 0.0
2015-07-08-17 44 52.835	  31.02664052 121.43986746 1.5  0.0 0.0
2015-07-08-17 44 52.940	  31.02664052 121.43986746 1.5  0.0 0.0
2015-07-08-17 44 53.102	  31.02664052 121.43986746 1.5  0.0 0.0
2015-07-08-17 44 53.254	  31.02664052 121.43986746 1.5  0.0 0.0
2015-07-08-17 44 53.398	  31.02664052 121.43986746 1.5  0.0 0.0
2015-07-08-17 44 53.515	  31.02664052 121.43986746 1.5  0.0 0.0
2015-07-08-17 44 53.657	  31.02664052 121.43986746 1.5  0.0 0.0
