2015-06-30-22 55 19.004	  31.02654146 121.4399053 1.25  0.0 0.0
2015-06-30-22 55 19.506	  31.02654146 121.4399053 1.25  0.0 0.0
2015-06-30-22 55 20.008	  31.02654146 121.4399053 1.25  0.0 0.0
2015-06-30-22 55 20.509	  31.02654146 121.4399053 1.25  0.0 0.0
2015-06-30-22 55 21.012	  31.02657228 121.43988811 1.5  0.0 0.0
2015-06-30-22 55 21.515	  31.02657228 121.43988811 1.5  0.0 0.0
2015-06-30-22 55 22.024	  31.02657228 121.43988811 1.5  0.0 0.0
2015-06-30-22 55 22.528	  31.02657228 121.43988811 1.5  0.0 0.0
2015-06-30-22 55 23.030	  31.0266026 121.4398705 1.75  0.0 0.0
2015-06-30-22 55 23.535	  31.0266026 121.4398705 1.75  0.0 0.0
2015-06-30-22 55 24.037	  31.0266026 121.4398705 1.75  0.0 0.0
2015-06-30-22 55 24.540	  31.02663253 121.43985208 1.75  0.0 0.0
2015-06-30-22 55 25.041	  31.02663253 121.43985208 1.75  0.0 0.0
2015-06-30-22 55 25.543	  31.02663253 121.43985208 1.75  0.0 0.0
2015-06-30-22 55 26.067	  31.02663253 121.43985208 1.75  0.0 0.0
2015-06-30-22 55 26.573	  31.02663253 121.43985208 1.75  0.0 0.0
2015-06-30-22 55 27.075	  31.02666325 121.43983431 1.75  0.0 0.0
2015-06-30-22 55 27.581	  31.02666325 121.43983431 1.75  0.0 0.0
2015-06-30-22 55 28.086	  31.02666325 121.43983431 1.75  0.0 0.0
2015-06-30-22 55 28.589	  31.02666325 121.43983431 1.75  0.0 0.0
2015-06-30-22 55 29.091	  31.02669393 121.43981973 1.75  0.0 0.0
2015-06-30-22 55 29.599	  31.02669393 121.43981973 1.75  0.0 0.0
2015-06-30-22 55 30.102	  31.02669393 121.43981973 1.75  0.0 0.0
2015-06-30-22 55 30.605	  31.02672525 121.43980455 1.75  0.0 0.0
2015-06-30-22 55 31.120	  31.02672525 121.43980455 1.75  0.0 0.0
2015-06-30-22 55 31.624	  31.02672525 121.43980455 1.75  0.0 0.0
2015-06-30-22 55 32.126	  31.02672525 121.43980455 1.75  0.0 0.0
2015-06-30-22 55 32.630	  31.02675679 121.43979176 1.75  0.0 0.0
2015-06-30-22 55 33.132	  31.02675679 121.43979176 1.75  0.0 0.0
2015-06-30-22 55 33.638	  31.02675679 121.43979176 1.75  0.0 0.0
2015-06-30-22 55 34.140	  31.02675679 121.43979176 1.75  0.0 0.0
2015-06-30-22 55 34.643	  31.02678705 121.43977748 1.75  0.0 0.0
2015-06-30-22 55 35.145	  31.02678705 121.43977748 1.75  0.0 0.0
2015-06-30-22 55 35.652	  31.02678705 121.43977748 1.75  0.0 0.0
2015-06-30-22 55 36.155	  31.02678705 121.43977748 1.75  0.0 0.0
2015-06-30-22 55 36.674	  31.02681654 121.43976379 1.75  0.0 0.0
2015-06-30-22 55 37.182	  31.02681654 121.43976379 1.75  0.0 0.0
2015-06-30-22 55 37.687	  31.02681654 121.43976379 1.75  0.0 0.0
2015-06-30-22 55 38.189	  31.02681654 121.43976379 1.75  0.0 0.0
2015-06-30-22 55 38.696	  31.02681654 121.43976379 1.75  0.0 0.0
2015-06-30-22 55 39.197	  31.02684767 121.43974994 1.75  0.0 0.0
2015-06-30-22 55 39.699	  31.02684767 121.43974994 1.75  0.0 0.0
2015-06-30-22 55 40.208	  31.02684767 121.43974994 1.75  0.0 0.0
2015-06-30-22 55 40.713	  31.02687862 121.4397354 1.75  0.0 0.0
2015-06-30-22 55 41.215	  31.02687862 121.4397354 1.75  0.0 0.0
2015-06-30-22 55 41.720	  31.02687862 121.4397354 1.75  0.0 0.0
2015-06-30-22 55 42.224	  31.02687862 121.4397354 1.75  0.0 0.0
2015-06-30-22 55 42.728	  31.02687862 121.4397354 1.75  0.0 0.0
2015-06-30-22 55 43.240	  31.02690849 121.43971842 1.75  0.0 0.0
2015-06-30-22 55 43.741	  31.02690849 121.43971842 1.75  0.0 0.0
2015-06-30-22 55 44.269	  31.02690849 121.43971842 1.75  0.0 0.0
2015-06-30-22 55 44.771	  31.02693928 121.43970438 1.75  0.0 0.0
2015-06-30-22 55 45.276	  31.02693928 121.43970438 1.75  0.0 0.0
2015-06-30-22 55 45.785	  31.02693928 121.43970438 1.75  0.0 0.0
2015-06-30-22 55 46.287	  31.02693928 121.43970438 1.75  0.0 0.0
2015-06-30-22 55 46.802	  31.02697 121.43969179 1.75  0.0 0.0
2015-06-30-22 55 47.306	  31.02697 121.43969179 1.75  0.0 0.0
2015-06-30-22 55 47.814	  31.02697 121.43969179 1.75  0.0 0.0
2015-06-30-22 55 48.318	  31.02697 121.43969179 1.75  0.0 0.0
2015-06-30-22 55 48.823	  31.02700009 121.4396785 1.75  0.0 0.0
2015-06-30-22 55 49.328	  31.02700009 121.4396785 1.75  0.0 0.0
2015-06-30-22 55 49.829	  31.02700009 121.4396785 1.75  0.0 0.0
2015-06-30-22 55 50.332	  31.02700009 121.4396785 1.75  0.0 0.0
2015-06-30-22 55 50.833	  31.02703089 121.43966522 1.75  0.0 0.0
2015-06-30-22 55 51.335	  31.02703089 121.43966522 1.75  0.0 0.0
2015-06-30-22 55 51.837	  31.02703089 121.43966522 1.75  0.0 0.0
2015-06-30-22 55 52.342	  31.02703089 121.43966522 1.75  0.0 0.0
2015-06-30-22 55 52.844	  31.02706255 121.43965457 1.75  0.0 0.0
2015-06-30-22 55 53.346	  31.02706255 121.43965457 1.75  0.0 0.0
2015-06-30-22 55 53.852	  31.02706255 121.43965457 1.75  0.0 0.0
2015-06-30-22 55 54.355	  31.02706255 121.43965457 1.75  0.0 0.0
2015-06-30-22 55 54.858	  31.02709265 121.43964033 1.75  0.0 0.0
2015-06-30-22 55 55.365	  31.02709265 121.43964033 1.75  0.0 0.0
2015-06-30-22 55 55.870	  31.02709265 121.43964033 1.75  0.0 0.0
2015-06-30-22 55 56.376	  31.02709265 121.43964033 1.75  0.0 0.0
2015-06-30-22 55 56.879	  31.02712216 121.43962655 1.75  0.0 0.0
2015-06-30-22 55 57.386	  31.02712216 121.43962655 1.75  0.0 0.0
2015-06-30-22 55 57.888	  31.02712216 121.43962655 1.75  0.0 0.0
2015-06-30-22 55 58.395	  31.02712216 121.43962655 1.75  0.0 0.0
2015-06-30-22 55 58.898	  31.02715184 121.43961094 1.75  0.0 0.0
2015-06-30-22 55 59.401	  31.02715184 121.43961094 1.75  0.0 0.0
2015-06-30-22 55 59.906	  31.02715184 121.43961094 1.75  0.0 0.0
2015-06-30-22 56 00.410	  31.02715184 121.43961094 1.75  0.0 0.0
2015-06-30-22 56 00.915	  31.02718233 121.43959541 1.75  0.0 0.0
2015-06-30-22 56 01.418	  31.02718233 121.43959541 1.75  0.0 0.0
2015-06-30-22 56 01.923	  31.02718233 121.43959541 1.75  0.0 0.0
2015-06-30-22 56 02.427	  31.02718233 121.43959541 1.75  0.0 0.0
2015-06-30-22 56 02.932	  31.02721271 121.43958341 1.75  0.0 0.0
2015-06-30-22 56 03.438	  31.02721271 121.43958341 1.75  0.0 0.0
2015-06-30-22 56 03.942	  31.02721271 121.43958341 1.75  0.0 0.0
2015-06-30-22 56 04.452	  31.02721271 121.43958341 1.75  0.0 0.0
2015-06-30-22 56 04.957	  31.02724317 121.43957388 1.75  0.0 0.0
2015-06-30-22 56 05.462	  31.02724317 121.43957388 1.75  0.0 0.0
2015-06-30-22 56 05.967	  31.02724317 121.43957388 1.75  0.0 0.0
2015-06-30-22 56 06.471	  31.02724317 121.43957388 1.75  0.0 0.0
2015-06-30-22 56 06.974	  31.02727234 121.43956145 1.75  0.0 0.0
2015-06-30-22 56 07.481	  31.02727234 121.43956145 1.75  0.0 0.0
2015-06-30-22 56 07.985	  31.02727234 121.43956145 1.75  0.0 0.0
2015-06-30-22 56 08.489	  31.02727234 121.43956145 1.75  0.0 0.0
2015-06-30-22 56 08.996	  31.02730014 121.43954525 1.75  0.0 0.0
2015-06-30-22 56 09.500	  31.02730014 121.43954525 1.75  0.0 0.0
2015-06-30-22 56 10.001	  31.02730014 121.43954525 1.75  0.0 0.0
2015-06-30-22 56 10.508	  31.02730014 121.43954525 1.75  0.0 0.0
2015-06-30-22 56 11.019	  31.0273281 121.43952929 1.75  0.0 0.0
2015-06-30-22 56 11.526	  31.0273281 121.43952929 1.75  0.0 0.0
2015-06-30-22 56 12.054	  31.0273281 121.43952929 1.75  0.0 0.0
2015-06-30-22 56 12.561	  31.02735547 121.4395143 1.75  0.0 0.0
2015-06-30-22 56 13.076	  31.02735547 121.4395143 1.75  0.0 0.0
2015-06-30-22 56 13.581	  31.02735547 121.4395143 1.75  0.0 0.0
2015-06-30-22 56 14.084	  31.02735547 121.4395143 1.75  0.0 0.0
2015-06-30-22 56 14.592	  31.02735547 121.4395143 1.75  0.0 0.0
2015-06-30-22 56 15.131	  31.02738333 121.43949996 1.75  0.0 0.0
2015-06-30-22 56 15.633	  31.02738333 121.43949996 1.75  0.0 0.0
2015-06-30-22 56 16.139	  31.02738333 121.43949996 1.75  0.0 0.0
2015-06-30-22 56 16.676	  31.02741372 121.4394891 1.75  0.0 0.0
2015-06-30-22 56 17.178	  31.02741372 121.4394891 1.75  0.0 0.0
2015-06-30-22 56 17.684	  31.02741372 121.4394891 1.75  0.0 0.0
2015-06-30-22 56 18.186	  31.02741372 121.4394891 1.75  0.0 0.0
2015-06-30-22 56 18.700	  31.02744457 121.43947903 1.75  0.0 0.0
2015-06-30-22 56 19.202	  31.02744457 121.43947903 1.75  0.0 0.0
2015-06-30-22 56 19.714	  31.02744457 121.43947903 1.75  0.0 0.0
2015-06-30-22 56 20.226	  31.02744457 121.43947903 1.75  0.0 0.0
2015-06-30-22 56 20.728	  31.0274754 121.43946925 1.75  0.0 0.0
2015-06-30-22 56 21.235	  31.0274754 121.43946925 1.75  0.0 0.0
2015-06-30-22 56 21.741	  31.0274754 121.43946925 1.75  0.0 0.0
2015-06-30-22 56 22.252	  31.0274754 121.43946925 1.75  0.0 0.0
2015-06-30-22 56 22.758	  31.02750532 121.43945722 1.75  0.0 0.0
2015-06-30-22 56 23.267	  31.02750532 121.43945722 1.75  0.0 0.0
2015-06-30-22 56 23.774	  31.02750532 121.43945722 1.75  0.0 0.0
2015-06-30-22 56 24.279	  31.02750532 121.43945722 1.75  0.0 0.0
2015-06-30-22 56 24.781	  31.02753531 121.43944287 1.75  0.0 0.0
2015-06-30-22 56 25.283	  31.02753531 121.43944287 1.75  0.0 0.0
2015-06-30-22 56 25.797	  31.02753531 121.43944287 1.75  0.0 0.0
2015-06-30-22 56 26.301	  31.02753531 121.43944287 1.75  0.0 0.0
2015-06-30-22 56 26.811	  31.02756582 121.43943068 1.75  0.0 0.0
2015-06-30-22 56 27.315	  31.02756582 121.43943068 1.75  0.0 0.0
2015-06-30-22 56 27.825	  31.02756582 121.43943068 1.75  0.0 0.0
2015-06-30-22 56 28.327	  31.02756582 121.43943068 1.75  0.0 0.0
2015-06-30-22 56 28.837	  31.02759604 121.43941696 1.75  0.0 0.0
2015-06-30-22 56 29.343	  31.02759604 121.43941696 1.75  0.0 0.0
2015-06-30-22 56 29.859	  31.02759604 121.43941696 1.75  0.0 0.0
2015-06-30-22 56 30.368	  31.02759604 121.43941696 1.75  0.0 0.0
2015-06-30-22 56 30.874	  31.02762554 121.43940193 1.75  0.0 0.0
2015-06-30-22 56 31.392	  31.02762554 121.43940193 1.75  0.0 0.0
2015-06-30-22 56 31.899	  31.02762554 121.43940193 1.75  0.0 0.0
2015-06-30-22 56 32.406	  31.02762554 121.43940193 1.75  0.0 0.0
2015-06-30-22 56 32.914	  31.0276556 121.43938977 1.75  0.0 0.0
2015-06-30-22 56 33.425	  31.0276556 121.43938977 1.75  0.0 0.0
2015-06-30-22 56 33.929	  31.0276556 121.43938977 1.75  0.0 0.0
2015-06-30-22 56 34.441	  31.0276556 121.43938977 1.75  0.0 0.0
2015-06-30-22 56 34.947	  31.02768535 121.43937765 1.75  0.0 0.0
2015-06-30-22 56 35.452	  31.02768535 121.43937765 1.75  0.0 0.0
2015-06-30-22 56 35.962	  31.02768535 121.43937765 1.75  0.0 0.0
2015-06-30-22 56 36.466	  31.02768535 121.43937765 1.75  0.0 0.0
2015-06-30-22 56 36.972	  31.02771461 121.43936697 1.75  0.0 0.0
