2015-06-30-22 52 26.112	  0.0 0.0 0.0  0.0 0.0
2015-06-30-22 52 26.614	  0.0 0.0 0.0  0.0 0.0
2015-06-30-22 52 27.116	  0.0 0.0 0.0  0.0 0.0
2015-06-30-22 52 27.618	  31.02647472 121.43987289 1.5  0.0 0.0
2015-06-30-22 52 28.119	  31.02647472 121.43987289 1.5  0.0 0.0
2015-06-30-22 52 28.622	  31.0264891 121.43984428 1.5  0.0 0.0
2015-06-30-22 52 29.126	  31.0264891 121.43984428 1.5  0.0 0.0
2015-06-30-22 52 29.628	  31.02651606 121.4398299 1.5  0.0 0.0
2015-06-30-22 52 30.129	  31.02651606 121.4398299 1.5  0.0 0.0
2015-06-30-22 52 30.635	  31.02654279 121.43982051 1.5  0.0 0.0
2015-06-30-22 52 31.139	  31.02654279 121.43982051 1.5  0.0 0.0
2015-06-30-22 52 31.649	  31.02656798 121.43981539 1.5  0.0 0.0
2015-06-30-22 52 32.169	  31.02656798 121.43981539 1.5  0.0 0.0
2015-06-30-22 52 32.675	  31.02659114 121.43981238 1.5  0.0 0.0
2015-06-30-22 52 33.177	  31.02659114 121.43981238 1.5  0.0 0.0
2015-06-30-22 52 33.679	  31.02661166 121.43980644 1.5  0.0 0.0
2015-06-30-22 52 34.180	  31.02661166 121.43980644 1.5  0.0 0.0
2015-06-30-22 52 34.688	  31.02663045 121.43980055 1.5  0.0 0.0
2015-06-30-22 52 35.190	  31.02663045 121.43980055 1.5  0.0 0.0
2015-06-30-22 52 35.696	  31.02664861 121.43979603 1.5  0.0 0.0
2015-06-30-22 52 36.198	  31.02664861 121.43979603 1.5  0.0 0.0
2015-06-30-22 52 36.704	  31.02664861 121.43979603 1.5  0.0 0.0
2015-06-30-22 52 37.207	  31.02664861 121.43979603 1.5  0.0 0.0
2015-06-30-22 52 37.712	  31.02668093 121.43978884 1.5  0.0 0.0
2015-06-30-22 52 38.216	  31.02668093 121.43978884 1.5  0.0 0.0
2015-06-30-22 52 38.721	  31.02668093 121.43978884 1.5  0.0 0.0
2015-06-30-22 52 39.222	  31.02668093 121.43978884 1.5  0.0 0.0
2015-06-30-22 52 39.728	  31.02671263 121.43978112 1.5  0.0 0.0
2015-06-30-22 52 40.229	  31.02671263 121.43978112 1.5  0.0 0.0
2015-06-30-22 52 40.733	  31.02671263 121.43978112 1.5  0.0 0.0
2015-06-30-22 52 41.235	  31.02671263 121.43978112 1.5  0.0 0.0
2015-06-30-22 52 41.737	  31.02674441 121.43977289 1.5  0.0 0.0
2015-06-30-22 52 42.239	  31.02674441 121.43977289 1.5  0.0 0.0
2015-06-30-22 52 42.743	  31.02674441 121.43977289 1.5  0.0 0.0
2015-06-30-22 52 43.245	  31.02674441 121.43977289 1.5  0.0 0.0
2015-06-30-22 52 43.753	  31.02677545 121.4397646 1.5  0.0 0.0
2015-06-30-22 52 44.254	  31.02677545 121.4397646 1.5  0.0 0.0
2015-06-30-22 52 44.758	  31.02677545 121.4397646 1.5  0.0 0.0
2015-06-30-22 52 45.271	  31.02677545 121.4397646 1.5  0.0 0.0
2015-06-30-22 52 45.777	  31.0268045 121.43975514 1.5  0.0 0.0
2015-06-30-22 52 46.279	  31.0268045 121.43975514 1.5  0.0 0.0
2015-06-30-22 52 46.784	  31.0268045 121.43975514 1.5  0.0 0.0
2015-06-30-22 52 47.287	  31.0268045 121.43975514 1.5  0.0 0.0
2015-06-30-22 52 47.793	  31.02683033 121.43974483 1.5  0.0 0.0
2015-06-30-22 52 48.295	  31.02683033 121.43974483 1.5  0.0 0.0
2015-06-30-22 52 48.801	  31.02683033 121.43974483 1.5  0.0 0.0
2015-06-30-22 52 49.302	  31.02683033 121.43974483 1.5  0.0 0.0
2015-06-30-22 52 49.808	  31.02685604 121.43973373 1.5  0.0 0.0
2015-06-30-22 52 50.312	  31.02685604 121.43973373 1.5  0.0 0.0
2015-06-30-22 52 50.817	  31.02685604 121.43973373 1.5  0.0 0.0
2015-06-30-22 52 51.320	  31.02685604 121.43973373 1.5  0.0 0.0
2015-06-30-22 52 51.825	  31.02688284 121.43972101 1.5  0.0 0.0
2015-06-30-22 52 52.332	  31.02688284 121.43972101 1.5  0.0 0.0
2015-06-30-22 52 52.837	  31.02688284 121.43972101 1.5  0.0 0.0
2015-06-30-22 52 53.343	  31.02688284 121.43972101 1.5  0.0 0.0
2015-06-30-22 52 53.847	  31.026912629999998 121.43970924999999 1.5  0.0 0.0
2015-06-30-22 52 54.350	  31.026912629999998 121.43970924999999 1.5  0.0 0.0
2015-06-30-22 52 54.857	  31.026912629999998 121.43970924999999 1.5  0.0 0.0
2015-06-30-22 52 55.359	  31.026912629999998 121.43970924999999 1.5  0.0 0.0
2015-06-30-22 52 55.861	  31.02694292 121.43969865 1.5  0.0 0.0
2015-06-30-22 52 56.363	  31.02694292 121.43969865 1.5  0.0 0.0
2015-06-30-22 52 56.872	  31.02694292 121.43969865 1.5  0.0 0.0
2015-06-30-22 52 57.374	  31.02694292 121.43969865 1.5  0.0 0.0
2015-06-30-22 52 57.876	  31.02697192 121.43968665 1.5  0.0 0.0
2015-06-30-22 52 58.378	  31.02697192 121.43968665 1.5  0.0 0.0
2015-06-30-22 52 58.880	  31.02697192 121.43968665 1.5  0.0 0.0
2015-06-30-22 52 59.384	  31.02697192 121.43968665 1.5  0.0 0.0
2015-06-30-22 52 59.885	  31.02700126 121.43967398 1.5  0.0 0.0
2015-06-30-22 53 00.391	  31.02700126 121.43967398 1.5  0.0 0.0
2015-06-30-22 53 00.893	  31.02700126 121.43967398 1.5  0.0 0.0
2015-06-30-22 53 01.397	  31.02700126 121.43967398 1.5  0.0 0.0
2015-06-30-22 53 01.899	  31.02702889 121.43966006 1.5  0.0 0.0
2015-06-30-22 53 02.401	  31.02702889 121.43966006 1.5  0.0 0.0
2015-06-30-22 53 02.906	  31.02702889 121.43966006 1.5  0.0 0.0
2015-06-30-22 53 03.413	  31.02702889 121.43966006 1.5  0.0 0.0
2015-06-30-22 53 03.917	  31.02705527 121.43964638 1.5  0.0 0.0
2015-06-30-22 53 04.421	  31.02705527 121.43964638 1.5  0.0 0.0
2015-06-30-22 53 04.926	  31.02705527 121.43964638 1.5  0.0 0.0
2015-06-30-22 53 05.429	  31.02705527 121.43964638 1.5  0.0 0.0
2015-06-30-22 53 05.935	  31.0270827 121.43963383 1.5  0.0 0.0
2015-06-30-22 53 06.449	  31.0270827 121.43963383 1.5  0.0 0.0
2015-06-30-22 53 06.956	  31.0270827 121.43963383 1.5  0.0 0.0
2015-06-30-22 53 07.461	  31.0270827 121.43963383 1.5  0.0 0.0
2015-06-30-22 53 07.984	  31.02710922 121.4396231 1.5  0.0 0.0
2015-06-30-22 53 08.488	  31.02710922 121.4396231 1.5  0.0 0.0
2015-06-30-22 53 09.003	  31.02710922 121.4396231 1.5  0.0 0.0
2015-06-30-22 53 09.511	  31.02710922 121.4396231 1.5  0.0 0.0
2015-06-30-22 53 10.026	  31.02713593 121.43960939 1.5  0.0 0.0
2015-06-30-22 53 10.529	  31.02713593 121.43960939 1.5  0.0 0.0
2015-06-30-22 53 11.039	  31.02713593 121.43960939 1.5  0.0 0.0
2015-06-30-22 53 11.543	  31.02713593 121.43960939 1.5  0.0 0.0
2015-06-30-22 53 12.049	  31.02716343 121.43959734 1.5  0.0 0.0
2015-06-30-22 53 12.552	  31.02716343 121.43959734 1.5  0.0 0.0
2015-06-30-22 53 13.054	  31.02716343 121.43959734 1.5  0.0 0.0
2015-06-30-22 53 13.559	  31.02716343 121.43959734 1.5  0.0 0.0
2015-06-30-22 53 14.066	  31.02719087 121.43958629 1.5  0.0 0.0
2015-06-30-22 53 14.571	  31.02719087 121.43958629 1.5  0.0 0.0
2015-06-30-22 53 15.073	  31.02719087 121.43958629 1.5  0.0 0.0
2015-06-30-22 53 15.580	  31.02722008 121.43957928 1.5  0.0 0.0
2015-06-30-22 53 16.081	  31.02722008 121.43957928 1.5  0.0 0.0
2015-06-30-22 53 16.592	  31.02722008 121.43957928 1.5  0.0 0.0
2015-06-30-22 53 17.096	  31.02722008 121.43957928 1.5  0.0 0.0
2015-06-30-22 53 17.605	  31.02722008 121.43957928 1.5  0.0 0.0
2015-06-30-22 53 18.128	  31.02724803 121.43957062 1.5  0.0 0.0
2015-06-30-22 53 18.636	  31.02724803 121.43957062 1.5  0.0 0.0
2015-06-30-22 53 19.145	  31.02724803 121.43957062 1.5  0.0 0.0
2015-06-30-22 53 19.659	  31.02727455 121.43955976 1.5  0.0 0.0
2015-06-30-22 53 20.222	  31.02727455 121.43955976 1.5  0.0 0.0
2015-06-30-22 53 20.728	  31.02727455 121.43955976 1.5  0.0 0.0
2015-06-30-22 53 21.231	  31.02727455 121.43955976 1.5  0.0 0.0
2015-06-30-22 53 21.736	  31.02730094 121.43954863 1.5  0.0 0.0
2015-06-30-22 53 22.239	  31.02730094 121.43954863 1.5  0.0 0.0
2015-06-30-22 53 22.746	  31.02730094 121.43954863 1.5  0.0 0.0
2015-06-30-22 53 23.253	  31.02730094 121.43954863 1.5  0.0 0.0
2015-06-30-22 53 23.764	  31.02732777 121.439538 1.5  0.0 0.0
2015-06-30-22 53 24.265	  31.02732777 121.439538 1.5  0.0 0.0
2015-06-30-22 53 24.779	  31.02732777 121.439538 1.5  0.0 0.0
2015-06-30-22 53 25.284	  31.02732777 121.439538 1.5  0.0 0.0
2015-06-30-22 53 25.798	  31.02735421 121.43952587 1.5  0.0 0.0
2015-06-30-22 53 26.299	  31.02735421 121.43952587 1.5  0.0 0.0
2015-06-30-22 53 26.811	  31.02735421 121.43952587 1.5  0.0 0.0
2015-06-30-22 53 27.317	  31.02735421 121.43952587 1.5  0.0 0.0
2015-06-30-22 53 27.823	  31.0273799 121.43951463 1.5  0.0 0.0
2015-06-30-22 53 28.329	  31.0273799 121.43951463 1.5  0.0 0.0
2015-06-30-22 53 28.833	  31.0273799 121.43951463 1.5  0.0 0.0
2015-06-30-22 53 29.339	  31.0273799 121.43951463 1.5  0.0 0.0
2015-06-30-22 53 29.846	  31.02740659 121.43950274 1.5  0.0 0.0
2015-06-30-22 53 30.357	  31.02740659 121.43950274 1.5  0.0 0.0
2015-06-30-22 53 30.863	  31.02740659 121.43950274 1.5  0.0 0.0
2015-06-30-22 53 31.371	  31.02740659 121.43950274 1.5  0.0 0.0
2015-06-30-22 53 31.877	  31.02743287 121.43948893 1.5  0.0 0.0
2015-06-30-22 53 32.382	  31.02743287 121.43948893 1.5  0.0 0.0
2015-06-30-22 53 32.898	  31.02743287 121.43948893 1.5  0.0 0.0
2015-06-30-22 53 33.403	  31.02743287 121.43948893 1.5  0.0 0.0
2015-06-30-22 53 33.922	  31.02746081 121.43947888 1.5  0.0 0.0
2015-06-30-22 53 34.429	  31.02746081 121.43947888 1.5  0.0 0.0
2015-06-30-22 53 34.941	  31.02746081 121.43947888 1.5  0.0 0.0
2015-06-30-22 53 35.446	  31.02746081 121.43947888 1.5  0.0 0.0
2015-06-30-22 53 35.956	  31.02748828 121.43946849 1.5  0.0 0.0
2015-06-30-22 53 36.458	  31.02748828 121.43946849 1.5  0.0 0.0
2015-06-30-22 53 36.973	  31.02748828 121.43946849 1.5  0.0 0.0
2015-06-30-22 53 37.486	  31.02748828 121.43946849 1.5  0.0 0.0
2015-06-30-22 53 37.991	  31.02751553 121.43945614 1.5  0.0 0.0
2015-06-30-22 53 38.504	  31.02751553 121.43945614 1.5  0.0 0.0
2015-06-30-22 53 39.013	  31.02751553 121.43945614 1.5  0.0 0.0
2015-06-30-22 53 39.528	  31.02754252 121.43944444 1.5  0.0 0.0
2015-06-30-22 53 40.029	  31.02754252 121.43944444 1.5  0.0 0.0
2015-06-30-22 53 40.541	  31.02754252 121.43944444 1.5  0.0 0.0
2015-06-30-22 53 41.054	  31.02754252 121.43944444 1.5  0.0 0.0
2015-06-30-22 53 41.562	  31.02754252 121.43944444 1.5  0.0 0.0
2015-06-30-22 53 42.078	  31.02756929 121.43943351 1.5  0.0 0.0
2015-06-30-22 53 42.585	  31.02756929 121.43943351 1.5  0.0 0.0
2015-06-30-22 53 43.092	  31.02756929 121.43943351 1.5  0.0 0.0
2015-06-30-22 53 43.597	  31.02756929 121.43943351 1.5  0.0 0.0
2015-06-30-22 53 44.103	  31.02759451 121.43942217 1.5  0.0 0.0
2015-06-30-22 53 44.609	  31.02759451 121.43942217 1.5  0.0 0.0
2015-06-30-22 53 45.119	  31.02759451 121.43942217 1.5  0.0 0.0
2015-06-30-22 53 45.624	  31.02761742 121.43940908 1.5  0.0 0.0
2015-06-30-22 53 46.142	  31.02761742 121.43940908 1.5  0.0 0.0
2015-06-30-22 53 46.647	  31.02761742 121.43940908 1.5  0.0 0.0
2015-06-30-22 53 47.150	  31.02761742 121.43940908 1.5  0.0 0.0
2015-06-30-22 53 47.652	  31.02764106 121.43939584 1.5  0.0 0.0
2015-06-30-22 53 48.155	  31.02764106 121.43939584 1.5  0.0 0.0
2015-06-30-22 53 48.660	  31.02764106 121.43939584 1.5  0.0 0.0
2015-06-30-22 53 49.167	  31.02764106 121.43939584 1.5  0.0 0.0
2015-06-30-22 53 49.673	  31.02766645 121.43938327 1.5  0.0 0.0
2015-06-30-22 53 50.174	  31.02766645 121.43938327 1.5  0.0 0.0
2015-06-30-22 53 50.679	  31.02766645 121.43938327 1.5  0.0 0.0
2015-06-30-22 53 51.182	  31.02766645 121.43938327 1.5  0.0 0.0
2015-06-30-22 53 51.683	  31.027691569999998 121.43937077 1.5  0.0 0.0
2015-06-30-22 53 52.189	  31.027691569999998 121.43937077 1.5  0.0 0.0
2015-06-30-22 53 52.697	  31.027691569999998 121.43937077 1.5  0.0 0.0
2015-06-30-22 53 53.198	  31.027691569999998 121.43937077 1.5  0.0 0.0
