2015-07-02-17 58 24.297	  0.0 0.0 0.0  0.0 0.0
2015-07-02-17 58 24.403	  0.0 0.0 0.0  0.0 0.0
2015-07-02-17 58 24.505	  0.0 0.0 0.0  0.0 0.0
2015-07-02-17 58 24.609	  0.0 0.0 0.0  0.0 0.0
2015-07-02-17 58 24.711	  0.0 0.0 0.0  0.0 0.0
2015-07-02-17 58 24.816	  0.0 0.0 0.0  0.0 0.0
2015-07-02-17 58 24.917	  0.0 0.0 0.0  0.0 0.0
2015-07-02-17 58 25.019	  0.0 0.0 0.0  0.0 0.0
2015-07-02-17 58 25.122	  0.0 0.0 0.0  0.0 0.0
2015-07-02-17 58 25.223	  0.0 0.0 0.0  0.0 0.0
2015-07-02-17 58 25.325	  0.0 0.0 0.0  0.0 0.0
2015-07-02-17 58 25.427	  0.0 0.0 0.0  0.0 0.0
2015-07-02-17 58 25.530	  0.0 0.0 0.0  0.0 0.0
2015-07-02-17 58 25.631	  0.0 0.0 0.0  0.0 0.0
2015-07-02-17 58 25.733	  0.0 0.0 0.0  0.0 0.0
2015-07-02-17 58 25.834	  0.0 0.0 0.0  0.0 0.0
2015-07-02-17 58 25.936	  0.0 0.0 0.0  0.0 0.0
2015-07-02-17 58 26.038	  0.0 0.0 0.0  0.0 0.0
2015-07-02-17 58 26.140	  0.0 0.0 0.0  0.0 0.0
2015-07-02-17 58 26.242	  0.0 0.0 0.0  0.0 0.0
2015-07-02-17 58 26.344	  0.0 0.0 0.0  0.0 0.0
2015-07-02-17 58 26.446	  31.02649462 121.43992223 1.5  0.0 0.0
2015-07-02-17 58 26.548	  31.02649462 121.43992223 1.5  0.0 0.0
2015-07-02-17 58 26.650	  31.02649462 121.43992223 1.5  0.0 0.0
2015-07-02-17 58 26.752	  31.02649462 121.43992223 1.5  0.0 0.0
2015-07-02-17 58 26.853	  31.02649462 121.43992223 1.5  0.0 0.0
2015-07-02-17 58 26.956	  31.02649462 121.43992223 1.5  0.0 0.0
2015-07-02-17 58 27.058	  31.02649462 121.43992223 1.5  0.0 0.0
2015-07-02-17 58 27.159	  31.02649462 121.43992223 1.5  0.0 0.0
2015-07-02-17 58 27.261	  31.02649462 121.43992223 1.5  0.0 0.0
2015-07-02-17 58 27.363	  31.02649462 121.43992223 1.5  0.0 0.0
2015-07-02-17 58 27.467	  31.02649462 121.43992223 1.5  0.0 0.0
2015-07-02-17 58 27.568	  31.02651953 121.43989783 1.5  0.0 0.0
2015-07-02-17 58 27.670	  31.02651953 121.43989783 1.5  0.0 0.0
2015-07-02-17 58 27.771	  31.02651953 121.43989783 1.5  0.0 0.0
2015-07-02-17 58 27.873	  31.02651953 121.43989783 1.5  0.0 0.0
2015-07-02-17 58 27.976	  31.02651953 121.43989783 1.5  0.0 0.0
2015-07-02-17 58 28.078	  31.02651953 121.43989783 1.5  0.0 0.0
2015-07-02-17 58 28.183	  31.02651953 121.43989783 1.5  0.0 0.0
2015-07-02-17 58 28.289	  31.02651953 121.43989783 1.5  0.0 0.0
2015-07-02-17 58 28.396	  31.02651953 121.43989783 1.5  0.0 0.0
2015-07-02-17 58 28.499	  31.02654425 121.43987593 1.5  0.0 0.0
2015-07-02-17 58 28.638	  31.02654425 121.43987593 1.5  0.0 0.0
2015-07-02-17 58 28.739	  31.02654425 121.43987593 1.5  0.0 0.0
2015-07-02-17 58 28.841	  31.02654425 121.43987593 1.5  0.0 0.0
2015-07-02-17 58 28.944	  31.02654425 121.43987593 1.5  0.0 0.0
2015-07-02-17 58 29.045	  31.02654425 121.43987593 1.5  0.0 0.0
2015-07-02-17 58 29.149	  31.02654425 121.43987593 1.5  0.0 0.0
2015-07-02-17 58 29.251	  31.02654425 121.43987593 1.5  0.0 0.0
2015-07-02-17 58 29.353	  31.02654425 121.43987593 1.5  0.0 0.0
2015-07-02-17 58 29.455	  31.02654425 121.43987593 1.5  0.0 0.0
2015-07-02-17 58 29.557	  31.02656794 121.43985786 1.5  0.0 0.0
2015-07-02-17 58 29.659	  31.02656794 121.43985786 1.5  0.0 0.0
2015-07-02-17 58 29.760	  31.02656794 121.43985786 1.5  0.0 0.0
2015-07-02-17 58 29.862	  31.02656794 121.43985786 1.5  0.0 0.0
2015-07-02-17 58 29.966	  31.02656794 121.43985786 1.5  0.0 0.0
2015-07-02-17 58 30.072	  31.02656794 121.43985786 1.5  0.0 0.0
2015-07-02-17 58 30.176	  31.02656794 121.43985786 1.5  0.0 0.0
2015-07-02-17 58 30.282	  31.02656794 121.43985786 1.5  0.0 0.0
2015-07-02-17 58 30.384	  31.02656794 121.43985786 1.5  0.0 0.0
2015-07-02-17 58 30.485	  31.02656794 121.43985786 1.5  0.0 0.0
2015-07-02-17 58 30.591	  31.02659003 121.43984299 1.5  0.0 0.0
2015-07-02-17 58 30.693	  31.02659003 121.43984299 1.5  0.0 0.0
2015-07-02-17 58 30.794	  31.02659003 121.43984299 1.5  0.0 0.0
2015-07-02-17 58 30.896	  31.02659003 121.43984299 1.5  0.0 0.0
2015-07-02-17 58 31.001	  31.02659003 121.43984299 1.5  0.0 0.0
2015-07-02-17 58 31.103	  31.02659003 121.43984299 1.5  0.0 0.0
2015-07-02-17 58 31.205	  31.02659003 121.43984299 1.5  0.0 0.0
2015-07-02-17 58 31.308	  31.02659003 121.43984299 1.5  0.0 0.0
2015-07-02-17 58 31.415	  31.02659003 121.43984299 1.5  0.0 0.0
2015-07-02-17 58 31.519	  31.02661115 121.43983062 1.5  0.0 0.0
2015-07-02-17 58 31.646	  31.02661115 121.43983062 1.5  0.0 0.0
2015-07-02-17 58 31.748	  31.02661115 121.43983062 1.5  0.0 0.0
2015-07-02-17 58 31.850	  31.02661115 121.43983062 1.5  0.0 0.0
2015-07-02-17 58 31.954	  31.02661115 121.43983062 1.5  0.0 0.0
2015-07-02-17 58 32.062	  31.02661115 121.43983062 1.5  0.0 0.0
2015-07-02-17 58 32.166	  31.02661115 121.43983062 1.5  0.0 0.0
2015-07-02-17 58 32.280	  31.02661115 121.43983062 1.5  0.0 0.0
2015-07-02-17 58 32.381	  31.02661115 121.43983062 1.5  0.0 0.0
2015-07-02-17 58 32.482	  31.02661115 121.43983062 1.5  0.0 0.0
2015-07-02-17 58 32.584	  31.02663101 121.43982075 1.5  0.0 0.0
2015-07-02-17 58 32.685	  31.02663101 121.43982075 1.5  0.0 0.0
2015-07-02-17 58 32.787	  31.02663101 121.43982075 1.5  0.0 0.0
2015-07-02-17 58 32.901	  31.02663101 121.43982075 1.5  0.0 0.0
2015-07-02-17 58 33.002	  31.02663101 121.43982075 1.5  0.0 0.0
2015-07-02-17 58 33.103	  31.02663101 121.43982075 1.5  0.0 0.0
2015-07-02-17 58 33.205	  31.02663101 121.43982075 1.5  0.0 0.0
2015-07-02-17 58 33.307	  31.02663101 121.43982075 1.5  0.0 0.0
2015-07-02-17 58 33.412	  31.02663101 121.43982075 1.5  0.0 0.0
2015-07-02-17 58 33.526	  31.02664773 121.43980882 1.5  0.0 0.0
2015-07-02-17 58 33.634	  31.02664773 121.43980882 1.5  0.0 0.0
2015-07-02-17 58 33.735	  31.02664773 121.43980882 1.5  0.0 0.0
2015-07-02-17 58 33.837	  31.02664773 121.43980882 1.5  0.0 0.0
2015-07-02-17 58 33.940	  31.02664773 121.43980882 1.5  0.0 0.0
2015-07-02-17 58 34.050	  31.02664773 121.43980882 1.5  0.0 0.0
2015-07-02-17 58 34.157	  31.02664773 121.43980882 1.5  0.0 0.0
2015-07-02-17 58 34.259	  31.02664773 121.43980882 1.5  0.0 0.0
2015-07-02-17 58 34.360	  31.02664773 121.43980882 1.5  0.0 0.0
2015-07-02-17 58 34.464	  31.02664773 121.43980882 1.5  0.0 0.0
2015-07-02-17 58 34.566	  31.02664773 121.43980882 1.5  0.0 0.0
2015-07-02-17 58 34.667	  31.02666389 121.4397975 1.5  0.0 0.0
2015-07-02-17 58 34.769	  31.02666389 121.4397975 1.5  0.0 0.0
2015-07-02-17 58 34.871	  31.02666389 121.4397975 1.5  0.0 0.0
2015-07-02-17 58 34.975	  31.02666389 121.4397975 1.5  0.0 0.0
2015-07-02-17 58 35.089	  31.02666389 121.4397975 1.5  0.0 0.0
2015-07-02-17 58 35.190	  31.02666389 121.4397975 1.5  0.0 0.0
2015-07-02-17 58 35.291	  31.02666389 121.4397975 1.5  0.0 0.0
2015-07-02-17 58 35.393	  31.02666389 121.4397975 1.5  0.0 0.0
2015-07-02-17 58 35.499	  31.02666389 121.4397975 1.5  0.0 0.0
2015-07-02-17 58 35.603	  31.02666389 121.4397975 1.5  0.0 0.0
2015-07-02-17 58 35.705	  31.02666389 121.4397975 1.5  0.0 0.0
2015-07-02-17 58 35.810	  31.02666389 121.4397975 1.5  0.0 0.0
2015-07-02-17 58 35.919	  31.02666389 121.4397975 1.5  0.0 0.0
2015-07-02-17 58 36.027	  31.02666389 121.4397975 1.5  0.0 0.0
2015-07-02-17 58 36.139	  31.02666389 121.4397975 1.5  0.0 0.0
2015-07-02-17 58 36.242	  31.02666389 121.4397975 1.5  0.0 0.0
2015-07-02-17 58 36.344	  31.02666389 121.4397975 1.5  0.0 0.0
2015-07-02-17 58 36.449	  31.02666389 121.4397975 1.5  0.0 0.0
2015-07-02-17 58 36.555	  31.02666389 121.4397975 1.5  0.0 0.0
2015-07-02-17 58 36.668	  31.02666389 121.4397975 1.5  0.0 0.0
2015-07-02-17 58 36.770	  31.02666389 121.4397975 1.5  0.0 0.0
2015-07-02-17 58 36.872	  31.02666389 121.4397975 1.5  0.0 0.0
2015-07-02-17 58 36.975	  31.02666389 121.4397975 1.5  0.0 0.0
2015-07-02-17 58 37.080	  31.02666389 121.4397975 1.5  0.0 0.0
2015-07-02-17 58 37.196	  31.02669301 121.43977679 1.5  0.0 0.0
2015-07-02-17 58 37.297	  31.02669301 121.43977679 1.5  0.0 0.0
2015-07-02-17 58 37.398	  31.02669301 121.43977679 1.5  0.0 0.0
2015-07-02-17 58 37.502	  31.02669301 121.43977679 1.5  0.0 0.0
2015-07-02-17 58 37.607	  31.02669301 121.43977679 1.5  0.0 0.0
2015-07-02-17 58 37.728	  31.02669301 121.43977679 1.5  0.0 0.0
2015-07-02-17 58 37.829	  31.02669301 121.43977679 1.5  0.0 0.0
2015-07-02-17 58 37.930	  31.02669301 121.43977679 1.5  0.0 0.0
2015-07-02-17 58 38.032	  31.02669301 121.43977679 1.5  0.0 0.0
2015-07-02-17 58 38.137	  31.02669301 121.43977679 1.5  0.0 0.0
2015-07-02-17 58 38.242	  31.02669301 121.43977679 1.5  0.0 0.0
2015-07-02-17 58 38.346	  31.02669301 121.43977679 1.5  0.0 0.0
2015-07-02-17 58 38.451	  31.02669301 121.43977679 1.5  0.0 0.0
2015-07-02-17 58 38.555	  31.02669301 121.43977679 1.5  0.0 0.0
2015-07-02-17 58 38.679	  31.026723959999998 121.43976391 1.5  0.0 0.0
2015-07-02-17 58 38.781	  31.026723959999998 121.43976391 1.5  0.0 0.0
2015-07-02-17 58 38.882	  31.026723959999998 121.43976391 1.5  0.0 0.0
2015-07-02-17 58 38.985	  31.026723959999998 121.43976391 1.5  0.0 0.0
2015-07-02-17 58 39.090	  31.026723959999998 121.43976391 1.5  0.0 0.0
2015-07-02-17 58 39.197	  31.026723959999998 121.43976391 1.5  0.0 0.0
2015-07-02-17 58 39.299	  31.026723959999998 121.43976391 1.5  0.0 0.0
2015-07-02-17 58 39.403	  31.026723959999998 121.43976391 1.5  0.0 0.0
2015-07-02-17 58 39.508	  31.026723959999998 121.43976391 1.5  0.0 0.0
2015-07-02-17 58 39.627	  31.026723959999998 121.43976391 1.5  0.0 0.0
2015-07-02-17 58 39.729	  31.026723959999998 121.43976391 1.5  0.0 0.0
2015-07-02-17 58 39.830	  31.026723959999998 121.43976391 1.5  0.0 0.0
2015-07-02-17 58 39.932	  31.026723959999998 121.43976391 1.5  0.0 0.0
2015-07-02-17 58 40.043	  31.026723959999998 121.43976391 1.5  0.0 0.0
2015-07-02-17 58 40.147	  31.026723959999998 121.43976391 1.5  0.0 0.0
2015-07-02-17 58 40.251	  31.026723959999998 121.43976391 1.5  0.0 0.0
2015-07-02-17 58 40.353	  31.026723959999998 121.43976391 1.5  0.0 0.0
2015-07-02-17 58 40.454	  31.026723959999998 121.43976391 1.5  0.0 0.0
2015-07-02-17 58 40.558	  31.02675564 121.43975912 1.5  0.0 0.0
2015-07-02-17 58 40.659	  31.02675564 121.43975912 1.5  0.0 0.0
2015-07-02-17 58 40.761	  31.02675564 121.43975912 1.5  0.0 0.0
2015-07-02-17 58 40.864	  31.02675564 121.43975912 1.5  0.0 0.0
2015-07-02-17 58 40.966	  31.02675564 121.43975912 1.5  0.0 0.0
2015-07-02-17 58 41.078	  31.02675564 121.43975912 1.5  0.0 0.0
2015-07-02-17 58 41.180	  31.02675564 121.43975912 1.5  0.0 0.0
2015-07-02-17 58 41.282	  31.02675564 121.43975912 1.5  0.0 0.0
2015-07-02-17 58 41.384	  31.02675564 121.43975912 1.5  0.0 0.0
2015-07-02-17 58 41.495	  31.02675564 121.43975912 1.5  0.0 0.0
2015-07-02-17 58 41.596	  31.02675564 121.43975912 1.5  0.0 0.0
2015-07-02-17 58 41.698	  31.02675564 121.43975912 1.5  0.0 0.0
2015-07-02-17 58 41.802	  31.02675564 121.43975912 1.5  0.0 0.0
2015-07-02-17 58 41.913	  31.02675564 121.43975912 1.5  0.0 0.0
2015-07-02-17 58 42.016	  31.02675564 121.43975912 1.5  0.0 0.0
2015-07-02-17 58 42.119	  31.02675564 121.43975912 1.5  0.0 0.0
2015-07-02-17 58 42.224	  31.02675564 121.43975912 1.5  0.0 0.0
2015-07-02-17 58 42.340	  31.02675564 121.43975912 1.5  0.0 0.0
2015-07-02-17 58 42.441	  31.02675564 121.43975912 1.5  0.0 0.0
2015-07-02-17 58 42.542	  31.02678458 121.43975043 1.5  0.0 0.0
2015-07-02-17 58 42.644	  31.02678458 121.43975043 1.5  0.0 0.0
2015-07-02-17 58 42.753	  31.02678458 121.43975043 1.5  0.0 0.0
2015-07-02-17 58 42.856	  31.02678458 121.43975043 1.5  0.0 0.0
2015-07-02-17 58 42.961	  31.02678458 121.43975043 1.5  0.0 0.0
2015-07-02-17 58 43.065	  31.02678458 121.43975043 1.5  0.0 0.0
2015-07-02-17 58 43.175	  31.02678458 121.43975043 1.5  0.0 0.0
2015-07-02-17 58 43.277	  31.02678458 121.43975043 1.5  0.0 0.0
2015-07-02-17 58 43.379	  31.02678458 121.43975043 1.5  0.0 0.0
2015-07-02-17 58 43.485	  31.02678458 121.43975043 1.5  0.0 0.0
2015-07-02-17 58 43.596	  31.02678458 121.43975043 1.5  0.0 0.0
2015-07-02-17 58 43.697	  31.02678458 121.43975043 1.5  0.0 0.0
2015-07-02-17 58 43.800	  31.02678458 121.43975043 1.5  0.0 0.0
2015-07-02-17 58 43.903	  31.02678458 121.43975043 1.5  0.0 0.0
2015-07-02-17 58 44.019	  31.02678458 121.43975043 1.5  0.0 0.0
2015-07-02-17 58 44.121	  31.02678458 121.43975043 1.5  0.0 0.0
2015-07-02-17 58 44.224	  31.02678458 121.43975043 1.5  0.0 0.0
2015-07-02-17 58 44.331	  31.02678458 121.43975043 1.5  0.0 0.0
2015-07-02-17 58 44.436	  31.02678458 121.43975043 1.5  0.0 0.0
2015-07-02-17 58 44.538	  31.02678458 121.43975043 1.5  0.0 0.0
2015-07-02-17 58 44.642	  31.02678458 121.43975043 1.5  0.0 0.0
2015-07-02-17 58 44.747	  31.02681369 121.43974502 1.5  0.0 0.0
2015-07-02-17 58 44.848	  31.02681369 121.43974502 1.5  0.0 0.0
2015-07-02-17 58 44.949	  31.02681369 121.43974502 1.5  0.0 0.0
2015-07-02-17 58 45.055	  31.02681369 121.43974502 1.5  0.0 0.0
2015-07-02-17 58 45.158	  31.02681369 121.43974502 1.5  0.0 0.0
2015-07-02-17 58 45.261	  31.02681369 121.43974502 1.5  0.0 0.0
2015-07-02-17 58 45.365	  31.02681369 121.43974502 1.5  0.0 0.0
2015-07-02-17 58 45.470	  31.02681369 121.43974502 1.5  0.0 0.0
2015-07-02-17 58 45.574	  31.02681369 121.43974502 1.5  0.0 0.0
2015-07-02-17 58 45.681	  31.02681369 121.43974502 1.5  0.0 0.0
2015-07-02-17 58 45.795	  31.02681369 121.43974502 1.5  0.0 0.0
2015-07-02-17 58 45.896	  31.02681369 121.43974502 1.5  0.0 0.0
2015-07-02-17 58 45.999	  31.02681369 121.43974502 1.5  0.0 0.0
2015-07-02-17 58 46.102	  31.02681369 121.43974502 1.5  0.0 0.0
2015-07-02-17 58 46.210	  31.02681369 121.43974502 1.5  0.0 0.0
2015-07-02-17 58 46.314	  31.02681369 121.43974502 1.5  0.0 0.0
2015-07-02-17 58 46.419	  31.02681369 121.43974502 1.5  0.0 0.0
2015-07-02-17 58 46.533	  31.02681369 121.43974502 1.5  0.0 0.0
2015-07-02-17 58 46.635	  31.0268417 121.4397374 1.5  0.0 0.0
2015-07-02-17 58 46.736	  31.0268417 121.4397374 1.5  0.0 0.0
2015-07-02-17 58 46.840	  31.0268417 121.4397374 1.5  0.0 0.0
2015-07-02-17 58 46.946	  31.0268417 121.4397374 1.5  0.0 0.0
2015-07-02-17 58 47.048	  31.0268417 121.4397374 1.5  0.0 0.0
2015-07-02-17 58 47.150	  31.0268417 121.4397374 1.5  0.0 0.0
2015-07-02-17 58 47.257	  31.0268417 121.4397374 1.5  0.0 0.0
2015-07-02-17 58 47.360	  31.0268417 121.4397374 1.5  0.0 0.0
2015-07-02-17 58 47.462	  31.0268417 121.4397374 1.5  0.0 0.0
2015-07-02-17 58 47.565	  31.0268417 121.4397374 1.5  0.0 0.0
2015-07-02-17 58 47.666	  31.0268417 121.4397374 1.5  0.0 0.0
2015-07-02-17 58 47.768	  31.0268417 121.4397374 1.5  0.0 0.0
2015-07-02-17 58 47.872	  31.0268417 121.4397374 1.5  0.0 0.0
2015-07-02-17 58 47.979	  31.0268417 121.4397374 1.5  0.0 0.0
2015-07-02-17 58 48.083	  31.0268417 121.4397374 1.5  0.0 0.0
2015-07-02-17 58 48.189	  31.0268417 121.4397374 1.5  0.0 0.0
2015-07-02-17 58 48.290	  31.0268417 121.4397374 1.5  0.0 0.0
2015-07-02-17 58 48.393	  31.0268417 121.4397374 1.5  0.0 0.0
2015-07-02-17 58 48.501	  31.02686786 121.43972327 1.5  0.0 0.0
2015-07-02-17 58 48.605	  31.02686786 121.43972327 1.5  0.0 0.0
2015-07-02-17 58 48.707	  31.02686786 121.43972327 1.5  0.0 0.0
2015-07-02-17 58 48.820	  31.02686786 121.43972327 1.5  0.0 0.0
2015-07-02-17 58 48.923	  31.02686786 121.43972327 1.5  0.0 0.0
2015-07-02-17 58 49.025	  31.02686786 121.43972327 1.5  0.0 0.0
2015-07-02-17 58 49.131	  31.02686786 121.43972327 1.5  0.0 0.0
2015-07-02-17 58 49.235	  31.02686786 121.43972327 1.5  0.0 0.0
2015-07-02-17 58 49.343	  31.02686786 121.43972327 1.5  0.0 0.0
2015-07-02-17 58 49.444	  31.02686786 121.43972327 1.5  0.0 0.0
2015-07-02-17 58 49.548	  31.02686786 121.43972327 1.5  0.0 0.0
2015-07-02-17 58 49.656	  31.02686786 121.43972327 1.5  0.0 0.0
2015-07-02-17 58 49.768	  31.02686786 121.43972327 1.5  0.0 0.0
2015-07-02-17 58 49.869	  31.02686786 121.43972327 1.5  0.0 0.0
2015-07-02-17 58 49.972	  31.02686786 121.43972327 1.5  0.0 0.0
2015-07-02-17 58 50.074	  31.02686786 121.43972327 1.5  0.0 0.0
2015-07-02-17 58 50.178	  31.02686786 121.43972327 1.5  0.0 0.0
2015-07-02-17 58 50.289	  31.02686786 121.43972327 1.5  0.0 0.0
2015-07-02-17 58 50.390	  31.02686786 121.43972327 1.5  0.0 0.0
2015-07-02-17 58 50.491	  31.02686786 121.43972327 1.5  0.0 0.0
2015-07-02-17 58 50.598	  31.02689443 121.43970974 1.5  0.0 0.0
2015-07-02-17 58 50.699	  31.02689443 121.43970974 1.5  0.0 0.0
2015-07-02-17 58 50.802	  31.02689443 121.43970974 1.5  0.0 0.0
2015-07-02-17 58 50.908	  31.02689443 121.43970974 1.5  0.0 0.0
2015-07-02-17 58 51.013	  31.02689443 121.43970974 1.5  0.0 0.0
2015-07-02-17 58 51.119	  31.02689443 121.43970974 1.5  0.0 0.0
2015-07-02-17 58 51.232	  31.02689443 121.43970974 1.5  0.0 0.0
2015-07-02-17 58 51.334	  31.02689443 121.43970974 1.5  0.0 0.0
2015-07-02-17 58 51.437	  31.02689443 121.43970974 1.5  0.0 0.0
2015-07-02-17 58 51.546	  31.02689443 121.43970974 1.5  0.0 0.0
2015-07-02-17 58 51.648	  31.02689443 121.43970974 1.5  0.0 0.0
2015-07-02-17 58 51.753	  31.02689443 121.43970974 1.5  0.0 0.0
2015-07-02-17 58 51.860	  31.02689443 121.43970974 1.5  0.0 0.0
2015-07-02-17 58 51.962	  31.02689443 121.43970974 1.5  0.0 0.0
2015-07-02-17 58 52.064	  31.02689443 121.43970974 1.5  0.0 0.0
2015-07-02-17 58 52.179	  31.02689443 121.43970974 1.5  0.0 0.0
2015-07-02-17 58 52.282	  31.02689443 121.43970974 1.5  0.0 0.0
2015-07-02-17 58 52.384	  31.02689443 121.43970974 1.5  0.0 0.0
2015-07-02-17 58 52.497	  31.02689443 121.43970974 1.5  0.0 0.0
2015-07-02-17 58 52.598	  31.02689443 121.43970974 1.5  0.0 0.0
2015-07-02-17 58 52.700	  31.02692309 121.43970126 1.5  0.0 0.0
2015-07-02-17 58 52.812	  31.02692309 121.43970126 1.5  0.0 0.0
2015-07-02-17 58 52.914	  31.02692309 121.43970126 1.5  0.0 0.0
2015-07-02-17 58 53.018	  31.02692309 121.43970126 1.5  0.0 0.0
2015-07-02-17 58 53.129	  31.02692309 121.43970126 1.5  0.0 0.0
2015-07-02-17 58 53.233	  31.02692309 121.43970126 1.5  0.0 0.0
2015-07-02-17 58 53.341	  31.02692309 121.43970126 1.5  0.0 0.0
2015-07-02-17 58 53.453	  31.02692309 121.43970126 1.5  0.0 0.0
2015-07-02-17 58 53.555	  31.02692309 121.43970126 1.5  0.0 0.0
2015-07-02-17 58 53.657	  31.02692309 121.43970126 1.5  0.0 0.0
2015-07-02-17 58 53.769	  31.02692309 121.43970126 1.5  0.0 0.0
2015-07-02-17 58 53.876	  31.02692309 121.43970126 1.5  0.0 0.0
2015-07-02-17 58 53.983	  31.02692309 121.43970126 1.5  0.0 0.0
2015-07-02-17 58 54.099	  31.02692309 121.43970126 1.5  0.0 0.0
2015-07-02-17 58 54.201	  31.02692309 121.43970126 1.5  0.0 0.0
2015-07-02-17 58 54.302	  31.02692309 121.43970126 1.5  0.0 0.0
2015-07-02-17 58 54.410	  31.02692309 121.43970126 1.5  0.0 0.0
2015-07-02-17 58 54.512	  31.02692309 121.43970126 1.5  0.0 0.0
2015-07-02-17 58 54.616	  31.02695189 121.4396898 1.5  0.0 0.0
2015-07-02-17 58 54.730	  31.02695189 121.4396898 1.5  0.0 0.0
2015-07-02-17 58 54.832	  31.02695189 121.4396898 1.5  0.0 0.0
2015-07-02-17 58 54.951	  31.02695189 121.4396898 1.5  0.0 0.0
2015-07-02-17 58 55.054	  31.02695189 121.4396898 1.5  0.0 0.0
2015-07-02-17 58 55.157	  31.02695189 121.4396898 1.5  0.0 0.0
2015-07-02-17 58 55.258	  31.02695189 121.4396898 1.5  0.0 0.0
2015-07-02-17 58 55.360	  31.02695189 121.4396898 1.5  0.0 0.0
2015-07-02-17 58 55.465	  31.02695189 121.4396898 1.5  0.0 0.0
2015-07-02-17 58 55.571	  31.02695189 121.4396898 1.5  0.0 0.0
2015-07-02-17 58 55.672	  31.02695189 121.4396898 1.5  0.0 0.0
2015-07-02-17 58 55.779	  31.02695189 121.4396898 1.5  0.0 0.0
2015-07-02-17 58 55.881	  31.02695189 121.4396898 1.5  0.0 0.0
2015-07-02-17 58 55.984	  31.02695189 121.4396898 1.5  0.0 0.0
2015-07-02-17 58 56.094	  31.02695189 121.4396898 1.5  0.0 0.0
2015-07-02-17 58 56.195	  31.02695189 121.4396898 1.5  0.0 0.0
2015-07-02-17 58 56.296	  31.02695189 121.4396898 1.5  0.0 0.0
2015-07-02-17 58 56.405	  31.02695189 121.4396898 1.5  0.0 0.0
2015-07-02-17 58 56.508	  31.02698075 121.43968022 1.5  0.0 0.0
2015-07-02-17 58 56.617	  31.02698075 121.43968022 1.5  0.0 0.0
2015-07-02-17 58 56.722	  31.02698075 121.43968022 1.5  0.0 0.0
2015-07-02-17 58 56.825	  31.02698075 121.43968022 1.5  0.0 0.0
2015-07-02-17 58 56.929	  31.02698075 121.43968022 1.5  0.0 0.0
2015-07-02-17 58 57.057	  31.02698075 121.43968022 1.5  0.0 0.0
2015-07-02-17 58 57.161	  31.02698075 121.43968022 1.5  0.0 0.0
2015-07-02-17 58 57.274	  31.02698075 121.43968022 1.5  0.0 0.0
2015-07-02-17 58 57.378	  31.02698075 121.43968022 1.5  0.0 0.0
2015-07-02-17 58 57.483	  31.02698075 121.43968022 1.5  0.0 0.0
2015-07-02-17 58 57.654	  31.02698075 121.43968022 1.5  0.0 0.0
2015-07-02-17 58 57.756	  31.02698075 121.43968022 1.5  0.0 0.0
2015-07-02-17 58 57.857	  31.02698075 121.43968022 1.5  0.0 0.0
2015-07-02-17 58 57.961	  31.02698075 121.43968022 1.5  0.0 0.0
2015-07-02-17 58 58.066	  31.02698075 121.43968022 1.5  0.0 0.0
2015-07-02-17 58 58.205	  31.02698075 121.43968022 1.5  0.0 0.0
2015-07-02-17 58 58.306	  31.02698075 121.43968022 1.5  0.0 0.0
2015-07-02-17 58 58.408	  31.02698075 121.43968022 1.5  0.0 0.0
2015-07-02-17 58 58.511	  31.02698075 121.43968022 1.5  0.0 0.0
2015-07-02-17 58 58.622	  31.02700803 121.43967273 1.5  0.0 0.0
2015-07-02-17 58 58.739	  31.02700803 121.43967273 1.5  0.0 0.0
2015-07-02-17 58 58.841	  31.02700803 121.43967273 1.5  0.0 0.0
2015-07-02-17 58 58.954	  31.02700803 121.43967273 1.5  0.0 0.0
2015-07-02-17 58 59.055	  31.02700803 121.43967273 1.5  0.0 0.0
2015-07-02-17 58 59.157	  31.02700803 121.43967273 1.5  0.0 0.0
2015-07-02-17 58 59.322	  31.02700803 121.43967273 1.5  0.0 0.0
2015-07-02-17 58 59.425	  31.02700803 121.43967273 1.5  0.0 0.0
2015-07-02-17 58 59.539	  31.02700803 121.43967273 1.5  0.0 0.0
2015-07-02-17 58 59.641	  31.02700803 121.43967273 1.5  0.0 0.0
2015-07-02-17 58 59.743	  31.02700803 121.43967273 1.5  0.0 0.0
2015-07-02-17 58 59.867	  31.02700803 121.43967273 1.5  0.0 0.0
2015-07-02-17 58 59.971	  31.02700803 121.43967273 1.5  0.0 0.0
2015-07-02-17 59 00.073	  31.02700803 121.43967273 1.5  0.0 0.0
2015-07-02-17 59 00.175	  31.02700803 121.43967273 1.5  0.0 0.0
2015-07-02-17 59 00.348	  31.02700803 121.43967273 1.5  0.0 0.0
2015-07-02-17 59 00.450	  31.02700803 121.43967273 1.5  0.0 0.0
2015-07-02-17 59 00.554	  31.02700803 121.43967273 1.5  0.0 0.0
2015-07-02-17 59 00.656	  31.02700803 121.43967273 1.5  0.0 0.0
2015-07-02-17 59 00.758	  31.02700803 121.43967273 1.5  0.0 0.0
2015-07-02-17 59 00.861	  31.02700803 121.43967273 1.5  0.0 0.0
2015-07-02-17 59 00.964	  31.02700803 121.43967273 1.5  0.0 0.0
2015-07-02-17 59 01.122	  31.02700803 121.43967273 1.5  0.0 0.0
2015-07-02-17 59 01.228	  31.02703569 121.4396636 1.5  0.0 0.0
2015-07-02-17 59 01.338	  31.02703569 121.4396636 1.5  0.0 0.0
2015-07-02-17 59 01.443	  31.02703569 121.4396636 1.5  0.0 0.0
2015-07-02-17 59 01.547	  31.02703569 121.4396636 1.5  0.0 0.0
2015-07-02-17 59 01.687	  31.02703569 121.4396636 1.5  0.0 0.0
2015-07-02-17 59 01.789	  31.02703569 121.4396636 1.5  0.0 0.0
2015-07-02-17 59 01.895	  31.02703569 121.4396636 1.5  0.0 0.0
2015-07-02-17 59 02.002	  31.02703569 121.4396636 1.5  0.0 0.0
2015-07-02-17 59 02.108	  31.02703569 121.4396636 1.5  0.0 0.0
2015-07-02-17 59 02.210	  31.02703569 121.4396636 1.5  0.0 0.0
2015-07-02-17 59 02.311	  31.02703569 121.4396636 1.5  0.0 0.0
2015-07-02-17 59 02.413	  31.02703569 121.4396636 1.5  0.0 0.0
2015-07-02-17 59 02.520	  31.02703569 121.4396636 1.5  0.0 0.0
2015-07-02-17 59 02.671	  31.02706216 121.43965177 1.5  0.0 0.0
2015-07-02-17 59 02.773	  31.02706216 121.43965177 1.5  0.0 0.0
2015-07-02-17 59 02.877	  31.02706216 121.43965177 1.5  0.0 0.0
2015-07-02-17 59 02.984	  31.02706216 121.43965177 1.5  0.0 0.0
2015-07-02-17 59 03.089	  31.02706216 121.43965177 1.5  0.0 0.0
2015-07-02-17 59 03.191	  31.02706216 121.43965177 1.5  0.0 0.0
2015-07-02-17 59 03.292	  31.02706216 121.43965177 1.5  0.0 0.0
2015-07-02-17 59 03.395	  31.02706216 121.43965177 1.5  0.0 0.0
2015-07-02-17 59 03.497	  31.02706216 121.43965177 1.5  0.0 0.0
2015-07-02-17 59 03.602	  31.02706216 121.43965177 1.5  0.0 0.0
2015-07-02-17 59 03.703	  31.02706216 121.43965177 1.5  0.0 0.0
2015-07-02-17 59 03.809	  31.02706216 121.43965177 1.5  0.0 0.0
2015-07-02-17 59 03.920	  31.02706216 121.43965177 1.5  0.0 0.0
2015-07-02-17 59 04.022	  31.02706216 121.43965177 1.5  0.0 0.0
2015-07-02-17 59 04.129	  31.02706216 121.43965177 1.5  0.0 0.0
2015-07-02-17 59 04.234	  31.02706216 121.43965177 1.5  0.0 0.0
2015-07-02-17 59 04.344	  31.02706216 121.43965177 1.5  0.0 0.0
2015-07-02-17 59 04.447	  31.02706216 121.43965177 1.5  0.0 0.0
2015-07-02-17 59 04.552	  31.02708782 121.43963911 1.5  0.0 0.0
2015-07-02-17 59 04.658	  31.02708782 121.43963911 1.5  0.0 0.0
2015-07-02-17 59 04.764	  31.02708782 121.43963911 1.5  0.0 0.0
2015-07-02-17 59 04.871	  31.02708782 121.43963911 1.5  0.0 0.0
2015-07-02-17 59 04.977	  31.02708782 121.43963911 1.5  0.0 0.0
2015-07-02-17 59 05.079	  31.02708782 121.43963911 1.5  0.0 0.0
2015-07-02-17 59 05.181	  31.02708782 121.43963911 1.5  0.0 0.0
2015-07-02-17 59 05.285	  31.02708782 121.43963911 1.5  0.0 0.0
2015-07-02-17 59 05.386	  31.02708782 121.43963911 1.5  0.0 0.0
2015-07-02-17 59 05.488	  31.02708782 121.43963911 1.5  0.0 0.0
2015-07-02-17 59 05.593	  31.02708782 121.43963911 1.5  0.0 0.0
2015-07-02-17 59 05.697	  31.02708782 121.43963911 1.5  0.0 0.0
2015-07-02-17 59 05.799	  31.02708782 121.43963911 1.5  0.0 0.0
2015-07-02-17 59 05.904	  31.02708782 121.43963911 1.5  0.0 0.0
2015-07-02-17 59 06.006	  31.02708782 121.43963911 1.5  0.0 0.0
2015-07-02-17 59 06.112	  31.02708782 121.43963911 1.5  0.0 0.0
2015-07-02-17 59 06.217	  31.02708782 121.43963911 1.5  0.0 0.0
2015-07-02-17 59 06.333	  31.02708782 121.43963911 1.5  0.0 0.0
2015-07-02-17 59 06.435	  31.02708782 121.43963911 1.5  0.0 0.0
2015-07-02-17 59 06.538	  31.02711514 121.43962942 1.5  0.0 0.0
2015-07-02-17 59 06.646	  31.02711514 121.43962942 1.5  0.0 0.0
2015-07-02-17 59 06.748	  31.02711514 121.43962942 1.5  0.0 0.0
2015-07-02-17 59 06.850	  31.02711514 121.43962942 1.5  0.0 0.0
2015-07-02-17 59 06.955	  31.02711514 121.43962942 1.5  0.0 0.0
2015-07-02-17 59 07.057	  31.02711514 121.43962942 1.5  0.0 0.0
2015-07-02-17 59 07.162	  31.02711514 121.43962942 1.5  0.0 0.0
2015-07-02-17 59 07.267	  31.02711514 121.43962942 1.5  0.0 0.0
2015-07-02-17 59 07.378	  31.02711514 121.43962942 1.5  0.0 0.0
2015-07-02-17 59 07.479	  31.02711514 121.43962942 1.5  0.0 0.0
2015-07-02-17 59 07.586	  31.02711514 121.43962942 1.5  0.0 0.0
2015-07-02-17 59 07.689	  31.02711514 121.43962942 1.5  0.0 0.0
2015-07-02-17 59 07.804	  31.02711514 121.43962942 1.5  0.0 0.0
2015-07-02-17 59 07.906	  31.02711514 121.43962942 1.5  0.0 0.0
2015-07-02-17 59 08.007	  31.02711514 121.43962942 1.5  0.0 0.0
2015-07-02-17 59 08.109	  31.02711514 121.43962942 1.5  0.0 0.0
2015-07-02-17 59 08.223	  31.02711514 121.43962942 1.5  0.0 0.0
2015-07-02-17 59 08.325	  31.02711514 121.43962942 1.5  0.0 0.0
2015-07-02-17 59 08.427	  31.02711514 121.43962942 1.5  0.0 0.0
2015-07-02-17 59 08.529	  31.02711514 121.43962942 1.5  0.0 0.0
2015-07-02-17 59 08.644	  31.02711514 121.43962942 1.5  0.0 0.0
2015-07-02-17 59 08.747	  31.02711514 121.43962942 1.5  0.0 0.0
2015-07-02-17 59 08.852	  31.02711514 121.43962942 1.5  0.0 0.0
2015-07-02-17 59 08.955	  31.02711514 121.43962942 1.5  0.0 0.0
2015-07-02-17 59 09.069	  31.02711514 121.43962942 1.5  0.0 0.0
2015-07-02-17 59 09.172	  31.02714198 121.43962158 1.5  0.0 0.0
2015-07-02-17 59 09.277	  31.02714198 121.43962158 1.5  0.0 0.0
2015-07-02-17 59 09.379	  31.02714198 121.43962158 1.5  0.0 0.0
2015-07-02-17 59 09.484	  31.02714198 121.43962158 1.5  0.0 0.0
2015-07-02-17 59 09.585	  31.02714198 121.43962158 1.5  0.0 0.0
2015-07-02-17 59 09.697	  31.02714198 121.43962158 1.5  0.0 0.0
2015-07-02-17 59 09.799	  31.02714198 121.43962158 1.5  0.0 0.0
2015-07-02-17 59 09.903	  31.02714198 121.43962158 1.5  0.0 0.0
2015-07-02-17 59 10.005	  31.02714198 121.43962158 1.5  0.0 0.0
2015-07-02-17 59 10.113	  31.02714198 121.43962158 1.5  0.0 0.0
2015-07-02-17 59 10.215	  31.02714198 121.43962158 1.5  0.0 0.0
2015-07-02-17 59 10.316	  31.02714198 121.43962158 1.5  0.0 0.0
2015-07-02-17 59 10.428	  31.02714198 121.43962158 1.5  0.0 0.0
2015-07-02-17 59 10.530	  31.02714198 121.43962158 1.5  0.0 0.0
2015-07-02-17 59 10.639	  31.02716872 121.43961396 1.5  0.0 0.0
2015-07-02-17 59 10.743	  31.02716872 121.43961396 1.5  0.0 0.0
2015-07-02-17 59 10.849	  31.02716872 121.43961396 1.5  0.0 0.0
2015-07-02-17 59 10.953	  31.02716872 121.43961396 1.5  0.0 0.0
2015-07-02-17 59 11.060	  31.02716872 121.43961396 1.5  0.0 0.0
2015-07-02-17 59 11.161	  31.02716872 121.43961396 1.5  0.0 0.0
2015-07-02-17 59 11.268	  31.02716872 121.43961396 1.5  0.0 0.0
2015-07-02-17 59 11.372	  31.02716872 121.43961396 1.5  0.0 0.0
2015-07-02-17 59 11.484	  31.02716872 121.43961396 1.5  0.0 0.0
2015-07-02-17 59 11.585	  31.02716872 121.43961396 1.5  0.0 0.0
2015-07-02-17 59 11.691	  31.02716872 121.43961396 1.5  0.0 0.0
2015-07-02-17 59 11.794	  31.02716872 121.43961396 1.5  0.0 0.0
2015-07-02-17 59 11.913	  31.02716872 121.43961396 1.5  0.0 0.0
2015-07-02-17 59 12.015	  31.02716872 121.43961396 1.5  0.0 0.0
2015-07-02-17 59 12.122	  31.02716872 121.43961396 1.5  0.0 0.0
2015-07-02-17 59 12.224	  31.02716872 121.43961396 1.5  0.0 0.0
2015-07-02-17 59 12.333	  31.02716872 121.43961396 1.5  0.0 0.0
2015-07-02-17 59 12.436	  31.02716872 121.43961396 1.5  0.0 0.0
2015-07-02-17 59 12.551	  31.02719388 121.43960334 1.5  0.0 0.0
2015-07-02-17 59 12.652	  31.02719388 121.43960334 1.5  0.0 0.0
2015-07-02-17 59 12.757	  31.02719388 121.43960334 1.5  0.0 0.0
2015-07-02-17 59 12.859	  31.02719388 121.43960334 1.5  0.0 0.0
2015-07-02-17 59 12.965	  31.02719388 121.43960334 1.5  0.0 0.0
2015-07-02-17 59 13.068	  31.02719388 121.43960334 1.5  0.0 0.0
2015-07-02-17 59 13.175	  31.02719388 121.43960334 1.5  0.0 0.0
2015-07-02-17 59 13.276	  31.02719388 121.43960334 1.5  0.0 0.0
2015-07-02-17 59 13.384	  31.02719388 121.43960334 1.5  0.0 0.0
2015-07-02-17 59 13.487	  31.02719388 121.43960334 1.5  0.0 0.0
2015-07-02-17 59 13.611	  31.02719388 121.43960334 1.5  0.0 0.0
2015-07-02-17 59 13.713	  31.02719388 121.43960334 1.5  0.0 0.0
2015-07-02-17 59 13.819	  31.02719388 121.43960334 1.5  0.0 0.0
2015-07-02-17 59 13.926	  31.02719388 121.43960334 1.5  0.0 0.0
2015-07-02-17 59 14.039	  31.02719388 121.43960334 1.5  0.0 0.0
2015-07-02-17 59 14.142	  31.02719388 121.43960334 1.5  0.0 0.0
2015-07-02-17 59 14.252	  31.02719388 121.43960334 1.5  0.0 0.0
2015-07-02-17 59 14.354	  31.02719388 121.43960334 1.5  0.0 0.0
2015-07-02-17 59 14.465	  31.02719388 121.43960334 1.5  0.0 0.0
2015-07-02-17 59 14.568	  31.02721704 121.4395909 1.5  0.0 0.0
2015-07-02-17 59 14.680	  31.02721704 121.4395909 1.5  0.0 0.0
2015-07-02-17 59 14.782	  31.02721704 121.4395909 1.5  0.0 0.0
2015-07-02-17 59 14.889	  31.02721704 121.4395909 1.5  0.0 0.0
2015-07-02-17 59 14.995	  31.02721704 121.4395909 1.5  0.0 0.0
2015-07-02-17 59 15.107	  31.02721704 121.4395909 1.5  0.0 0.0
2015-07-02-17 59 15.210	  31.02721704 121.4395909 1.5  0.0 0.0
2015-07-02-17 59 15.311	  31.02721704 121.4395909 1.5  0.0 0.0
2015-07-02-17 59 15.417	  31.02721704 121.4395909 1.5  0.0 0.0
2015-07-02-17 59 15.521	  31.02721704 121.4395909 1.5  0.0 0.0
2015-07-02-17 59 15.634	  31.02721704 121.4395909 1.5  0.0 0.0
2015-07-02-17 59 15.736	  31.02721704 121.4395909 1.5  0.0 0.0
2015-07-02-17 59 15.844	  31.02721704 121.4395909 1.5  0.0 0.0
2015-07-02-17 59 15.948	  31.02721704 121.4395909 1.5  0.0 0.0
2015-07-02-17 59 16.062	  31.02721704 121.4395909 1.5  0.0 0.0
2015-07-02-17 59 16.167	  31.02721704 121.4395909 1.5  0.0 0.0
2015-07-02-17 59 16.279	  31.02721704 121.4395909 1.5  0.0 0.0
2015-07-02-17 59 16.382	  31.02721704 121.4395909 1.5  0.0 0.0
2015-07-02-17 59 16.489	  31.02721704 121.4395909 1.5  0.0 0.0
2015-07-02-17 59 16.591	  31.02721704 121.4395909 1.5  0.0 0.0
2015-07-02-17 59 16.706	  31.02724406 121.43957961 1.5  0.0 0.0
2015-07-02-17 59 16.807	  31.02724406 121.43957961 1.5  0.0 0.0
2015-07-02-17 59 16.916	  31.02724406 121.43957961 1.5  0.0 0.0
2015-07-02-17 59 17.018	  31.02724406 121.43957961 1.5  0.0 0.0
2015-07-02-17 59 17.127	  31.02724406 121.43957961 1.5  0.0 0.0
2015-07-02-17 59 17.229	  31.02724406 121.43957961 1.5  0.0 0.0
2015-07-02-17 59 17.336	  31.02724406 121.43957961 1.5  0.0 0.0
2015-07-02-17 59 17.440	  31.02724406 121.43957961 1.5  0.0 0.0
2015-07-02-17 59 17.555	  31.02724406 121.43957961 1.5  0.0 0.0
2015-07-02-17 59 17.657	  31.02724406 121.43957961 1.5  0.0 0.0
2015-07-02-17 59 17.769	  31.02724406 121.43957961 1.5  0.0 0.0
2015-07-02-17 59 17.872	  31.02724406 121.43957961 1.5  0.0 0.0
2015-07-02-17 59 18.015	  31.02724406 121.43957961 1.5  0.0 0.0
2015-07-02-17 59 18.117	  31.02724406 121.43957961 1.5  0.0 0.0
2015-07-02-17 59 18.261	  31.02724406 121.43957961 1.5  0.0 0.0
2015-07-02-17 59 18.374	  31.02724406 121.43957961 1.5  0.0 0.0
2015-07-02-17 59 18.478	  31.02724406 121.43957961 1.5  0.0 0.0
2015-07-02-17 59 18.605	  31.02727171 121.43956904 1.5  0.0 0.0
2015-07-02-17 59 18.707	  31.02727171 121.43956904 1.5  0.0 0.0
2015-07-02-17 59 18.850	  31.02727171 121.43956904 1.5  0.0 0.0
2015-07-02-17 59 18.956	  31.02727171 121.43956904 1.5  0.0 0.0
2015-07-02-17 59 19.058	  31.02727171 121.43956904 1.5  0.0 0.0
2015-07-02-17 59 19.203	  31.02727171 121.43956904 1.5  0.0 0.0
2015-07-02-17 59 19.307	  31.02727171 121.43956904 1.5  0.0 0.0
2015-07-02-17 59 19.477	  31.02727171 121.43956904 1.5  0.0 0.0
2015-07-02-17 59 19.579	  31.02727171 121.43956904 1.5  0.0 0.0
2015-07-02-17 59 19.684	  31.02727171 121.43956904 1.5  0.0 0.0
2015-07-02-17 59 19.839	  31.02727171 121.43956904 1.5  0.0 0.0
2015-07-02-17 59 19.943	  31.02727171 121.43956904 1.5  0.0 0.0
2015-07-02-17 59 20.120	  31.02727171 121.43956904 1.5  0.0 0.0
2015-07-02-17 59 20.227	  31.02727171 121.43956904 1.5  0.0 0.0
2015-07-02-17 59 20.329	  31.02727171 121.43956904 1.5  0.0 0.0
2015-07-02-17 59 20.434	  31.02727171 121.43956904 1.5  0.0 0.0
2015-07-02-17 59 20.581	  31.02730161 121.43956059 1.5  0.0 0.0
2015-07-02-17 59 20.685	  31.02730161 121.43956059 1.5  0.0 0.0
2015-07-02-17 59 20.839	  31.02730161 121.43956059 1.5  0.0 0.0
2015-07-02-17 59 20.941	  31.02730161 121.43956059 1.5  0.0 0.0
2015-07-02-17 59 21.099	  31.02730161 121.43956059 1.5  0.0 0.0
2015-07-02-17 59 21.202	  31.02730161 121.43956059 1.5  0.0 0.0
2015-07-02-17 59 21.321	  31.02730161 121.43956059 1.5  0.0 0.0
2015-07-02-17 59 21.436	  31.02730161 121.43956059 1.5  0.0 0.0
2015-07-02-17 59 21.538	  31.02730161 121.43956059 1.5  0.0 0.0
2015-07-02-17 59 21.689	  31.02730161 121.43956059 1.5  0.0 0.0
2015-07-02-17 59 21.790	  31.02730161 121.43956059 1.5  0.0 0.0
2015-07-02-17 59 21.909	  31.02730161 121.43956059 1.5  0.0 0.0
2015-07-02-17 59 22.015	  31.02730161 121.43956059 1.5  0.0 0.0
2015-07-02-17 59 22.208	  31.02730161 121.43956059 1.5  0.0 0.0
2015-07-02-17 59 22.311	  31.02730161 121.43956059 1.5  0.0 0.0
2015-07-02-17 59 22.459	  31.02730161 121.43956059 1.5  0.0 0.0
2015-07-02-17 59 22.573	  31.02733152 121.43955074 1.5  0.0 0.0
2015-07-02-17 59 22.674	  31.02733152 121.43955074 1.5  0.0 0.0
2015-07-02-17 59 22.790	  31.02733152 121.43955074 1.5  0.0 0.0
2015-07-02-17 59 22.893	  31.02733152 121.43955074 1.5  0.0 0.0
2015-07-02-17 59 23.037	  31.02733152 121.43955074 1.5  0.0 0.0
2015-07-02-17 59 23.141	  31.02733152 121.43955074 1.5  0.0 0.0
2015-07-02-17 59 23.292	  31.02733152 121.43955074 1.5  0.0 0.0
2015-07-02-17 59 23.397	  31.02733152 121.43955074 1.5  0.0 0.0
2015-07-02-17 59 23.546	  31.02733152 121.43955074 1.5  0.0 0.0
2015-07-02-17 59 23.650	  31.02733152 121.43955074 1.5  0.0 0.0
2015-07-02-17 59 23.752	  31.02733152 121.43955074 1.5  0.0 0.0
2015-07-02-17 59 23.870	  31.02733152 121.43955074 1.5  0.0 0.0
2015-07-02-17 59 23.976	  31.02733152 121.43955074 1.5  0.0 0.0
2015-07-02-17 59 24.147	  31.02733152 121.43955074 1.5  0.0 0.0
2015-07-02-17 59 24.251	  31.02733152 121.43955074 1.5  0.0 0.0
2015-07-02-17 59 24.352	  31.02733152 121.43955074 1.5  0.0 0.0
2015-07-02-17 59 24.471	  31.02733152 121.43955074 1.5  0.0 0.0
2015-07-02-17 59 24.574	  31.02733152 121.43955074 1.5  0.0 0.0
2015-07-02-17 59 24.721	  31.02736059 121.43953771 1.5  0.0 0.0
2015-07-02-17 59 24.832	  31.02736059 121.43953771 1.5  0.0 0.0
2015-07-02-17 59 24.935	  31.02736059 121.43953771 1.5  0.0 0.0
2015-07-02-17 59 25.099	  31.02736059 121.43953771 1.5  0.0 0.0
2015-07-02-17 59 25.201	  31.02736059 121.43953771 1.5  0.0 0.0
2015-07-02-17 59 25.312	  31.02736059 121.43953771 1.5  0.0 0.0
2015-07-02-17 59 25.425	  31.02736059 121.43953771 1.5  0.0 0.0
2015-07-02-17 59 25.530	  31.02736059 121.43953771 1.5  0.0 0.0
2015-07-02-17 59 25.637	  31.02736059 121.43953771 1.5  0.0 0.0
2015-07-02-17 59 25.757	  31.02736059 121.43953771 1.5  0.0 0.0
2015-07-02-17 59 25.860	  31.02736059 121.43953771 1.5  0.0 0.0
2015-07-02-17 59 25.993	  31.02736059 121.43953771 1.5  0.0 0.0
2015-07-02-17 59 26.097	  31.02736059 121.43953771 1.5  0.0 0.0
2015-07-02-17 59 26.200	  31.02736059 121.43953771 1.5  0.0 0.0
2015-07-02-17 59 26.342	  31.02736059 121.43953771 1.5  0.0 0.0
2015-07-02-17 59 26.444	  31.02736059 121.43953771 1.5  0.0 0.0
2015-07-02-17 59 26.547	  31.02736059 121.43953771 1.5  0.0 0.0
2015-07-02-17 59 26.746	  31.02738954 121.43952351 1.5  0.0 0.0
2015-07-02-17 59 26.848	  31.02738954 121.43952351 1.5  0.0 0.0
2015-07-02-17 59 26.950	  31.02738954 121.43952351 1.5  0.0 0.0
2015-07-02-17 59 27.119	  31.02738954 121.43952351 1.5  0.0 0.0
2015-07-02-17 59 27.225	  31.02738954 121.43952351 1.5  0.0 0.0
2015-07-02-17 59 27.347	  31.02738954 121.43952351 1.5  0.0 0.0
2015-07-02-17 59 27.456	  31.02738954 121.43952351 1.5  0.0 0.0
2015-07-02-17 59 27.559	  31.02738954 121.43952351 1.5  0.0 0.0
2015-07-02-17 59 27.709	  31.02738954 121.43952351 1.5  0.0 0.0
2015-07-02-17 59 27.811	  31.02738954 121.43952351 1.5  0.0 0.0
2015-07-02-17 59 27.914	  31.02738954 121.43952351 1.5  0.0 0.0
2015-07-02-17 59 28.086	  31.02738954 121.43952351 1.5  0.0 0.0
2015-07-02-17 59 28.189	  31.02738954 121.43952351 1.5  0.0 0.0
2015-07-02-17 59 28.290	  31.02738954 121.43952351 1.5  0.0 0.0
2015-07-02-17 59 28.426	  31.02738954 121.43952351 1.5  0.0 0.0
2015-07-02-17 59 28.530	  31.0274181 121.43950991 1.5  0.0 0.0
2015-07-02-17 59 28.632	  31.0274181 121.43950991 1.5  0.0 0.0
2015-07-02-17 59 28.756	  31.0274181 121.43950991 1.5  0.0 0.0
2015-07-02-17 59 28.861	  31.0274181 121.43950991 1.5  0.0 0.0
2015-07-02-17 59 28.963	  31.0274181 121.43950991 1.5  0.0 0.0
2015-07-02-17 59 29.082	  31.0274181 121.43950991 1.5  0.0 0.0
2015-07-02-17 59 29.185	  31.0274181 121.43950991 1.5  0.0 0.0
2015-07-02-17 59 29.288	  31.0274181 121.43950991 1.5  0.0 0.0
2015-07-02-17 59 29.439	  31.0274181 121.43950991 1.5  0.0 0.0
2015-07-02-17 59 29.546	  31.0274181 121.43950991 1.5  0.0 0.0
2015-07-02-17 59 29.648	  31.0274181 121.43950991 1.5  0.0 0.0
2015-07-02-17 59 29.787	  31.0274181 121.43950991 1.5  0.0 0.0
2015-07-02-17 59 29.898	  31.0274181 121.43950991 1.5  0.0 0.0
2015-07-02-17 59 30.001	  31.0274181 121.43950991 1.5  0.0 0.0
2015-07-02-17 59 30.120	  31.0274181 121.43950991 1.5  0.0 0.0
2015-07-02-17 59 30.230	  31.0274181 121.43950991 1.5  0.0 0.0
2015-07-02-17 59 30.333	  31.0274181 121.43950991 1.5  0.0 0.0
2015-07-02-17 59 30.487	  31.0274181 121.43950991 1.5  0.0 0.0
2015-07-02-17 59 30.590	  31.02744033 121.43949494 1.5  0.0 0.0
2015-07-02-17 59 30.707	  31.02744033 121.43949494 1.5  0.0 0.0
2015-07-02-17 59 30.835	  31.02744033 121.43949494 1.5  0.0 0.0
2015-07-02-17 59 30.937	  31.02744033 121.43949494 1.5  0.0 0.0
2015-07-02-17 59 31.077	  31.02744033 121.43949494 1.5  0.0 0.0
2015-07-02-17 59 31.188	  31.02744033 121.43949494 1.5  0.0 0.0
2015-07-02-17 59 31.290	  31.02744033 121.43949494 1.5  0.0 0.0
2015-07-02-17 59 31.452	  31.02744033 121.43949494 1.5  0.0 0.0
2015-07-02-17 59 31.557	  31.02744033 121.43949494 1.5  0.0 0.0
2015-07-02-17 59 31.663	  31.02744033 121.43949494 1.5  0.0 0.0
2015-07-02-17 59 31.781	  31.02744033 121.43949494 1.5  0.0 0.0
2015-07-02-17 59 31.885	  31.02744033 121.43949494 1.5  0.0 0.0
2015-07-02-17 59 31.987	  31.02744033 121.43949494 1.5  0.0 0.0
2015-07-02-17 59 32.135	  31.02744033 121.43949494 1.5  0.0 0.0
2015-07-02-17 59 32.256	  31.02744033 121.43949494 1.5  0.0 0.0
2015-07-02-17 59 32.364	  31.02744033 121.43949494 1.5  0.0 0.0
2015-07-02-17 59 32.469	  31.02744033 121.43949494 1.5  0.0 0.0
2015-07-02-17 59 32.650	  31.02746525 121.43948178 1.5  0.0 0.0
2015-07-02-17 59 32.769	  31.02746525 121.43948178 1.5  0.0 0.0
2015-07-02-17 59 32.873	  31.02746525 121.43948178 1.5  0.0 0.0
2015-07-02-17 59 32.976	  31.02746525 121.43948178 1.5  0.0 0.0
2015-07-02-17 59 33.127	  31.02746525 121.43948178 1.5  0.0 0.0
2015-07-02-17 59 33.244	  31.02746525 121.43948178 1.5  0.0 0.0
2015-07-02-17 59 33.349	  31.02746525 121.43948178 1.5  0.0 0.0
2015-07-02-17 59 33.454	  31.02746525 121.43948178 1.5  0.0 0.0
2015-07-02-17 59 33.612	  31.02746525 121.43948178 1.5  0.0 0.0
2015-07-02-17 59 33.773	  31.02746525 121.43948178 1.5  0.0 0.0
2015-07-02-17 59 33.874	  31.02746525 121.43948178 1.5  0.0 0.0
2015-07-02-17 59 33.977	  31.02746525 121.43948178 1.5  0.0 0.0
2015-07-02-17 59 34.148	  31.02746525 121.43948178 1.5  0.0 0.0
2015-07-02-17 59 34.266	  31.02746525 121.43948178 1.5  0.0 0.0
2015-07-02-17 59 34.371	  31.02746525 121.43948178 1.5  0.0 0.0
2015-07-02-17 59 34.473	  31.02746525 121.43948178 1.5  0.0 0.0
2015-07-02-17 59 34.614	  31.02749236 121.43947022 1.5  0.0 0.0
2015-07-02-17 59 34.765	  31.02749236 121.43947022 1.5  0.0 0.0
2015-07-02-17 59 34.869	  31.02749236 121.43947022 1.5  0.0 0.0
2015-07-02-17 59 34.971	  31.02749236 121.43947022 1.5  0.0 0.0
2015-07-02-17 59 35.118	  31.02749236 121.43947022 1.5  0.0 0.0
2015-07-02-17 59 35.289	  31.02749236 121.43947022 1.5  0.0 0.0
2015-07-02-17 59 35.398	  31.02749236 121.43947022 1.5  0.0 0.0
2015-07-02-17 59 35.507	  31.02749236 121.43947022 1.5  0.0 0.0
2015-07-02-17 59 35.612	  31.02749236 121.43947022 1.5  0.0 0.0
2015-07-02-17 59 35.714	  31.02749236 121.43947022 1.5  0.0 0.0
2015-07-02-17 59 35.863	  31.02749236 121.43947022 1.5  0.0 0.0
2015-07-02-17 59 36.030	  31.02749236 121.43947022 1.5  0.0 0.0
2015-07-02-17 59 36.132	  31.02749236 121.43947022 1.5  0.0 0.0
2015-07-02-17 59 36.234	  31.02749236 121.43947022 1.5  0.0 0.0
2015-07-02-17 59 36.382	  31.02749236 121.43947022 1.5  0.0 0.0
2015-07-02-17 59 36.501	  31.02751695 121.43945578 1.5  0.0 0.0
2015-07-02-17 59 36.649	  31.02751695 121.43945578 1.5  0.0 0.0
2015-07-02-17 59 36.752	  31.02751695 121.43945578 1.5  0.0 0.0
2015-07-02-17 59 36.894	  31.02751695 121.43945578 1.5  0.0 0.0
2015-07-02-17 59 37.047	  31.02751695 121.43945578 1.5  0.0 0.0
2015-07-02-17 59 37.157	  31.02751695 121.43945578 1.5  0.0 0.0
2015-07-02-17 59 37.260	  31.02751695 121.43945578 1.5  0.0 0.0
2015-07-02-17 59 37.405	  31.02751695 121.43945578 1.5  0.0 0.0
2015-07-02-17 59 37.526	  31.02751695 121.43945578 1.5  0.0 0.0
2015-07-02-17 59 37.647	  31.02751695 121.43945578 1.5  0.0 0.0
2015-07-02-17 59 37.749	  31.02751695 121.43945578 1.5  0.0 0.0
2015-07-02-17 59 37.882	  31.02751695 121.43945578 1.5  0.0 0.0
2015-07-02-17 59 38.020	  31.02751695 121.43945578 1.5  0.0 0.0
2015-07-02-17 59 38.133	  31.02751695 121.43945578 1.5  0.0 0.0
2015-07-02-17 59 38.234	  31.02751695 121.43945578 1.5  0.0 0.0
2015-07-02-17 59 38.365	  31.02751695 121.43945578 1.5  0.0 0.0
2015-07-02-17 59 38.512	  31.02751695 121.43945578 1.5  0.0 0.0
2015-07-02-17 59 38.621	  31.02754155 121.4394409 1.5  0.0 0.0
2015-07-02-17 59 38.722	  31.02754155 121.4394409 1.5  0.0 0.0
2015-07-02-17 59 38.865	  31.02754155 121.4394409 1.5  0.0 0.0
2015-07-02-17 59 38.996	  31.02754155 121.4394409 1.5  0.0 0.0
2015-07-02-17 59 39.101	  31.02754155 121.4394409 1.5  0.0 0.0
2015-07-02-17 59 39.203	  31.02754155 121.4394409 1.5  0.0 0.0
2015-07-02-17 59 39.320	  31.02754155 121.4394409 1.5  0.0 0.0
2015-07-02-17 59 39.444	  31.02754155 121.4394409 1.5  0.0 0.0
2015-07-02-17 59 39.548	  31.02754155 121.4394409 1.5  0.0 0.0
2015-07-02-17 59 39.673	  31.02754155 121.4394409 1.5  0.0 0.0
2015-07-02-17 59 39.775	  31.02754155 121.4394409 1.5  0.0 0.0
2015-07-02-17 59 39.923	  31.02754155 121.4394409 1.5  0.0 0.0
2015-07-02-17 59 40.071	  31.02754155 121.4394409 1.5  0.0 0.0
2015-07-02-17 59 40.180	  31.02754155 121.4394409 1.5  0.0 0.0
2015-07-02-17 59 40.284	  31.02754155 121.4394409 1.5  0.0 0.0
2015-07-02-17 59 40.447	  31.02754155 121.4394409 1.5  0.0 0.0
2015-07-02-17 59 40.582	  31.02754155 121.4394409 1.5  0.0 0.0
2015-07-02-17 59 40.701	  31.02754155 121.4394409 1.5  0.0 0.0
2015-07-02-17 59 40.852	  31.02754155 121.4394409 1.5  0.0 0.0
2015-07-02-17 59 40.957	  31.02754155 121.4394409 1.5  0.0 0.0
2015-07-02-17 59 41.060	  31.02754155 121.4394409 1.5  0.0 0.0
2015-07-02-17 59 41.226	  31.02756673 121.43942751 1.5  0.0 0.0
2015-07-02-17 59 41.347	  31.02756673 121.43942751 1.5  0.0 0.0
2015-07-02-17 59 41.457	  31.02756673 121.43942751 1.5  0.0 0.0
2015-07-02-17 59 41.564	  31.02756673 121.43942751 1.5  0.0 0.0
2015-07-02-17 59 41.757	  31.02756673 121.43942751 1.5  0.0 0.0
2015-07-02-17 59 41.874	  31.02756673 121.43942751 1.5  0.0 0.0
2015-07-02-17 59 41.979	  31.02756673 121.43942751 1.5  0.0 0.0
2015-07-02-17 59 42.086	  31.02756673 121.43942751 1.5  0.0 0.0
2015-07-02-17 59 42.252	  31.02756673 121.43942751 1.5  0.0 0.0
2015-07-02-17 59 42.370	  31.02756673 121.43942751 1.5  0.0 0.0
2015-07-02-17 59 42.472	  31.02756673 121.43942751 1.5  0.0 0.0
2015-07-02-17 59 42.575	  31.0275891 121.4394144 1.5  0.0 0.0
2015-07-02-17 59 42.719	  31.0275891 121.4394144 1.5  0.0 0.0
2015-07-02-17 59 42.879	  31.0275891 121.4394144 1.5  0.0 0.0
2015-07-02-17 59 42.989	  31.0275891 121.4394144 1.5  0.0 0.0
2015-07-02-17 59 43.093	  31.0275891 121.4394144 1.5  0.0 0.0
2015-07-02-17 59 43.211	  31.0275891 121.4394144 1.5  0.0 0.0
2015-07-02-17 59 43.331	  31.0275891 121.4394144 1.5  0.0 0.0
2015-07-02-17 59 43.443	  31.0275891 121.4394144 1.5  0.0 0.0
2015-07-02-17 59 43.545	  31.0275891 121.4394144 1.5  0.0 0.0
2015-07-02-17 59 43.673	  31.0275891 121.4394144 1.5  0.0 0.0
2015-07-02-17 59 43.798	  31.0275891 121.4394144 1.5  0.0 0.0
2015-07-02-17 59 43.901	  31.0275891 121.4394144 1.5  0.0 0.0
2015-07-02-17 59 44.004	  31.0275891 121.4394144 1.5  0.0 0.0
2015-07-02-17 59 44.148	  31.0275891 121.4394144 1.5  0.0 0.0
2015-07-02-17 59 44.306	  31.0275891 121.4394144 1.5  0.0 0.0
2015-07-02-17 59 44.414	  31.0275891 121.4394144 1.5  0.0 0.0
2015-07-02-17 59 44.516	  31.02761375 121.43940026 1.5  0.0 0.0
2015-07-02-17 59 44.656	  31.02761375 121.43940026 1.5  0.0 0.0
2015-07-02-17 59 44.793	  31.02761375 121.43940026 1.5  0.0 0.0
2015-07-02-17 59 44.896	  31.02761375 121.43940026 1.5  0.0 0.0
2015-07-02-17 59 44.998	  31.02761375 121.43940026 1.5  0.0 0.0
2015-07-02-17 59 45.138	  31.02761375 121.43940026 1.5  0.0 0.0
2015-07-02-17 59 45.299	  31.02761375 121.43940026 1.5  0.0 0.0
2015-07-02-17 59 45.401	  31.02761375 121.43940026 1.5  0.0 0.0
2015-07-02-17 59 45.503	  31.02761375 121.43940026 1.5  0.0 0.0
2015-07-02-17 59 45.671	  31.02761375 121.43940026 1.5  0.0 0.0
2015-07-02-17 59 45.774	  31.02761375 121.43940026 1.5  0.0 0.0
2015-07-02-17 59 45.912	  31.02761375 121.43940026 1.5  0.0 0.0
2015-07-02-17 59 46.105	  31.02761375 121.43940026 1.5  0.0 0.0
2015-07-02-17 59 46.210	  31.02761375 121.43940026 1.5  0.0 0.0
2015-07-02-17 59 46.312	  31.02761375 121.43940026 1.5  0.0 0.0
2015-07-02-17 59 46.446	  31.02761375 121.43940026 1.5  0.0 0.0
2015-07-02-17 59 46.585	  31.02764002 121.43938405 1.5  0.0 0.0
2015-07-02-17 59 46.688	  31.02764002 121.43938405 1.5  0.0 0.0
2015-07-02-17 59 46.798	  31.02764002 121.43938405 1.5  0.0 0.0
2015-07-02-17 59 46.968	  31.02764002 121.43938405 1.5  0.0 0.0
2015-07-02-17 59 47.112	  31.02764002 121.43938405 1.5  0.0 0.0
2015-07-02-17 59 47.230	  31.02764002 121.43938405 1.5  0.0 0.0
2015-07-02-17 59 47.332	  31.02764002 121.43938405 1.5  0.0 0.0
2015-07-02-17 59 47.476	  31.02764002 121.43938405 1.5  0.0 0.0
2015-07-02-17 59 47.625	  31.02764002 121.43938405 1.5  0.0 0.0
2015-07-02-17 59 47.727	  31.02764002 121.43938405 1.5  0.0 0.0
2015-07-02-17 59 47.832	  31.02764002 121.43938405 1.5  0.0 0.0
2015-07-02-17 59 47.937	  31.02764002 121.43938405 1.5  0.0 0.0
2015-07-02-17 59 48.065	  31.02764002 121.43938405 1.5  0.0 0.0
2015-07-02-17 59 48.199	  31.02764002 121.43938405 1.5  0.0 0.0
2015-07-02-17 59 48.342	  31.02764002 121.43938405 1.5  0.0 0.0
2015-07-02-17 59 48.486	  31.02764002 121.43938405 1.5  0.0 0.0
2015-07-02-17 59 48.619	  31.02766997 121.43936472 1.5  0.0 0.0
2015-07-02-17 59 48.786	  31.02766997 121.43936472 1.5  0.0 0.0
2015-07-02-17 59 48.904	  31.02766997 121.43936472 1.5  0.0 0.0
2015-07-02-17 59 49.051	  31.02766997 121.43936472 1.5  0.0 0.0
