2015-07-02-17 49 11.214	  0.0 0.0 0.0  0.0 0.0
2015-07-02-17 49 11.317	  0.0 0.0 0.0  0.0 0.0
2015-07-02-17 49 11.420	  0.0 0.0 0.0  0.0 0.0
2015-07-02-17 49 11.521	  0.0 0.0 0.0  0.0 0.0
2015-07-02-17 49 11.622	  0.0 0.0 0.0  0.0 0.0
2015-07-02-17 49 11.724	  0.0 0.0 0.0  0.0 0.0
2015-07-02-17 49 11.825	  0.0 0.0 0.0  0.0 0.0
2015-07-02-17 49 11.927	  0.0 0.0 0.0  0.0 0.0
2015-07-02-17 49 12.029	  0.0 0.0 0.0  0.0 0.0
2015-07-02-17 49 12.131	  0.0 0.0 0.0  0.0 0.0
2015-07-02-17 49 12.232	  0.0 0.0 0.0  0.0 0.0
2015-07-02-17 49 12.334	  0.0 0.0 0.0  0.0 0.0
2015-07-02-17 49 12.436	  0.0 0.0 0.0  0.0 0.0
2015-07-02-17 49 12.538	  0.0 0.0 0.0  0.0 0.0
2015-07-02-17 49 12.639	  0.0 0.0 0.0  0.0 0.0
2015-07-02-17 49 12.741	  0.0 0.0 0.0  0.0 0.0
2015-07-02-17 49 12.843	  0.0 0.0 0.0  0.0 0.0
2015-07-02-17 49 12.945	  0.0 0.0 0.0  0.0 0.0
2015-07-02-17 49 13.046	  0.0 0.0 0.0  0.0 0.0
2015-07-02-17 49 13.148	  0.0 0.0 0.0  0.0 0.0
2015-07-02-17 49 13.250	  0.0 0.0 0.0  0.0 0.0
2015-07-02-17 49 13.352	  0.0 0.0 0.0  0.0 0.0
2015-07-02-17 49 13.455	  31.0264581 121.43992579 1.25  0.0 0.0
2015-07-02-17 49 13.557	  31.0264581 121.43992579 1.25  0.0 0.0
2015-07-02-17 49 13.659	  31.0264581 121.43992579 1.25  0.0 0.0
2015-07-02-17 49 13.761	  31.0264581 121.43992579 1.25  0.0 0.0
2015-07-02-17 49 13.863	  31.0264581 121.43992579 1.25  0.0 0.0
2015-07-02-17 49 13.965	  31.0264581 121.43992579 1.25  0.0 0.0
2015-07-02-17 49 14.066	  31.0264581 121.43992579 1.25  0.0 0.0
2015-07-02-17 49 14.170	  31.0264581 121.43992579 1.25  0.0 0.0
2015-07-02-17 49 14.276	  31.0264581 121.43992579 1.25  0.0 0.0
2015-07-02-17 49 14.381	  31.0264581 121.43992579 1.25  0.0 0.0
2015-07-02-17 49 14.484	  31.02647885 121.43989727 1.25  0.0 0.0
2015-07-02-17 49 14.588	  31.02647885 121.43989727 1.25  0.0 0.0
2015-07-02-17 49 14.691	  31.02647885 121.43989727 1.25  0.0 0.0
2015-07-02-17 49 14.794	  31.02647885 121.43989727 1.25  0.0 0.0
2015-07-02-17 49 14.896	  31.02647885 121.43989727 1.25  0.0 0.0
2015-07-02-17 49 14.999	  31.02647885 121.43989727 1.25  0.0 0.0
2015-07-02-17 49 15.106	  31.02647885 121.43989727 1.25  0.0 0.0
2015-07-02-17 49 15.210	  31.02647885 121.43989727 1.25  0.0 0.0
2015-07-02-17 49 15.315	  31.02647885 121.43989727 1.25  0.0 0.0
2015-07-02-17 49 15.421	  31.02647885 121.43989727 1.25  0.0 0.0
2015-07-02-17 49 15.522	  31.02650355 121.43988155 1.25  0.0 0.0
2015-07-02-17 49 15.624	  31.02650355 121.43988155 1.25  0.0 0.0
2015-07-02-17 49 15.726	  31.02650355 121.43988155 1.25  0.0 0.0
2015-07-02-17 49 15.830	  31.02650355 121.43988155 1.25  0.0 0.0
2015-07-02-17 49 15.934	  31.02650355 121.43988155 1.25  0.0 0.0
2015-07-02-17 49 16.040	  31.02650355 121.43988155 1.25  0.0 0.0
2015-07-02-17 49 16.144	  31.02650355 121.43988155 1.25  0.0 0.0
2015-07-02-17 49 16.250	  31.02650355 121.43988155 1.25  0.0 0.0
2015-07-02-17 49 16.353	  31.02650355 121.43988155 1.25  0.0 0.0
2015-07-02-17 49 16.457	  31.02650355 121.43988155 1.25  0.0 0.0
2015-07-02-17 49 16.600	  31.02652535 121.43986799 1.25  0.0 0.0
2015-07-02-17 49 16.701	  31.02652535 121.43986799 1.25  0.0 0.0
2015-07-02-17 49 16.803	  31.02652535 121.43986799 1.25  0.0 0.0
2015-07-02-17 49 16.906	  31.02652535 121.43986799 1.25  0.0 0.0
2015-07-02-17 49 17.010	  31.02652535 121.43986799 1.25  0.0 0.0
2015-07-02-17 49 17.114	  31.02652535 121.43986799 1.25  0.0 0.0
2015-07-02-17 49 17.218	  31.02652535 121.43986799 1.25  0.0 0.0
2015-07-02-17 49 17.328	  31.02652535 121.43986799 1.25  0.0 0.0
2015-07-02-17 49 17.430	  31.02652535 121.43986799 1.25  0.0 0.0
2015-07-02-17 49 17.531	  31.02654752 121.43985591 1.25  0.0 0.0
2015-07-02-17 49 17.636	  31.02654752 121.43985591 1.25  0.0 0.0
2015-07-02-17 49 17.738	  31.02654752 121.43985591 1.25  0.0 0.0
2015-07-02-17 49 17.843	  31.02654752 121.43985591 1.25  0.0 0.0
2015-07-02-17 49 17.948	  31.02654752 121.43985591 1.25  0.0 0.0
2015-07-02-17 49 18.058	  31.02654752 121.43985591 1.25  0.0 0.0
2015-07-02-17 49 18.160	  31.02654752 121.43985591 1.25  0.0 0.0
2015-07-02-17 49 18.263	  31.02654752 121.43985591 1.25  0.0 0.0
2015-07-02-17 49 18.364	  31.02654752 121.43985591 1.25  0.0 0.0
2015-07-02-17 49 18.466	  31.02654752 121.43985591 1.25  0.0 0.0
2015-07-02-17 49 18.567	  31.02656888 121.43984627 1.25  0.0 0.0
2015-07-02-17 49 18.669	  31.02656888 121.43984627 1.25  0.0 0.0
2015-07-02-17 49 18.773	  31.02656888 121.43984627 1.25  0.0 0.0
2015-07-02-17 49 18.877	  31.02656888 121.43984627 1.25  0.0 0.0
2015-07-02-17 49 18.982	  31.02656888 121.43984627 1.25  0.0 0.0
2015-07-02-17 49 19.088	  31.02656888 121.43984627 1.25  0.0 0.0
2015-07-02-17 49 19.197	  31.02656888 121.43984627 1.25  0.0 0.0
2015-07-02-17 49 19.307	  31.02656888 121.43984627 1.25  0.0 0.0
2015-07-02-17 49 19.409	  31.02656888 121.43984627 1.25  0.0 0.0
2015-07-02-17 49 19.512	  31.02656888 121.43984627 1.25  0.0 0.0
2015-07-02-17 49 19.627	  31.02656888 121.43984627 1.25  0.0 0.0
2015-07-02-17 49 19.729	  31.02656888 121.43984627 1.25  0.0 0.0
2015-07-02-17 49 19.837	  31.02656888 121.43984627 1.25  0.0 0.0
2015-07-02-17 49 19.947	  31.02656888 121.43984627 1.25  0.0 0.0
2015-07-02-17 49 20.049	  31.02656888 121.43984627 1.25  0.0 0.0
2015-07-02-17 49 20.151	  31.02656888 121.43984627 1.25  0.0 0.0
2015-07-02-17 49 20.253	  31.02656888 121.43984627 1.25  0.0 0.0
2015-07-02-17 49 20.355	  31.02656888 121.43984627 1.25  0.0 0.0
2015-07-02-17 49 20.459	  31.02656888 121.43984627 1.25  0.0 0.0
2015-07-02-17 49 20.562	  31.0266029 121.43983078 1.25  0.0 0.0
2015-07-02-17 49 20.664	  31.0266029 121.43983078 1.25  0.0 0.0
2015-07-02-17 49 20.767	  31.0266029 121.43983078 1.25  0.0 0.0
2015-07-02-17 49 20.871	  31.0266029 121.43983078 1.25  0.0 0.0
2015-07-02-17 49 20.975	  31.0266029 121.43983078 1.25  0.0 0.0
2015-07-02-17 49 21.080	  31.0266029 121.43983078 1.25  0.0 0.0
2015-07-02-17 49 21.181	  31.0266029 121.43983078 1.25  0.0 0.0
2015-07-02-17 49 21.284	  31.0266029 121.43983078 1.25  0.0 0.0
2015-07-02-17 49 21.386	  31.0266029 121.43983078 1.25  0.0 0.0
2015-07-02-17 49 21.490	  31.0266029 121.43983078 1.25  0.0 0.0
2015-07-02-17 49 21.608	  31.0266029 121.43983078 1.25  0.0 0.0
2015-07-02-17 49 21.709	  31.0266029 121.43983078 1.25  0.0 0.0
2015-07-02-17 49 21.811	  31.0266029 121.43983078 1.25  0.0 0.0
2015-07-02-17 49 21.914	  31.0266029 121.43983078 1.25  0.0 0.0
2015-07-02-17 49 22.028	  31.0266029 121.43983078 1.25  0.0 0.0
2015-07-02-17 49 22.133	  31.0266029 121.43983078 1.25  0.0 0.0
2015-07-02-17 49 22.237	  31.0266029 121.43983078 1.25  0.0 0.0
2015-07-02-17 49 22.340	  31.0266029 121.43983078 1.25  0.0 0.0
2015-07-02-17 49 22.445	  31.0266029 121.43983078 1.25  0.0 0.0
2015-07-02-17 49 22.549	  31.026635249999998 121.43982064 1.25  0.0 0.0
2015-07-02-17 49 22.650	  31.026635249999998 121.43982064 1.25  0.0 0.0
2015-07-02-17 49 22.753	  31.026635249999998 121.43982064 1.25  0.0 0.0
2015-07-02-17 49 22.862	  31.026635249999998 121.43982064 1.25  0.0 0.0
2015-07-02-17 49 22.967	  31.026635249999998 121.43982064 1.25  0.0 0.0
2015-07-02-17 49 23.076	  31.026635249999998 121.43982064 1.25  0.0 0.0
2015-07-02-17 49 23.178	  31.026635249999998 121.43982064 1.25  0.0 0.0
2015-07-02-17 49 23.281	  31.026635249999998 121.43982064 1.25  0.0 0.0
2015-07-02-17 49 23.387	  31.026635249999998 121.43982064 1.25  0.0 0.0
2015-07-02-17 49 23.492	  31.026635249999998 121.43982064 1.25  0.0 0.0
2015-07-02-17 49 23.599	  31.026635249999998 121.43982064 1.25  0.0 0.0
2015-07-02-17 49 23.701	  31.026635249999998 121.43982064 1.25  0.0 0.0
2015-07-02-17 49 23.804	  31.026635249999998 121.43982064 1.25  0.0 0.0
2015-07-02-17 49 23.908	  31.026635249999998 121.43982064 1.25  0.0 0.0
2015-07-02-17 49 24.015	  31.026635249999998 121.43982064 1.25  0.0 0.0
2015-07-02-17 49 24.126	  31.026635249999998 121.43982064 1.25  0.0 0.0
2015-07-02-17 49 24.232	  31.026635249999998 121.43982064 1.25  0.0 0.0
2015-07-02-17 49 24.336	  31.026635249999998 121.43982064 1.25  0.0 0.0
2015-07-02-17 49 24.441	  31.026635249999998 121.43982064 1.25  0.0 0.0
2015-07-02-17 49 24.563	  31.02666559 121.43981306 1.25  0.0 0.0
2015-07-02-17 49 24.664	  31.02666559 121.43981306 1.25  0.0 0.0
2015-07-02-17 49 24.766	  31.02666559 121.43981306 1.25  0.0 0.0
2015-07-02-17 49 24.869	  31.02666559 121.43981306 1.25  0.0 0.0
2015-07-02-17 49 24.974	  31.02666559 121.43981306 1.25  0.0 0.0
2015-07-02-17 49 25.085	  31.02666559 121.43981306 1.25  0.0 0.0
2015-07-02-17 49 25.187	  31.02666559 121.43981306 1.25  0.0 0.0
2015-07-02-17 49 25.288	  31.02666559 121.43981306 1.25  0.0 0.0
2015-07-02-17 49 25.390	  31.02666559 121.43981306 1.25  0.0 0.0
2015-07-02-17 49 25.497	  31.02666559 121.43981306 1.25  0.0 0.0
2015-07-02-17 49 25.599	  31.02666559 121.43981306 1.25  0.0 0.0
2015-07-02-17 49 25.700	  31.02666559 121.43981306 1.25  0.0 0.0
2015-07-02-17 49 25.803	  31.02666559 121.43981306 1.25  0.0 0.0
2015-07-02-17 49 25.905	  31.02666559 121.43981306 1.25  0.0 0.0
2015-07-02-17 49 26.006	  31.02666559 121.43981306 1.25  0.0 0.0
2015-07-02-17 49 26.110	  31.02666559 121.43981306 1.25  0.0 0.0
2015-07-02-17 49 26.215	  31.02666559 121.43981306 1.25  0.0 0.0
2015-07-02-17 49 26.320	  31.02666559 121.43981306 1.25  0.0 0.0
2015-07-02-17 49 26.424	  31.02666559 121.43981306 1.25  0.0 0.0
2015-07-02-17 49 26.525	  31.02669181 121.4397999 1.25  0.0 0.0
2015-07-02-17 49 26.627	  31.02669181 121.4397999 1.25  0.0 0.0
2015-07-02-17 49 26.729	  31.02669181 121.4397999 1.25  0.0 0.0
2015-07-02-17 49 26.831	  31.02669181 121.4397999 1.25  0.0 0.0
2015-07-02-17 49 26.936	  31.02669181 121.4397999 1.25  0.0 0.0
2015-07-02-17 49 27.100	  31.02669181 121.4397999 1.25  0.0 0.0
2015-07-02-17 49 27.204	  31.02669181 121.4397999 1.25  0.0 0.0
2015-07-02-17 49 27.309	  31.02669181 121.4397999 1.25  0.0 0.0
2015-07-02-17 49 27.415	  31.02669181 121.4397999 1.25  0.0 0.0
2015-07-02-17 49 27.528	  31.02669181 121.4397999 1.25  0.0 0.0
2015-07-02-17 49 27.631	  31.02669181 121.4397999 1.25  0.0 0.0
2015-07-02-17 49 27.733	  31.02669181 121.4397999 1.25  0.0 0.0
2015-07-02-17 49 27.836	  31.02669181 121.4397999 1.25  0.0 0.0
2015-07-02-17 49 27.954	  31.02669181 121.4397999 1.25  0.0 0.0
2015-07-02-17 49 28.055	  31.02669181 121.4397999 1.25  0.0 0.0
2015-07-02-17 49 28.157	  31.02669181 121.4397999 1.25  0.0 0.0
2015-07-02-17 49 28.258	  31.02669181 121.4397999 1.25  0.0 0.0
2015-07-02-17 49 28.366	  31.02669181 121.4397999 1.25  0.0 0.0
2015-07-02-17 49 28.468	  31.02669181 121.4397999 1.25  0.0 0.0
2015-07-02-17 49 28.571	  31.02669181 121.4397999 1.25  0.0 0.0
2015-07-02-17 49 28.677	  31.02671886 121.43978226 1.25  0.0 0.0
2015-07-02-17 49 28.783	  31.02671886 121.43978226 1.25  0.0 0.0
2015-07-02-17 49 28.884	  31.02671886 121.43978226 1.25  0.0 0.0
2015-07-02-17 49 28.986	  31.02671886 121.43978226 1.25  0.0 0.0
2015-07-02-17 49 29.089	  31.02671886 121.43978226 1.25  0.0 0.0
2015-07-02-17 49 29.201	  31.02671886 121.43978226 1.25  0.0 0.0
2015-07-02-17 49 29.303	  31.02671886 121.43978226 1.25  0.0 0.0
2015-07-02-17 49 29.405	  31.02671886 121.43978226 1.25  0.0 0.0
2015-07-02-17 49 29.506	  31.02671886 121.43978226 1.25  0.0 0.0
2015-07-02-17 49 29.618	  31.02671886 121.43978226 1.25  0.0 0.0
2015-07-02-17 49 29.719	  31.02671886 121.43978226 1.25  0.0 0.0
2015-07-02-17 49 29.822	  31.02671886 121.43978226 1.25  0.0 0.0
2015-07-02-17 49 29.926	  31.02671886 121.43978226 1.25  0.0 0.0
2015-07-02-17 49 30.034	  31.02671886 121.43978226 1.25  0.0 0.0
2015-07-02-17 49 30.138	  31.02671886 121.43978226 1.25  0.0 0.0
2015-07-02-17 49 30.240	  31.02671886 121.43978226 1.25  0.0 0.0
2015-07-02-17 49 30.341	  31.02671886 121.43978226 1.25  0.0 0.0
2015-07-02-17 49 30.447	  31.02671886 121.43978226 1.25  0.0 0.0
2015-07-02-17 49 30.550	  31.02674578 121.43976889 1.25  0.0 0.0
2015-07-02-17 49 30.652	  31.02674578 121.43976889 1.25  0.0 0.0
2015-07-02-17 49 30.753	  31.02674578 121.43976889 1.25  0.0 0.0
2015-07-02-17 49 30.864	  31.02674578 121.43976889 1.25  0.0 0.0
2015-07-02-17 49 30.967	  31.02674578 121.43976889 1.25  0.0 0.0
2015-07-02-17 49 31.073	  31.02674578 121.43976889 1.25  0.0 0.0
2015-07-02-17 49 31.193	  31.02674578 121.43976889 1.25  0.0 0.0
2015-07-02-17 49 31.297	  31.02674578 121.43976889 1.25  0.0 0.0
2015-07-02-17 49 31.398	  31.02674578 121.43976889 1.25  0.0 0.0
2015-07-02-17 49 31.500	  31.02674578 121.43976889 1.25  0.0 0.0
2015-07-02-17 49 31.608	  31.02674578 121.43976889 1.25  0.0 0.0
2015-07-02-17 49 31.711	  31.02674578 121.43976889 1.25  0.0 0.0
2015-07-02-17 49 31.812	  31.02674578 121.43976889 1.25  0.0 0.0
2015-07-02-17 49 31.916	  31.02674578 121.43976889 1.25  0.0 0.0
2015-07-02-17 49 32.018	  31.02674578 121.43976889 1.25  0.0 0.0
2015-07-02-17 49 32.120	  31.02674578 121.43976889 1.25  0.0 0.0
2015-07-02-17 49 32.226	  31.02674578 121.43976889 1.25  0.0 0.0
2015-07-02-17 49 32.331	  31.02674578 121.43976889 1.25  0.0 0.0
2015-07-02-17 49 32.433	  31.02674578 121.43976889 1.25  0.0 0.0
2015-07-02-17 49 32.534	  31.02677233 121.4397544 1.25  0.0 0.0
2015-07-02-17 49 32.636	  31.02677233 121.4397544 1.25  0.0 0.0
2015-07-02-17 49 32.737	  31.02677233 121.4397544 1.25  0.0 0.0
2015-07-02-17 49 32.841	  31.02677233 121.4397544 1.25  0.0 0.0
2015-07-02-17 49 32.945	  31.02677233 121.4397544 1.25  0.0 0.0
2015-07-02-17 49 33.053	  31.02677233 121.4397544 1.25  0.0 0.0
2015-07-02-17 49 33.155	  31.02677233 121.4397544 1.25  0.0 0.0
2015-07-02-17 49 33.256	  31.02677233 121.4397544 1.25  0.0 0.0
2015-07-02-17 49 33.362	  31.02677233 121.4397544 1.25  0.0 0.0
2015-07-02-17 49 33.463	  31.02677233 121.4397544 1.25  0.0 0.0
2015-07-02-17 49 33.566	  31.02677233 121.4397544 1.25  0.0 0.0
2015-07-02-17 49 33.669	  31.02677233 121.4397544 1.25  0.0 0.0
2015-07-02-17 49 33.773	  31.02677233 121.4397544 1.25  0.0 0.0
2015-07-02-17 49 33.879	  31.02677233 121.4397544 1.25  0.0 0.0
2015-07-02-17 49 33.982	  31.02677233 121.4397544 1.25  0.0 0.0
2015-07-02-17 49 34.086	  31.02677233 121.4397544 1.25  0.0 0.0
2015-07-02-17 49 34.192	  31.02677233 121.4397544 1.25  0.0 0.0
2015-07-02-17 49 34.300	  31.02677233 121.4397544 1.25  0.0 0.0
2015-07-02-17 49 34.401	  31.02677233 121.4397544 1.25  0.0 0.0
2015-07-02-17 49 34.502	  31.02679584 121.43973235 1.5  0.0 0.0
2015-07-02-17 49 34.607	  31.02679584 121.43973235 1.5  0.0 0.0
2015-07-02-17 49 34.709	  31.02679584 121.43973235 1.5  0.0 0.0
2015-07-02-17 49 34.814	  31.02679584 121.43973235 1.5  0.0 0.0
2015-07-02-17 49 34.925	  31.02679584 121.43973235 1.5  0.0 0.0
2015-07-02-17 49 35.027	  31.02679584 121.43973235 1.5  0.0 0.0
2015-07-02-17 49 35.130	  31.02679584 121.43973235 1.5  0.0 0.0
2015-07-02-17 49 35.232	  31.02679584 121.43973235 1.5  0.0 0.0
2015-07-02-17 49 35.336	  31.02679584 121.43973235 1.5  0.0 0.0
2015-07-02-17 49 35.444	  31.02679584 121.43973235 1.5  0.0 0.0
2015-07-02-17 49 35.558	  31.02679584 121.43973235 1.5  0.0 0.0
2015-07-02-17 49 35.661	  31.02679584 121.43973235 1.5  0.0 0.0
2015-07-02-17 49 35.762	  31.02679584 121.43973235 1.5  0.0 0.0
2015-07-02-17 49 35.868	  31.02679584 121.43973235 1.5  0.0 0.0
2015-07-02-17 49 35.970	  31.02679584 121.43973235 1.5  0.0 0.0
2015-07-02-17 49 36.077	  31.02679584 121.43973235 1.5  0.0 0.0
2015-07-02-17 49 36.193	  31.02679584 121.43973235 1.5  0.0 0.0
2015-07-02-17 49 36.295	  31.02679584 121.43973235 1.5  0.0 0.0
2015-07-02-17 49 36.397	  31.02679584 121.43973235 1.5  0.0 0.0
2015-07-02-17 49 36.500	  31.02679584 121.43973235 1.5  0.0 0.0
2015-07-02-17 49 36.604	  31.02682496 121.43971654 1.5  0.0 0.0
2015-07-02-17 49 36.712	  31.02682496 121.43971654 1.5  0.0 0.0
2015-07-02-17 49 36.829	  31.02682496 121.43971654 1.5  0.0 0.0
2015-07-02-17 49 36.935	  31.02682496 121.43971654 1.5  0.0 0.0
2015-07-02-17 49 37.039	  31.02682496 121.43971654 1.5  0.0 0.0
2015-07-02-17 49 37.198	  31.02682496 121.43971654 1.5  0.0 0.0
2015-07-02-17 49 37.300	  31.02682496 121.43971654 1.5  0.0 0.0
2015-07-02-17 49 37.402	  31.02682496 121.43971654 1.5  0.0 0.0
2015-07-02-17 49 37.504	  31.02682496 121.43971654 1.5  0.0 0.0
2015-07-02-17 49 37.608	  31.02682496 121.43971654 1.5  0.0 0.0
2015-07-02-17 49 37.724	  31.02682496 121.43971654 1.5  0.0 0.0
2015-07-02-17 49 37.825	  31.02682496 121.43971654 1.5  0.0 0.0
2015-07-02-17 49 37.927	  31.02682496 121.43971654 1.5  0.0 0.0
2015-07-02-17 49 38.031	  31.02682496 121.43971654 1.5  0.0 0.0
2015-07-02-17 49 38.134	  31.02682496 121.43971654 1.5  0.0 0.0
2015-07-02-17 49 38.236	  31.02682496 121.43971654 1.5  0.0 0.0
2015-07-02-17 49 38.343	  31.02682496 121.43971654 1.5  0.0 0.0
2015-07-02-17 49 38.444	  31.02682496 121.43971654 1.5  0.0 0.0
2015-07-02-17 49 38.548	  31.02685044 121.43970723 1.5  0.0 0.0
2015-07-02-17 49 38.654	  31.02685044 121.43970723 1.5  0.0 0.0
2015-07-02-17 49 38.756	  31.02685044 121.43970723 1.5  0.0 0.0
2015-07-02-17 49 38.857	  31.02685044 121.43970723 1.5  0.0 0.0
2015-07-02-17 49 38.963	  31.02685044 121.43970723 1.5  0.0 0.0
2015-07-02-17 49 39.071	  31.02685044 121.43970723 1.5  0.0 0.0
2015-07-02-17 49 39.176	  31.02685044 121.43970723 1.5  0.0 0.0
2015-07-02-17 49 39.291	  31.02685044 121.43970723 1.5  0.0 0.0
2015-07-02-17 49 39.393	  31.02685044 121.43970723 1.5  0.0 0.0
2015-07-02-17 49 39.494	  31.02685044 121.43970723 1.5  0.0 0.0
2015-07-02-17 49 39.649	  31.02685044 121.43970723 1.5  0.0 0.0
2015-07-02-17 49 39.751	  31.02685044 121.43970723 1.5  0.0 0.0
2015-07-02-17 49 39.853	  31.02685044 121.43970723 1.5  0.0 0.0
2015-07-02-17 49 39.989	  31.02685044 121.43970723 1.5  0.0 0.0
2015-07-02-17 49 40.090	  31.02685044 121.43970723 1.5  0.0 0.0
2015-07-02-17 49 40.193	  31.02685044 121.43970723 1.5  0.0 0.0
2015-07-02-17 49 40.350	  31.02685044 121.43970723 1.5  0.0 0.0
2015-07-02-17 49 40.452	  31.02688223 121.43970123 1.5  0.0 0.0
2015-07-02-17 49 40.557	  31.02688223 121.43970123 1.5  0.0 0.0
2015-07-02-17 49 40.668	  31.02688223 121.43970123 1.5  0.0 0.0
2015-07-02-17 49 40.775	  31.02688223 121.43970123 1.5  0.0 0.0
2015-07-02-17 49 40.878	  31.02688223 121.43970123 1.5  0.0 0.0
2015-07-02-17 49 41.033	  31.02688223 121.43970123 1.5  0.0 0.0
2015-07-02-17 49 41.134	  31.02688223 121.43970123 1.5  0.0 0.0
2015-07-02-17 49 41.237	  31.02688223 121.43970123 1.5  0.0 0.0
2015-07-02-17 49 41.339	  31.02688223 121.43970123 1.5  0.0 0.0
2015-07-02-17 49 41.441	  31.02688223 121.43970123 1.5  0.0 0.0
2015-07-02-17 49 41.554	  31.02688223 121.43970123 1.5  0.0 0.0
2015-07-02-17 49 41.656	  31.02688223 121.43970123 1.5  0.0 0.0
2015-07-02-17 49 41.757	  31.02688223 121.43970123 1.5  0.0 0.0
2015-07-02-17 49 41.867	  31.02688223 121.43970123 1.5  0.0 0.0
2015-07-02-17 49 41.969	  31.02688223 121.43970123 1.5  0.0 0.0
2015-07-02-17 49 42.083	  31.02688223 121.43970123 1.5  0.0 0.0
2015-07-02-17 49 42.184	  31.02688223 121.43970123 1.5  0.0 0.0
2015-07-02-17 49 42.293	  31.02688223 121.43970123 1.5  0.0 0.0
2015-07-02-17 49 42.406	  31.02688223 121.43970123 1.5  0.0 0.0
2015-07-02-17 49 42.508	  31.02691279 121.43969634 1.5  0.0 0.0
2015-07-02-17 49 42.618	  31.02691279 121.43969634 1.5  0.0 0.0
2015-07-02-17 49 42.720	  31.02691279 121.43969634 1.5  0.0 0.0
2015-07-02-17 49 42.821	  31.02691279 121.43969634 1.5  0.0 0.0
2015-07-02-17 49 42.938	  31.02691279 121.43969634 1.5  0.0 0.0
2015-07-02-17 49 43.048	  31.02691279 121.43969634 1.5  0.0 0.0
2015-07-02-17 49 43.153	  31.02691279 121.43969634 1.5  0.0 0.0
2015-07-02-17 49 43.254	  31.02691279 121.43969634 1.5  0.0 0.0
2015-07-02-17 49 43.356	  31.02691279 121.43969634 1.5  0.0 0.0
2015-07-02-17 49 43.459	  31.02691279 121.43969634 1.5  0.0 0.0
2015-07-02-17 49 43.656	  31.02691279 121.43969634 1.5  0.0 0.0
2015-07-02-17 49 43.758	  31.02691279 121.43969634 1.5  0.0 0.0
2015-07-02-17 49 43.867	  31.02691279 121.43969634 1.5  0.0 0.0
2015-07-02-17 49 43.972	  31.02691279 121.43969634 1.5  0.0 0.0
2015-07-02-17 49 44.078	  31.02691279 121.43969634 1.5  0.0 0.0
2015-07-02-17 49 44.186	  31.02691279 121.43969634 1.5  0.0 0.0
2015-07-02-17 49 44.288	  31.02691279 121.43969634 1.5  0.0 0.0
2015-07-02-17 49 44.389	  31.02691279 121.43969634 1.5  0.0 0.0
2015-07-02-17 49 44.528	  31.02694077 121.43969147 1.5  0.0 0.0
2015-07-02-17 49 44.632	  31.02694077 121.43969147 1.5  0.0 0.0
2015-07-02-17 49 44.740	  31.02694077 121.43969147 1.5  0.0 0.0
2015-07-02-17 49 44.843	  31.02694077 121.43969147 1.5  0.0 0.0
2015-07-02-17 49 44.945	  31.02694077 121.43969147 1.5  0.0 0.0
2015-07-02-17 49 45.094	  31.02694077 121.43969147 1.5  0.0 0.0
2015-07-02-17 49 45.196	  31.02694077 121.43969147 1.5  0.0 0.0
2015-07-02-17 49 45.298	  31.02694077 121.43969147 1.5  0.0 0.0
2015-07-02-17 49 45.402	  31.02694077 121.43969147 1.5  0.0 0.0
2015-07-02-17 49 45.506	  31.02694077 121.43969147 1.5  0.0 0.0
2015-07-02-17 49 45.701	  31.02694077 121.43969147 1.5  0.0 0.0
2015-07-02-17 49 45.804	  31.02694077 121.43969147 1.5  0.0 0.0
2015-07-02-17 49 45.913	  31.02694077 121.43969147 1.5  0.0 0.0
2015-07-02-17 49 46.017	  31.02694077 121.43969147 1.5  0.0 0.0
2015-07-02-17 49 46.123	  31.02694077 121.43969147 1.5  0.0 0.0
2015-07-02-17 49 46.255	  31.02694077 121.43969147 1.5  0.0 0.0
2015-07-02-17 49 46.357	  31.02694077 121.43969147 1.5  0.0 0.0
2015-07-02-17 49 46.471	  31.02694077 121.43969147 1.5  0.0 0.0
2015-07-02-17 49 46.579	  31.0269646 121.43967981 1.5  0.0 0.0
2015-07-02-17 49 46.696	  31.0269646 121.43967981 1.5  0.0 0.0
2015-07-02-17 49 46.798	  31.0269646 121.43967981 1.5  0.0 0.0
2015-07-02-17 49 46.901	  31.0269646 121.43967981 1.5  0.0 0.0
2015-07-02-17 49 47.046	  31.0269646 121.43967981 1.5  0.0 0.0
2015-07-02-17 49 47.179	  31.0269646 121.43967981 1.5  0.0 0.0
2015-07-02-17 49 47.282	  31.0269646 121.43967981 1.5  0.0 0.0
2015-07-02-17 49 47.385	  31.0269646 121.43967981 1.5  0.0 0.0
2015-07-02-17 49 47.486	  31.0269646 121.43967981 1.5  0.0 0.0
2015-07-02-17 49 47.588	  31.0269646 121.43967981 1.5  0.0 0.0
2015-07-02-17 49 47.706	  31.0269646 121.43967981 1.5  0.0 0.0
2015-07-02-17 49 47.810	  31.0269646 121.43967981 1.5  0.0 0.0
2015-07-02-17 49 47.915	  31.0269646 121.43967981 1.5  0.0 0.0
2015-07-02-17 49 48.018	  31.0269646 121.43967981 1.5  0.0 0.0
2015-07-02-17 49 48.119	  31.0269646 121.43967981 1.5  0.0 0.0
2015-07-02-17 49 48.223	  31.0269646 121.43967981 1.5  0.0 0.0
2015-07-02-17 49 48.327	  31.0269646 121.43967981 1.5  0.0 0.0
2015-07-02-17 49 48.453	  31.0269646 121.43967981 1.5  0.0 0.0
2015-07-02-17 49 48.566	  31.02698716 121.43967453 1.5  0.0 0.0
2015-07-02-17 49 48.674	  31.02698716 121.43967453 1.5  0.0 0.0
2015-07-02-17 49 48.776	  31.02698716 121.43967453 1.5  0.0 0.0
2015-07-02-17 49 48.881	  31.02698716 121.43967453 1.5  0.0 0.0
2015-07-02-17 49 48.983	  31.02698716 121.43967453 1.5  0.0 0.0
2015-07-02-17 49 49.084	  31.02698716 121.43967453 1.5  0.0 0.0
2015-07-02-17 49 49.199	  31.02698716 121.43967453 1.5  0.0 0.0
2015-07-02-17 49 49.300	  31.02698716 121.43967453 1.5  0.0 0.0
2015-07-02-17 49 49.445	  31.02698716 121.43967453 1.5  0.0 0.0
2015-07-02-17 49 49.548	  31.02698716 121.43967453 1.5  0.0 0.0
2015-07-02-17 49 49.672	  31.02698716 121.43967453 1.5  0.0 0.0
2015-07-02-17 49 49.775	  31.02698716 121.43967453 1.5  0.0 0.0
2015-07-02-17 49 49.949	  31.02698716 121.43967453 1.5  0.0 0.0
2015-07-02-17 49 50.051	  31.02698716 121.43967453 1.5  0.0 0.0
2015-07-02-17 49 50.157	  31.02698716 121.43967453 1.5  0.0 0.0
2015-07-02-17 49 50.261	  31.02698716 121.43967453 1.5  0.0 0.0
2015-07-02-17 49 50.369	  31.02698716 121.43967453 1.5  0.0 0.0
2015-07-02-17 49 50.476	  31.02701109 121.43967035 1.5  0.0 0.0
2015-07-02-17 49 50.603	  31.02701109 121.43967035 1.5  0.0 0.0
2015-07-02-17 49 50.704	  31.02701109 121.43967035 1.5  0.0 0.0
2015-07-02-17 49 50.806	  31.02701109 121.43967035 1.5  0.0 0.0
2015-07-02-17 49 50.908	  31.02701109 121.43967035 1.5  0.0 0.0
2015-07-02-17 49 51.019	  31.02701109 121.43967035 1.5  0.0 0.0
2015-07-02-17 49 51.121	  31.02701109 121.43967035 1.5  0.0 0.0
2015-07-02-17 49 51.224	  31.02701109 121.43967035 1.5  0.0 0.0
2015-07-02-17 49 51.326	  31.02701109 121.43967035 1.5  0.0 0.0
2015-07-02-17 49 51.434	  31.02701109 121.43967035 1.5  0.0 0.0
2015-07-02-17 49 51.539	  31.02701109 121.43967035 1.5  0.0 0.0
2015-07-02-17 49 51.643	  31.02701109 121.43967035 1.5  0.0 0.0
2015-07-02-17 49 51.745	  31.02701109 121.43967035 1.5  0.0 0.0
2015-07-02-17 49 51.851	  31.02701109 121.43967035 1.5  0.0 0.0
2015-07-02-17 49 51.955	  31.02701109 121.43967035 1.5  0.0 0.0
2015-07-02-17 49 52.060	  31.02701109 121.43967035 1.5  0.0 0.0
2015-07-02-17 49 52.184	  31.02701109 121.43967035 1.5  0.0 0.0
2015-07-02-17 49 52.286	  31.02701109 121.43967035 1.5  0.0 0.0
2015-07-02-17 49 52.455	  31.02701109 121.43967035 1.5  0.0 0.0
2015-07-02-17 49 52.560	  31.02701109 121.43967035 1.5  0.0 0.0
2015-07-02-17 49 52.696	  31.02703585 121.43965938 1.5  0.0 0.0
2015-07-02-17 49 52.798	  31.02703585 121.43965938 1.5  0.0 0.0
2015-07-02-17 49 52.969	  31.02703585 121.43965938 1.5  0.0 0.0
2015-07-02-17 49 53.071	  31.02703585 121.43965938 1.5  0.0 0.0
2015-07-02-17 49 53.216	  31.02703585 121.43965938 1.5  0.0 0.0
2015-07-02-17 49 53.317	  31.02703585 121.43965938 1.5  0.0 0.0
2015-07-02-17 49 53.432	  31.02703585 121.43965938 1.5  0.0 0.0
2015-07-02-17 49 53.535	  31.02703585 121.43965938 1.5  0.0 0.0
2015-07-02-17 49 53.708	  31.02703585 121.43965938 1.5  0.0 0.0
2015-07-02-17 49 53.810	  31.02703585 121.43965938 1.5  0.0 0.0
2015-07-02-17 49 53.959	  31.02703585 121.43965938 1.5  0.0 0.0
2015-07-02-17 49 54.062	  31.02703585 121.43965938 1.5  0.0 0.0
2015-07-02-17 49 54.248	  31.02703585 121.43965938 1.5  0.0 0.0
2015-07-02-17 49 54.351	  31.02703585 121.43965938 1.5  0.0 0.0
2015-07-02-17 49 54.497	  31.02703585 121.43965938 1.5  0.0 0.0
2015-07-02-17 49 54.600	  31.02706239 121.43964837 1.5  0.0 0.0
2015-07-02-17 49 54.719	  31.02706239 121.43964837 1.5  0.0 0.0
2015-07-02-17 49 54.823	  31.02706239 121.43964837 1.5  0.0 0.0
2015-07-02-17 49 55.001	  31.02706239 121.43964837 1.5  0.0 0.0
2015-07-02-17 49 55.103	  31.02706239 121.43964837 1.5  0.0 0.0
2015-07-02-17 49 55.239	  31.02706239 121.43964837 1.5  0.0 0.0
2015-07-02-17 49 55.348	  31.02706239 121.43964837 1.5  0.0 0.0
2015-07-02-17 49 55.502	  31.02706239 121.43964837 1.5  0.0 0.0
2015-07-02-17 49 55.603	  31.02706239 121.43964837 1.5  0.0 0.0
2015-07-02-17 49 55.705	  31.02706239 121.43964837 1.5  0.0 0.0
2015-07-02-17 49 55.806	  31.02706239 121.43964837 1.5  0.0 0.0
2015-07-02-17 49 55.908	  31.02706239 121.43964837 1.5  0.0 0.0
2015-07-02-17 49 56.019	  31.02706239 121.43964837 1.5  0.0 0.0
2015-07-02-17 49 56.122	  31.02706239 121.43964837 1.5  0.0 0.0
2015-07-02-17 49 56.225	  31.02706239 121.43964837 1.5  0.0 0.0
2015-07-02-17 49 56.328	  31.02706239 121.43964837 1.5  0.0 0.0
2015-07-02-17 49 56.430	  31.02706239 121.43964837 1.5  0.0 0.0
2015-07-02-17 49 56.537	  31.02708977 121.43964322 1.5  0.0 0.0
2015-07-02-17 49 56.639	  31.02708977 121.43964322 1.5  0.0 0.0
2015-07-02-17 49 56.740	  31.02708977 121.43964322 1.5  0.0 0.0
2015-07-02-17 49 56.848	  31.02708977 121.43964322 1.5  0.0 0.0
2015-07-02-17 49 56.956	  31.02708977 121.43964322 1.5  0.0 0.0
2015-07-02-17 49 57.072	  31.02708977 121.43964322 1.5  0.0 0.0
2015-07-02-17 49 57.173	  31.02708977 121.43964322 1.5  0.0 0.0
2015-07-02-17 49 57.276	  31.02708977 121.43964322 1.5  0.0 0.0
2015-07-02-17 49 57.412	  31.02708977 121.43964322 1.5  0.0 0.0
2015-07-02-17 49 57.514	  31.02708977 121.43964322 1.5  0.0 0.0
2015-07-02-17 49 57.651	  31.02708977 121.43964322 1.5  0.0 0.0
2015-07-02-17 49 57.753	  31.02708977 121.43964322 1.5  0.0 0.0
2015-07-02-17 49 57.855	  31.02708977 121.43964322 1.5  0.0 0.0
2015-07-02-17 49 57.965	  31.02708977 121.43964322 1.5  0.0 0.0
2015-07-02-17 49 58.066	  31.02708977 121.43964322 1.5  0.0 0.0
2015-07-02-17 49 58.172	  31.02708977 121.43964322 1.5  0.0 0.0
2015-07-02-17 49 58.273	  31.02708977 121.43964322 1.5  0.0 0.0
2015-07-02-17 49 58.384	  31.02708977 121.43964322 1.5  0.0 0.0
2015-07-02-17 49 58.486	  31.02711381 121.43963819 1.5  0.0 0.0
2015-07-02-17 49 58.599	  31.02711381 121.43963819 1.5  0.0 0.0
2015-07-02-17 49 58.701	  31.02711381 121.43963819 1.5  0.0 0.0
2015-07-02-17 49 58.809	  31.02711381 121.43963819 1.5  0.0 0.0
2015-07-02-17 49 58.911	  31.02711381 121.43963819 1.5  0.0 0.0
2015-07-02-17 49 59.019	  31.02711381 121.43963819 1.5  0.0 0.0
2015-07-02-17 49 59.121	  31.02711381 121.43963819 1.5  0.0 0.0
2015-07-02-17 49 59.227	  31.02711381 121.43963819 1.5  0.0 0.0
2015-07-02-17 49 59.330	  31.02711381 121.43963819 1.5  0.0 0.0
2015-07-02-17 49 59.443	  31.02711381 121.43963819 1.5  0.0 0.0
2015-07-02-17 49 59.546	  31.02711381 121.43963819 1.5  0.0 0.0
2015-07-02-17 49 59.686	  31.02711381 121.43963819 1.5  0.0 0.0
2015-07-02-17 49 59.791	  31.02711381 121.43963819 1.5  0.0 0.0
2015-07-02-17 49 59.921	  31.02711381 121.43963819 1.5  0.0 0.0
2015-07-02-17 50 00.027	  31.02711381 121.43963819 1.5  0.0 0.0
2015-07-02-17 50 00.160	  31.02711381 121.43963819 1.5  0.0 0.0
2015-07-02-17 50 00.261	  31.02711381 121.43963819 1.5  0.0 0.0
2015-07-02-17 50 00.377	  31.02711381 121.43963819 1.5  0.0 0.0
2015-07-02-17 50 00.480	  31.02711381 121.43963819 1.5  0.0 0.0
2015-07-02-17 50 00.643	  31.02713763 121.43962594 1.25  0.0 0.0
2015-07-02-17 50 00.744	  31.02713763 121.43962594 1.25  0.0 0.0
2015-07-02-17 50 00.865	  31.02713763 121.43962594 1.25  0.0 0.0
2015-07-02-17 50 00.968	  31.02713763 121.43962594 1.25  0.0 0.0
2015-07-02-17 50 01.123	  31.02713763 121.43962594 1.25  0.0 0.0
2015-07-02-17 50 01.227	  31.02713763 121.43962594 1.25  0.0 0.0
2015-07-02-17 50 01.396	  31.02713763 121.43962594 1.25  0.0 0.0
2015-07-02-17 50 01.497	  31.02713763 121.43962594 1.25  0.0 0.0
2015-07-02-17 50 01.616	  31.02713763 121.43962594 1.25  0.0 0.0
2015-07-02-17 50 01.719	  31.02713763 121.43962594 1.25  0.0 0.0
2015-07-02-17 50 01.849	  31.02713763 121.43962594 1.25  0.0 0.0
2015-07-02-17 50 01.953	  31.02713763 121.43962594 1.25  0.0 0.0
2015-07-02-17 50 02.057	  31.02713763 121.43962594 1.25  0.0 0.0
2015-07-02-17 50 02.175	  31.02713763 121.43962594 1.25  0.0 0.0
2015-07-02-17 50 02.276	  31.02713763 121.43962594 1.25  0.0 0.0
2015-07-02-17 50 02.378	  31.02713763 121.43962594 1.25  0.0 0.0
2015-07-02-17 50 02.522	  31.02713763 121.43962594 1.25  0.0 0.0
2015-07-02-17 50 02.627	  31.02716191 121.43961087 1.25  0.0 0.0
2015-07-02-17 50 02.734	  31.02716191 121.43961087 1.25  0.0 0.0
2015-07-02-17 50 02.853	  31.02716191 121.43961087 1.25  0.0 0.0
2015-07-02-17 50 02.957	  31.02716191 121.43961087 1.25  0.0 0.0
2015-07-02-17 50 03.115	  31.02716191 121.43961087 1.25  0.0 0.0
2015-07-02-17 50 03.219	  31.02716191 121.43961087 1.25  0.0 0.0
2015-07-02-17 50 03.323	  31.02716191 121.43961087 1.25  0.0 0.0
2015-07-02-17 50 03.452	  31.02716191 121.43961087 1.25  0.0 0.0
2015-07-02-17 50 03.555	  31.02716191 121.43961087 1.25  0.0 0.0
2015-07-02-17 50 03.675	  31.02716191 121.43961087 1.25  0.0 0.0
2015-07-02-17 50 03.777	  31.02716191 121.43961087 1.25  0.0 0.0
2015-07-02-17 50 03.897	  31.02716191 121.43961087 1.25  0.0 0.0
2015-07-02-17 50 04.003	  31.02716191 121.43961087 1.25  0.0 0.0
2015-07-02-17 50 04.157	  31.02716191 121.43961087 1.25  0.0 0.0
2015-07-02-17 50 04.263	  31.02716191 121.43961087 1.25  0.0 0.0
2015-07-02-17 50 04.368	  31.02716191 121.43961087 1.25  0.0 0.0
2015-07-02-17 50 04.536	  31.02718509 121.43959692 1.25  0.0 0.0
2015-07-02-17 50 04.637	  31.02718509 121.43959692 1.25  0.0 0.0
2015-07-02-17 50 04.772	  31.02718509 121.43959692 1.25  0.0 0.0
2015-07-02-17 50 04.882	  31.02718509 121.43959692 1.25  0.0 0.0
2015-07-02-17 50 04.985	  31.02718509 121.43959692 1.25  0.0 0.0
2015-07-02-17 50 05.109	  31.02718509 121.43959692 1.25  0.0 0.0
2015-07-02-17 50 05.215	  31.02718509 121.43959692 1.25  0.0 0.0
2015-07-02-17 50 05.334	  31.02718509 121.43959692 1.25  0.0 0.0
2015-07-02-17 50 05.436	  31.02718509 121.43959692 1.25  0.0 0.0
2015-07-02-17 50 05.540	  31.02718509 121.43959692 1.25  0.0 0.0
2015-07-02-17 50 05.650	  31.02718509 121.43959692 1.25  0.0 0.0
2015-07-02-17 50 05.755	  31.02718509 121.43959692 1.25  0.0 0.0
2015-07-02-17 50 05.865	  31.02718509 121.43959692 1.25  0.0 0.0
2015-07-02-17 50 05.970	  31.02718509 121.43959692 1.25  0.0 0.0
2015-07-02-17 50 06.138	  31.02718509 121.43959692 1.25  0.0 0.0
2015-07-02-17 50 06.239	  31.02718509 121.43959692 1.25  0.0 0.0
2015-07-02-17 50 06.357	  31.02718509 121.43959692 1.25  0.0 0.0
2015-07-02-17 50 06.465	  31.02718509 121.43959692 1.25  0.0 0.0
2015-07-02-17 50 06.569	  31.02720647 121.43958457 1.25  0.0 0.0
2015-07-02-17 50 06.687	  31.02720647 121.43958457 1.25  0.0 0.0
2015-07-02-17 50 06.790	  31.02720647 121.43958457 1.25  0.0 0.0
2015-07-02-17 50 06.920	  31.02720647 121.43958457 1.25  0.0 0.0
2015-07-02-17 50 07.026	  31.02720647 121.43958457 1.25  0.0 0.0
2015-07-02-17 50 07.128	  31.02720647 121.43958457 1.25  0.0 0.0
2015-07-02-17 50 07.307	  31.02720647 121.43958457 1.25  0.0 0.0
2015-07-02-17 50 07.446	  31.02720647 121.43958457 1.25  0.0 0.0
2015-07-02-17 50 07.548	  31.02720647 121.43958457 1.25  0.0 0.0
2015-07-02-17 50 07.673	  31.02720647 121.43958457 1.25  0.0 0.0
2015-07-02-17 50 07.784	  31.02720647 121.43958457 1.25  0.0 0.0
2015-07-02-17 50 07.887	  31.02720647 121.43958457 1.25  0.0 0.0
2015-07-02-17 50 08.064	  31.02720647 121.43958457 1.25  0.0 0.0
2015-07-02-17 50 08.166	  31.02720647 121.43958457 1.25  0.0 0.0
2015-07-02-17 50 08.317	  31.02720647 121.43958457 1.25  0.0 0.0
2015-07-02-17 50 08.421	  31.02720647 121.43958457 1.25  0.0 0.0
2015-07-02-17 50 08.523	  31.0272318 121.43957506 1.25  0.0 0.0
2015-07-02-17 50 08.659	  31.0272318 121.43957506 1.25  0.0 0.0
2015-07-02-17 50 08.761	  31.0272318 121.43957506 1.25  0.0 0.0
2015-07-02-17 50 08.899	  31.0272318 121.43957506 1.25  0.0 0.0
2015-07-02-17 50 09.015	  31.0272318 121.43957506 1.25  0.0 0.0
2015-07-02-17 50 09.118	  31.0272318 121.43957506 1.25  0.0 0.0
2015-07-02-17 50 09.289	  31.0272318 121.43957506 1.25  0.0 0.0
2015-07-02-17 50 09.392	  31.0272318 121.43957506 1.25  0.0 0.0
2015-07-02-17 50 09.534	  31.0272318 121.43957506 1.25  0.0 0.0
2015-07-02-17 50 09.639	  31.0272318 121.43957506 1.25  0.0 0.0
2015-07-02-17 50 09.742	  31.0272318 121.43957506 1.25  0.0 0.0
2015-07-02-17 50 09.915	  31.0272318 121.43957506 1.25  0.0 0.0
2015-07-02-17 50 10.018	  31.0272318 121.43957506 1.25  0.0 0.0
2015-07-02-17 50 10.135	  31.0272318 121.43957506 1.25  0.0 0.0
2015-07-02-17 50 10.247	  31.0272318 121.43957506 1.25  0.0 0.0
2015-07-02-17 50 10.351	  31.0272318 121.43957506 1.25  0.0 0.0
2015-07-02-17 50 10.522	  31.0272318 121.43957506 1.25  0.0 0.0
2015-07-02-17 50 10.624	  31.02725566 121.43956554 1.25  0.0 0.0
2015-07-02-17 50 10.782	  31.02725566 121.43956554 1.25  0.0 0.0
2015-07-02-17 50 10.883	  31.02725566 121.43956554 1.25  0.0 0.0
2015-07-02-17 50 11.034	  31.02725566 121.43956554 1.25  0.0 0.0
2015-07-02-17 50 11.139	  31.02725566 121.43956554 1.25  0.0 0.0
2015-07-02-17 50 11.246	  31.02725566 121.43956554 1.25  0.0 0.0
2015-07-02-17 50 11.370	  31.02725566 121.43956554 1.25  0.0 0.0
2015-07-02-17 50 11.473	  31.02725566 121.43956554 1.25  0.0 0.0
2015-07-02-17 50 11.594	  31.02725566 121.43956554 1.25  0.0 0.0
2015-07-02-17 50 11.698	  31.02725566 121.43956554 1.25  0.0 0.0
2015-07-02-17 50 11.839	  31.02725566 121.43956554 1.25  0.0 0.0
2015-07-02-17 50 11.996	  31.02725566 121.43956554 1.25  0.0 0.0
2015-07-02-17 50 12.100	  31.02725566 121.43956554 1.25  0.0 0.0
2015-07-02-17 50 12.246	  31.02725566 121.43956554 1.25  0.0 0.0
2015-07-02-17 50 12.398	  31.02725566 121.43956554 1.25  0.0 0.0
2015-07-02-17 50 12.515	  31.02727707 121.43955277 1.25  0.0 0.0
2015-07-02-17 50 12.623	  31.02727707 121.43955277 1.25  0.0 0.0
2015-07-02-17 50 12.727	  31.02727707 121.43955277 1.25  0.0 0.0
2015-07-02-17 50 12.875	  31.02727707 121.43955277 1.25  0.0 0.0
2015-07-02-17 50 12.986	  31.02727707 121.43955277 1.25  0.0 0.0
2015-07-02-17 50 13.089	  31.02727707 121.43955277 1.25  0.0 0.0
2015-07-02-17 50 13.252	  31.02727707 121.43955277 1.25  0.0 0.0
2015-07-02-17 50 13.361	  31.02727707 121.43955277 1.25  0.0 0.0
2015-07-02-17 50 13.465	  31.02727707 121.43955277 1.25  0.0 0.0
2015-07-02-17 50 13.627	  31.02727707 121.43955277 1.25  0.0 0.0
2015-07-02-17 50 13.731	  31.02727707 121.43955277 1.25  0.0 0.0
2015-07-02-17 50 13.834	  31.02727707 121.43955277 1.25  0.0 0.0
2015-07-02-17 50 14.001	  31.02727707 121.43955277 1.25  0.0 0.0
2015-07-02-17 50 14.105	  31.02727707 121.43955277 1.25  0.0 0.0
2015-07-02-17 50 14.208	  31.02727707 121.43955277 1.25  0.0 0.0
2015-07-02-17 50 14.327	  31.02727707 121.43955277 1.25  0.0 0.0
2015-07-02-17 50 14.441	  31.02727707 121.43955277 1.25  0.0 0.0
2015-07-02-17 50 14.542	  31.02730006 121.43953957 1.25  0.0 0.0
2015-07-02-17 50 14.682	  31.02730006 121.43953957 1.25  0.0 0.0
2015-07-02-17 50 14.791	  31.02730006 121.43953957 1.25  0.0 0.0
2015-07-02-17 50 14.894	  31.02730006 121.43953957 1.25  0.0 0.0
2015-07-02-17 50 15.039	  31.02730006 121.43953957 1.25  0.0 0.0
2015-07-02-17 50 15.149	  31.02730006 121.43953957 1.25  0.0 0.0
2015-07-02-17 50 15.252	  31.02730006 121.43953957 1.25  0.0 0.0
2015-07-02-17 50 15.396	  31.02730006 121.43953957 1.25  0.0 0.0
2015-07-02-17 50 15.504	  31.02730006 121.43953957 1.25  0.0 0.0
2015-07-02-17 50 15.620	  31.02730006 121.43953957 1.25  0.0 0.0
2015-07-02-17 50 15.779	  31.02730006 121.43953957 1.25  0.0 0.0
2015-07-02-17 50 15.890	  31.02730006 121.43953957 1.25  0.0 0.0
2015-07-02-17 50 15.993	  31.02730006 121.43953957 1.25  0.0 0.0
2015-07-02-17 50 16.134	  31.02730006 121.43953957 1.25  0.0 0.0
2015-07-02-17 50 16.246	  31.02730006 121.43953957 1.25  0.0 0.0
2015-07-02-17 50 16.348	  31.02730006 121.43953957 1.25  0.0 0.0
2015-07-02-17 50 16.467	  31.02730006 121.43953957 1.25  0.0 0.0
2015-07-02-17 50 16.578	  31.02730006 121.43953957 1.25  0.0 0.0
2015-07-02-17 50 16.680	  31.02732329 121.43952798 1.25  0.0 0.0
2015-07-02-17 50 16.818	  31.02732329 121.43952798 1.25  0.0 0.0
2015-07-02-17 50 16.931	  31.02732329 121.43952798 1.25  0.0 0.0
2015-07-02-17 50 17.034	  31.02732329 121.43952798 1.25  0.0 0.0
2015-07-02-17 50 17.183	  31.02732329 121.43952798 1.25  0.0 0.0
2015-07-02-17 50 17.290	  31.02732329 121.43952798 1.25  0.0 0.0
2015-07-02-17 50 17.398	  31.02732329 121.43952798 1.25  0.0 0.0
2015-07-02-17 50 17.528	  31.02732329 121.43952798 1.25  0.0 0.0
2015-07-02-17 50 17.632	  31.02732329 121.43952798 1.25  0.0 0.0
2015-07-02-17 50 17.751	  31.02732329 121.43952798 1.25  0.0 0.0
2015-07-02-17 50 17.857	  31.02732329 121.43952798 1.25  0.0 0.0
2015-07-02-17 50 17.959	  31.02732329 121.43952798 1.25  0.0 0.0
2015-07-02-17 50 18.131	  31.02732329 121.43952798 1.25  0.0 0.0
2015-07-02-17 50 18.238	  31.02732329 121.43952798 1.25  0.0 0.0
2015-07-02-17 50 18.342	  31.02732329 121.43952798 1.25  0.0 0.0
2015-07-02-17 50 18.501	  31.02732329 121.43952798 1.25  0.0 0.0
2015-07-02-17 50 18.608	  31.02734634 121.43951505 1.25  0.0 0.0
2015-07-02-17 50 18.711	  31.02734634 121.43951505 1.25  0.0 0.0
2015-07-02-17 50 18.846	  31.02734634 121.43951505 1.25  0.0 0.0
2015-07-02-17 50 18.952	  31.02734634 121.43951505 1.25  0.0 0.0
2015-07-02-17 50 19.055	  31.02734634 121.43951505 1.25  0.0 0.0
2015-07-02-17 50 19.197	  31.02734634 121.43951505 1.25  0.0 0.0
2015-07-02-17 50 19.300	  31.02734634 121.43951505 1.25  0.0 0.0
2015-07-02-17 50 19.451	  31.02734634 121.43951505 1.25  0.0 0.0
2015-07-02-17 50 19.583	  31.02734634 121.43951505 1.25  0.0 0.0
2015-07-02-17 50 19.694	  31.02734634 121.43951505 1.25  0.0 0.0
2015-07-02-17 50 19.801	  31.02734634 121.43951505 1.25  0.0 0.0
2015-07-02-17 50 19.976	  31.02734634 121.43951505 1.25  0.0 0.0
2015-07-02-17 50 20.078	  31.02734634 121.43951505 1.25  0.0 0.0
2015-07-02-17 50 20.199	  31.02734634 121.43951505 1.25  0.0 0.0
2015-07-02-17 50 20.302	  31.02734634 121.43951505 1.25  0.0 0.0
2015-07-02-17 50 20.446	  31.02736938 121.43950339 1.25  0.0 0.0
2015-07-02-17 50 20.617	  31.02736938 121.43950339 1.25  0.0 0.0
2015-07-02-17 50 20.733	  31.02736938 121.43950339 1.25  0.0 0.0
2015-07-02-17 50 20.838	  31.02736938 121.43950339 1.25  0.0 0.0
2015-07-02-17 50 20.942	  31.02736938 121.43950339 1.25  0.0 0.0
2015-07-02-17 50 21.117	  31.02736938 121.43950339 1.25  0.0 0.0
2015-07-02-17 50 21.237	  31.02736938 121.43950339 1.25  0.0 0.0
2015-07-02-17 50 21.339	  31.02736938 121.43950339 1.25  0.0 0.0
2015-07-02-17 50 21.444	  31.02736938 121.43950339 1.25  0.0 0.0
2015-07-02-17 50 21.584	  31.02736938 121.43950339 1.25  0.0 0.0
2015-07-02-17 50 21.703	  31.02736938 121.43950339 1.25  0.0 0.0
2015-07-02-17 50 21.819	  31.02736938 121.43950339 1.25  0.0 0.0
2015-07-02-17 50 21.922	  31.02736938 121.43950339 1.25  0.0 0.0
2015-07-02-17 50 22.097	  31.02736938 121.43950339 1.25  0.0 0.0
2015-07-02-17 50 22.252	  31.02736938 121.43950339 1.25  0.0 0.0
2015-07-02-17 50 22.353	  31.02736938 121.43950339 1.25  0.0 0.0
2015-07-02-17 50 22.458	  31.0273897 121.43948842 1.25  0.0 0.0
2015-07-02-17 50 22.599	  31.0273897 121.43948842 1.25  0.0 0.0
2015-07-02-17 50 22.701	  31.0273897 121.43948842 1.25  0.0 0.0
2015-07-02-17 50 22.825	  31.0273897 121.43948842 1.25  0.0 0.0
2015-07-02-17 50 22.997	  31.0273897 121.43948842 1.25  0.0 0.0
2015-07-02-17 50 23.114	  31.0273897 121.43948842 1.25  0.0 0.0
2015-07-02-17 50 23.223	  31.0273897 121.43948842 1.25  0.0 0.0
2015-07-02-17 50 23.327	  31.0273897 121.43948842 1.25  0.0 0.0
2015-07-02-17 50 23.478	  31.0273897 121.43948842 1.25  0.0 0.0
2015-07-02-17 50 23.651	  31.0273897 121.43948842 1.25  0.0 0.0
2015-07-02-17 50 23.756	  31.0273897 121.43948842 1.25  0.0 0.0
2015-07-02-17 50 23.858	  31.0273897 121.43948842 1.25  0.0 0.0
2015-07-02-17 50 24.035	  31.0273897 121.43948842 1.25  0.0 0.0
2015-07-02-17 50 24.169	  31.0273897 121.43948842 1.25  0.0 0.0
2015-07-02-17 50 24.280	  31.0273897 121.43948842 1.25  0.0 0.0
2015-07-02-17 50 24.385	  31.0273897 121.43948842 1.25  0.0 0.0
2015-07-02-17 50 24.549	  31.0273897 121.43948842 1.25  0.0 0.0
2015-07-02-17 50 24.665	  31.02741357 121.43947549 1.25  0.0 0.0
2015-07-02-17 50 24.797	  31.02741357 121.43947549 1.25  0.0 0.0
2015-07-02-17 50 24.910	  31.02741357 121.43947549 1.25  0.0 0.0
2015-07-02-17 50 25.012	  31.02741357 121.43947549 1.25  0.0 0.0
2015-07-02-17 50 25.128	  31.02741357 121.43947549 1.25  0.0 0.0
2015-07-02-17 50 25.279	  31.02741357 121.43947549 1.25  0.0 0.0
2015-07-02-17 50 25.384	  31.02741357 121.43947549 1.25  0.0 0.0
2015-07-02-17 50 25.487	  31.02741357 121.43947549 1.25  0.0 0.0
2015-07-02-17 50 25.659	  31.02741357 121.43947549 1.25  0.0 0.0
2015-07-02-17 50 25.794	  31.02741357 121.43947549 1.25  0.0 0.0
2015-07-02-17 50 25.972	  31.02741357 121.43947549 1.25  0.0 0.0
2015-07-02-17 50 26.084	  31.02741357 121.43947549 1.25  0.0 0.0
2015-07-02-17 50 26.189	  31.02741357 121.43947549 1.25  0.0 0.0
2015-07-02-17 50 26.344	  31.02741357 121.43947549 1.25  0.0 0.0
2015-07-02-17 50 26.513	  31.02741357 121.43947549 1.25  0.0 0.0
2015-07-02-17 50 26.615	  31.02743436 121.43946464 1.25  0.0 0.0
2015-07-02-17 50 26.738	  31.02743436 121.43946464 1.25  0.0 0.0
2015-07-02-17 50 26.900	  31.02743436 121.43946464 1.25  0.0 0.0
2015-07-02-17 50 27.039	  31.02743436 121.43946464 1.25  0.0 0.0
2015-07-02-17 50 27.182	  31.02743436 121.43946464 1.25  0.0 0.0
2015-07-02-17 50 27.287	  31.02743436 121.43946464 1.25  0.0 0.0
2015-07-02-17 50 27.396	  31.02743436 121.43946464 1.25  0.0 0.0
2015-07-02-17 50 27.556	  31.02743436 121.43946464 1.25  0.0 0.0
2015-07-02-17 50 27.659	  31.02743436 121.43946464 1.25  0.0 0.0
2015-07-02-17 50 27.765	  31.02743436 121.43946464 1.25  0.0 0.0
2015-07-02-17 50 27.870	  31.02743436 121.43946464 1.25  0.0 0.0
2015-07-02-17 50 28.002	  31.02743436 121.43946464 1.25  0.0 0.0
2015-07-02-17 50 28.122	  31.02743436 121.43946464 1.25  0.0 0.0
2015-07-02-17 50 28.274	  31.02743436 121.43946464 1.25  0.0 0.0
2015-07-02-17 50 28.384	  31.02743436 121.43946464 1.25  0.0 0.0
2015-07-02-17 50 28.488	  31.02745755 121.4394569 1.25  0.0 0.0
2015-07-02-17 50 28.619	  31.02745755 121.4394569 1.25  0.0 0.0
2015-07-02-17 50 28.737	  31.02745755 121.4394569 1.25  0.0 0.0
2015-07-02-17 50 28.874	  31.02745755 121.4394569 1.25  0.0 0.0
2015-07-02-17 50 28.988	  31.02745755 121.4394569 1.25  0.0 0.0
2015-07-02-17 50 29.090	  31.02745755 121.4394569 1.25  0.0 0.0
2015-07-02-17 50 29.226	  31.02745755 121.4394569 1.25  0.0 0.0
2015-07-02-17 50 29.400	  31.02745755 121.4394569 1.25  0.0 0.0
2015-07-02-17 50 29.504	  31.02745755 121.4394569 1.25  0.0 0.0
2015-07-02-17 50 29.606	  31.02745755 121.4394569 1.25  0.0 0.0
2015-07-02-17 50 29.727	  31.02745755 121.4394569 1.25  0.0 0.0
2015-07-02-17 50 29.899	  31.02745755 121.4394569 1.25  0.0 0.0
2015-07-02-17 50 30.037	  31.02745755 121.4394569 1.25  0.0 0.0
2015-07-02-17 50 30.141	  31.02745755 121.4394569 1.25  0.0 0.0
2015-07-02-17 50 30.248	  31.02745755 121.4394569 1.25  0.0 0.0
2015-07-02-17 50 30.408	  31.02745755 121.4394569 1.25  0.0 0.0
2015-07-02-17 50 30.550	  31.02748198 121.43944805 1.25  0.0 0.0
2015-07-02-17 50 30.659	  31.02748198 121.43944805 1.25  0.0 0.0
2015-07-02-17 50 30.766	  31.02748198 121.43944805 1.25  0.0 0.0
2015-07-02-17 50 30.884	  31.02748198 121.43944805 1.25  0.0 0.0
2015-07-02-17 50 31.003	  31.02748198 121.43944805 1.25  0.0 0.0
2015-07-02-17 50 31.143	  31.02748198 121.43944805 1.25  0.0 0.0
2015-07-02-17 50 31.245	  31.02748198 121.43944805 1.25  0.0 0.0
2015-07-02-17 50 31.347	  31.02748198 121.43944805 1.25  0.0 0.0
2015-07-02-17 50 31.466	  31.02748198 121.43944805 1.25  0.0 0.0
2015-07-02-17 50 31.599	  31.02748198 121.43944805 1.25  0.0 0.0
2015-07-02-17 50 31.706	  31.02748198 121.43944805 1.25  0.0 0.0
2015-07-02-17 50 31.812	  31.02748198 121.43944805 1.25  0.0 0.0
2015-07-02-17 50 32.013	  31.02748198 121.43944805 1.25  0.0 0.0
2015-07-02-17 50 32.162	  31.02748198 121.43944805 1.25  0.0 0.0
2015-07-02-17 50 32.306	  31.02748198 121.43944805 1.25  0.0 0.0
2015-07-02-17 50 32.410	  31.02748198 121.43944805 1.25  0.0 0.0
2015-07-02-17 50 32.513	  31.02748198 121.43944805 1.25  0.0 0.0
2015-07-02-17 50 32.660	  31.02750609 121.43943419 1.25  0.0 0.0
2015-07-02-17 50 32.799	  31.02750609 121.43943419 1.25  0.0 0.0
2015-07-02-17 50 32.915	  31.02750609 121.43943419 1.25  0.0 0.0
2015-07-02-17 50 33.038	  31.02750609 121.43943419 1.25  0.0 0.0
2015-07-02-17 50 33.175	  31.02750609 121.43943419 1.25  0.0 0.0
2015-07-02-17 50 33.307	  31.02750609 121.43943419 1.25  0.0 0.0
2015-07-02-17 50 33.412	  31.02750609 121.43943419 1.25  0.0 0.0
2015-07-02-17 50 33.514	  31.02750609 121.43943419 1.25  0.0 0.0
2015-07-02-17 50 33.635	  31.02750609 121.43943419 1.25  0.0 0.0
2015-07-02-17 50 33.738	  31.02750609 121.43943419 1.25  0.0 0.0
2015-07-02-17 50 33.904	  31.02750609 121.43943419 1.25  0.0 0.0
2015-07-02-17 50 34.056	  31.02750609 121.43943419 1.25  0.0 0.0
2015-07-02-17 50 34.216	  31.02750609 121.43943419 1.25  0.0 0.0
2015-07-02-17 50 34.373	  31.02750609 121.43943419 1.25  0.0 0.0
2015-07-02-17 50 34.486	  31.02753228 121.43942266 1.25  0.0 0.0
2015-07-02-17 50 34.630	  31.02753228 121.43942266 1.25  0.0 0.0
2015-07-02-17 50 34.752	  31.02753228 121.43942266 1.25  0.0 0.0
2015-07-02-17 50 34.914	  31.02753228 121.43942266 1.25  0.0 0.0
2015-07-02-17 50 35.057	  31.02753228 121.43942266 1.25  0.0 0.0
2015-07-02-17 50 35.168	  31.02753228 121.43942266 1.25  0.0 0.0
2015-07-02-17 50 35.311	  31.02753228 121.43942266 1.25  0.0 0.0
2015-07-02-17 50 35.466	  31.02753228 121.43942266 1.25  0.0 0.0
2015-07-02-17 50 35.596	  31.02753228 121.43942266 1.25  0.0 0.0
2015-07-02-17 50 35.710	  31.02753228 121.43942266 1.25  0.0 0.0
2015-07-02-17 50 35.827	  31.02753228 121.43942266 1.25  0.0 0.0
2015-07-02-17 50 35.967	  31.02753228 121.43942266 1.25  0.0 0.0
2015-07-02-17 50 36.122	  31.02753228 121.43942266 1.25  0.0 0.0
2015-07-02-17 50 36.289	  31.02753228 121.43942266 1.25  0.0 0.0
2015-07-02-17 50 36.429	  31.02753228 121.43942266 1.25  0.0 0.0
2015-07-02-17 50 36.548	  31.027559 121.43941633 1.25  0.0 0.0
2015-07-02-17 50 36.692	  31.027559 121.43941633 1.25  0.0 0.0
2015-07-02-17 50 36.809	  31.027559 121.43941633 1.25  0.0 0.0
2015-07-02-17 50 36.953	  31.027559 121.43941633 1.25  0.0 0.0
2015-07-02-17 50 37.099	  31.027559 121.43941633 1.25  0.0 0.0
2015-07-02-17 50 37.274	  31.027559 121.43941633 1.25  0.0 0.0
2015-07-02-17 50 37.393	  31.027559 121.43941633 1.25  0.0 0.0
2015-07-02-17 50 37.509	  31.027559 121.43941633 1.25  0.0 0.0
2015-07-02-17 50 37.642	  31.027559 121.43941633 1.25  0.0 0.0
2015-07-02-17 50 37.771	  31.027559 121.43941633 1.25  0.0 0.0
2015-07-02-17 50 37.919	  31.027559 121.43941633 1.25  0.0 0.0
2015-07-02-17 50 38.085	  31.027559 121.43941633 1.25  0.0 0.0
2015-07-02-17 50 38.221	  31.027559 121.43941633 1.25  0.0 0.0
2015-07-02-17 50 38.339	  31.027559 121.43941633 1.25  0.0 0.0
2015-07-02-17 50 38.483	  31.02758385 121.43940498 1.5  0.0 0.0
2015-07-02-17 50 38.603	  31.02758385 121.43940498 1.5  0.0 0.0
2015-07-02-17 50 38.719	  31.02758385 121.43940498 1.5  0.0 0.0
2015-07-02-17 50 38.880	  31.02758385 121.43940498 1.5  0.0 0.0
2015-07-02-17 50 38.999	  31.02758385 121.43940498 1.5  0.0 0.0
2015-07-02-17 50 39.115	  31.02758385 121.43940498 1.5  0.0 0.0
2015-07-02-17 50 39.248	  31.02758385 121.43940498 1.5  0.0 0.0
2015-07-02-17 50 39.392	  31.02758385 121.43940498 1.5  0.0 0.0
2015-07-02-17 50 39.508	  31.02758385 121.43940498 1.5  0.0 0.0
2015-07-02-17 50 39.643	  31.02758385 121.43940498 1.5  0.0 0.0
2015-07-02-17 50 39.771	  31.02758385 121.43940498 1.5  0.0 0.0
2015-07-02-17 50 39.897	  31.02758385 121.43940498 1.5  0.0 0.0
2015-07-02-17 50 40.070	  31.02758385 121.43940498 1.5  0.0 0.0
2015-07-02-17 50 40.207	  31.02758385 121.43940498 1.5  0.0 0.0
2015-07-02-17 50 40.358	  31.02758385 121.43940498 1.5  0.0 0.0
2015-07-02-17 50 40.504	  31.02760866 121.43939335 1.5  0.0 0.0
2015-07-02-17 50 40.629	  31.02760866 121.43939335 1.5  0.0 0.0
2015-07-02-17 50 40.732	  31.02760866 121.43939335 1.5  0.0 0.0
2015-07-02-17 50 40.837	  31.02760866 121.43939335 1.5  0.0 0.0
2015-07-02-17 50 40.941	  31.02760866 121.43939335 1.5  0.0 0.0
2015-07-02-17 50 41.062	  31.02760866 121.43939335 1.5  0.0 0.0
2015-07-02-17 50 41.194	  31.02760866 121.43939335 1.5  0.0 0.0
2015-07-02-17 50 41.315	  31.02760866 121.43939335 1.5  0.0 0.0
2015-07-02-17 50 41.451	  31.02760866 121.43939335 1.5  0.0 0.0
2015-07-02-17 50 41.584	  31.02760866 121.43939335 1.5  0.0 0.0
2015-07-02-17 50 41.740	  31.02760866 121.43939335 1.5  0.0 0.0
2015-07-02-17 50 41.858	  31.02760866 121.43939335 1.5  0.0 0.0
2015-07-02-17 50 41.977	  31.02760866 121.43939335 1.5  0.0 0.0
2015-07-02-17 50 42.081	  31.02760866 121.43939335 1.5  0.0 0.0
2015-07-02-17 50 42.223	  31.02760866 121.43939335 1.5  0.0 0.0
2015-07-02-17 50 42.365	  31.02760866 121.43939335 1.5  0.0 0.0
2015-07-02-17 50 42.484	  31.02760866 121.43939335 1.5  0.0 0.0
2015-07-02-17 50 42.636	  31.02763028 121.43938396 1.5  0.0 0.0
2015-07-02-17 50 42.781	  31.02763028 121.43938396 1.5  0.0 0.0
2015-07-02-17 50 42.917	  31.02763028 121.43938396 1.5  0.0 0.0
2015-07-02-17 50 43.023	  31.02763028 121.43938396 1.5  0.0 0.0
2015-07-02-17 50 43.167	  31.02763028 121.43938396 1.5  0.0 0.0
2015-07-02-17 50 43.269	  31.02763028 121.43938396 1.5  0.0 0.0
2015-07-02-17 50 43.376	  31.02763028 121.43938396 1.5  0.0 0.0
2015-07-02-17 50 43.483	  31.02763028 121.43938396 1.5  0.0 0.0
2015-07-02-17 50 43.614	  31.02763028 121.43938396 1.5  0.0 0.0
2015-07-02-17 50 43.733	  31.02763028 121.43938396 1.5  0.0 0.0
2015-07-02-17 50 43.896	  31.02763028 121.43938396 1.5  0.0 0.0
2015-07-02-17 50 44.052	  31.02763028 121.43938396 1.5  0.0 0.0
2015-07-02-17 50 44.172	  31.02763028 121.43938396 1.5  0.0 0.0
2015-07-02-17 50 44.313	  31.02763028 121.43938396 1.5  0.0 0.0
2015-07-02-17 50 44.433	  31.02765084 121.43937404 1.5  0.0 0.0
2015-07-02-17 50 44.604	  31.02765084 121.43937404 1.5  0.0 0.0
2015-07-02-17 50 44.722	  31.02765084 121.43937404 1.5  0.0 0.0
2015-07-02-17 50 44.865	  31.02765084 121.43937404 1.5  0.0 0.0
2015-07-02-17 50 45.042	  31.02765084 121.43937404 1.5  0.0 0.0
2015-07-02-17 50 45.183	  31.02765084 121.43937404 1.5  0.0 0.0
2015-07-02-17 50 45.308	  31.02765084 121.43937404 1.5  0.0 0.0
2015-07-02-17 50 45.417	  31.02765084 121.43937404 1.5  0.0 0.0
2015-07-02-17 50 45.537	  31.02765084 121.43937404 1.5  0.0 0.0
2015-07-02-17 50 45.653	  31.02765084 121.43937404 1.5  0.0 0.0
2015-07-02-17 50 45.798	  31.02765084 121.43937404 1.5  0.0 0.0
2015-07-02-17 50 45.938	  31.02765084 121.43937404 1.5  0.0 0.0
2015-07-02-17 50 46.055	  31.02765084 121.43937404 1.5  0.0 0.0
2015-07-02-17 50 46.199	  31.02765084 121.43937404 1.5  0.0 0.0
2015-07-02-17 50 46.356	  31.02765084 121.43937404 1.5  0.0 0.0
2015-07-02-17 50 46.500	  31.02767644 121.4393611 1.5  0.0 0.0
2015-07-02-17 50 46.663	  31.02767644 121.4393611 1.5  0.0 0.0
2015-07-02-17 50 46.796	  31.02767644 121.4393611 1.5  0.0 0.0
2015-07-02-17 50 46.914	  31.02767644 121.4393611 1.5  0.0 0.0
2015-07-02-17 50 47.088	  31.02767644 121.4393611 1.5  0.0 0.0
2015-07-02-17 50 47.207	  31.02767644 121.4393611 1.5  0.0 0.0
2015-07-02-17 50 47.357	  31.02767644 121.4393611 1.5  0.0 0.0
2015-07-02-17 50 47.499	  31.02767644 121.4393611 1.5  0.0 0.0
2015-07-02-17 50 47.630	  31.02767644 121.4393611 1.5  0.0 0.0
2015-07-02-17 50 47.752	  31.02767644 121.4393611 1.5  0.0 0.0
2015-07-02-17 50 47.908	  31.02767644 121.4393611 1.5  0.0 0.0
2015-07-02-17 50 48.079	  31.02767644 121.4393611 1.5  0.0 0.0
2015-07-02-17 50 48.215	  31.02767644 121.4393611 1.5  0.0 0.0
2015-07-02-17 50 48.318	  31.02767644 121.4393611 1.5  0.0 0.0
2015-07-02-17 50 48.425	  31.02767644 121.4393611 1.5  0.0 0.0
2015-07-02-17 50 48.531	  31.02767644 121.4393611 1.5  0.0 0.0
2015-07-02-17 50 48.636	  31.02770216 121.43935153 1.5  0.0 0.0
2015-07-02-17 50 48.740	  31.02770216 121.43935153 1.5  0.0 0.0
2015-07-02-17 50 48.842	  31.02770216 121.43935153 1.5  0.0 0.0
2015-07-02-17 50 48.944	  31.02770216 121.43935153 1.5  0.0 0.0
2015-07-02-17 50 49.050	  31.02770216 121.43935153 1.5  0.0 0.0
2015-07-02-17 50 49.155	  31.02770216 121.43935153 1.5  0.0 0.0
2015-07-02-17 50 49.262	  31.02770216 121.43935153 1.5  0.0 0.0
2015-07-02-17 50 49.375	  31.02770216 121.43935153 1.5  0.0 0.0
2015-07-02-17 50 49.487	  31.02770216 121.43935153 1.5  0.0 0.0
2015-07-02-17 50 49.591	  31.02770216 121.43935153 1.5  0.0 0.0
2015-07-02-17 50 49.696	  31.02770216 121.43935153 1.5  0.0 0.0
2015-07-02-17 50 49.800	  31.02770216 121.43935153 1.5  0.0 0.0
2015-07-02-17 50 49.908	  31.02770216 121.43935153 1.5  0.0 0.0
2015-07-02-17 50 50.018	  31.02770216 121.43935153 1.5  0.0 0.0
2015-07-02-17 50 50.135	  31.02770216 121.43935153 1.5  0.0 0.0
2015-07-02-17 50 50.240	  31.02770216 121.43935153 1.5  0.0 0.0
2015-07-02-17 50 50.348	  31.02770216 121.43935153 1.5  0.0 0.0
2015-07-02-17 50 50.450	  31.02770216 121.43935153 1.5  0.0 0.0
2015-07-02-17 50 50.558	  31.02770216 121.43935153 1.5  0.0 0.0
2015-07-02-17 50 50.675	  31.02772648 121.43934969 1.5  0.0 0.0
2015-07-02-17 50 50.784	  31.02772648 121.43934969 1.5  0.0 0.0
2015-07-02-17 50 50.888	  31.02772648 121.43934969 1.5  0.0 0.0
