2015-07-03-16 01 29.339	  0.0 0.0 0.0  0.0 0.0
2015-07-03-16 01 29.441	  0.0 0.0 0.0  0.0 0.0
2015-07-03-16 01 29.543	  0.0 0.0 0.0  0.0 0.0
2015-07-03-16 01 29.645	  0.0 0.0 0.0  0.0 0.0
2015-07-03-16 01 29.748	  0.0 0.0 0.0  0.0 0.0
2015-07-03-16 01 29.850	  0.0 0.0 0.0  0.0 0.0
2015-07-03-16 01 29.952	  0.0 0.0 0.0  0.0 0.0
2015-07-03-16 01 30.054	  0.0 0.0 0.0  0.0 0.0
2015-07-03-16 01 30.156	  0.0 0.0 0.0  0.0 0.0
2015-07-03-16 01 30.257	  0.0 0.0 0.0  0.0 0.0
2015-07-03-16 01 30.359	  0.0 0.0 0.0  0.0 0.0
2015-07-03-16 01 30.461	  0.0 0.0 0.0  0.0 0.0
2015-07-03-16 01 30.563	  0.0 0.0 0.0  0.0 0.0
2015-07-03-16 01 30.667	  0.0 0.0 0.0  0.0 0.0
2015-07-03-16 01 30.773	  0.0 0.0 0.0  0.0 0.0
2015-07-03-16 01 30.875	  0.0 0.0 0.0  0.0 0.0
2015-07-03-16 01 30.977	  0.0 0.0 0.0  0.0 0.0
2015-07-03-16 01 31.078	  0.0 0.0 0.0  0.0 0.0
2015-07-03-16 01 31.180	  0.0 0.0 0.0  0.0 0.0
2015-07-03-16 01 31.282	  0.0 0.0 0.0  0.0 0.0
2015-07-03-16 01 31.384	  0.0 0.0 0.0  0.0 0.0
2015-07-03-16 01 31.486	  0.0 0.0 0.0  0.0 0.0
2015-07-03-16 01 31.587	  0.0 0.0 0.0  0.0 0.0
2015-07-03-16 01 31.689	  0.0 0.0 0.0  0.0 0.0
2015-07-03-16 01 31.791	  0.0 0.0 0.0  0.0 0.0
2015-07-03-16 01 31.893	  0.0 0.0 0.0  0.0 0.0
2015-07-03-16 01 31.995	  0.0 0.0 0.0  0.0 0.0
2015-07-03-16 01 32.096	  0.0 0.0 0.0  0.0 0.0
2015-07-03-16 01 32.199	  0.0 0.0 0.0  0.0 0.0
2015-07-03-16 01 32.301	  31.02767794 121.4393962 1.25  0.0 0.0
2015-07-03-16 01 32.405	  31.02767794 121.4393962 1.25  0.0 0.0
2015-07-03-16 01 32.506	  31.02767794 121.4393962 1.25  0.0 0.0
2015-07-03-16 01 32.609	  31.02767794 121.4393962 1.25  0.0 0.0
2015-07-03-16 01 32.711	  31.02767794 121.4393962 1.25  0.0 0.0
2015-07-03-16 01 32.816	  31.02767794 121.4393962 1.25  0.0 0.0
2015-07-03-16 01 32.919	  31.02767794 121.4393962 1.25  0.0 0.0
2015-07-03-16 01 33.021	  31.02767794 121.4393962 1.25  0.0 0.0
2015-07-03-16 01 33.124	  31.02767794 121.4393962 1.25  0.0 0.0
2015-07-03-16 01 33.228	  31.02767794 121.4393962 1.25  0.0 0.0
2015-07-03-16 01 33.336	  31.02767794 121.4393962 1.25  0.0 0.0
2015-07-03-16 01 33.438	  31.02767794 121.4393962 1.25  0.0 0.0
2015-07-03-16 01 33.540	  31.02767794 121.4393962 1.25  0.0 0.0
2015-07-03-16 01 33.641	  31.02767794 121.4393962 1.25  0.0 0.0
2015-07-03-16 01 33.747	  31.02767794 121.4393962 1.25  0.0 0.0
2015-07-03-16 01 33.866	  31.02767794 121.4393962 1.25  0.0 0.0
2015-07-03-16 01 33.968	  31.02767794 121.4393962 1.25  0.0 0.0
2015-07-03-16 01 34.069	  31.02767794 121.4393962 1.25  0.0 0.0
2015-07-03-16 01 34.172	  31.02767794 121.4393962 1.25  0.0 0.0
2015-07-03-16 01 34.280	  31.02765146 121.43939795 1.25  0.0 0.0
2015-07-03-16 01 34.382	  31.02765146 121.43939795 1.25  0.0 0.0
2015-07-03-16 01 34.484	  31.02765146 121.43939795 1.25  0.0 0.0
2015-07-03-16 01 34.585	  31.02765146 121.43939795 1.25  0.0 0.0
2015-07-03-16 01 34.687	  31.02765146 121.43939795 1.25  0.0 0.0
2015-07-03-16 01 34.791	  31.02765146 121.43939795 1.25  0.0 0.0
2015-07-03-16 01 34.897	  31.02765146 121.43939795 1.25  0.0 0.0
2015-07-03-16 01 34.999	  31.02765146 121.43939795 1.25  0.0 0.0
2015-07-03-16 01 35.100	  31.02765146 121.43939795 1.25  0.0 0.0
2015-07-03-16 01 35.202	  31.02765146 121.43939795 1.25  0.0 0.0
2015-07-03-16 01 35.310	  31.02765146 121.43939795 1.25  0.0 0.0
2015-07-03-16 01 35.412	  31.02765146 121.43939795 1.25  0.0 0.0
2015-07-03-16 01 35.514	  31.02765146 121.43939795 1.25  0.0 0.0
2015-07-03-16 01 35.627	  31.02765146 121.43939795 1.25  0.0 0.0
2015-07-03-16 01 35.728	  31.02765146 121.43939795 1.25  0.0 0.0
2015-07-03-16 01 35.829	  31.02765146 121.43939795 1.25  0.0 0.0
2015-07-03-16 01 35.931	  31.02765146 121.43939795 1.25  0.0 0.0
2015-07-03-16 01 36.032	  31.02765146 121.43939795 1.25  0.0 0.0
2015-07-03-16 01 36.133	  31.02765146 121.43939795 1.25  0.0 0.0
2015-07-03-16 01 36.248	  31.02762403 121.4394045 1.25  0.0 0.0
2015-07-03-16 01 36.367	  31.02762403 121.4394045 1.25  0.0 0.0
2015-07-03-16 01 36.469	  31.02762403 121.4394045 1.25  0.0 0.0
2015-07-03-16 01 36.571	  31.02762403 121.4394045 1.25  0.0 0.0
2015-07-03-16 01 36.674	  31.02762403 121.4394045 1.25  0.0 0.0
2015-07-03-16 01 36.780	  31.02762403 121.4394045 1.25  0.0 0.0
2015-07-03-16 01 36.884	  31.02762403 121.4394045 1.25  0.0 0.0
2015-07-03-16 01 36.988	  31.02762403 121.4394045 1.25  0.0 0.0
2015-07-03-16 01 37.090	  31.02762403 121.4394045 1.25  0.0 0.0
2015-07-03-16 01 37.192	  31.02762403 121.4394045 1.25  0.0 0.0
2015-07-03-16 01 37.294	  31.02762403 121.4394045 1.25  0.0 0.0
2015-07-03-16 01 37.397	  31.02762403 121.4394045 1.25  0.0 0.0
2015-07-03-16 01 37.498	  31.02762403 121.4394045 1.25  0.0 0.0
2015-07-03-16 01 37.599	  31.02762403 121.4394045 1.25  0.0 0.0
2015-07-03-16 01 37.701	  31.02762403 121.4394045 1.25  0.0 0.0
2015-07-03-16 01 37.803	  31.02762403 121.4394045 1.25  0.0 0.0
2015-07-03-16 01 37.905	  31.02762403 121.4394045 1.25  0.0 0.0
2015-07-03-16 01 38.007	  31.02762403 121.4394045 1.25  0.0 0.0
2015-07-03-16 01 38.110	  31.02762403 121.4394045 1.25  0.0 0.0
2015-07-03-16 01 38.226	  31.02762403 121.4394045 1.25  0.0 0.0
2015-07-03-16 01 38.328	  31.02762403 121.4394045 1.25  0.0 0.0
2015-07-03-16 01 38.432	  31.02759945 121.43941663 1.25  0.0 0.0
2015-07-03-16 01 38.533	  31.02759945 121.43941663 1.25  0.0 0.0
2015-07-03-16 01 38.636	  31.02759945 121.43941663 1.25  0.0 0.0
2015-07-03-16 01 38.739	  31.02759945 121.43941663 1.25  0.0 0.0
2015-07-03-16 01 38.850	  31.02759945 121.43941663 1.25  0.0 0.0
2015-07-03-16 01 38.953	  31.02759945 121.43941663 1.25  0.0 0.0
2015-07-03-16 01 39.057	  31.02759945 121.43941663 1.25  0.0 0.0
2015-07-03-16 01 39.164	  31.02759945 121.43941663 1.25  0.0 0.0
2015-07-03-16 01 39.269	  31.02759945 121.43941663 1.25  0.0 0.0
2015-07-03-16 01 39.375	  31.02759945 121.43941663 1.25  0.0 0.0
2015-07-03-16 01 39.483	  31.02759945 121.43941663 1.25  0.0 0.0
2015-07-03-16 01 39.584	  31.02759945 121.43941663 1.25  0.0 0.0
2015-07-03-16 01 39.687	  31.02759945 121.43941663 1.25  0.0 0.0
2015-07-03-16 01 39.795	  31.02759945 121.43941663 1.25  0.0 0.0
2015-07-03-16 01 39.897	  31.02759945 121.43941663 1.25  0.0 0.0
2015-07-03-16 01 40.001	  31.02759945 121.43941663 1.25  0.0 0.0
2015-07-03-16 01 40.104	  31.02759945 121.43941663 1.25  0.0 0.0
2015-07-03-16 01 40.210	  31.02759945 121.43941663 1.25  0.0 0.0
2015-07-03-16 01 40.312	  31.02757997 121.43943169 1.25  0.0 0.0
2015-07-03-16 01 40.414	  31.02757997 121.43943169 1.25  0.0 0.0
2015-07-03-16 01 40.515	  31.02757997 121.43943169 1.25  0.0 0.0
2015-07-03-16 01 40.617	  31.02757997 121.43943169 1.25  0.0 0.0
2015-07-03-16 01 40.722	  31.02757997 121.43943169 1.25  0.0 0.0
2015-07-03-16 01 40.827	  31.02757997 121.43943169 1.25  0.0 0.0
2015-07-03-16 01 40.928	  31.02757997 121.43943169 1.25  0.0 0.0
2015-07-03-16 01 41.030	  31.02757997 121.43943169 1.25  0.0 0.0
2015-07-03-16 01 41.135	  31.02757997 121.43943169 1.25  0.0 0.0
2015-07-03-16 01 41.240	  31.02757997 121.43943169 1.25  0.0 0.0
2015-07-03-16 01 41.360	  31.02757997 121.43943169 1.25  0.0 0.0
2015-07-03-16 01 41.461	  31.02757997 121.43943169 1.25  0.0 0.0
2015-07-03-16 01 41.563	  31.02757997 121.43943169 1.25  0.0 0.0
2015-07-03-16 01 41.664	  31.02757997 121.43943169 1.25  0.0 0.0
2015-07-03-16 01 41.769	  31.02757997 121.43943169 1.25  0.0 0.0
2015-07-03-16 01 41.881	  31.02757997 121.43943169 1.25  0.0 0.0
2015-07-03-16 01 41.984	  31.02757997 121.43943169 1.25  0.0 0.0
2015-07-03-16 01 42.085	  31.02757997 121.43943169 1.25  0.0 0.0
2015-07-03-16 01 42.187	  31.02757997 121.43943169 1.25  0.0 0.0
2015-07-03-16 01 42.289	  31.02756213 121.43944079 1.25  0.0 0.0
2015-07-03-16 01 42.398	  31.02756213 121.43944079 1.25  0.0 0.0
2015-07-03-16 01 42.499	  31.02756213 121.43944079 1.25  0.0 0.0
2015-07-03-16 01 42.602	  31.02756213 121.43944079 1.25  0.0 0.0
2015-07-03-16 01 42.704	  31.02756213 121.43944079 1.25  0.0 0.0
2015-07-03-16 01 42.807	  31.02756213 121.43944079 1.25  0.0 0.0
2015-07-03-16 01 42.912	  31.02756213 121.43944079 1.25  0.0 0.0
2015-07-03-16 01 43.016	  31.02756213 121.43944079 1.25  0.0 0.0
2015-07-03-16 01 43.119	  31.02756213 121.43944079 1.25  0.0 0.0
2015-07-03-16 01 43.221	  31.02756213 121.43944079 1.25  0.0 0.0
2015-07-03-16 01 43.360	  31.02756213 121.43944079 1.25  0.0 0.0
2015-07-03-16 01 43.461	  31.02756213 121.43944079 1.25  0.0 0.0
2015-07-03-16 01 43.563	  31.02756213 121.43944079 1.25  0.0 0.0
2015-07-03-16 01 43.665	  31.02756213 121.43944079 1.25  0.0 0.0
2015-07-03-16 01 43.771	  31.02756213 121.43944079 1.25  0.0 0.0
2015-07-03-16 01 43.880	  31.02756213 121.43944079 1.25  0.0 0.0
2015-07-03-16 01 43.984	  31.02756213 121.43944079 1.25  0.0 0.0
2015-07-03-16 01 44.088	  31.02756213 121.43944079 1.25  0.0 0.0
2015-07-03-16 01 44.192	  31.02756213 121.43944079 1.25  0.0 0.0
2015-07-03-16 01 44.298	  31.02754369 121.43944758 1.25  0.0 0.0
2015-07-03-16 01 44.406	  31.02754369 121.43944758 1.25  0.0 0.0
2015-07-03-16 01 44.507	  31.02754369 121.43944758 1.25  0.0 0.0
2015-07-03-16 01 44.610	  31.02754369 121.43944758 1.25  0.0 0.0
2015-07-03-16 01 44.712	  31.02754369 121.43944758 1.25  0.0 0.0
2015-07-03-16 01 44.813	  31.02754369 121.43944758 1.25  0.0 0.0
2015-07-03-16 01 44.915	  31.02754369 121.43944758 1.25  0.0 0.0
2015-07-03-16 01 45.019	  31.02754369 121.43944758 1.25  0.0 0.0
2015-07-03-16 01 45.121	  31.02754369 121.43944758 1.25  0.0 0.0
2015-07-03-16 01 45.223	  31.02754369 121.43944758 1.25  0.0 0.0
2015-07-03-16 01 45.326	  31.02754369 121.43944758 1.25  0.0 0.0
2015-07-03-16 01 45.430	  31.02754369 121.43944758 1.25  0.0 0.0
2015-07-03-16 01 45.533	  31.02754369 121.43944758 1.25  0.0 0.0
2015-07-03-16 01 45.635	  31.02754369 121.43944758 1.25  0.0 0.0
2015-07-03-16 01 45.738	  31.02754369 121.43944758 1.25  0.0 0.0
2015-07-03-16 01 45.848	  31.02754369 121.43944758 1.25  0.0 0.0
2015-07-03-16 01 45.950	  31.02754369 121.43944758 1.25  0.0 0.0
2015-07-03-16 01 46.052	  31.02754369 121.43944758 1.25  0.0 0.0
2015-07-03-16 01 46.156	  31.02754369 121.43944758 1.25  0.0 0.0
2015-07-03-16 01 46.270	  31.02752821 121.43946091 1.25  0.0 0.0
2015-07-03-16 01 46.372	  31.02752821 121.43946091 1.25  0.0 0.0
2015-07-03-16 01 46.473	  31.02752821 121.43946091 1.25  0.0 0.0
2015-07-03-16 01 46.575	  31.02752821 121.43946091 1.25  0.0 0.0
2015-07-03-16 01 46.685	  31.02752821 121.43946091 1.25  0.0 0.0
2015-07-03-16 01 46.789	  31.02752821 121.43946091 1.25  0.0 0.0
2015-07-03-16 01 46.894	  31.02752821 121.43946091 1.25  0.0 0.0
2015-07-03-16 01 46.998	  31.02752821 121.43946091 1.25  0.0 0.0
2015-07-03-16 01 47.108	  31.02752821 121.43946091 1.25  0.0 0.0
2015-07-03-16 01 47.211	  31.02752821 121.43946091 1.25  0.0 0.0
2015-07-03-16 01 47.315	  31.02752821 121.43946091 1.25  0.0 0.0
2015-07-03-16 01 47.418	  31.02752821 121.43946091 1.25  0.0 0.0
2015-07-03-16 01 47.532	  31.02752821 121.43946091 1.25  0.0 0.0
2015-07-03-16 01 47.633	  31.02752821 121.43946091 1.25  0.0 0.0
2015-07-03-16 01 47.736	  31.02752821 121.43946091 1.25  0.0 0.0
2015-07-03-16 01 47.837	  31.02752821 121.43946091 1.25  0.0 0.0
2015-07-03-16 01 47.938	  31.02752821 121.43946091 1.25  0.0 0.0
2015-07-03-16 01 48.040	  31.02752821 121.43946091 1.25  0.0 0.0
2015-07-03-16 01 48.142	  31.02752821 121.43946091 1.25  0.0 0.0
2015-07-03-16 01 48.248	  31.02751106 121.43947476 1.25  0.0 0.0
2015-07-03-16 01 48.370	  31.02751106 121.43947476 1.25  0.0 0.0
2015-07-03-16 01 48.472	  31.02751106 121.43947476 1.25  0.0 0.0
2015-07-03-16 01 48.573	  31.02751106 121.43947476 1.25  0.0 0.0
2015-07-03-16 01 48.677	  31.02751106 121.43947476 1.25  0.0 0.0
2015-07-03-16 01 48.779	  31.02751106 121.43947476 1.25  0.0 0.0
2015-07-03-16 01 48.880	  31.02751106 121.43947476 1.25  0.0 0.0
2015-07-03-16 01 48.983	  31.02751106 121.43947476 1.25  0.0 0.0
2015-07-03-16 01 49.090	  31.02751106 121.43947476 1.25  0.0 0.0
2015-07-03-16 01 49.192	  31.02751106 121.43947476 1.25  0.0 0.0
2015-07-03-16 01 49.293	  31.02751106 121.43947476 1.25  0.0 0.0
2015-07-03-16 01 49.395	  31.02751106 121.43947476 1.25  0.0 0.0
2015-07-03-16 01 49.502	  31.02751106 121.43947476 1.25  0.0 0.0
2015-07-03-16 01 49.604	  31.02751106 121.43947476 1.25  0.0 0.0
2015-07-03-16 01 49.705	  31.02751106 121.43947476 1.25  0.0 0.0
2015-07-03-16 01 49.808	  31.02751106 121.43947476 1.25  0.0 0.0
2015-07-03-16 01 49.910	  31.02751106 121.43947476 1.25  0.0 0.0
2015-07-03-16 01 50.015	  31.02751106 121.43947476 1.25  0.0 0.0
2015-07-03-16 01 50.125	  31.02751106 121.43947476 1.25  0.0 0.0
2015-07-03-16 01 50.228	  31.02749144 121.43948069 1.25  0.0 0.0
2015-07-03-16 01 50.330	  31.02749144 121.43948069 1.25  0.0 0.0
2015-07-03-16 01 50.432	  31.02749144 121.43948069 1.25  0.0 0.0
2015-07-03-16 01 50.538	  31.02749144 121.43948069 1.25  0.0 0.0
2015-07-03-16 01 50.640	  31.02749144 121.43948069 1.25  0.0 0.0
2015-07-03-16 01 50.743	  31.02749144 121.43948069 1.25  0.0 0.0
2015-07-03-16 01 50.850	  31.02749144 121.43948069 1.25  0.0 0.0
2015-07-03-16 01 50.952	  31.02749144 121.43948069 1.25  0.0 0.0
2015-07-03-16 01 51.053	  31.02749144 121.43948069 1.25  0.0 0.0
2015-07-03-16 01 51.156	  31.02749144 121.43948069 1.25  0.0 0.0
2015-07-03-16 01 51.260	  31.02749144 121.43948069 1.25  0.0 0.0
2015-07-03-16 01 51.362	  31.02749144 121.43948069 1.25  0.0 0.0
2015-07-03-16 01 51.467	  31.02749144 121.43948069 1.25  0.0 0.0
2015-07-03-16 01 51.575	  31.02749144 121.43948069 1.25  0.0 0.0
2015-07-03-16 01 51.677	  31.02749144 121.43948069 1.25  0.0 0.0
2015-07-03-16 01 51.779	  31.02749144 121.43948069 1.25  0.0 0.0
2015-07-03-16 01 51.881	  31.02749144 121.43948069 1.25  0.0 0.0
2015-07-03-16 01 51.984	  31.02749144 121.43948069 1.25  0.0 0.0
2015-07-03-16 01 52.087	  31.02749144 121.43948069 1.25  0.0 0.0
2015-07-03-16 01 52.188	  31.02749144 121.43948069 1.25  0.0 0.0
2015-07-03-16 01 52.290	  31.02747072 121.43948731 1.25  0.0 0.0
2015-07-03-16 01 52.394	  31.02747072 121.43948731 1.25  0.0 0.0
2015-07-03-16 01 52.498	  31.02747072 121.43948731 1.25  0.0 0.0
2015-07-03-16 01 52.600	  31.02747072 121.43948731 1.25  0.0 0.0
2015-07-03-16 01 52.701	  31.02747072 121.43948731 1.25  0.0 0.0
2015-07-03-16 01 52.807	  31.02747072 121.43948731 1.25  0.0 0.0
2015-07-03-16 01 52.909	  31.02747072 121.43948731 1.25  0.0 0.0
2015-07-03-16 01 53.010	  31.02747072 121.43948731 1.25  0.0 0.0
2015-07-03-16 01 53.113	  31.02747072 121.43948731 1.25  0.0 0.0
2015-07-03-16 01 53.217	  31.02747072 121.43948731 1.25  0.0 0.0
2015-07-03-16 01 53.320	  31.02747072 121.43948731 1.25  0.0 0.0
2015-07-03-16 01 53.425	  31.02747072 121.43948731 1.25  0.0 0.0
2015-07-03-16 01 53.526	  31.02747072 121.43948731 1.25  0.0 0.0
2015-07-03-16 01 53.629	  31.02747072 121.43948731 1.25  0.0 0.0
2015-07-03-16 01 53.731	  31.02747072 121.43948731 1.25  0.0 0.0
2015-07-03-16 01 53.833	  31.02747072 121.43948731 1.25  0.0 0.0
2015-07-03-16 01 53.935	  31.02747072 121.43948731 1.25  0.0 0.0
2015-07-03-16 01 54.037	  31.02747072 121.43948731 1.25  0.0 0.0
2015-07-03-16 01 54.139	  31.02747072 121.43948731 1.25  0.0 0.0
2015-07-03-16 01 54.241	  31.02747072 121.43948731 1.25  0.0 0.0
2015-07-03-16 01 54.343	  31.02747072 121.43948731 1.25  0.0 0.0
2015-07-03-16 01 54.445	  31.02745081 121.43949266999999 1.25  0.0 0.0
2015-07-03-16 01 54.548	  31.02745081 121.43949266999999 1.25  0.0 0.0
2015-07-03-16 01 54.651	  31.02745081 121.43949266999999 1.25  0.0 0.0
2015-07-03-16 01 54.754	  31.02745081 121.43949266999999 1.25  0.0 0.0
2015-07-03-16 01 54.860	  31.02745081 121.43949266999999 1.25  0.0 0.0
2015-07-03-16 01 54.973	  31.02745081 121.43949266999999 1.25  0.0 0.0
2015-07-03-16 01 55.075	  31.02745081 121.43949266999999 1.25  0.0 0.0
2015-07-03-16 01 55.186	  31.02745081 121.43949266999999 1.25  0.0 0.0
2015-07-03-16 01 55.290	  31.02745081 121.43949266999999 1.25  0.0 0.0
2015-07-03-16 01 55.398	  31.02745081 121.43949266999999 1.25  0.0 0.0
2015-07-03-16 01 55.501	  31.02745081 121.43949266999999 1.25  0.0 0.0
2015-07-03-16 01 55.604	  31.02745081 121.43949266999999 1.25  0.0 0.0
2015-07-03-16 01 55.707	  31.02745081 121.43949266999999 1.25  0.0 0.0
2015-07-03-16 01 55.824	  31.02745081 121.43949266999999 1.25  0.0 0.0
2015-07-03-16 01 55.926	  31.02745081 121.43949266999999 1.25  0.0 0.0
2015-07-03-16 01 56.029	  31.02745081 121.43949266999999 1.25  0.0 0.0
2015-07-03-16 01 56.137	  31.02745081 121.43949266999999 1.25  0.0 0.0
2015-07-03-16 01 56.240	  31.02745081 121.43949266999999 1.25  0.0 0.0
2015-07-03-16 01 56.344	  31.02743142 121.43949875 1.25  0.0 0.0
2015-07-03-16 01 56.450	  31.02743142 121.43949875 1.25  0.0 0.0
2015-07-03-16 01 56.552	  31.02743142 121.43949875 1.25  0.0 0.0
2015-07-03-16 01 56.658	  31.02743142 121.43949875 1.25  0.0 0.0
2015-07-03-16 01 56.773	  31.02743142 121.43949875 1.25  0.0 0.0
2015-07-03-16 01 56.875	  31.02743142 121.43949875 1.25  0.0 0.0
2015-07-03-16 01 56.978	  31.02743142 121.43949875 1.25  0.0 0.0
2015-07-03-16 01 57.095	  31.02743142 121.43949875 1.25  0.0 0.0
2015-07-03-16 01 57.197	  31.02743142 121.43949875 1.25  0.0 0.0
2015-07-03-16 01 57.298	  31.02743142 121.43949875 1.25  0.0 0.0
2015-07-03-16 01 57.404	  31.02743142 121.43949875 1.25  0.0 0.0
2015-07-03-16 01 57.507	  31.02743142 121.43949875 1.25  0.0 0.0
2015-07-03-16 01 57.609	  31.02743142 121.43949875 1.25  0.0 0.0
2015-07-03-16 01 57.718	  31.02743142 121.43949875 1.25  0.0 0.0
2015-07-03-16 01 57.823	  31.02743142 121.43949875 1.25  0.0 0.0
2015-07-03-16 01 57.926	  31.02743142 121.43949875 1.25  0.0 0.0
2015-07-03-16 01 58.040	  31.02743142 121.43949875 1.25  0.0 0.0
2015-07-03-16 01 58.141	  31.02743142 121.43949875 1.25  0.0 0.0
2015-07-03-16 01 58.244	  31.02741091 121.43950311 1.25  0.0 0.0
2015-07-03-16 01 58.352	  31.02741091 121.43950311 1.25  0.0 0.0
2015-07-03-16 01 58.453	  31.02741091 121.43950311 1.25  0.0 0.0
2015-07-03-16 01 58.554	  31.02741091 121.43950311 1.25  0.0 0.0
2015-07-03-16 01 58.665	  31.02741091 121.43950311 1.25  0.0 0.0
2015-07-03-16 01 58.767	  31.02741091 121.43950311 1.25  0.0 0.0
2015-07-03-16 01 58.869	  31.02741091 121.43950311 1.25  0.0 0.0
2015-07-03-16 01 58.978	  31.02741091 121.43950311 1.25  0.0 0.0
2015-07-03-16 01 59.084	  31.02741091 121.43950311 1.25  0.0 0.0
2015-07-03-16 01 59.187	  31.02741091 121.43950311 1.25  0.0 0.0
2015-07-03-16 01 59.293	  31.02741091 121.43950311 1.25  0.0 0.0
2015-07-03-16 01 59.397	  31.02741091 121.43950311 1.25  0.0 0.0
2015-07-03-16 01 59.501	  31.02741091 121.43950311 1.25  0.0 0.0
2015-07-03-16 01 59.612	  31.02741091 121.43950311 1.25  0.0 0.0
2015-07-03-16 01 59.716	  31.02741091 121.43950311 1.25  0.0 0.0
2015-07-03-16 01 59.825	  31.02741091 121.43950311 1.25  0.0 0.0
2015-07-03-16 01 59.937	  31.02741091 121.43950311 1.25  0.0 0.0
2015-07-03-16 02 00.043	  31.02741091 121.43950311 1.25  0.0 0.0
2015-07-03-16 02 00.191	  31.02741091 121.43950311 1.25  0.0 0.0
2015-07-03-16 02 00.294	  31.02739182 121.43951352 1.25  0.0 0.0
2015-07-03-16 02 00.398	  31.02739182 121.43951352 1.25  0.0 0.0
2015-07-03-16 02 00.502	  31.02739182 121.43951352 1.25  0.0 0.0
2015-07-03-16 02 00.604	  31.02739182 121.43951352 1.25  0.0 0.0
2015-07-03-16 02 00.714	  31.02739182 121.43951352 1.25  0.0 0.0
2015-07-03-16 02 00.820	  31.02739182 121.43951352 1.25  0.0 0.0
2015-07-03-16 02 00.926	  31.02739182 121.43951352 1.25  0.0 0.0
2015-07-03-16 02 01.044	  31.02739182 121.43951352 1.25  0.0 0.0
2015-07-03-16 02 01.147	  31.02739182 121.43951352 1.25  0.0 0.0
2015-07-03-16 02 01.249	  31.02739182 121.43951352 1.25  0.0 0.0
2015-07-03-16 02 01.366	  31.02739182 121.43951352 1.25  0.0 0.0
2015-07-03-16 02 01.468	  31.02739182 121.43951352 1.25  0.0 0.0
2015-07-03-16 02 01.569	  31.02739182 121.43951352 1.25  0.0 0.0
2015-07-03-16 02 01.676	  31.02739182 121.43951352 1.25  0.0 0.0
2015-07-03-16 02 01.779	  31.02739182 121.43951352 1.25  0.0 0.0
2015-07-03-16 02 01.884	  31.02739182 121.43951352 1.25  0.0 0.0
2015-07-03-16 02 02.050	  31.02739182 121.43951352 1.25  0.0 0.0
2015-07-03-16 02 02.153	  31.02739182 121.43951352 1.25  0.0 0.0
2015-07-03-16 02 02.255	  31.02737232 121.43952433 1.25  0.0 0.0
2015-07-03-16 02 02.356	  31.02737232 121.43952433 1.25  0.0 0.0
2015-07-03-16 02 02.458	  31.02737232 121.43952433 1.25  0.0 0.0
2015-07-03-16 02 02.601	  31.02737232 121.43952433 1.25  0.0 0.0
2015-07-03-16 02 02.704	  31.02737232 121.43952433 1.25  0.0 0.0
2015-07-03-16 02 02.817	  31.02737232 121.43952433 1.25  0.0 0.0
2015-07-03-16 02 02.919	  31.02737232 121.43952433 1.25  0.0 0.0
2015-07-03-16 02 03.023	  31.02737232 121.43952433 1.25  0.0 0.0
2015-07-03-16 02 03.162	  31.02737232 121.43952433 1.25  0.0 0.0
2015-07-03-16 02 03.264	  31.02737232 121.43952433 1.25  0.0 0.0
2015-07-03-16 02 03.367	  31.02737232 121.43952433 1.25  0.0 0.0
2015-07-03-16 02 03.469	  31.02737232 121.43952433 1.25  0.0 0.0
2015-07-03-16 02 03.573	  31.02737232 121.43952433 1.25  0.0 0.0
2015-07-03-16 02 03.729	  31.02737232 121.43952433 1.25  0.0 0.0
2015-07-03-16 02 03.831	  31.02737232 121.43952433 1.25  0.0 0.0
2015-07-03-16 02 03.934	  31.02737232 121.43952433 1.25  0.0 0.0
2015-07-03-16 02 04.036	  31.02737232 121.43952433 1.25  0.0 0.0
2015-07-03-16 02 04.144	  31.02737232 121.43952433 1.25  0.0 0.0
2015-07-03-16 02 04.298	  31.02737232 121.43952433 1.25  0.0 0.0
2015-07-03-16 02 04.400	  31.02735149 121.43953508 1.25  0.0 0.0
2015-07-03-16 02 04.511	  31.02735149 121.43953508 1.25  0.0 0.0
2015-07-03-16 02 04.615	  31.02735149 121.43953508 1.25  0.0 0.0
2015-07-03-16 02 04.716	  31.02735149 121.43953508 1.25  0.0 0.0
2015-07-03-16 02 04.852	  31.02735149 121.43953508 1.25  0.0 0.0
2015-07-03-16 02 04.954	  31.02735149 121.43953508 1.25  0.0 0.0
2015-07-03-16 02 05.060	  31.02735149 121.43953508 1.25  0.0 0.0
2015-07-03-16 02 05.163	  31.02735149 121.43953508 1.25  0.0 0.0
2015-07-03-16 02 05.266	  31.02735149 121.43953508 1.25  0.0 0.0
2015-07-03-16 02 05.370	  31.02735149 121.43953508 1.25  0.0 0.0
2015-07-03-16 02 05.480	  31.02735149 121.43953508 1.25  0.0 0.0
2015-07-03-16 02 05.586	  31.02735149 121.43953508 1.25  0.0 0.0
2015-07-03-16 02 05.702	  31.02735149 121.43953508 1.25  0.0 0.0
2015-07-03-16 02 05.804	  31.02735149 121.43953508 1.25  0.0 0.0
2015-07-03-16 02 05.905	  31.02735149 121.43953508 1.25  0.0 0.0
2015-07-03-16 02 06.007	  31.02735149 121.43953508 1.25  0.0 0.0
2015-07-03-16 02 06.110	  31.02735149 121.43953508 1.25  0.0 0.0
2015-07-03-16 02 06.250	  31.02733096 121.43954726 1.25  0.0 0.0
2015-07-03-16 02 06.356	  31.02733096 121.43954726 1.25  0.0 0.0
2015-07-03-16 02 06.466	  31.02733096 121.43954726 1.25  0.0 0.0
2015-07-03-16 02 06.570	  31.02733096 121.43954726 1.25  0.0 0.0
2015-07-03-16 02 06.675	  31.02733096 121.43954726 1.25  0.0 0.0
2015-07-03-16 02 06.778	  31.02733096 121.43954726 1.25  0.0 0.0
2015-07-03-16 02 06.883	  31.02733096 121.43954726 1.25  0.0 0.0
2015-07-03-16 02 06.987	  31.02733096 121.43954726 1.25  0.0 0.0
2015-07-03-16 02 07.089	  31.02733096 121.43954726 1.25  0.0 0.0
2015-07-03-16 02 07.216	  31.02733096 121.43954726 1.25  0.0 0.0
2015-07-03-16 02 07.326	  31.02733096 121.43954726 1.25  0.0 0.0
2015-07-03-16 02 07.436	  31.02733096 121.43954726 1.25  0.0 0.0
2015-07-03-16 02 07.538	  31.02733096 121.43954726 1.25  0.0 0.0
2015-07-03-16 02 07.640	  31.02733096 121.43954726 1.25  0.0 0.0
2015-07-03-16 02 07.743	  31.02733096 121.43954726 1.25  0.0 0.0
2015-07-03-16 02 07.845	  31.02733096 121.43954726 1.25  0.0 0.0
2015-07-03-16 02 07.948	  31.02733096 121.43954726 1.25  0.0 0.0
2015-07-03-16 02 08.061	  31.02733096 121.43954726 1.25  0.0 0.0
2015-07-03-16 02 08.163	  31.02733096 121.43954726 1.25  0.0 0.0
2015-07-03-16 02 08.269	  31.0273113 121.43955923 1.25  0.0 0.0
2015-07-03-16 02 08.374	  31.0273113 121.43955923 1.25  0.0 0.0
2015-07-03-16 02 08.486	  31.0273113 121.43955923 1.25  0.0 0.0
2015-07-03-16 02 08.587	  31.0273113 121.43955923 1.25  0.0 0.0
2015-07-03-16 02 08.689	  31.0273113 121.43955923 1.25  0.0 0.0
2015-07-03-16 02 08.791	  31.0273113 121.43955923 1.25  0.0 0.0
2015-07-03-16 02 08.903	  31.0273113 121.43955923 1.25  0.0 0.0
2015-07-03-16 02 09.005	  31.0273113 121.43955923 1.25  0.0 0.0
2015-07-03-16 02 09.106	  31.0273113 121.43955923 1.25  0.0 0.0
2015-07-03-16 02 09.211	  31.0273113 121.43955923 1.25  0.0 0.0
2015-07-03-16 02 09.317	  31.0273113 121.43955923 1.25  0.0 0.0
2015-07-03-16 02 09.420	  31.0273113 121.43955923 1.25  0.0 0.0
2015-07-03-16 02 09.522	  31.0273113 121.43955923 1.25  0.0 0.0
2015-07-03-16 02 09.624	  31.0273113 121.43955923 1.25  0.0 0.0
2015-07-03-16 02 09.738	  31.0273113 121.43955923 1.25  0.0 0.0
2015-07-03-16 02 09.839	  31.0273113 121.43955923 1.25  0.0 0.0
2015-07-03-16 02 09.940	  31.0273113 121.43955923 1.25  0.0 0.0
2015-07-03-16 02 10.044	  31.0273113 121.43955923 1.25  0.0 0.0
2015-07-03-16 02 10.151	  31.0273113 121.43955923 1.25  0.0 0.0
2015-07-03-16 02 10.255	  31.0273113 121.43955923 1.25  0.0 0.0
2015-07-03-16 02 10.357	  31.0273113 121.43955923 1.25  0.0 0.0
2015-07-03-16 02 10.463	  31.02729163 121.4395708 1.25  0.0 0.0
2015-07-03-16 02 10.565	  31.02729163 121.4395708 1.25  0.0 0.0
2015-07-03-16 02 10.677	  31.02729163 121.4395708 1.25  0.0 0.0
2015-07-03-16 02 10.780	  31.02729163 121.4395708 1.25  0.0 0.0
2015-07-03-16 02 10.884	  31.02729163 121.4395708 1.25  0.0 0.0
2015-07-03-16 02 10.989	  31.02729163 121.4395708 1.25  0.0 0.0
2015-07-03-16 02 11.095	  31.02729163 121.4395708 1.25  0.0 0.0
2015-07-03-16 02 11.197	  31.02729163 121.4395708 1.25  0.0 0.0
2015-07-03-16 02 11.301	  31.02729163 121.4395708 1.25  0.0 0.0
2015-07-03-16 02 11.403	  31.02729163 121.4395708 1.25  0.0 0.0
2015-07-03-16 02 11.510	  31.02729163 121.4395708 1.25  0.0 0.0
2015-07-03-16 02 11.613	  31.02729163 121.4395708 1.25  0.0 0.0
2015-07-03-16 02 11.722	  31.02729163 121.4395708 1.25  0.0 0.0
2015-07-03-16 02 11.824	  31.02729163 121.4395708 1.25  0.0 0.0
2015-07-03-16 02 11.928	  31.02729163 121.4395708 1.25  0.0 0.0
2015-07-03-16 02 12.031	  31.02729163 121.4395708 1.25  0.0 0.0
2015-07-03-16 02 12.137	  31.02729163 121.4395708 1.25  0.0 0.0
2015-07-03-16 02 12.239	  31.02729163 121.4395708 1.25  0.0 0.0
2015-07-03-16 02 12.341	  31.02727152 121.43958164 1.25  0.0 0.0
2015-07-03-16 02 12.445	  31.02727152 121.43958164 1.25  0.0 0.0
2015-07-03-16 02 12.548	  31.02727152 121.43958164 1.25  0.0 0.0
2015-07-03-16 02 12.652	  31.02727152 121.43958164 1.25  0.0 0.0
2015-07-03-16 02 12.763	  31.02727152 121.43958164 1.25  0.0 0.0
2015-07-03-16 02 12.865	  31.02727152 121.43958164 1.25  0.0 0.0
2015-07-03-16 02 12.969	  31.02727152 121.43958164 1.25  0.0 0.0
2015-07-03-16 02 13.072	  31.02727152 121.43958164 1.25  0.0 0.0
2015-07-03-16 02 13.175	  31.02727152 121.43958164 1.25  0.0 0.0
2015-07-03-16 02 13.277	  31.02727152 121.43958164 1.25  0.0 0.0
2015-07-03-16 02 13.391	  31.02727152 121.43958164 1.25  0.0 0.0
2015-07-03-16 02 13.493	  31.02727152 121.43958164 1.25  0.0 0.0
2015-07-03-16 02 13.596	  31.02727152 121.43958164 1.25  0.0 0.0
2015-07-03-16 02 13.698	  31.02727152 121.43958164 1.25  0.0 0.0
2015-07-03-16 02 13.812	  31.02727152 121.43958164 1.25  0.0 0.0
2015-07-03-16 02 13.914	  31.02727152 121.43958164 1.25  0.0 0.0
2015-07-03-16 02 14.015	  31.02727152 121.43958164 1.25  0.0 0.0
2015-07-03-16 02 14.117	  31.02727152 121.43958164 1.25  0.0 0.0
2015-07-03-16 02 14.218	  31.02727152 121.43958164 1.25  0.0 0.0
2015-07-03-16 02 14.321	  31.02725166 121.43959068 1.25  0.0 0.0
2015-07-03-16 02 14.426	  31.02725166 121.43959068 1.25  0.0 0.0
2015-07-03-16 02 14.527	  31.02725166 121.43959068 1.25  0.0 0.0
2015-07-03-16 02 14.635	  31.02725166 121.43959068 1.25  0.0 0.0
2015-07-03-16 02 14.743	  31.02725166 121.43959068 1.25  0.0 0.0
2015-07-03-16 02 14.858	  31.02725166 121.43959068 1.25  0.0 0.0
2015-07-03-16 02 14.960	  31.02725166 121.43959068 1.25  0.0 0.0
2015-07-03-16 02 15.067	  31.02725166 121.43959068 1.25  0.0 0.0
2015-07-03-16 02 15.171	  31.02725166 121.43959068 1.25  0.0 0.0
2015-07-03-16 02 15.272	  31.02725166 121.43959068 1.25  0.0 0.0
2015-07-03-16 02 15.377	  31.02725166 121.43959068 1.25  0.0 0.0
2015-07-03-16 02 15.479	  31.02725166 121.43959068 1.25  0.0 0.0
2015-07-03-16 02 15.588	  31.02725166 121.43959068 1.25  0.0 0.0
2015-07-03-16 02 15.689	  31.02725166 121.43959068 1.25  0.0 0.0
2015-07-03-16 02 15.796	  31.02725166 121.43959068 1.25  0.0 0.0
2015-07-03-16 02 15.899	  31.02725166 121.43959068 1.25  0.0 0.0
2015-07-03-16 02 16.012	  31.02725166 121.43959068 1.25  0.0 0.0
2015-07-03-16 02 16.114	  31.02725166 121.43959068 1.25  0.0 0.0
2015-07-03-16 02 16.222	  31.02725166 121.43959068 1.25  0.0 0.0
2015-07-03-16 02 16.325	  31.02723226 121.43959823 1.25  0.0 0.0
2015-07-03-16 02 16.431	  31.02723226 121.43959823 1.25  0.0 0.0
2015-07-03-16 02 16.532	  31.02723226 121.43959823 1.25  0.0 0.0
2015-07-03-16 02 16.640	  31.02723226 121.43959823 1.25  0.0 0.0
2015-07-03-16 02 16.743	  31.02723226 121.43959823 1.25  0.0 0.0
2015-07-03-16 02 16.847	  31.02723226 121.43959823 1.25  0.0 0.0
2015-07-03-16 02 16.952	  31.02723226 121.43959823 1.25  0.0 0.0
2015-07-03-16 02 17.064	  31.02723226 121.43959823 1.25  0.0 0.0
2015-07-03-16 02 17.165	  31.02723226 121.43959823 1.25  0.0 0.0
2015-07-03-16 02 17.270	  31.02723226 121.43959823 1.25  0.0 0.0
2015-07-03-16 02 17.374	  31.02723226 121.43959823 1.25  0.0 0.0
2015-07-03-16 02 17.481	  31.02723226 121.43959823 1.25  0.0 0.0
2015-07-03-16 02 17.583	  31.02723226 121.43959823 1.25  0.0 0.0
2015-07-03-16 02 17.687	  31.02723226 121.43959823 1.25  0.0 0.0
2015-07-03-16 02 17.791	  31.02723226 121.43959823 1.25  0.0 0.0
2015-07-03-16 02 17.906	  31.02723226 121.43959823 1.25  0.0 0.0
2015-07-03-16 02 18.008	  31.02723226 121.43959823 1.25  0.0 0.0
2015-07-03-16 02 18.117	  31.02723226 121.43959823 1.25  0.0 0.0
2015-07-03-16 02 18.218	  31.02723226 121.43959823 1.25  0.0 0.0
2015-07-03-16 02 18.326	  31.02723226 121.43959823 1.25  0.0 0.0
2015-07-03-16 02 18.431	  31.0272124 121.43960788 1.25  0.0 0.0
2015-07-03-16 02 18.538	  31.0272124 121.43960788 1.25  0.0 0.0
2015-07-03-16 02 18.640	  31.0272124 121.43960788 1.25  0.0 0.0
2015-07-03-16 02 18.748	  31.0272124 121.43960788 1.25  0.0 0.0
2015-07-03-16 02 18.853	  31.0272124 121.43960788 1.25  0.0 0.0
2015-07-03-16 02 18.962	  31.0272124 121.43960788 1.25  0.0 0.0
2015-07-03-16 02 19.066	  31.0272124 121.43960788 1.25  0.0 0.0
2015-07-03-16 02 19.184	  31.0272124 121.43960788 1.25  0.0 0.0
2015-07-03-16 02 19.286	  31.0272124 121.43960788 1.25  0.0 0.0
2015-07-03-16 02 19.392	  31.0272124 121.43960788 1.25  0.0 0.0
2015-07-03-16 02 19.494	  31.0272124 121.43960788 1.25  0.0 0.0
2015-07-03-16 02 19.606	  31.0272124 121.43960788 1.25  0.0 0.0
2015-07-03-16 02 19.709	  31.0272124 121.43960788 1.25  0.0 0.0
2015-07-03-16 02 19.828	  31.0272124 121.43960788 1.25  0.0 0.0
2015-07-03-16 02 19.931	  31.0272124 121.43960788 1.25  0.0 0.0
2015-07-03-16 02 20.043	  31.0272124 121.43960788 1.25  0.0 0.0
2015-07-03-16 02 20.149	  31.0272124 121.43960788 1.25  0.0 0.0
2015-07-03-16 02 20.253	  31.0272124 121.43960788 1.25  0.0 0.0
2015-07-03-16 02 20.386	  31.02719296 121.43961745 1.25  0.0 0.0
2015-07-03-16 02 20.488	  31.02719296 121.43961745 1.25  0.0 0.0
2015-07-03-16 02 20.605	  31.02719296 121.43961745 1.25  0.0 0.0
2015-07-03-16 02 20.706	  31.02719296 121.43961745 1.25  0.0 0.0
2015-07-03-16 02 20.813	  31.02719296 121.43961745 1.25  0.0 0.0
2015-07-03-16 02 20.915	  31.02719296 121.43961745 1.25  0.0 0.0
2015-07-03-16 02 21.024	  31.02719296 121.43961745 1.25  0.0 0.0
2015-07-03-16 02 21.127	  31.02719296 121.43961745 1.25  0.0 0.0
2015-07-03-16 02 21.237	  31.02719296 121.43961745 1.25  0.0 0.0
2015-07-03-16 02 21.343	  31.02719296 121.43961745 1.25  0.0 0.0
2015-07-03-16 02 21.466	  31.02719296 121.43961745 1.25  0.0 0.0
2015-07-03-16 02 21.568	  31.02719296 121.43961745 1.25  0.0 0.0
2015-07-03-16 02 21.704	  31.02719296 121.43961745 1.25  0.0 0.0
2015-07-03-16 02 21.816	  31.02719296 121.43961745 1.25  0.0 0.0
2015-07-03-16 02 21.918	  31.02719296 121.43961745 1.25  0.0 0.0
2015-07-03-16 02 22.024	  31.02719296 121.43961745 1.25  0.0 0.0
2015-07-03-16 02 22.127	  31.02719296 121.43961745 1.25  0.0 0.0
2015-07-03-16 02 22.238	  31.02719296 121.43961745 1.25  0.0 0.0
2015-07-03-16 02 22.339	  31.02717377 121.4396275 1.25  0.0 0.0
2015-07-03-16 02 22.476	  31.02717377 121.4396275 1.25  0.0 0.0
2015-07-03-16 02 22.580	  31.02717377 121.4396275 1.25  0.0 0.0
2015-07-03-16 02 22.748	  31.02717377 121.4396275 1.25  0.0 0.0
2015-07-03-16 02 22.852	  31.02717377 121.4396275 1.25  0.0 0.0
2015-07-03-16 02 22.954	  31.02717377 121.4396275 1.25  0.0 0.0
2015-07-03-16 02 23.090	  31.02717377 121.4396275 1.25  0.0 0.0
2015-07-03-16 02 23.197	  31.02717377 121.4396275 1.25  0.0 0.0
2015-07-03-16 02 23.366	  31.02717377 121.4396275 1.25  0.0 0.0
2015-07-03-16 02 23.469	  31.02717377 121.4396275 1.25  0.0 0.0
2015-07-03-16 02 23.571	  31.02717377 121.4396275 1.25  0.0 0.0
2015-07-03-16 02 23.721	  31.02717377 121.4396275 1.25  0.0 0.0
2015-07-03-16 02 23.828	  31.02717377 121.4396275 1.25  0.0 0.0
2015-07-03-16 02 24.008	  31.02717377 121.4396275 1.25  0.0 0.0
2015-07-03-16 02 24.110	  31.02717377 121.4396275 1.25  0.0 0.0
2015-07-03-16 02 24.212	  31.02717377 121.4396275 1.25  0.0 0.0
2015-07-03-16 02 24.368	  31.02715323 121.43963261 1.25  0.0 0.0
2015-07-03-16 02 24.472	  31.02715323 121.43963261 1.25  0.0 0.0
2015-07-03-16 02 24.601	  31.02715323 121.43963261 1.25  0.0 0.0
2015-07-03-16 02 24.707	  31.02715323 121.43963261 1.25  0.0 0.0
2015-07-03-16 02 24.811	  31.02715323 121.43963261 1.25  0.0 0.0
2015-07-03-16 02 24.960	  31.02715323 121.43963261 1.25  0.0 0.0
2015-07-03-16 02 25.072	  31.02715323 121.43963261 1.25  0.0 0.0
2015-07-03-16 02 25.179	  31.02715323 121.43963261 1.25  0.0 0.0
2015-07-03-16 02 25.323	  31.02715323 121.43963261 1.25  0.0 0.0
2015-07-03-16 02 25.425	  31.02715323 121.43963261 1.25  0.0 0.0
2015-07-03-16 02 25.528	  31.02715323 121.43963261 1.25  0.0 0.0
2015-07-03-16 02 25.653	  31.02715323 121.43963261 1.25  0.0 0.0
2015-07-03-16 02 25.758	  31.02715323 121.43963261 1.25  0.0 0.0
2015-07-03-16 02 25.922	  31.02715323 121.43963261 1.25  0.0 0.0
2015-07-03-16 02 26.034	  31.02715323 121.43963261 1.25  0.0 0.0
2015-07-03-16 02 26.136	  31.02715323 121.43963261 1.25  0.0 0.0
2015-07-03-16 02 26.280	  31.02713209 121.43963727 1.25  0.0 0.0
2015-07-03-16 02 26.382	  31.02713209 121.43963727 1.25  0.0 0.0
2015-07-03-16 02 26.502	  31.02713209 121.43963727 1.25  0.0 0.0
2015-07-03-16 02 26.605	  31.02713209 121.43963727 1.25  0.0 0.0
2015-07-03-16 02 26.707	  31.02713209 121.43963727 1.25  0.0 0.0
2015-07-03-16 02 26.854	  31.02713209 121.43963727 1.25  0.0 0.0
2015-07-03-16 02 26.955	  31.02713209 121.43963727 1.25  0.0 0.0
2015-07-03-16 02 27.115	  31.02713209 121.43963727 1.25  0.0 0.0
2015-07-03-16 02 27.217	  31.02713209 121.43963727 1.25  0.0 0.0
2015-07-03-16 02 27.320	  31.02713209 121.43963727 1.25  0.0 0.0
2015-07-03-16 02 27.480	  31.02713209 121.43963727 1.25  0.0 0.0
2015-07-03-16 02 27.582	  31.02713209 121.43963727 1.25  0.0 0.0
2015-07-03-16 02 27.705	  31.02713209 121.43963727 1.25  0.0 0.0
2015-07-03-16 02 27.819	  31.02713209 121.43963727 1.25  0.0 0.0
2015-07-03-16 02 27.921	  31.02713209 121.43963727 1.25  0.0 0.0
2015-07-03-16 02 28.041	  31.02713209 121.43963727 1.25  0.0 0.0
2015-07-03-16 02 28.151	  31.02713209 121.43963727 1.25  0.0 0.0
2015-07-03-16 02 28.304	  31.02713209 121.43963727 1.25  0.0 0.0
2015-07-03-16 02 28.412	  31.02711152 121.4396456 1.25  0.0 0.0
2015-07-03-16 02 28.515	  31.02711152 121.4396456 1.25  0.0 0.0
2015-07-03-16 02 28.644	  31.02711152 121.4396456 1.25  0.0 0.0
2015-07-03-16 02 28.747	  31.02711152 121.4396456 1.25  0.0 0.0
2015-07-03-16 02 28.905	  31.02711152 121.4396456 1.25  0.0 0.0
2015-07-03-16 02 29.013	  31.02711152 121.4396456 1.25  0.0 0.0
2015-07-03-16 02 29.115	  31.02711152 121.4396456 1.25  0.0 0.0
2015-07-03-16 02 29.248	  31.02711152 121.4396456 1.25  0.0 0.0
2015-07-03-16 02 29.404	  31.02711152 121.4396456 1.25  0.0 0.0
2015-07-03-16 02 29.505	  31.02711152 121.4396456 1.25  0.0 0.0
2015-07-03-16 02 29.607	  31.02711152 121.4396456 1.25  0.0 0.0
2015-07-03-16 02 29.749	  31.02711152 121.4396456 1.25  0.0 0.0
2015-07-03-16 02 29.852	  31.02711152 121.4396456 1.25  0.0 0.0
2015-07-03-16 02 29.956	  31.02711152 121.4396456 1.25  0.0 0.0
2015-07-03-16 02 30.097	  31.02711152 121.4396456 1.25  0.0 0.0
2015-07-03-16 02 30.202	  31.02711152 121.4396456 1.25  0.0 0.0
2015-07-03-16 02 30.354	  31.02709079 121.43965568 1.25  0.0 0.0
2015-07-03-16 02 30.455	  31.02709079 121.43965568 1.25  0.0 0.0
2015-07-03-16 02 30.572	  31.02709079 121.43965568 1.25  0.0 0.0
2015-07-03-16 02 30.678	  31.02709079 121.43965568 1.25  0.0 0.0
2015-07-03-16 02 30.784	  31.02709079 121.43965568 1.25  0.0 0.0
2015-07-03-16 02 30.948	  31.02709079 121.43965568 1.25  0.0 0.0
2015-07-03-16 02 31.050	  31.02709079 121.43965568 1.25  0.0 0.0
2015-07-03-16 02 31.167	  31.02709079 121.43965568 1.25  0.0 0.0
2015-07-03-16 02 31.277	  31.02709079 121.43965568 1.25  0.0 0.0
2015-07-03-16 02 31.381	  31.02709079 121.43965568 1.25  0.0 0.0
2015-07-03-16 02 31.486	  31.02709079 121.43965568 1.25  0.0 0.0
2015-07-03-16 02 31.588	  31.02709079 121.43965568 1.25  0.0 0.0
2015-07-03-16 02 31.756	  31.02709079 121.43965568 1.25  0.0 0.0
2015-07-03-16 02 31.894	  31.02709079 121.43965568 1.25  0.0 0.0
2015-07-03-16 02 31.996	  31.02709079 121.43965568 1.25  0.0 0.0
2015-07-03-16 02 32.097	  31.02709079 121.43965568 1.25  0.0 0.0
2015-07-03-16 02 32.252	  31.02706981 121.43966504 1.25  0.0 0.0
2015-07-03-16 02 32.356	  31.02706981 121.43966504 1.25  0.0 0.0
2015-07-03-16 02 32.461	  31.02706981 121.43966504 1.25  0.0 0.0
2015-07-03-16 02 32.632	  31.02706981 121.43966504 1.25  0.0 0.0
2015-07-03-16 02 32.737	  31.02706981 121.43966504 1.25  0.0 0.0
2015-07-03-16 02 32.838	  31.02706981 121.43966504 1.25  0.0 0.0
2015-07-03-16 02 32.977	  31.02706981 121.43966504 1.25  0.0 0.0
2015-07-03-16 02 33.083	  31.02706981 121.43966504 1.25  0.0 0.0
2015-07-03-16 02 33.188	  31.02706981 121.43966504 1.25  0.0 0.0
2015-07-03-16 02 33.361	  31.02706981 121.43966504 1.25  0.0 0.0
2015-07-03-16 02 33.465	  31.02706981 121.43966504 1.25  0.0 0.0
2015-07-03-16 02 33.568	  31.02706981 121.43966504 1.25  0.0 0.0
2015-07-03-16 02 33.722	  31.02706981 121.43966504 1.25  0.0 0.0
2015-07-03-16 02 33.833	  31.02706981 121.43966504 1.25  0.0 0.0
2015-07-03-16 02 33.936	  31.02706981 121.43966504 1.25  0.0 0.0
2015-07-03-16 02 34.074	  31.02706981 121.43966504 1.25  0.0 0.0
2015-07-03-16 02 34.184	  31.02706981 121.43966504 1.25  0.0 0.0
2015-07-03-16 02 34.286	  31.02706981 121.43966504 1.25  0.0 0.0
2015-07-03-16 02 34.402	  31.02704952 121.43967388 1.25  0.0 0.0
2015-07-03-16 02 34.510	  31.02704952 121.43967388 1.25  0.0 0.0
2015-07-03-16 02 34.611	  31.02704952 121.43967388 1.25  0.0 0.0
2015-07-03-16 02 34.729	  31.02704952 121.43967388 1.25  0.0 0.0
2015-07-03-16 02 34.904	  31.02704952 121.43967388 1.25  0.0 0.0
2015-07-03-16 02 35.048	  31.02704952 121.43967388 1.25  0.0 0.0
2015-07-03-16 02 35.190	  31.02704952 121.43967388 1.25  0.0 0.0
2015-07-03-16 02 35.310	  31.02704952 121.43967388 1.25  0.0 0.0
2015-07-03-16 02 35.413	  31.02704952 121.43967388 1.25  0.0 0.0
2015-07-03-16 02 35.532	  31.02704952 121.43967388 1.25  0.0 0.0
2015-07-03-16 02 35.675	  31.02704952 121.43967388 1.25  0.0 0.0
2015-07-03-16 02 35.809	  31.02704952 121.43967388 1.25  0.0 0.0
2015-07-03-16 02 35.945	  31.02704952 121.43967388 1.25  0.0 0.0
2015-07-03-16 02 36.062	  31.02704952 121.43967388 1.25  0.0 0.0
2015-07-03-16 02 36.174	  31.02704952 121.43967388 1.25  0.0 0.0
2015-07-03-16 02 36.276	  31.02704952 121.43967388 1.25  0.0 0.0
2015-07-03-16 02 36.422	  31.0270293 121.43968355 1.25  0.0 0.0
2015-07-03-16 02 36.524	  31.0270293 121.43968355 1.25  0.0 0.0
2015-07-03-16 02 36.672	  31.0270293 121.43968355 1.25  0.0 0.0
2015-07-03-16 02 36.805	  31.0270293 121.43968355 1.25  0.0 0.0
2015-07-03-16 02 36.919	  31.0270293 121.43968355 1.25  0.0 0.0
2015-07-03-16 02 37.079	  31.0270293 121.43968355 1.25  0.0 0.0
2015-07-03-16 02 37.215	  31.0270293 121.43968355 1.25  0.0 0.0
2015-07-03-16 02 37.327	  31.0270293 121.43968355 1.25  0.0 0.0
2015-07-03-16 02 37.430	  31.0270293 121.43968355 1.25  0.0 0.0
2015-07-03-16 02 37.554	  31.0270293 121.43968355 1.25  0.0 0.0
2015-07-03-16 02 37.674	  31.0270293 121.43968355 1.25  0.0 0.0
2015-07-03-16 02 37.834	  31.0270293 121.43968355 1.25  0.0 0.0
2015-07-03-16 02 37.964	  31.0270293 121.43968355 1.25  0.0 0.0
2015-07-03-16 02 38.126	  31.0270293 121.43968355 1.25  0.0 0.0
2015-07-03-16 02 38.265	  31.02700824 121.43968802 1.25  0.0 0.0
2015-07-03-16 02 38.407	  31.02700824 121.43968802 1.25  0.0 0.0
2015-07-03-16 02 38.544	  31.02700824 121.43968802 1.25  0.0 0.0
2015-07-03-16 02 38.693	  31.02700824 121.43968802 1.25  0.0 0.0
2015-07-03-16 02 38.853	  31.02700824 121.43968802 1.25  0.0 0.0
2015-07-03-16 02 38.977	  31.02700824 121.43968802 1.25  0.0 0.0
2015-07-03-16 02 39.118	  31.02700824 121.43968802 1.25  0.0 0.0
2015-07-03-16 02 39.264	  31.02700824 121.43968802 1.25  0.0 0.0
2015-07-03-16 02 39.380	  31.02700824 121.43968802 1.25  0.0 0.0
2015-07-03-16 02 39.521	  31.02700824 121.43968802 1.25  0.0 0.0
2015-07-03-16 02 39.702	  31.02700824 121.43968802 1.25  0.0 0.0
2015-07-03-16 02 39.851	  31.02700824 121.43968802 1.25  0.0 0.0
2015-07-03-16 02 39.987	  31.02700824 121.43968802 1.25  0.0 0.0
2015-07-03-16 02 40.151	  31.02700824 121.43968802 1.25  0.0 0.0
2015-07-03-16 02 40.305	  31.02698765 121.43969621 1.25  0.0 0.0
2015-07-03-16 02 40.438	  31.02698765 121.43969621 1.25  0.0 0.0
2015-07-03-16 02 40.562	  31.02698765 121.43969621 1.25  0.0 0.0
2015-07-03-16 02 40.678	  31.02698765 121.43969621 1.25  0.0 0.0
2015-07-03-16 02 40.813	  31.02698765 121.43969621 1.25  0.0 0.0
2015-07-03-16 02 40.981	  31.02698765 121.43969621 1.25  0.0 0.0
2015-07-03-16 02 41.123	  31.02698765 121.43969621 1.25  0.0 0.0
2015-07-03-16 02 41.271	  31.02698765 121.43969621 1.25  0.0 0.0
2015-07-03-16 02 41.413	  31.02698765 121.43969621 1.25  0.0 0.0
2015-07-03-16 02 41.528	  31.02698765 121.43969621 1.25  0.0 0.0
2015-07-03-16 02 41.663	  31.02698765 121.43969621 1.25  0.0 0.0
2015-07-03-16 02 41.795	  31.02698765 121.43969621 1.25  0.0 0.0
2015-07-03-16 02 41.909	  31.02698765 121.43969621 1.25  0.0 0.0
2015-07-03-16 02 42.085	  31.02698765 121.43969621 1.25  0.0 0.0
2015-07-03-16 02 42.223	  31.02698765 121.43969621 1.25  0.0 0.0
2015-07-03-16 02 42.363	  31.02696672 121.43970544 1.25  0.0 0.0
2015-07-03-16 02 42.496	  31.02696672 121.43970544 1.25  0.0 0.0
2015-07-03-16 02 42.624	  31.02696672 121.43970544 1.25  0.0 0.0
2015-07-03-16 02 42.765	  31.02696672 121.43970544 1.25  0.0 0.0
2015-07-03-16 02 42.921	  31.02696672 121.43970544 1.25  0.0 0.0
2015-07-03-16 02 43.040	  31.02696672 121.43970544 1.25  0.0 0.0
2015-07-03-16 02 43.181	  31.02696672 121.43970544 1.25  0.0 0.0
2015-07-03-16 02 43.303	  31.02696672 121.43970544 1.25  0.0 0.0
2015-07-03-16 02 43.437	  31.02696672 121.43970544 1.25  0.0 0.0
2015-07-03-16 02 43.575	  31.02696672 121.43970544 1.25  0.0 0.0
2015-07-03-16 02 43.713	  31.02696672 121.43970544 1.25  0.0 0.0
2015-07-03-16 02 43.854	  31.02696672 121.43970544 1.25  0.0 0.0
2015-07-03-16 02 43.969	  31.02696672 121.43970544 1.25  0.0 0.0
2015-07-03-16 02 44.086	  31.02696672 121.43970544 1.25  0.0 0.0
2015-07-03-16 02 44.250	  31.02696672 121.43970544 1.25  0.0 0.0
2015-07-03-16 02 44.402	  31.02694543 121.43971411 1.25  0.0 0.0
2015-07-03-16 02 44.519	  31.02694543 121.43971411 1.25  0.0 0.0
2015-07-03-16 02 44.660	  31.02694543 121.43971411 1.25  0.0 0.0
2015-07-03-16 02 44.819	  31.02694543 121.43971411 1.25  0.0 0.0
2015-07-03-16 02 44.973	  31.02694543 121.43971411 1.25  0.0 0.0
2015-07-03-16 02 45.120	  31.02694543 121.43971411 1.25  0.0 0.0
2015-07-03-16 02 45.261	  31.02694543 121.43971411 1.25  0.0 0.0
2015-07-03-16 02 45.449	  31.02694543 121.43971411 1.25  0.0 0.0
2015-07-03-16 02 45.585	  31.02694543 121.43971411 1.25  0.0 0.0
2015-07-03-16 02 45.725	  31.02694543 121.43971411 1.25  0.0 0.0
2015-07-03-16 02 45.882	  31.02694543 121.43971411 1.25  0.0 0.0
2015-07-03-16 02 45.999	  31.02694543 121.43971411 1.25  0.0 0.0
2015-07-03-16 02 46.135	  31.02694543 121.43971411 1.25  0.0 0.0
2015-07-03-16 02 46.306	  31.02692425 121.43972484 1.25  0.0 0.0
2015-07-03-16 02 46.436	  31.02692425 121.43972484 1.25  0.0 0.0
2015-07-03-16 02 46.583	  31.02692425 121.43972484 1.25  0.0 0.0
2015-07-03-16 02 46.717	  31.02692425 121.43972484 1.25  0.0 0.0
2015-07-03-16 02 46.880	  31.02692425 121.43972484 1.25  0.0 0.0
2015-07-03-16 02 47.001	  31.02692425 121.43972484 1.25  0.0 0.0
2015-07-03-16 02 47.121	  31.02692425 121.43972484 1.25  0.0 0.0
2015-07-03-16 02 47.290	  31.02692425 121.43972484 1.25  0.0 0.0
2015-07-03-16 02 47.437	  31.02692425 121.43972484 1.25  0.0 0.0
2015-07-03-16 02 47.565	  31.02692425 121.43972484 1.25  0.0 0.0
2015-07-03-16 02 47.753	  31.02692425 121.43972484 1.25  0.0 0.0
2015-07-03-16 02 47.872	  31.02692425 121.43972484 1.25  0.0 0.0
2015-07-03-16 02 48.019	  31.02692425 121.43972484 1.25  0.0 0.0
2015-07-03-16 02 48.161	  31.02692425 121.43972484 1.25  0.0 0.0
2015-07-03-16 02 48.305	  31.02690339 121.43973422 1.25  0.0 0.0
2015-07-03-16 02 48.438	  31.02690339 121.43973422 1.25  0.0 0.0
2015-07-03-16 02 48.581	  31.02690339 121.43973422 1.25  0.0 0.0
2015-07-03-16 02 48.697	  31.02690339 121.43973422 1.25  0.0 0.0
2015-07-03-16 02 48.847	  31.02690339 121.43973422 1.25  0.0 0.0
2015-07-03-16 02 48.987	  31.02690339 121.43973422 1.25  0.0 0.0
2015-07-03-16 02 49.104	  31.02690339 121.43973422 1.25  0.0 0.0
2015-07-03-16 02 49.258	  31.02690339 121.43973422 1.25  0.0 0.0
2015-07-03-16 02 49.404	  31.02690339 121.43973422 1.25  0.0 0.0
2015-07-03-16 02 49.518	  31.02690339 121.43973422 1.25  0.0 0.0
2015-07-03-16 02 49.651	  31.02690339 121.43973422 1.25  0.0 0.0
2015-07-03-16 02 49.804	  31.02690339 121.43973422 1.25  0.0 0.0
2015-07-03-16 02 49.922	  31.02690339 121.43973422 1.25  0.0 0.0
2015-07-03-16 02 50.070	  31.02690339 121.43973422 1.25  0.0 0.0
2015-07-03-16 02 50.206	  31.02690339 121.43973422 1.25  0.0 0.0
2015-07-03-16 02 50.323	  31.02690339 121.43973422 1.25  0.0 0.0
2015-07-03-16 02 50.455	  31.02688267 121.43974333 1.25  0.0 0.0
2015-07-03-16 02 50.589	  31.02688267 121.43974333 1.25  0.0 0.0
2015-07-03-16 02 50.749	  31.02688267 121.43974333 1.25  0.0 0.0
2015-07-03-16 02 50.886	  31.02688267 121.43974333 1.25  0.0 0.0
2015-07-03-16 02 51.004	  31.02688267 121.43974333 1.25  0.0 0.0
2015-07-03-16 02 51.142	  31.02688267 121.43974333 1.25  0.0 0.0
2015-07-03-16 02 51.280	  31.02688267 121.43974333 1.25  0.0 0.0
2015-07-03-16 02 51.388	  31.02688267 121.43974333 1.25  0.0 0.0
2015-07-03-16 02 51.493	  31.02688267 121.43974333 1.25  0.0 0.0
2015-07-03-16 02 51.635	  31.02688267 121.43974333 1.25  0.0 0.0
2015-07-03-16 02 51.787	  31.02688267 121.43974333 1.25  0.0 0.0
2015-07-03-16 02 51.897	  31.02688267 121.43974333 1.25  0.0 0.0
2015-07-03-16 02 52.000	  31.02688267 121.43974333 1.25  0.0 0.0
2015-07-03-16 02 52.130	  31.02688267 121.43974333 1.25  0.0 0.0
2015-07-03-16 02 52.306	  31.02688267 121.43974333 1.25  0.0 0.0
2015-07-03-16 02 52.414	  31.02686299 121.43975235 1.25  0.0 0.0
2015-07-03-16 02 52.519	  31.02686299 121.43975235 1.25  0.0 0.0
2015-07-03-16 02 52.654	  31.02686299 121.43975235 1.25  0.0 0.0
2015-07-03-16 02 52.819	  31.02686299 121.43975235 1.25  0.0 0.0
2015-07-03-16 02 52.938	  31.02686299 121.43975235 1.25  0.0 0.0
2015-07-03-16 02 53.040	  31.02686299 121.43975235 1.25  0.0 0.0
2015-07-03-16 02 53.144	  31.02686299 121.43975235 1.25  0.0 0.0
2015-07-03-16 02 53.302	  31.02686299 121.43975235 1.25  0.0 0.0
2015-07-03-16 02 53.444	  31.02686299 121.43975235 1.25  0.0 0.0
2015-07-03-16 02 53.549	  31.02686299 121.43975235 1.25  0.0 0.0
2015-07-03-16 02 53.651	  31.02686299 121.43975235 1.25  0.0 0.0
2015-07-03-16 02 53.753	  31.02686299 121.43975235 1.25  0.0 0.0
2015-07-03-16 02 53.870	  31.02686299 121.43975235 1.25  0.0 0.0
2015-07-03-16 02 54.002	  31.02686299 121.43975235 1.25  0.0 0.0
2015-07-03-16 02 54.117	  31.02686299 121.43975235 1.25  0.0 0.0
2015-07-03-16 02 54.280	  31.02684215 121.43976124 1.25  0.0 0.0
2015-07-03-16 02 54.416	  31.02684215 121.43976124 1.25  0.0 0.0
2015-07-03-16 02 54.543	  31.02684215 121.43976124 1.25  0.0 0.0
2015-07-03-16 02 54.657	  31.02684215 121.43976124 1.25  0.0 0.0
2015-07-03-16 02 54.820	  31.02684215 121.43976124 1.25  0.0 0.0
2015-07-03-16 02 54.947	  31.02684215 121.43976124 1.25  0.0 0.0
2015-07-03-16 02 55.052	  31.02684215 121.43976124 1.25  0.0 0.0
2015-07-03-16 02 55.158	  31.02684215 121.43976124 1.25  0.0 0.0
2015-07-03-16 02 55.267	  31.02684215 121.43976124 1.25  0.0 0.0
2015-07-03-16 02 55.397	  31.02684215 121.43976124 1.25  0.0 0.0
2015-07-03-16 02 55.515	  31.02684215 121.43976124 1.25  0.0 0.0
2015-07-03-16 02 55.667	  31.02684215 121.43976124 1.25  0.0 0.0
2015-07-03-16 02 55.816	  31.02684215 121.43976124 1.25  0.0 0.0
2015-07-03-16 02 55.933	  31.02684215 121.43976124 1.25  0.0 0.0
2015-07-03-16 02 56.075	  31.02684215 121.43976124 1.25  0.0 0.0
2015-07-03-16 02 56.207	  31.02684215 121.43976124 1.25  0.0 0.0
2015-07-03-16 02 56.337	  31.0268216 121.43976982 1.25  0.0 0.0
2015-07-03-16 02 56.487	  31.0268216 121.43976982 1.25  0.0 0.0
2015-07-03-16 02 56.630	  31.0268216 121.43976982 1.25  0.0 0.0
2015-07-03-16 02 56.744	  31.0268216 121.43976982 1.25  0.0 0.0
2015-07-03-16 02 56.888	  31.0268216 121.43976982 1.25  0.0 0.0
2015-07-03-16 02 57.005	  31.0268216 121.43976982 1.25  0.0 0.0
2015-07-03-16 02 57.146	  31.0268216 121.43976982 1.25  0.0 0.0
2015-07-03-16 02 57.288	  31.0268216 121.43976982 1.25  0.0 0.0
2015-07-03-16 02 57.413	  31.0268216 121.43976982 1.25  0.0 0.0
2015-07-03-16 02 57.529	  31.0268216 121.43976982 1.25  0.0 0.0
2015-07-03-16 02 57.673	  31.0268216 121.43976982 1.25  0.0 0.0
2015-07-03-16 02 57.819	  31.0268216 121.43976982 1.25  0.0 0.0
2015-07-03-16 02 57.965	  31.0268216 121.43976982 1.25  0.0 0.0
2015-07-03-16 02 58.127	  31.0268216 121.43976982 1.25  0.0 0.0
2015-07-03-16 02 58.229	  31.0268216 121.43976982 1.25  0.0 0.0
2015-07-03-16 02 58.331	  31.0268216 121.43976982 1.25  0.0 0.0
2015-07-03-16 02 58.434	  31.02680222 121.43978328 1.25  0.0 0.0
2015-07-03-16 02 58.538	  31.02680222 121.43978328 1.25  0.0 0.0
2015-07-03-16 02 58.641	  31.02680222 121.43978328 1.25  0.0 0.0
2015-07-03-16 02 58.774	  31.02680222 121.43978328 1.25  0.0 0.0
2015-07-03-16 02 58.954	  31.02680222 121.43978328 1.25  0.0 0.0
2015-07-03-16 02 59.096	  31.02680222 121.43978328 1.25  0.0 0.0
2015-07-03-16 02 59.241	  31.02680222 121.43978328 1.25  0.0 0.0
2015-07-03-16 02 59.380	  31.02680222 121.43978328 1.25  0.0 0.0
2015-07-03-16 02 59.500	  31.02680222 121.43978328 1.25  0.0 0.0
2015-07-03-16 02 59.654	  31.02680222 121.43978328 1.25  0.0 0.0
2015-07-03-16 02 59.794	  31.02680222 121.43978328 1.25  0.0 0.0
2015-07-03-16 02 59.925	  31.02680222 121.43978328 1.25  0.0 0.0
2015-07-03-16 03 00.069	  31.02680222 121.43978328 1.25  0.0 0.0
2015-07-03-16 03 00.226	  31.02678219 121.43979368 1.25  0.0 0.0
2015-07-03-16 03 00.366	  31.02678219 121.43979368 1.25  0.0 0.0
2015-07-03-16 03 00.496	  31.02678219 121.43979368 1.25  0.0 0.0
2015-07-03-16 03 00.635	  31.02678219 121.43979368 1.25  0.0 0.0
2015-07-03-16 03 00.799	  31.02678219 121.43979368 1.25  0.0 0.0
2015-07-03-16 03 00.918	  31.02678219 121.43979368 1.25  0.0 0.0
2015-07-03-16 03 01.086	  31.02678219 121.43979368 1.25  0.0 0.0
2015-07-03-16 03 01.203	  31.02678219 121.43979368 1.25  0.0 0.0
2015-07-03-16 03 01.323	  31.02678219 121.43979368 1.25  0.0 0.0
2015-07-03-16 03 01.461	  31.02678219 121.43979368 1.25  0.0 0.0
2015-07-03-16 03 01.606	  31.02678219 121.43979368 1.25  0.0 0.0
2015-07-03-16 03 01.746	  31.02678219 121.43979368 1.25  0.0 0.0
2015-07-03-16 03 01.888	  31.02678219 121.43979368 1.25  0.0 0.0
2015-07-03-16 03 02.026	  31.02678219 121.43979368 1.25  0.0 0.0
2015-07-03-16 03 02.148	  31.02678219 121.43979368 1.25  0.0 0.0
2015-07-03-16 03 02.297	  31.026762 121.43980368 1.25  0.0 0.0
2015-07-03-16 03 02.438	  31.026762 121.43980368 1.25  0.0 0.0
2015-07-03-16 03 02.573	  31.026762 121.43980368 1.25  0.0 0.0
2015-07-03-16 03 02.695	  31.026762 121.43980368 1.25  0.0 0.0
2015-07-03-16 03 02.841	  31.026762 121.43980368 1.25  0.0 0.0
2015-07-03-16 03 02.979	  31.026762 121.43980368 1.25  0.0 0.0
2015-07-03-16 03 03.099	  31.026762 121.43980368 1.25  0.0 0.0
2015-07-03-16 03 03.239	  31.026762 121.43980368 1.25  0.0 0.0
2015-07-03-16 03 03.368	  31.026762 121.43980368 1.25  0.0 0.0
2015-07-03-16 03 03.485	  31.026762 121.43980368 1.25  0.0 0.0
2015-07-03-16 03 03.618	  31.026762 121.43980368 1.25  0.0 0.0
2015-07-03-16 03 03.758	  31.026762 121.43980368 1.25  0.0 0.0
2015-07-03-16 03 03.879	  31.026762 121.43980368 1.25  0.0 0.0
2015-07-03-16 03 04.020	  31.026762 121.43980368 1.25  0.0 0.0
2015-07-03-16 03 04.125	  31.026762 121.43980368 1.25  0.0 0.0
2015-07-03-16 03 04.227	  31.02674088 121.43981169 1.25  0.0 0.0
2015-07-03-16 03 04.338	  31.02674088 121.43981169 1.25  0.0 0.0
2015-07-03-16 03 04.441	  31.02674088 121.43981169 1.25  0.0 0.0
2015-07-03-16 03 04.547	  31.02674088 121.43981169 1.25  0.0 0.0
2015-07-03-16 03 04.656	  31.02674088 121.43981169 1.25  0.0 0.0
2015-07-03-16 03 04.767	  31.02674088 121.43981169 1.25  0.0 0.0
2015-07-03-16 03 04.877	  31.02674088 121.43981169 1.25  0.0 0.0
2015-07-03-16 03 04.984	  31.02674088 121.43981169 1.25  0.0 0.0
2015-07-03-16 03 05.090	  31.02674088 121.43981169 1.25  0.0 0.0
2015-07-03-16 03 05.197	  31.02674088 121.43981169 1.25  0.0 0.0
2015-07-03-16 03 05.301	  31.02674088 121.43981169 1.25  0.0 0.0
2015-07-03-16 03 05.406	  31.02674088 121.43981169 1.25  0.0 0.0
2015-07-03-16 03 05.513	  31.02674088 121.43981169 1.25  0.0 0.0
2015-07-03-16 03 05.618	  31.02674088 121.43981169 1.25  0.0 0.0
2015-07-03-16 03 05.730	  31.02674088 121.43981169 1.25  0.0 0.0
2015-07-03-16 03 05.844	  31.02674088 121.43981169 1.25  0.0 0.0
2015-07-03-16 03 05.955	  31.02674088 121.43981169 1.25  0.0 0.0
2015-07-03-16 03 06.060	  31.02674088 121.43981169 1.25  0.0 0.0
2015-07-03-16 03 06.168	  31.02674088 121.43981169 1.25  0.0 0.0
2015-07-03-16 03 06.279	  31.02674088 121.43981169 1.25  0.0 0.0
2015-07-03-16 03 06.390	  31.02671886 121.43982041 1.25  0.0 0.0
2015-07-03-16 03 06.495	  31.02671886 121.43982041 1.25  0.0 0.0
2015-07-03-16 03 06.607	  31.02671886 121.43982041 1.25  0.0 0.0
2015-07-03-16 03 06.748	  31.02671886 121.43982041 1.25  0.0 0.0
2015-07-03-16 03 06.877	  31.02671886 121.43982041 1.25  0.0 0.0
2015-07-03-16 03 07.025	  31.02671886 121.43982041 1.25  0.0 0.0
2015-07-03-16 03 07.171	  31.02671886 121.43982041 1.25  0.0 0.0
2015-07-03-16 03 07.313	  31.02671886 121.43982041 1.25  0.0 0.0
2015-07-03-16 03 07.482	  31.02671886 121.43982041 1.25  0.0 0.0
2015-07-03-16 03 07.622	  31.02671886 121.43982041 1.25  0.0 0.0
2015-07-03-16 03 07.739	  31.02671886 121.43982041 1.25  0.0 0.0
2015-07-03-16 03 07.909	  31.02671886 121.43982041 1.25  0.0 0.0
2015-07-03-16 03 08.049	  31.02671886 121.43982041 1.25  0.0 0.0
2015-07-03-16 03 08.179	  31.02671886 121.43982041 1.25  0.0 0.0
2015-07-03-16 03 08.303	  31.02669801 121.43982856 1.25  0.0 0.0
2015-07-03-16 03 08.441	  31.02669801 121.43982856 1.25  0.0 0.0
2015-07-03-16 03 08.568	  31.02669801 121.43982856 1.25  0.0 0.0
2015-07-03-16 03 08.726	  31.02669801 121.43982856 1.25  0.0 0.0
2015-07-03-16 03 08.884	  31.02669801 121.43982856 1.25  0.0 0.0
2015-07-03-16 03 09.045	  31.02669801 121.43982856 1.25  0.0 0.0
2015-07-03-16 03 09.210	  31.02669801 121.43982856 1.25  0.0 0.0
2015-07-03-16 03 09.313	  31.02669801 121.43982856 1.25  0.0 0.0
2015-07-03-16 03 09.423	  31.02669801 121.43982856 1.25  0.0 0.0
2015-07-03-16 03 09.527	  31.02669801 121.43982856 1.25  0.0 0.0
2015-07-03-16 03 09.643	  31.02669801 121.43982856 1.25  0.0 0.0
2015-07-03-16 03 09.748	  31.02669801 121.43982856 1.25  0.0 0.0
2015-07-03-16 03 09.855	  31.02669801 121.43982856 1.25  0.0 0.0
2015-07-03-16 03 09.960	  31.02669801 121.43982856 1.25  0.0 0.0
2015-07-03-16 03 10.128	  31.02669801 121.43982856 1.25  0.0 0.0
2015-07-03-16 03 10.246	  31.02667783 121.43983641 1.25  0.0 0.0
2015-07-03-16 03 10.376	  31.02667783 121.43983641 1.25  0.0 0.0
2015-07-03-16 03 10.543	  31.02667783 121.43983641 1.25  0.0 0.0
2015-07-03-16 03 10.661	  31.02667783 121.43983641 1.25  0.0 0.0
2015-07-03-16 03 10.779	  31.02667783 121.43983641 1.25  0.0 0.0
2015-07-03-16 03 10.920	  31.02667783 121.43983641 1.25  0.0 0.0
2015-07-03-16 03 11.071	  31.02667783 121.43983641 1.25  0.0 0.0
2015-07-03-16 03 11.253	  31.02667783 121.43983641 1.25  0.0 0.0
2015-07-03-16 03 11.397	  31.02667783 121.43983641 1.25  0.0 0.0
2015-07-03-16 03 11.548	  31.02667783 121.43983641 1.25  0.0 0.0
2015-07-03-16 03 11.675	  31.02667783 121.43983641 1.25  0.0 0.0
2015-07-03-16 03 11.810	  31.02667783 121.43983641 1.25  0.0 0.0
2015-07-03-16 03 11.950	  31.02667783 121.43983641 1.25  0.0 0.0
2015-07-03-16 03 12.071	  31.02667783 121.43983641 1.25  0.0 0.0
2015-07-03-16 03 12.209	  31.02665702 121.43984166 1.25  0.0 0.0
2015-07-03-16 03 12.335	  31.02665702 121.43984166 1.25  0.0 0.0
2015-07-03-16 03 12.498	  31.02665702 121.43984166 1.25  0.0 0.0
2015-07-03-16 03 12.638	  31.02665702 121.43984166 1.25  0.0 0.0
2015-07-03-16 03 12.756	  31.02665702 121.43984166 1.25  0.0 0.0
2015-07-03-16 03 12.876	  31.02665702 121.43984166 1.25  0.0 0.0
2015-07-03-16 03 13.027	  31.02665702 121.43984166 1.25  0.0 0.0
2015-07-03-16 03 13.168	  31.02665702 121.43984166 1.25  0.0 0.0
2015-07-03-16 03 13.339	  31.02665702 121.43984166 1.25  0.0 0.0
2015-07-03-16 03 13.456	  31.02665702 121.43984166 1.25  0.0 0.0
2015-07-03-16 03 13.573	  31.02665702 121.43984166 1.25  0.0 0.0
2015-07-03-16 03 13.714	  31.02665702 121.43984166 1.25  0.0 0.0
2015-07-03-16 03 13.877	  31.02665702 121.43984166 1.25  0.0 0.0
2015-07-03-16 03 14.026	  31.02665702 121.43984166 1.25  0.0 0.0
2015-07-03-16 03 14.163	  31.02665702 121.43984166 1.25  0.0 0.0
2015-07-03-16 03 14.283	  31.02663656 121.43984713 1.25  0.0 0.0
2015-07-03-16 03 14.420	  31.02663656 121.43984713 1.25  0.0 0.0
2015-07-03-16 03 14.555	  31.02663656 121.43984713 1.25  0.0 0.0
2015-07-03-16 03 14.692	  31.02663656 121.43984713 1.25  0.0 0.0
2015-07-03-16 03 14.812	  31.02663656 121.43984713 1.25  0.0 0.0
2015-07-03-16 03 14.932	  31.02663656 121.43984713 1.25  0.0 0.0
2015-07-03-16 03 15.061	  31.02663656 121.43984713 1.25  0.0 0.0
2015-07-03-16 03 15.206	  31.02663656 121.43984713 1.25  0.0 0.0
2015-07-03-16 03 15.365	  31.02663656 121.43984713 1.25  0.0 0.0
2015-07-03-16 03 15.480	  31.02663656 121.43984713 1.25  0.0 0.0
2015-07-03-16 03 15.619	  31.02663656 121.43984713 1.25  0.0 0.0
2015-07-03-16 03 15.796	  31.02663656 121.43984713 1.25  0.0 0.0
2015-07-03-16 03 15.914	  31.02663656 121.43984713 1.25  0.0 0.0
2015-07-03-16 03 16.062	  31.02663656 121.43984713 1.25  0.0 0.0
2015-07-03-16 03 16.195	  31.02663656 121.43984713 1.25  0.0 0.0
2015-07-03-16 03 16.312	  31.0266159 121.43985411 1.25  0.0 0.0
2015-07-03-16 03 16.470	  31.0266159 121.43985411 1.25  0.0 0.0
2015-07-03-16 03 16.654	  31.0266159 121.43985411 1.25  0.0 0.0
2015-07-03-16 03 16.800	  31.0266159 121.43985411 1.25  0.0 0.0
2015-07-03-16 03 16.957	  31.0266159 121.43985411 1.25  0.0 0.0
2015-07-03-16 03 17.074	  31.0266159 121.43985411 1.25  0.0 0.0
2015-07-03-16 03 17.234	  31.0266159 121.43985411 1.25  0.0 0.0
2015-07-03-16 03 17.376	  31.0266159 121.43985411 1.25  0.0 0.0
2015-07-03-16 03 17.518	  31.0266159 121.43985411 1.25  0.0 0.0
2015-07-03-16 03 17.659	  31.0266159 121.43985411 1.25  0.0 0.0
2015-07-03-16 03 17.835	  31.0266159 121.43985411 1.25  0.0 0.0
2015-07-03-16 03 17.968	  31.0266159 121.43985411 1.25  0.0 0.0
2015-07-03-16 03 18.122	  31.0266159 121.43985411 1.25  0.0 0.0
2015-07-03-16 03 18.242	  31.02659549 121.43986298 1.25  0.0 0.0
2015-07-03-16 03 18.363	  31.02659549 121.43986298 1.25  0.0 0.0
2015-07-03-16 03 18.464	  31.02659549 121.43986298 1.25  0.0 0.0
2015-07-03-16 03 18.570	  31.02659549 121.43986298 1.25  0.0 0.0
2015-07-03-16 03 18.679	  31.02659549 121.43986298 1.25  0.0 0.0
2015-07-03-16 03 18.824	  31.02659549 121.43986298 1.25  0.0 0.0
2015-07-03-16 03 18.966	  31.02659549 121.43986298 1.25  0.0 0.0
2015-07-03-16 03 19.111	  31.02659549 121.43986298 1.25  0.0 0.0
2015-07-03-16 03 19.258	  31.02659549 121.43986298 1.25  0.0 0.0
2015-07-03-16 03 19.395	  31.02659549 121.43986298 1.25  0.0 0.0
2015-07-03-16 03 19.537	  31.02659549 121.43986298 1.25  0.0 0.0
2015-07-03-16 03 19.692	  31.02659549 121.43986298 1.25  0.0 0.0
2015-07-03-16 03 19.856	  31.02659549 121.43986298 1.25  0.0 0.0
2015-07-03-16 03 19.995	  31.02659549 121.43986298 1.25  0.0 0.0
2015-07-03-16 03 20.134	  31.02659549 121.43986298 1.25  0.0 0.0
2015-07-03-16 03 20.298	  31.02657568 121.43987399 1.25  0.0 0.0
2015-07-03-16 03 20.437	  31.02657568 121.43987399 1.25  0.0 0.0
2015-07-03-16 03 20.595	  31.02657568 121.43987399 1.25  0.0 0.0
2015-07-03-16 03 20.712	  31.02657568 121.43987399 1.25  0.0 0.0
2015-07-03-16 03 20.868	  31.02657568 121.43987399 1.25  0.0 0.0
2015-07-03-16 03 21.022	  31.02657568 121.43987399 1.25  0.0 0.0
2015-07-03-16 03 21.198	  31.02657568 121.43987399 1.25  0.0 0.0
2015-07-03-16 03 21.317	  31.02657568 121.43987399 1.25  0.0 0.0
2015-07-03-16 03 21.463	  31.02657568 121.43987399 1.25  0.0 0.0
2015-07-03-16 03 21.596	  31.02657568 121.43987399 1.25  0.0 0.0
2015-07-03-16 03 21.701	  31.02657568 121.43987399 1.25  0.0 0.0
2015-07-03-16 03 21.850	  31.02657568 121.43987399 1.25  0.0 0.0
2015-07-03-16 03 21.988	  31.02657568 121.43987399 1.25  0.0 0.0
2015-07-03-16 03 22.107	  31.02657568 121.43987399 1.25  0.0 0.0
