2015-07-03-16 03 27.502	  0.0 0.0 0.0  0.0 0.0
2015-07-03-16 03 27.604	  0.0 0.0 0.0  0.0 0.0
2015-07-03-16 03 27.706	  0.0 0.0 0.0  0.0 0.0
2015-07-03-16 03 27.808	  0.0 0.0 0.0  0.0 0.0
2015-07-03-16 03 27.909	  0.0 0.0 0.0  0.0 0.0
2015-07-03-16 03 28.011	  0.0 0.0 0.0  0.0 0.0
2015-07-03-16 03 28.113	  0.0 0.0 0.0  0.0 0.0
2015-07-03-16 03 28.215	  0.0 0.0 0.0  0.0 0.0
2015-07-03-16 03 28.317	  0.0 0.0 0.0  0.0 0.0
2015-07-03-16 03 28.419	  0.0 0.0 0.0  0.0 0.0
2015-07-03-16 03 28.521	  0.0 0.0 0.0  0.0 0.0
2015-07-03-16 03 28.622	  0.0 0.0 0.0  0.0 0.0
2015-07-03-16 03 28.725	  0.0 0.0 0.0  0.0 0.0
2015-07-03-16 03 28.827	  0.0 0.0 0.0  0.0 0.0
2015-07-03-16 03 28.928	  0.0 0.0 0.0  0.0 0.0
2015-07-03-16 03 29.031	  0.0 0.0 0.0  0.0 0.0
2015-07-03-16 03 29.133	  31.0264859 121.43990956 1.25  0.0 0.0
2015-07-03-16 03 29.235	  31.0264859 121.43990956 1.25  0.0 0.0
2015-07-03-16 03 29.337	  31.0264859 121.43990956 1.25  0.0 0.0
2015-07-03-16 03 29.439	  31.0264859 121.43990956 1.25  0.0 0.0
2015-07-03-16 03 29.541	  31.0264859 121.43990956 1.25  0.0 0.0
2015-07-03-16 03 29.643	  31.0264859 121.43990956 1.25  0.0 0.0
2015-07-03-16 03 29.744	  31.0264859 121.43990956 1.25  0.0 0.0
2015-07-03-16 03 29.847	  31.0264859 121.43990956 1.25  0.0 0.0
2015-07-03-16 03 29.949	  31.0264859 121.43990956 1.25  0.0 0.0
2015-07-03-16 03 30.050	  31.0264859 121.43990956 1.25  0.0 0.0
2015-07-03-16 03 30.152	  31.0264859 121.43990956 1.25  0.0 0.0
2015-07-03-16 03 30.254	  31.0264859 121.43990956 1.25  0.0 0.0
2015-07-03-16 03 30.356	  31.0264859 121.43990956 1.25  0.0 0.0
2015-07-03-16 03 30.459	  31.0264859 121.43990956 1.25  0.0 0.0
2015-07-03-16 03 30.565	  31.0264859 121.43990956 1.25  0.0 0.0
2015-07-03-16 03 30.666	  31.0264859 121.43990956 1.25  0.0 0.0
2015-07-03-16 03 30.772	  31.0264859 121.43990956 1.25  0.0 0.0
2015-07-03-16 03 30.874	  31.0264859 121.43990956 1.25  0.0 0.0
2015-07-03-16 03 30.977	  31.0264859 121.43990956 1.25  0.0 0.0
2015-07-03-16 03 31.080	  31.0264859 121.43990956 1.25  0.0 0.0
2015-07-03-16 03 31.184	  31.0264859 121.43990956 1.25  0.0 0.0
2015-07-03-16 03 31.289	  31.02653157 121.43989637 0.0  0.0 0.0
2015-07-03-16 03 31.394	  31.02653157 121.43989637 0.0  0.0 0.0
2015-07-03-16 03 31.497	  31.02653157 121.43989637 0.0  0.0 0.0
2015-07-03-16 03 31.600	  31.02653157 121.43989637 0.0  0.0 0.0
2015-07-03-16 03 31.703	  31.02653157 121.43989637 0.0  0.0 0.0
2015-07-03-16 03 31.805	  31.02653157 121.43989637 0.0  0.0 0.0
2015-07-03-16 03 31.910	  31.02653157 121.43989637 0.0  0.0 0.0
2015-07-03-16 03 32.015	  31.02653157 121.43989637 0.0  0.0 0.0
2015-07-03-16 03 32.121	  31.02653157 121.43989637 0.0  0.0 0.0
2015-07-03-16 03 32.226	  31.02653157 121.43989637 0.0  0.0 0.0
2015-07-03-16 03 32.336	  31.02653157 121.43989637 0.0  0.0 0.0
2015-07-03-16 03 32.437	  31.02653157 121.43989637 0.0  0.0 0.0
2015-07-03-16 03 32.538	  31.02653157 121.43989637 0.0  0.0 0.0
2015-07-03-16 03 32.641	  31.02653157 121.43989637 0.0  0.0 0.0
2015-07-03-16 03 32.746	  31.02653157 121.43989637 0.0  0.0 0.0
2015-07-03-16 03 32.851	  31.02653157 121.43989637 0.0  0.0 0.0
2015-07-03-16 03 32.953	  31.02653157 121.43989637 0.0  0.0 0.0
2015-07-03-16 03 33.056	  31.02653157 121.43989637 0.0  0.0 0.0
2015-07-03-16 03 33.159	  31.02653157 121.43989637 0.0  0.0 0.0
2015-07-03-16 03 33.265	  31.02653157 121.43989637 0.0  0.0 0.0
2015-07-03-16 03 33.371	  31.02656673 121.43988161 0.75  0.0 0.0
2015-07-03-16 03 33.473	  31.02656673 121.43988161 0.75  0.0 0.0
2015-07-03-16 03 33.579	  31.02656673 121.43988161 0.75  0.0 0.0
2015-07-03-16 03 33.680	  31.02656673 121.43988161 0.75  0.0 0.0
2015-07-03-16 03 33.783	  31.02656673 121.43988161 0.75  0.0 0.0
2015-07-03-16 03 33.888	  31.02656673 121.43988161 0.75  0.0 0.0
2015-07-03-16 03 33.992	  31.02656673 121.43988161 0.75  0.0 0.0
2015-07-03-16 03 34.096	  31.02656673 121.43988161 0.75  0.0 0.0
2015-07-03-16 03 34.201	  31.02656673 121.43988161 0.75  0.0 0.0
2015-07-03-16 03 34.303	  31.02656673 121.43988161 0.75  0.0 0.0
2015-07-03-16 03 34.406	  31.02656673 121.43988161 0.75  0.0 0.0
2015-07-03-16 03 34.507	  31.02656673 121.43988161 0.75  0.0 0.0
2015-07-03-16 03 34.610	  31.02656673 121.43988161 0.75  0.0 0.0
2015-07-03-16 03 34.712	  31.02656673 121.43988161 0.75  0.0 0.0
2015-07-03-16 03 34.818	  31.02656673 121.43988161 0.75  0.0 0.0
2015-07-03-16 03 34.922	  31.02656673 121.43988161 0.75  0.0 0.0
2015-07-03-16 03 35.024	  31.02656673 121.43988161 0.75  0.0 0.0
2015-07-03-16 03 35.125	  31.02656673 121.43988161 0.75  0.0 0.0
2015-07-03-16 03 35.227	  31.02659814 121.43986407 1.0  0.0 0.0
2015-07-03-16 03 35.346	  31.02659814 121.43986407 1.0  0.0 0.0
2015-07-03-16 03 35.448	  31.02659814 121.43986407 1.0  0.0 0.0
2015-07-03-16 03 35.550	  31.02659814 121.43986407 1.0  0.0 0.0
2015-07-03-16 03 35.654	  31.02659814 121.43986407 1.0  0.0 0.0
2015-07-03-16 03 35.761	  31.02659814 121.43986407 1.0  0.0 0.0
2015-07-03-16 03 35.862	  31.02659814 121.43986407 1.0  0.0 0.0
2015-07-03-16 03 35.964	  31.02659814 121.43986407 1.0  0.0 0.0
2015-07-03-16 03 36.066	  31.02659814 121.43986407 1.0  0.0 0.0
2015-07-03-16 03 36.172	  31.02659814 121.43986407 1.0  0.0 0.0
2015-07-03-16 03 36.275	  31.02659814 121.43986407 1.0  0.0 0.0
2015-07-03-16 03 36.376	  31.02659814 121.43986407 1.0  0.0 0.0
2015-07-03-16 03 36.477	  31.02659814 121.43986407 1.0  0.0 0.0
2015-07-03-16 03 36.581	  31.02659814 121.43986407 1.0  0.0 0.0
2015-07-03-16 03 36.687	  31.02659814 121.43986407 1.0  0.0 0.0
2015-07-03-16 03 36.791	  31.02659814 121.43986407 1.0  0.0 0.0
2015-07-03-16 03 36.894	  31.02659814 121.43986407 1.0  0.0 0.0
2015-07-03-16 03 36.997	  31.02659814 121.43986407 1.0  0.0 0.0
2015-07-03-16 03 37.101	  31.02659814 121.43986407 1.0  0.0 0.0
2015-07-03-16 03 37.206	  31.02659814 121.43986407 1.0  0.0 0.0
2015-07-03-16 03 37.318	  31.02663011 121.43985445 1.0  0.0 0.0
2015-07-03-16 03 37.419	  31.02663011 121.43985445 1.0  0.0 0.0
2015-07-03-16 03 37.520	  31.02663011 121.43985445 1.0  0.0 0.0
2015-07-03-16 03 37.622	  31.02663011 121.43985445 1.0  0.0 0.0
2015-07-03-16 03 37.725	  31.02663011 121.43985445 1.0  0.0 0.0
2015-07-03-16 03 37.831	  31.02663011 121.43985445 1.0  0.0 0.0
2015-07-03-16 03 37.933	  31.02663011 121.43985445 1.0  0.0 0.0
2015-07-03-16 03 38.038	  31.02663011 121.43985445 1.0  0.0 0.0
2015-07-03-16 03 38.143	  31.02663011 121.43985445 1.0  0.0 0.0
2015-07-03-16 03 38.252	  31.02663011 121.43985445 1.0  0.0 0.0
2015-07-03-16 03 38.353	  31.02663011 121.43985445 1.0  0.0 0.0
2015-07-03-16 03 38.455	  31.02663011 121.43985445 1.0  0.0 0.0
2015-07-03-16 03 38.558	  31.02663011 121.43985445 1.0  0.0 0.0
2015-07-03-16 03 38.661	  31.02663011 121.43985445 1.0  0.0 0.0
2015-07-03-16 03 38.765	  31.02663011 121.43985445 1.0  0.0 0.0
2015-07-03-16 03 38.869	  31.02663011 121.43985445 1.0  0.0 0.0
2015-07-03-16 03 38.974	  31.02663011 121.43985445 1.0  0.0 0.0
2015-07-03-16 03 39.081	  31.02663011 121.43985445 1.0  0.0 0.0
2015-07-03-16 03 39.186	  31.02663011 121.43985445 1.0  0.0 0.0
2015-07-03-16 03 39.297	  31.02663011 121.43985445 1.0  0.0 0.0
2015-07-03-16 03 39.398	  31.02666197 121.43984961 1.0  0.0 0.0
2015-07-03-16 03 39.499	  31.02666197 121.43984961 1.0  0.0 0.0
2015-07-03-16 03 39.602	  31.02666197 121.43984961 1.0  0.0 0.0
2015-07-03-16 03 39.704	  31.02666197 121.43984961 1.0  0.0 0.0
2015-07-03-16 03 39.819	  31.02666197 121.43984961 1.0  0.0 0.0
2015-07-03-16 03 39.920	  31.02666197 121.43984961 1.0  0.0 0.0
2015-07-03-16 03 40.023	  31.02666197 121.43984961 1.0  0.0 0.0
2015-07-03-16 03 40.125	  31.02666197 121.43984961 1.0  0.0 0.0
2015-07-03-16 03 40.228	  31.02666197 121.43984961 1.0  0.0 0.0
2015-07-03-16 03 40.342	  31.02666197 121.43984961 1.0  0.0 0.0
2015-07-03-16 03 40.443	  31.02666197 121.43984961 1.0  0.0 0.0
2015-07-03-16 03 40.545	  31.02666197 121.43984961 1.0  0.0 0.0
2015-07-03-16 03 40.647	  31.02666197 121.43984961 1.0  0.0 0.0
2015-07-03-16 03 40.749	  31.02666197 121.43984961 1.0  0.0 0.0
2015-07-03-16 03 40.856	  31.02666197 121.43984961 1.0  0.0 0.0
2015-07-03-16 03 40.957	  31.02666197 121.43984961 1.0  0.0 0.0
2015-07-03-16 03 41.060	  31.02666197 121.43984961 1.0  0.0 0.0
2015-07-03-16 03 41.166	  31.02666197 121.43984961 1.0  0.0 0.0
2015-07-03-16 03 41.270	  31.02666197 121.43984961 1.0  0.0 0.0
2015-07-03-16 03 41.375	  31.02669195 121.43983774 1.0  0.0 0.0
2015-07-03-16 03 41.476	  31.02669195 121.43983774 1.0  0.0 0.0
2015-07-03-16 03 41.578	  31.02669195 121.43983774 1.0  0.0 0.0
2015-07-03-16 03 41.682	  31.02669195 121.43983774 1.0  0.0 0.0
2015-07-03-16 03 41.787	  31.02669195 121.43983774 1.0  0.0 0.0
2015-07-03-16 03 41.891	  31.02669195 121.43983774 1.0  0.0 0.0
2015-07-03-16 03 41.995	  31.02669195 121.43983774 1.0  0.0 0.0
2015-07-03-16 03 42.099	  31.02669195 121.43983774 1.0  0.0 0.0
2015-07-03-16 03 42.204	  31.02669195 121.43983774 1.0  0.0 0.0
2015-07-03-16 03 42.316	  31.02669195 121.43983774 1.0  0.0 0.0
2015-07-03-16 03 42.417	  31.02669195 121.43983774 1.0  0.0 0.0
2015-07-03-16 03 42.518	  31.02669195 121.43983774 1.0  0.0 0.0
2015-07-03-16 03 42.620	  31.02669195 121.43983774 1.0  0.0 0.0
2015-07-03-16 03 42.722	  31.02669195 121.43983774 1.0  0.0 0.0
2015-07-03-16 03 42.825	  31.02669195 121.43983774 1.0  0.0 0.0
2015-07-03-16 03 42.931	  31.02669195 121.43983774 1.0  0.0 0.0
2015-07-03-16 03 43.032	  31.02669195 121.43983774 1.0  0.0 0.0
2015-07-03-16 03 43.133	  31.02669195 121.43983774 1.0  0.0 0.0
2015-07-03-16 03 43.235	  31.02672061 121.43982875 1.0  0.0 0.0
2015-07-03-16 03 43.354	  31.02672061 121.43982875 1.0  0.0 0.0
2015-07-03-16 03 43.455	  31.02672061 121.43982875 1.0  0.0 0.0
2015-07-03-16 03 43.557	  31.02672061 121.43982875 1.0  0.0 0.0
2015-07-03-16 03 43.659	  31.02672061 121.43982875 1.0  0.0 0.0
2015-07-03-16 03 43.761	  31.02672061 121.43982875 1.0  0.0 0.0
2015-07-03-16 03 43.863	  31.02672061 121.43982875 1.0  0.0 0.0
2015-07-03-16 03 43.967	  31.02672061 121.43982875 1.0  0.0 0.0
2015-07-03-16 03 44.072	  31.02672061 121.43982875 1.0  0.0 0.0
2015-07-03-16 03 44.186	  31.02672061 121.43982875 1.0  0.0 0.0
2015-07-03-16 03 44.288	  31.02672061 121.43982875 1.0  0.0 0.0
2015-07-03-16 03 44.392	  31.02672061 121.43982875 1.0  0.0 0.0
2015-07-03-16 03 44.494	  31.02672061 121.43982875 1.0  0.0 0.0
2015-07-03-16 03 44.602	  31.02672061 121.43982875 1.0  0.0 0.0
2015-07-03-16 03 44.704	  31.02672061 121.43982875 1.0  0.0 0.0
2015-07-03-16 03 44.807	  31.02672061 121.43982875 1.0  0.0 0.0
2015-07-03-16 03 44.912	  31.02672061 121.43982875 1.0  0.0 0.0
2015-07-03-16 03 45.021	  31.02672061 121.43982875 1.0  0.0 0.0
2015-07-03-16 03 45.123	  31.02672061 121.43982875 1.0  0.0 0.0
2015-07-03-16 03 45.225	  31.02672061 121.43982875 1.0  0.0 0.0
2015-07-03-16 03 45.335	  31.02674906 121.4398152 1.25  0.0 0.0
2015-07-03-16 03 45.440	  31.02674906 121.4398152 1.25  0.0 0.0
2015-07-03-16 03 45.542	  31.02674906 121.4398152 1.25  0.0 0.0
2015-07-03-16 03 45.646	  31.02674906 121.4398152 1.25  0.0 0.0
2015-07-03-16 03 45.748	  31.02674906 121.4398152 1.25  0.0 0.0
2015-07-03-16 03 45.859	  31.02674906 121.4398152 1.25  0.0 0.0
2015-07-03-16 03 45.960	  31.02674906 121.4398152 1.25  0.0 0.0
2015-07-03-16 03 46.066	  31.02674906 121.4398152 1.25  0.0 0.0
2015-07-03-16 03 46.170	  31.02674906 121.4398152 1.25  0.0 0.0
2015-07-03-16 03 46.283	  31.02674906 121.4398152 1.25  0.0 0.0
2015-07-03-16 03 46.385	  31.02674906 121.4398152 1.25  0.0 0.0
2015-07-03-16 03 46.486	  31.02674906 121.4398152 1.25  0.0 0.0
2015-07-03-16 03 46.588	  31.02674906 121.4398152 1.25  0.0 0.0
2015-07-03-16 03 46.694	  31.02674906 121.4398152 1.25  0.0 0.0
2015-07-03-16 03 46.797	  31.02674906 121.4398152 1.25  0.0 0.0
2015-07-03-16 03 46.898	  31.02674906 121.4398152 1.25  0.0 0.0
2015-07-03-16 03 47.002	  31.02674906 121.4398152 1.25  0.0 0.0
2015-07-03-16 03 47.117	  31.02674906 121.4398152 1.25  0.0 0.0
2015-07-03-16 03 47.220	  31.02674906 121.4398152 1.25  0.0 0.0
2015-07-03-16 03 47.323	  31.02674906 121.4398152 1.25  0.0 0.0
2015-07-03-16 03 47.424	  31.02677301 121.43979891 1.25  0.0 0.0
2015-07-03-16 03 47.550	  31.02677301 121.43979891 1.25  0.0 0.0
2015-07-03-16 03 47.652	  31.02677301 121.43979891 1.25  0.0 0.0
2015-07-03-16 03 47.754	  31.02677301 121.43979891 1.25  0.0 0.0
2015-07-03-16 03 47.856	  31.02677301 121.43979891 1.25  0.0 0.0
2015-07-03-16 03 47.971	  31.02677301 121.43979891 1.25  0.0 0.0
2015-07-03-16 03 48.072	  31.02677301 121.43979891 1.25  0.0 0.0
2015-07-03-16 03 48.179	  31.02677301 121.43979891 1.25  0.0 0.0
2015-07-03-16 03 48.280	  31.02677301 121.43979891 1.25  0.0 0.0
2015-07-03-16 03 48.384	  31.02677301 121.43979891 1.25  0.0 0.0
2015-07-03-16 03 48.502	  31.02677301 121.43979891 1.25  0.0 0.0
2015-07-03-16 03 48.607	  31.02677301 121.43979891 1.25  0.0 0.0
2015-07-03-16 03 48.711	  31.02677301 121.43979891 1.25  0.0 0.0
2015-07-03-16 03 48.815	  31.02677301 121.43979891 1.25  0.0 0.0
2015-07-03-16 03 48.919	  31.02677301 121.43979891 1.25  0.0 0.0
2015-07-03-16 03 49.021	  31.02677301 121.43979891 1.25  0.0 0.0
2015-07-03-16 03 49.123	  31.02677301 121.43979891 1.25  0.0 0.0
2015-07-03-16 03 49.229	  31.02677301 121.43979891 1.25  0.0 0.0
2015-07-03-16 03 49.339	  31.02679632 121.43978636 1.25  0.0 0.0
2015-07-03-16 03 49.441	  31.02679632 121.43978636 1.25  0.0 0.0
2015-07-03-16 03 49.542	  31.02679632 121.43978636 1.25  0.0 0.0
2015-07-03-16 03 49.644	  31.02679632 121.43978636 1.25  0.0 0.0
2015-07-03-16 03 49.746	  31.02679632 121.43978636 1.25  0.0 0.0
2015-07-03-16 03 49.848	  31.02679632 121.43978636 1.25  0.0 0.0
2015-07-03-16 03 49.950	  31.02679632 121.43978636 1.25  0.0 0.0
2015-07-03-16 03 50.054	  31.02679632 121.43978636 1.25  0.0 0.0
2015-07-03-16 03 50.160	  31.02679632 121.43978636 1.25  0.0 0.0
2015-07-03-16 03 50.264	  31.02679632 121.43978636 1.25  0.0 0.0
2015-07-03-16 03 50.365	  31.02679632 121.43978636 1.25  0.0 0.0
2015-07-03-16 03 50.467	  31.02679632 121.43978636 1.25  0.0 0.0
2015-07-03-16 03 50.570	  31.02679632 121.43978636 1.25  0.0 0.0
2015-07-03-16 03 50.672	  31.02679632 121.43978636 1.25  0.0 0.0
2015-07-03-16 03 50.776	  31.02679632 121.43978636 1.25  0.0 0.0
2015-07-03-16 03 50.881	  31.02679632 121.43978636 1.25  0.0 0.0
2015-07-03-16 03 50.984	  31.02679632 121.43978636 1.25  0.0 0.0
2015-07-03-16 03 51.090	  31.02679632 121.43978636 1.25  0.0 0.0
2015-07-03-16 03 51.207	  31.02679632 121.43978636 1.25  0.0 0.0
2015-07-03-16 03 51.309	  31.02681846 121.43977472 1.25  0.0 0.0
2015-07-03-16 03 51.410	  31.02681846 121.43977472 1.25  0.0 0.0
2015-07-03-16 03 51.514	  31.02681846 121.43977472 1.25  0.0 0.0
2015-07-03-16 03 51.620	  31.02681846 121.43977472 1.25  0.0 0.0
2015-07-03-16 03 51.727	  31.02681846 121.43977472 1.25  0.0 0.0
2015-07-03-16 03 51.838	  31.02681846 121.43977472 1.25  0.0 0.0
2015-07-03-16 03 51.939	  31.02681846 121.43977472 1.25  0.0 0.0
2015-07-03-16 03 52.042	  31.02681846 121.43977472 1.25  0.0 0.0
2015-07-03-16 03 52.147	  31.02681846 121.43977472 1.25  0.0 0.0
2015-07-03-16 03 52.250	  31.02681846 121.43977472 1.25  0.0 0.0
2015-07-03-16 03 52.360	  31.02681846 121.43977472 1.25  0.0 0.0
2015-07-03-16 03 52.472	  31.02681846 121.43977472 1.25  0.0 0.0
2015-07-03-16 03 52.577	  31.02681846 121.43977472 1.25  0.0 0.0
2015-07-03-16 03 52.681	  31.02681846 121.43977472 1.25  0.0 0.0
2015-07-03-16 03 52.790	  31.02681846 121.43977472 1.25  0.0 0.0
2015-07-03-16 03 52.892	  31.02681846 121.43977472 1.25  0.0 0.0
2015-07-03-16 03 53.017	  31.02681846 121.43977472 1.25  0.0 0.0
2015-07-03-16 03 53.125	  31.02681846 121.43977472 1.25  0.0 0.0
2015-07-03-16 03 53.237	  31.02681846 121.43977472 1.25  0.0 0.0
2015-07-03-16 03 53.340	  31.02683946 121.43976763 1.25  0.0 0.0
2015-07-03-16 03 53.442	  31.02683946 121.43976763 1.25  0.0 0.0
2015-07-03-16 03 53.554	  31.02683946 121.43976763 1.25  0.0 0.0
2015-07-03-16 03 53.657	  31.02683946 121.43976763 1.25  0.0 0.0
2015-07-03-16 03 53.761	  31.02683946 121.43976763 1.25  0.0 0.0
2015-07-03-16 03 53.871	  31.02683946 121.43976763 1.25  0.0 0.0
2015-07-03-16 03 53.976	  31.02683946 121.43976763 1.25  0.0 0.0
2015-07-03-16 03 54.080	  31.02683946 121.43976763 1.25  0.0 0.0
2015-07-03-16 03 54.186	  31.02683946 121.43976763 1.25  0.0 0.0
2015-07-03-16 03 54.288	  31.02683946 121.43976763 1.25  0.0 0.0
2015-07-03-16 03 54.393	  31.02683946 121.43976763 1.25  0.0 0.0
2015-07-03-16 03 54.496	  31.02683946 121.43976763 1.25  0.0 0.0
2015-07-03-16 03 54.597	  31.02683946 121.43976763 1.25  0.0 0.0
2015-07-03-16 03 54.699	  31.02683946 121.43976763 1.25  0.0 0.0
2015-07-03-16 03 54.805	  31.02683946 121.43976763 1.25  0.0 0.0
2015-07-03-16 03 54.908	  31.02683946 121.43976763 1.25  0.0 0.0
2015-07-03-16 03 55.010	  31.02683946 121.43976763 1.25  0.0 0.0
2015-07-03-16 03 55.118	  31.02683946 121.43976763 1.25  0.0 0.0
2015-07-03-16 03 55.222	  31.02683946 121.43976763 1.25  0.0 0.0
2015-07-03-16 03 55.328	  31.02683946 121.43976763 1.25  0.0 0.0
2015-07-03-16 03 55.440	  31.02685901 121.4397621 1.25  0.0 0.0
2015-07-03-16 03 55.541	  31.02685901 121.4397621 1.25  0.0 0.0
2015-07-03-16 03 55.644	  31.02685901 121.4397621 1.25  0.0 0.0
2015-07-03-16 03 55.750	  31.02685901 121.4397621 1.25  0.0 0.0
2015-07-03-16 03 55.853	  31.02685901 121.4397621 1.25  0.0 0.0
2015-07-03-16 03 55.959	  31.02685901 121.4397621 1.25  0.0 0.0
2015-07-03-16 03 56.074	  31.02685901 121.4397621 1.25  0.0 0.0
2015-07-03-16 03 56.177	  31.02685901 121.4397621 1.25  0.0 0.0
2015-07-03-16 03 56.280	  31.02685901 121.4397621 1.25  0.0 0.0
2015-07-03-16 03 56.387	  31.02685901 121.4397621 1.25  0.0 0.0
2015-07-03-16 03 56.491	  31.02685901 121.4397621 1.25  0.0 0.0
2015-07-03-16 03 56.595	  31.02685901 121.4397621 1.25  0.0 0.0
2015-07-03-16 03 56.706	  31.02685901 121.4397621 1.25  0.0 0.0
2015-07-03-16 03 56.808	  31.02685901 121.4397621 1.25  0.0 0.0
2015-07-03-16 03 56.910	  31.02685901 121.4397621 1.25  0.0 0.0
2015-07-03-16 03 57.021	  31.02685901 121.4397621 1.25  0.0 0.0
2015-07-03-16 03 57.123	  31.02685901 121.4397621 1.25  0.0 0.0
2015-07-03-16 03 57.229	  31.02685901 121.4397621 1.25  0.0 0.0
2015-07-03-16 03 57.346	  31.02687725 121.4397541 1.25  0.0 0.0
2015-07-03-16 03 57.447	  31.02687725 121.4397541 1.25  0.0 0.0
2015-07-03-16 03 57.549	  31.02687725 121.4397541 1.25  0.0 0.0
2015-07-03-16 03 57.653	  31.02687725 121.4397541 1.25  0.0 0.0
2015-07-03-16 03 57.756	  31.02687725 121.4397541 1.25  0.0 0.0
2015-07-03-16 03 57.859	  31.02687725 121.4397541 1.25  0.0 0.0
2015-07-03-16 03 57.973	  31.02687725 121.4397541 1.25  0.0 0.0
2015-07-03-16 03 58.077	  31.02687725 121.4397541 1.25  0.0 0.0
2015-07-03-16 03 58.180	  31.02687725 121.4397541 1.25  0.0 0.0
2015-07-03-16 03 58.281	  31.02687725 121.4397541 1.25  0.0 0.0
2015-07-03-16 03 58.419	  31.02687725 121.4397541 1.25  0.0 0.0
2015-07-03-16 03 58.522	  31.02687725 121.4397541 1.25  0.0 0.0
2015-07-03-16 03 58.633	  31.02687725 121.4397541 1.25  0.0 0.0
2015-07-03-16 03 58.737	  31.02687725 121.4397541 1.25  0.0 0.0
2015-07-03-16 03 58.843	  31.02687725 121.4397541 1.25  0.0 0.0
2015-07-03-16 03 58.960	  31.02687725 121.4397541 1.25  0.0 0.0
2015-07-03-16 03 59.061	  31.02687725 121.4397541 1.25  0.0 0.0
2015-07-03-16 03 59.164	  31.02687725 121.4397541 1.25  0.0 0.0
2015-07-03-16 03 59.280	  31.02689462 121.43974083 1.25  0.0 0.0
2015-07-03-16 03 59.383	  31.02689462 121.43974083 1.25  0.0 0.0
2015-07-03-16 03 59.484	  31.02689462 121.43974083 1.25  0.0 0.0
2015-07-03-16 03 59.596	  31.02689462 121.43974083 1.25  0.0 0.0
2015-07-03-16 03 59.699	  31.02689462 121.43974083 1.25  0.0 0.0
2015-07-03-16 03 59.806	  31.02689462 121.43974083 1.25  0.0 0.0
2015-07-03-16 03 59.915	  31.02689462 121.43974083 1.25  0.0 0.0
2015-07-03-16 04 00.023	  31.02689462 121.43974083 1.25  0.0 0.0
2015-07-03-16 04 00.129	  31.02689462 121.43974083 1.25  0.0 0.0
2015-07-03-16 04 00.248	  31.02689462 121.43974083 1.25  0.0 0.0
2015-07-03-16 04 00.350	  31.02689462 121.43974083 1.25  0.0 0.0
2015-07-03-16 04 00.458	  31.02689462 121.43974083 1.25  0.0 0.0
2015-07-03-16 04 00.563	  31.02689462 121.43974083 1.25  0.0 0.0
2015-07-03-16 04 00.668	  31.02689462 121.43974083 1.25  0.0 0.0
2015-07-03-16 04 00.852	  31.02689462 121.43974083 1.25  0.0 0.0
2015-07-03-16 04 00.954	  31.02689462 121.43974083 1.25  0.0 0.0
2015-07-03-16 04 01.064	  31.02689462 121.43974083 1.25  0.0 0.0
2015-07-03-16 04 01.168	  31.02689462 121.43974083 1.25  0.0 0.0
2015-07-03-16 04 01.275	  31.02691343 121.43972899 1.25  0.0 0.0
2015-07-03-16 04 01.436	  31.02691343 121.43972899 1.25  0.0 0.0
2015-07-03-16 04 01.538	  31.02691343 121.43972899 1.25  0.0 0.0
2015-07-03-16 04 01.644	  31.02691343 121.43972899 1.25  0.0 0.0
2015-07-03-16 04 01.746	  31.02691343 121.43972899 1.25  0.0 0.0
2015-07-03-16 04 01.851	  31.02691343 121.43972899 1.25  0.0 0.0
2015-07-03-16 04 02.001	  31.02691343 121.43972899 1.25  0.0 0.0
2015-07-03-16 04 02.102	  31.02691343 121.43972899 1.25  0.0 0.0
2015-07-03-16 04 02.218	  31.02691343 121.43972899 1.25  0.0 0.0
2015-07-03-16 04 02.320	  31.02691343 121.43972899 1.25  0.0 0.0
2015-07-03-16 04 02.422	  31.02691343 121.43972899 1.25  0.0 0.0
2015-07-03-16 04 02.567	  31.02691343 121.43972899 1.25  0.0 0.0
2015-07-03-16 04 02.668	  31.02691343 121.43972899 1.25  0.0 0.0
2015-07-03-16 04 02.774	  31.02691343 121.43972899 1.25  0.0 0.0
2015-07-03-16 04 02.878	  31.02691343 121.43972899 1.25  0.0 0.0
2015-07-03-16 04 02.981	  31.02691343 121.43972899 1.25  0.0 0.0
2015-07-03-16 04 03.116	  31.02691343 121.43972899 1.25  0.0 0.0
2015-07-03-16 04 03.219	  31.02691343 121.43972899 1.25  0.0 0.0
2015-07-03-16 04 03.322	  31.02691343 121.43972899 1.25  0.0 0.0
2015-07-03-16 04 03.426	  31.02693393 121.43971913 1.25  0.0 0.0
2015-07-03-16 04 03.528	  31.02693393 121.43971913 1.25  0.0 0.0
2015-07-03-16 04 03.631	  31.02693393 121.43971913 1.25  0.0 0.0
2015-07-03-16 04 03.797	  31.02693393 121.43971913 1.25  0.0 0.0
2015-07-03-16 04 03.899	  31.02693393 121.43971913 1.25  0.0 0.0
2015-07-03-16 04 04.003	  31.02693393 121.43971913 1.25  0.0 0.0
2015-07-03-16 04 04.107	  31.02693393 121.43971913 1.25  0.0 0.0
2015-07-03-16 04 04.216	  31.02693393 121.43971913 1.25  0.0 0.0
2015-07-03-16 04 04.319	  31.02693393 121.43971913 1.25  0.0 0.0
2015-07-03-16 04 04.424	  31.02693393 121.43971913 1.25  0.0 0.0
2015-07-03-16 04 04.564	  31.02693393 121.43971913 1.25  0.0 0.0
2015-07-03-16 04 04.669	  31.02693393 121.43971913 1.25  0.0 0.0
2015-07-03-16 04 04.780	  31.02693393 121.43971913 1.25  0.0 0.0
2015-07-03-16 04 04.882	  31.02693393 121.43971913 1.25  0.0 0.0
2015-07-03-16 04 04.984	  31.02693393 121.43971913 1.25  0.0 0.0
2015-07-03-16 04 05.087	  31.02693393 121.43971913 1.25  0.0 0.0
2015-07-03-16 04 05.190	  31.02693393 121.43971913 1.25  0.0 0.0
2015-07-03-16 04 05.298	  31.02693393 121.43971913 1.25  0.0 0.0
2015-07-03-16 04 05.402	  31.02695415 121.43971164 1.25  0.0 0.0
2015-07-03-16 04 05.519	  31.02695415 121.43971164 1.25  0.0 0.0
2015-07-03-16 04 05.622	  31.02695415 121.43971164 1.25  0.0 0.0
2015-07-03-16 04 05.734	  31.02695415 121.43971164 1.25  0.0 0.0
2015-07-03-16 04 05.839	  31.02695415 121.43971164 1.25  0.0 0.0
2015-07-03-16 04 05.943	  31.02695415 121.43971164 1.25  0.0 0.0
2015-07-03-16 04 06.048	  31.02695415 121.43971164 1.25  0.0 0.0
2015-07-03-16 04 06.152	  31.02695415 121.43971164 1.25  0.0 0.0
2015-07-03-16 04 06.253	  31.02695415 121.43971164 1.25  0.0 0.0
2015-07-03-16 04 06.355	  31.02695415 121.43971164 1.25  0.0 0.0
2015-07-03-16 04 06.457	  31.02695415 121.43971164 1.25  0.0 0.0
2015-07-03-16 04 06.559	  31.02695415 121.43971164 1.25  0.0 0.0
2015-07-03-16 04 06.661	  31.02695415 121.43971164 1.25  0.0 0.0
2015-07-03-16 04 06.767	  31.02695415 121.43971164 1.25  0.0 0.0
2015-07-03-16 04 06.869	  31.02695415 121.43971164 1.25  0.0 0.0
2015-07-03-16 04 06.973	  31.02695415 121.43971164 1.25  0.0 0.0
2015-07-03-16 04 07.079	  31.02695415 121.43971164 1.25  0.0 0.0
2015-07-03-16 04 07.193	  31.02695415 121.43971164 1.25  0.0 0.0
2015-07-03-16 04 07.295	  31.02697195 121.43970164 1.25  0.0 0.0
2015-07-03-16 04 07.399	  31.02697195 121.43970164 1.25  0.0 0.0
2015-07-03-16 04 07.502	  31.02697195 121.43970164 1.25  0.0 0.0
2015-07-03-16 04 07.609	  31.02697195 121.43970164 1.25  0.0 0.0
2015-07-03-16 04 07.713	  31.02697195 121.43970164 1.25  0.0 0.0
2015-07-03-16 04 07.826	  31.02697195 121.43970164 1.25  0.0 0.0
2015-07-03-16 04 07.928	  31.02697195 121.43970164 1.25  0.0 0.0
2015-07-03-16 04 08.035	  31.02697195 121.43970164 1.25  0.0 0.0
2015-07-03-16 04 08.137	  31.02697195 121.43970164 1.25  0.0 0.0
2015-07-03-16 04 08.250	  31.02697195 121.43970164 1.25  0.0 0.0
2015-07-03-16 04 08.352	  31.02697195 121.43970164 1.25  0.0 0.0
2015-07-03-16 04 08.454	  31.02697195 121.43970164 1.25  0.0 0.0
2015-07-03-16 04 08.558	  31.02697195 121.43970164 1.25  0.0 0.0
2015-07-03-16 04 08.662	  31.02697195 121.43970164 1.25  0.0 0.0
2015-07-03-16 04 08.774	  31.02697195 121.43970164 1.25  0.0 0.0
2015-07-03-16 04 08.875	  31.02697195 121.43970164 1.25  0.0 0.0
2015-07-03-16 04 08.981	  31.02697195 121.43970164 1.25  0.0 0.0
2015-07-03-16 04 09.083	  31.02697195 121.43970164 1.25  0.0 0.0
2015-07-03-16 04 09.185	  31.02697195 121.43970164 1.25  0.0 0.0
2015-07-03-16 04 09.288	  31.02699012 121.43969301 1.25  0.0 0.0
2015-07-03-16 04 09.390	  31.02699012 121.43969301 1.25  0.0 0.0
2015-07-03-16 04 09.491	  31.02699012 121.43969301 1.25  0.0 0.0
2015-07-03-16 04 09.595	  31.02699012 121.43969301 1.25  0.0 0.0
2015-07-03-16 04 09.698	  31.02699012 121.43969301 1.25  0.0 0.0
2015-07-03-16 04 09.827	  31.02699012 121.43969301 1.25  0.0 0.0
2015-07-03-16 04 09.929	  31.02699012 121.43969301 1.25  0.0 0.0
2015-07-03-16 04 10.036	  31.02699012 121.43969301 1.25  0.0 0.0
2015-07-03-16 04 10.138	  31.02699012 121.43969301 1.25  0.0 0.0
2015-07-03-16 04 10.248	  31.02699012 121.43969301 1.25  0.0 0.0
2015-07-03-16 04 10.351	  31.02699012 121.43969301 1.25  0.0 0.0
2015-07-03-16 04 10.458	  31.02699012 121.43969301 1.25  0.0 0.0
2015-07-03-16 04 10.561	  31.02699012 121.43969301 1.25  0.0 0.0
2015-07-03-16 04 10.673	  31.02699012 121.43969301 1.25  0.0 0.0
2015-07-03-16 04 10.778	  31.02699012 121.43969301 1.25  0.0 0.0
2015-07-03-16 04 10.890	  31.02699012 121.43969301 1.25  0.0 0.0
2015-07-03-16 04 10.998	  31.02699012 121.43969301 1.25  0.0 0.0
2015-07-03-16 04 11.121	  31.02699012 121.43969301 1.25  0.0 0.0
2015-07-03-16 04 11.222	  31.02699012 121.43969301 1.25  0.0 0.0
2015-07-03-16 04 11.323	  31.02699012 121.43969301 1.25  0.0 0.0
2015-07-03-16 04 11.428	  31.0270097 121.43968882 1.25  0.0 0.0
2015-07-03-16 04 11.550	  31.0270097 121.43968882 1.25  0.0 0.0
2015-07-03-16 04 11.651	  31.0270097 121.43968882 1.25  0.0 0.0
2015-07-03-16 04 11.756	  31.0270097 121.43968882 1.25  0.0 0.0
2015-07-03-16 04 11.858	  31.0270097 121.43968882 1.25  0.0 0.0
2015-07-03-16 04 11.967	  31.0270097 121.43968882 1.25  0.0 0.0
2015-07-03-16 04 12.070	  31.0270097 121.43968882 1.25  0.0 0.0
2015-07-03-16 04 12.175	  31.0270097 121.43968882 1.25  0.0 0.0
2015-07-03-16 04 12.280	  31.0270097 121.43968882 1.25  0.0 0.0
2015-07-03-16 04 12.386	  31.0270097 121.43968882 1.25  0.0 0.0
2015-07-03-16 04 12.490	  31.0270097 121.43968882 1.25  0.0 0.0
2015-07-03-16 04 12.596	  31.0270097 121.43968882 1.25  0.0 0.0
2015-07-03-16 04 12.698	  31.0270097 121.43968882 1.25  0.0 0.0
2015-07-03-16 04 12.808	  31.0270097 121.43968882 1.25  0.0 0.0
2015-07-03-16 04 12.910	  31.0270097 121.43968882 1.25  0.0 0.0
2015-07-03-16 04 13.017	  31.0270097 121.43968882 1.25  0.0 0.0
2015-07-03-16 04 13.124	  31.0270097 121.43968882 1.25  0.0 0.0
2015-07-03-16 04 13.238	  31.0270097 121.43968882 1.25  0.0 0.0
2015-07-03-16 04 13.341	  31.02702846 121.43968133 1.25  0.0 0.0
2015-07-03-16 04 13.442	  31.02702846 121.43968133 1.25  0.0 0.0
2015-07-03-16 04 13.546	  31.02702846 121.43968133 1.25  0.0 0.0
2015-07-03-16 04 13.654	  31.02702846 121.43968133 1.25  0.0 0.0
2015-07-03-16 04 13.767	  31.02702846 121.43968133 1.25  0.0 0.0
2015-07-03-16 04 13.869	  31.02702846 121.43968133 1.25  0.0 0.0
2015-07-03-16 04 13.977	  31.02702846 121.43968133 1.25  0.0 0.0
2015-07-03-16 04 14.078	  31.02702846 121.43968133 1.25  0.0 0.0
2015-07-03-16 04 14.185	  31.02702846 121.43968133 1.25  0.0 0.0
2015-07-03-16 04 14.287	  31.02702846 121.43968133 1.25  0.0 0.0
2015-07-03-16 04 14.468	  31.02702846 121.43968133 1.25  0.0 0.0
2015-07-03-16 04 14.570	  31.02702846 121.43968133 1.25  0.0 0.0
2015-07-03-16 04 14.697	  31.02702846 121.43968133 1.25  0.0 0.0
2015-07-03-16 04 14.799	  31.02702846 121.43968133 1.25  0.0 0.0
2015-07-03-16 04 14.949	  31.02702846 121.43968133 1.25  0.0 0.0
2015-07-03-16 04 15.051	  31.02702846 121.43968133 1.25  0.0 0.0
2015-07-03-16 04 15.186	  31.02702846 121.43968133 1.25  0.0 0.0
2015-07-03-16 04 15.290	  31.02704892 121.43967349 1.25  0.0 0.0
2015-07-03-16 04 15.434	  31.02704892 121.43967349 1.25  0.0 0.0
2015-07-03-16 04 15.536	  31.02704892 121.43967349 1.25  0.0 0.0
2015-07-03-16 04 15.673	  31.02704892 121.43967349 1.25  0.0 0.0
2015-07-03-16 04 15.778	  31.02704892 121.43967349 1.25  0.0 0.0
2015-07-03-16 04 15.932	  31.02704892 121.43967349 1.25  0.0 0.0
2015-07-03-16 04 16.037	  31.02704892 121.43967349 1.25  0.0 0.0
2015-07-03-16 04 16.191	  31.02704892 121.43967349 1.25  0.0 0.0
2015-07-03-16 04 16.294	  31.02704892 121.43967349 1.25  0.0 0.0
2015-07-03-16 04 16.440	  31.02704892 121.43967349 1.25  0.0 0.0
2015-07-03-16 04 16.545	  31.02704892 121.43967349 1.25  0.0 0.0
2015-07-03-16 04 16.699	  31.02704892 121.43967349 1.25  0.0 0.0
2015-07-03-16 04 16.804	  31.02704892 121.43967349 1.25  0.0 0.0
2015-07-03-16 04 16.965	  31.02704892 121.43967349 1.25  0.0 0.0
2015-07-03-16 04 17.069	  31.02704892 121.43967349 1.25  0.0 0.0
2015-07-03-16 04 17.219	  31.02704892 121.43967349 1.25  0.0 0.0
2015-07-03-16 04 17.322	  31.02706994 121.43966586 1.25  0.0 0.0
2015-07-03-16 04 17.447	  31.02706994 121.43966586 1.25  0.0 0.0
2015-07-03-16 04 17.550	  31.02706994 121.43966586 1.25  0.0 0.0
2015-07-03-16 04 17.699	  31.02706994 121.43966586 1.25  0.0 0.0
2015-07-03-16 04 17.803	  31.02706994 121.43966586 1.25  0.0 0.0
2015-07-03-16 04 17.959	  31.02706994 121.43966586 1.25  0.0 0.0
2015-07-03-16 04 18.064	  31.02706994 121.43966586 1.25  0.0 0.0
2015-07-03-16 04 18.219	  31.02706994 121.43966586 1.25  0.0 0.0
2015-07-03-16 04 18.325	  31.02706994 121.43966586 1.25  0.0 0.0
2015-07-03-16 04 18.451	  31.02706994 121.43966586 1.25  0.0 0.0
2015-07-03-16 04 18.597	  31.02706994 121.43966586 1.25  0.0 0.0
2015-07-03-16 04 18.700	  31.02706994 121.43966586 1.25  0.0 0.0
2015-07-03-16 04 18.848	  31.02706994 121.43966586 1.25  0.0 0.0
2015-07-03-16 04 18.951	  31.02706994 121.43966586 1.25  0.0 0.0
2015-07-03-16 04 19.110	  31.02706994 121.43966586 1.25  0.0 0.0
2015-07-03-16 04 19.214	  31.02706994 121.43966586 1.25  0.0 0.0
2015-07-03-16 04 19.354	  31.02706994 121.43966586 1.25  0.0 0.0
2015-07-03-16 04 19.457	  31.02709057 121.4396572 1.25  0.0 0.0
2015-07-03-16 04 19.604	  31.02709057 121.4396572 1.25  0.0 0.0
2015-07-03-16 04 19.705	  31.02709057 121.4396572 1.25  0.0 0.0
2015-07-03-16 04 19.826	  31.02709057 121.4396572 1.25  0.0 0.0
2015-07-03-16 04 19.928	  31.02709057 121.4396572 1.25  0.0 0.0
2015-07-03-16 04 20.031	  31.02709057 121.4396572 1.25  0.0 0.0
2015-07-03-16 04 20.142	  31.02709057 121.4396572 1.25  0.0 0.0
2015-07-03-16 04 20.247	  31.02709057 121.4396572 1.25  0.0 0.0
2015-07-03-16 04 20.381	  31.02709057 121.4396572 1.25  0.0 0.0
2015-07-03-16 04 20.484	  31.02709057 121.4396572 1.25  0.0 0.0
2015-07-03-16 04 20.590	  31.02709057 121.4396572 1.25  0.0 0.0
2015-07-03-16 04 20.692	  31.02709057 121.4396572 1.25  0.0 0.0
2015-07-03-16 04 20.798	  31.02709057 121.4396572 1.25  0.0 0.0
2015-07-03-16 04 20.904	  31.02709057 121.4396572 1.25  0.0 0.0
2015-07-03-16 04 21.075	  31.02709057 121.4396572 1.25  0.0 0.0
2015-07-03-16 04 21.179	  31.02709057 121.4396572 1.25  0.0 0.0
2015-07-03-16 04 21.349	  31.02711142 121.43965211 1.25  0.0 0.0
2015-07-03-16 04 21.454	  31.02711142 121.43965211 1.25  0.0 0.0
2015-07-03-16 04 21.581	  31.02711142 121.43965211 1.25  0.0 0.0
2015-07-03-16 04 21.684	  31.02711142 121.43965211 1.25  0.0 0.0
2015-07-03-16 04 21.830	  31.02711142 121.43965211 1.25  0.0 0.0
2015-07-03-16 04 21.942	  31.02711142 121.43965211 1.25  0.0 0.0
2015-07-03-16 04 22.044	  31.02711142 121.43965211 1.25  0.0 0.0
2015-07-03-16 04 22.148	  31.02711142 121.43965211 1.25  0.0 0.0
2015-07-03-16 04 22.250	  31.02711142 121.43965211 1.25  0.0 0.0
2015-07-03-16 04 22.426	  31.02711142 121.43965211 1.25  0.0 0.0
2015-07-03-16 04 22.529	  31.02711142 121.43965211 1.25  0.0 0.0
2015-07-03-16 04 22.655	  31.02711142 121.43965211 1.25  0.0 0.0
2015-07-03-16 04 22.765	  31.02711142 121.43965211 1.25  0.0 0.0
2015-07-03-16 04 22.867	  31.02711142 121.43965211 1.25  0.0 0.0
2015-07-03-16 04 23.046	  31.02711142 121.43965211 1.25  0.0 0.0
2015-07-03-16 04 23.148	  31.02711142 121.43965211 1.25  0.0 0.0
2015-07-03-16 04 23.296	  31.02713223 121.4396482 1.25  0.0 0.0
2015-07-03-16 04 23.398	  31.02713223 121.4396482 1.25  0.0 0.0
2015-07-03-16 04 23.500	  31.02713223 121.4396482 1.25  0.0 0.0
2015-07-03-16 04 23.602	  31.02713223 121.4396482 1.25  0.0 0.0
2015-07-03-16 04 23.746	  31.02713223 121.4396482 1.25  0.0 0.0
2015-07-03-16 04 23.850	  31.02713223 121.4396482 1.25  0.0 0.0
2015-07-03-16 04 23.989	  31.02713223 121.4396482 1.25  0.0 0.0
2015-07-03-16 04 24.101	  31.02713223 121.4396482 1.25  0.0 0.0
2015-07-03-16 04 24.205	  31.02713223 121.4396482 1.25  0.0 0.0
2015-07-03-16 04 24.327	  31.02713223 121.4396482 1.25  0.0 0.0
2015-07-03-16 04 24.429	  31.02713223 121.4396482 1.25  0.0 0.0
2015-07-03-16 04 24.551	  31.02713223 121.4396482 1.25  0.0 0.0
2015-07-03-16 04 24.661	  31.02713223 121.4396482 1.25  0.0 0.0
2015-07-03-16 04 24.766	  31.02713223 121.4396482 1.25  0.0 0.0
2015-07-03-16 04 24.919	  31.02713223 121.4396482 1.25  0.0 0.0
2015-07-03-16 04 25.026	  31.02713223 121.4396482 1.25  0.0 0.0
2015-07-03-16 04 25.204	  31.02713223 121.4396482 1.25  0.0 0.0
2015-07-03-16 04 25.308	  31.02715139 121.43963869 1.25  0.0 0.0
2015-07-03-16 04 25.409	  31.02715139 121.43963869 1.25  0.0 0.0
2015-07-03-16 04 25.525	  31.02715139 121.43963869 1.25  0.0 0.0
2015-07-03-16 04 25.632	  31.02715139 121.43963869 1.25  0.0 0.0
2015-07-03-16 04 25.811	  31.02715139 121.43963869 1.25  0.0 0.0
2015-07-03-16 04 25.918	  31.02715139 121.43963869 1.25  0.0 0.0
2015-07-03-16 04 26.020	  31.02715139 121.43963869 1.25  0.0 0.0
2015-07-03-16 04 26.165	  31.02715139 121.43963869 1.25  0.0 0.0
2015-07-03-16 04 26.271	  31.02715139 121.43963869 1.25  0.0 0.0
2015-07-03-16 04 26.418	  31.02715139 121.43963869 1.25  0.0 0.0
2015-07-03-16 04 26.522	  31.02715139 121.43963869 1.25  0.0 0.0
2015-07-03-16 04 26.625	  31.02715139 121.43963869 1.25  0.0 0.0
2015-07-03-16 04 26.754	  31.02715139 121.43963869 1.25  0.0 0.0
2015-07-03-16 04 26.857	  31.02715139 121.43963869 1.25  0.0 0.0
2015-07-03-16 04 26.999	  31.02715139 121.43963869 1.25  0.0 0.0
2015-07-03-16 04 27.109	  31.02715139 121.43963869 1.25  0.0 0.0
2015-07-03-16 04 27.213	  31.02715139 121.43963869 1.25  0.0 0.0
2015-07-03-16 04 27.367	  31.02715139 121.43963869 1.25  0.0 0.0
2015-07-03-16 04 27.469	  31.02716888 121.43962816 1.25  0.0 0.0
2015-07-03-16 04 27.635	  31.02716888 121.43962816 1.25  0.0 0.0
2015-07-03-16 04 27.740	  31.02716888 121.43962816 1.25  0.0 0.0
2015-07-03-16 04 27.844	  31.02716888 121.43962816 1.25  0.0 0.0
2015-07-03-16 04 28.002	  31.02716888 121.43962816 1.25  0.0 0.0
2015-07-03-16 04 28.103	  31.02716888 121.43962816 1.25  0.0 0.0
2015-07-03-16 04 28.210	  31.02716888 121.43962816 1.25  0.0 0.0
2015-07-03-16 04 28.317	  31.02716888 121.43962816 1.25  0.0 0.0
2015-07-03-16 04 28.420	  31.02716888 121.43962816 1.25  0.0 0.0
2015-07-03-16 04 28.547	  31.02716888 121.43962816 1.25  0.0 0.0
2015-07-03-16 04 28.664	  31.02716888 121.43962816 1.25  0.0 0.0
2015-07-03-16 04 28.766	  31.02716888 121.43962816 1.25  0.0 0.0
2015-07-03-16 04 28.925	  31.02716888 121.43962816 1.25  0.0 0.0
2015-07-03-16 04 29.040	  31.02716888 121.43962816 1.25  0.0 0.0
2015-07-03-16 04 29.142	  31.02716888 121.43962816 1.25  0.0 0.0
2015-07-03-16 04 29.261	  31.02716888 121.43962816 1.25  0.0 0.0
2015-07-03-16 04 29.383	  31.02718904 121.43961612 1.25  0.0 0.0
2015-07-03-16 04 29.498	  31.02718904 121.43961612 1.25  0.0 0.0
2015-07-03-16 04 29.644	  31.02718904 121.43961612 1.25  0.0 0.0
2015-07-03-16 04 29.746	  31.02718904 121.43961612 1.25  0.0 0.0
2015-07-03-16 04 29.850	  31.02718904 121.43961612 1.25  0.0 0.0
2015-07-03-16 04 29.996	  31.02718904 121.43961612 1.25  0.0 0.0
2015-07-03-16 04 30.097	  31.02718904 121.43961612 1.25  0.0 0.0
2015-07-03-16 04 30.201	  31.02718904 121.43961612 1.25  0.0 0.0
2015-07-03-16 04 30.356	  31.02718904 121.43961612 1.25  0.0 0.0
2015-07-03-16 04 30.458	  31.02718904 121.43961612 1.25  0.0 0.0
2015-07-03-16 04 30.560	  31.02718904 121.43961612 1.25  0.0 0.0
2015-07-03-16 04 30.701	  31.02718904 121.43961612 1.25  0.0 0.0
2015-07-03-16 04 30.808	  31.02718904 121.43961612 1.25  0.0 0.0
2015-07-03-16 04 30.914	  31.02718904 121.43961612 1.25  0.0 0.0
2015-07-03-16 04 31.021	  31.02718904 121.43961612 1.25  0.0 0.0
2015-07-03-16 04 31.127	  31.02718904 121.43961612 1.25  0.0 0.0
2015-07-03-16 04 31.308	  31.02721074 121.43960456 1.25  0.0 0.0
2015-07-03-16 04 31.411	  31.02721074 121.43960456 1.25  0.0 0.0
2015-07-03-16 04 31.513	  31.02721074 121.43960456 1.25  0.0 0.0
2015-07-03-16 04 31.660	  31.02721074 121.43960456 1.25  0.0 0.0
2015-07-03-16 04 31.766	  31.02721074 121.43960456 1.25  0.0 0.0
2015-07-03-16 04 31.868	  31.02721074 121.43960456 1.25  0.0 0.0
2015-07-03-16 04 31.984	  31.02721074 121.43960456 1.25  0.0 0.0
2015-07-03-16 04 32.085	  31.02721074 121.43960456 1.25  0.0 0.0
2015-07-03-16 04 32.188	  31.02721074 121.43960456 1.25  0.0 0.0
2015-07-03-16 04 32.360	  31.02721074 121.43960456 1.25  0.0 0.0
2015-07-03-16 04 32.463	  31.02721074 121.43960456 1.25  0.0 0.0
2015-07-03-16 04 32.566	  31.02721074 121.43960456 1.25  0.0 0.0
2015-07-03-16 04 32.684	  31.02721074 121.43960456 1.25  0.0 0.0
2015-07-03-16 04 32.791	  31.02721074 121.43960456 1.25  0.0 0.0
2015-07-03-16 04 32.898	  31.02721074 121.43960456 1.25  0.0 0.0
2015-07-03-16 04 33.059	  31.02721074 121.43960456 1.25  0.0 0.0
2015-07-03-16 04 33.161	  31.02721074 121.43960456 1.25  0.0 0.0
2015-07-03-16 04 33.318	  31.02723208 121.43959722 1.25  0.0 0.0
2015-07-03-16 04 33.425	  31.02723208 121.43959722 1.25  0.0 0.0
2015-07-03-16 04 33.528	  31.02723208 121.43959722 1.25  0.0 0.0
2015-07-03-16 04 33.658	  31.02723208 121.43959722 1.25  0.0 0.0
2015-07-03-16 04 33.759	  31.02723208 121.43959722 1.25  0.0 0.0
2015-07-03-16 04 33.902	  31.02723208 121.43959722 1.25  0.0 0.0
2015-07-03-16 04 34.012	  31.02723208 121.43959722 1.25  0.0 0.0
2015-07-03-16 04 34.114	  31.02723208 121.43959722 1.25  0.0 0.0
2015-07-03-16 04 34.262	  31.02723208 121.43959722 1.25  0.0 0.0
2015-07-03-16 04 34.372	  31.02723208 121.43959722 1.25  0.0 0.0
2015-07-03-16 04 34.473	  31.02723208 121.43959722 1.25  0.0 0.0
2015-07-03-16 04 34.609	  31.02723208 121.43959722 1.25  0.0 0.0
2015-07-03-16 04 34.721	  31.02723208 121.43959722 1.25  0.0 0.0
2015-07-03-16 04 34.824	  31.02723208 121.43959722 1.25  0.0 0.0
2015-07-03-16 04 34.958	  31.02723208 121.43959722 1.25  0.0 0.0
2015-07-03-16 04 35.060	  31.02723208 121.43959722 1.25  0.0 0.0
2015-07-03-16 04 35.208	  31.02723208 121.43959722 1.25  0.0 0.0
2015-07-03-16 04 35.311	  31.02725338 121.43959029 1.25  0.0 0.0
2015-07-03-16 04 35.472	  31.02725338 121.43959029 1.25  0.0 0.0
2015-07-03-16 04 35.574	  31.02725338 121.43959029 1.25  0.0 0.0
2015-07-03-16 04 35.677	  31.02725338 121.43959029 1.25  0.0 0.0
2015-07-03-16 04 35.828	  31.02725338 121.43959029 1.25  0.0 0.0
2015-07-03-16 04 35.946	  31.02725338 121.43959029 1.25  0.0 0.0
2015-07-03-16 04 36.048	  31.02725338 121.43959029 1.25  0.0 0.0
2015-07-03-16 04 36.151	  31.02725338 121.43959029 1.25  0.0 0.0
2015-07-03-16 04 36.283	  31.02725338 121.43959029 1.25  0.0 0.0
2015-07-03-16 04 36.439	  31.02725338 121.43959029 1.25  0.0 0.0
2015-07-03-16 04 36.542	  31.02725338 121.43959029 1.25  0.0 0.0
2015-07-03-16 04 36.647	  31.02725338 121.43959029 1.25  0.0 0.0
2015-07-03-16 04 36.803	  31.02725338 121.43959029 1.25  0.0 0.0
2015-07-03-16 04 36.920	  31.02725338 121.43959029 1.25  0.0 0.0
2015-07-03-16 04 37.025	  31.02725338 121.43959029 1.25  0.0 0.0
2015-07-03-16 04 37.128	  31.02725338 121.43959029 1.25  0.0 0.0
2015-07-03-16 04 37.281	  31.02725338 121.43959029 1.25  0.0 0.0
2015-07-03-16 04 37.448	  31.02727415 121.43958348 1.25  0.0 0.0
2015-07-03-16 04 37.554	  31.02727415 121.43958348 1.25  0.0 0.0
2015-07-03-16 04 37.657	  31.02727415 121.43958348 1.25  0.0 0.0
2015-07-03-16 04 37.808	  31.02727415 121.43958348 1.25  0.0 0.0
2015-07-03-16 04 37.924	  31.02727415 121.43958348 1.25  0.0 0.0
2015-07-03-16 04 38.030	  31.02727415 121.43958348 1.25  0.0 0.0
2015-07-03-16 04 38.132	  31.02727415 121.43958348 1.25  0.0 0.0
2015-07-03-16 04 38.284	  31.02727415 121.43958348 1.25  0.0 0.0
2015-07-03-16 04 38.405	  31.02727415 121.43958348 1.25  0.0 0.0
2015-07-03-16 04 38.507	  31.02727415 121.43958348 1.25  0.0 0.0
2015-07-03-16 04 38.614	  31.02727415 121.43958348 1.25  0.0 0.0
2015-07-03-16 04 38.748	  31.02727415 121.43958348 1.25  0.0 0.0
2015-07-03-16 04 38.850	  31.02727415 121.43958348 1.25  0.0 0.0
2015-07-03-16 04 38.992	  31.02727415 121.43958348 1.25  0.0 0.0
2015-07-03-16 04 39.158	  31.02727415 121.43958348 1.25  0.0 0.0
2015-07-03-16 04 39.265	  31.02729481 121.43957545 1.25  0.0 0.0
2015-07-03-16 04 39.403	  31.02729481 121.43957545 1.25  0.0 0.0
2015-07-03-16 04 39.547	  31.02729481 121.43957545 1.25  0.0 0.0
2015-07-03-16 04 39.707	  31.02729481 121.43957545 1.25  0.0 0.0
2015-07-03-16 04 39.812	  31.02729481 121.43957545 1.25  0.0 0.0
2015-07-03-16 04 39.914	  31.02729481 121.43957545 1.25  0.0 0.0
2015-07-03-16 04 40.067	  31.02729481 121.43957545 1.25  0.0 0.0
2015-07-03-16 04 40.234	  31.02729481 121.43957545 1.25  0.0 0.0
2015-07-03-16 04 40.345	  31.02729481 121.43957545 1.25  0.0 0.0
2015-07-03-16 04 40.448	  31.02729481 121.43957545 1.25  0.0 0.0
2015-07-03-16 04 40.567	  31.02729481 121.43957545 1.25  0.0 0.0
2015-07-03-16 04 40.714	  31.02729481 121.43957545 1.25  0.0 0.0
2015-07-03-16 04 40.826	  31.02729481 121.43957545 1.25  0.0 0.0
2015-07-03-16 04 40.929	  31.02729481 121.43957545 1.25  0.0 0.0
2015-07-03-16 04 41.072	  31.02729481 121.43957545 1.25  0.0 0.0
2015-07-03-16 04 41.217	  31.02729481 121.43957545 1.25  0.0 0.0
2015-07-03-16 04 41.319	  31.02731497 121.43956804 1.25  0.0 0.0
2015-07-03-16 04 41.421	  31.02731497 121.43956804 1.25  0.0 0.0
2015-07-03-16 04 41.571	  31.02731497 121.43956804 1.25  0.0 0.0
2015-07-03-16 04 41.743	  31.02731497 121.43956804 1.25  0.0 0.0
2015-07-03-16 04 41.846	  31.02731497 121.43956804 1.25  0.0 0.0
2015-07-03-16 04 41.949	  31.02731497 121.43956804 1.25  0.0 0.0
2015-07-03-16 04 42.104	  31.02731497 121.43956804 1.25  0.0 0.0
2015-07-03-16 04 42.252	  31.02731497 121.43956804 1.25  0.0 0.0
2015-07-03-16 04 42.362	  31.02731497 121.43956804 1.25  0.0 0.0
2015-07-03-16 04 42.465	  31.02731497 121.43956804 1.25  0.0 0.0
2015-07-03-16 04 42.624	  31.02731497 121.43956804 1.25  0.0 0.0
2015-07-03-16 04 42.778	  31.02731497 121.43956804 1.25  0.0 0.0
2015-07-03-16 04 42.891	  31.02731497 121.43956804 1.25  0.0 0.0
2015-07-03-16 04 42.998	  31.02731497 121.43956804 1.25  0.0 0.0
2015-07-03-16 04 43.151	  31.02731497 121.43956804 1.25  0.0 0.0
2015-07-03-16 04 43.289	  31.02731497 121.43956804 1.25  0.0 0.0
2015-07-03-16 04 43.408	  31.0273374 121.43956222999999 1.25  0.0 0.0
2015-07-03-16 04 43.510	  31.0273374 121.43956222999999 1.25  0.0 0.0
2015-07-03-16 04 43.659	  31.0273374 121.43956222999999 1.25  0.0 0.0
2015-07-03-16 04 43.798	  31.0273374 121.43956222999999 1.25  0.0 0.0
2015-07-03-16 04 43.938	  31.0273374 121.43956222999999 1.25  0.0 0.0
2015-07-03-16 04 44.085	  31.0273374 121.43956222999999 1.25  0.0 0.0
2015-07-03-16 04 44.195	  31.0273374 121.43956222999999 1.25  0.0 0.0
2015-07-03-16 04 44.300	  31.0273374 121.43956222999999 1.25  0.0 0.0
2015-07-03-16 04 44.458	  31.0273374 121.43956222999999 1.25  0.0 0.0
2015-07-03-16 04 44.594	  31.0273374 121.43956222999999 1.25  0.0 0.0
2015-07-03-16 04 44.698	  31.0273374 121.43956222999999 1.25  0.0 0.0
2015-07-03-16 04 44.804	  31.0273374 121.43956222999999 1.25  0.0 0.0
2015-07-03-16 04 44.978	  31.0273374 121.43956222999999 1.25  0.0 0.0
2015-07-03-16 04 45.080	  31.0273374 121.43956222999999 1.25  0.0 0.0
2015-07-03-16 04 45.244	  31.0273374 121.43956222999999 1.25  0.0 0.0
2015-07-03-16 04 45.378	  31.02735892 121.43955205 1.25  0.0 0.0
2015-07-03-16 04 45.498	  31.02735892 121.43955205 1.25  0.0 0.0
2015-07-03-16 04 45.602	  31.02735892 121.43955205 1.25  0.0 0.0
2015-07-03-16 04 45.734	  31.02735892 121.43955205 1.25  0.0 0.0
2015-07-03-16 04 45.899	  31.02735892 121.43955205 1.25  0.0 0.0
2015-07-03-16 04 46.008	  31.02735892 121.43955205 1.25  0.0 0.0
2015-07-03-16 04 46.111	  31.02735892 121.43955205 1.25  0.0 0.0
2015-07-03-16 04 46.304	  31.02735892 121.43955205 1.25  0.0 0.0
2015-07-03-16 04 46.456	  31.02735892 121.43955205 1.25  0.0 0.0
2015-07-03-16 04 46.559	  31.02735892 121.43955205 1.25  0.0 0.0
2015-07-03-16 04 46.665	  31.02735892 121.43955205 1.25  0.0 0.0
2015-07-03-16 04 46.811	  31.02735892 121.43955205 1.25  0.0 0.0
2015-07-03-16 04 46.998	  31.02735892 121.43955205 1.25  0.0 0.0
2015-07-03-16 04 47.102	  31.02735892 121.43955205 1.25  0.0 0.0
2015-07-03-16 04 47.205	  31.02735892 121.43955205 1.25  0.0 0.0
2015-07-03-16 04 47.325	  31.02737905 121.43954119 1.25  0.0 0.0
2015-07-03-16 04 47.466	  31.02737905 121.43954119 1.25  0.0 0.0
2015-07-03-16 04 47.571	  31.02737905 121.43954119 1.25  0.0 0.0
2015-07-03-16 04 47.674	  31.02737905 121.43954119 1.25  0.0 0.0
2015-07-03-16 04 47.803	  31.02737905 121.43954119 1.25  0.0 0.0
2015-07-03-16 04 47.946	  31.02737905 121.43954119 1.25  0.0 0.0
2015-07-03-16 04 48.050	  31.02737905 121.43954119 1.25  0.0 0.0
2015-07-03-16 04 48.157	  31.02737905 121.43954119 1.25  0.0 0.0
2015-07-03-16 04 48.298	  31.02737905 121.43954119 1.25  0.0 0.0
2015-07-03-16 04 48.428	  31.02737905 121.43954119 1.25  0.0 0.0
2015-07-03-16 04 48.543	  31.02737905 121.43954119 1.25  0.0 0.0
2015-07-03-16 04 48.645	  31.02737905 121.43954119 1.25  0.0 0.0
2015-07-03-16 04 48.787	  31.02737905 121.43954119 1.25  0.0 0.0
2015-07-03-16 04 48.892	  31.02737905 121.43954119 1.25  0.0 0.0
2015-07-03-16 04 49.052	  31.02737905 121.43954119 1.25  0.0 0.0
2015-07-03-16 04 49.170	  31.02737905 121.43954119 1.25  0.0 0.0
2015-07-03-16 04 49.276	  31.02739878 121.43952665 1.25  0.0 0.0
2015-07-03-16 04 49.380	  31.02739878 121.43952665 1.25  0.0 0.0
2015-07-03-16 04 49.481	  31.02739878 121.43952665 1.25  0.0 0.0
2015-07-03-16 04 49.604	  31.02739878 121.43952665 1.25  0.0 0.0
2015-07-03-16 04 49.721	  31.02739878 121.43952665 1.25  0.0 0.0
2015-07-03-16 04 49.835	  31.02739878 121.43952665 1.25  0.0 0.0
2015-07-03-16 04 49.936	  31.02739878 121.43952665 1.25  0.0 0.0
2015-07-03-16 04 50.048	  31.02739878 121.43952665 1.25  0.0 0.0
2015-07-03-16 04 50.202	  31.02739878 121.43952665 1.25  0.0 0.0
2015-07-03-16 04 50.306	  31.02739878 121.43952665 1.25  0.0 0.0
2015-07-03-16 04 50.409	  31.02739878 121.43952665 1.25  0.0 0.0
2015-07-03-16 04 50.551	  31.02739878 121.43952665 1.25  0.0 0.0
2015-07-03-16 04 50.670	  31.02739878 121.43952665 1.25  0.0 0.0
2015-07-03-16 04 50.796	  31.02739878 121.43952665 1.25  0.0 0.0
2015-07-03-16 04 50.936	  31.02739878 121.43952665 1.25  0.0 0.0
2015-07-03-16 04 51.077	  31.02739878 121.43952665 1.25  0.0 0.0
2015-07-03-16 04 51.220	  31.02739878 121.43952665 1.25  0.0 0.0
2015-07-03-16 04 51.393	  31.02741867 121.43951344 1.25  0.0 0.0
2015-07-03-16 04 51.508	  31.02741867 121.43951344 1.25  0.0 0.0
2015-07-03-16 04 51.649	  31.02741867 121.43951344 1.25  0.0 0.0
2015-07-03-16 04 51.784	  31.02741867 121.43951344 1.25  0.0 0.0
2015-07-03-16 04 51.935	  31.02741867 121.43951344 1.25  0.0 0.0
2015-07-03-16 04 52.055	  31.02741867 121.43951344 1.25  0.0 0.0
2015-07-03-16 04 52.188	  31.02741867 121.43951344 1.25  0.0 0.0
2015-07-03-16 04 52.351	  31.02741867 121.43951344 1.25  0.0 0.0
2015-07-03-16 04 52.467	  31.02741867 121.43951344 1.25  0.0 0.0
2015-07-03-16 04 52.593	  31.02741867 121.43951344 1.25  0.0 0.0
2015-07-03-16 04 52.709	  31.02741867 121.43951344 1.25  0.0 0.0
2015-07-03-16 04 52.843	  31.02741867 121.43951344 1.25  0.0 0.0
2015-07-03-16 04 53.005	  31.02741867 121.43951344 1.25  0.0 0.0
2015-07-03-16 04 53.119	  31.02741867 121.43951344 1.25  0.0 0.0
2015-07-03-16 04 53.287	  31.02741867 121.43951344 1.25  0.0 0.0
2015-07-03-16 04 53.448	  31.02743701 121.43949922 1.25  0.0 0.0
2015-07-03-16 04 53.563	  31.02743701 121.43949922 1.25  0.0 0.0
2015-07-03-16 04 53.678	  31.02743701 121.43949922 1.25  0.0 0.0
2015-07-03-16 04 53.820	  31.02743701 121.43949922 1.25  0.0 0.0
2015-07-03-16 04 53.940	  31.02743701 121.43949922 1.25  0.0 0.0
2015-07-03-16 04 54.056	  31.02743701 121.43949922 1.25  0.0 0.0
2015-07-03-16 04 54.159	  31.02743701 121.43949922 1.25  0.0 0.0
2015-07-03-16 04 54.263	  31.02743701 121.43949922 1.25  0.0 0.0
2015-07-03-16 04 54.385	  31.02743701 121.43949922 1.25  0.0 0.0
2015-07-03-16 04 54.534	  31.02743701 121.43949922 1.25  0.0 0.0
2015-07-03-16 04 54.686	  31.02743701 121.43949922 1.25  0.0 0.0
2015-07-03-16 04 54.834	  31.02743701 121.43949922 1.25  0.0 0.0
2015-07-03-16 04 54.951	  31.02743701 121.43949922 1.25  0.0 0.0
2015-07-03-16 04 55.088	  31.02743701 121.43949922 1.25  0.0 0.0
2015-07-03-16 04 55.205	  31.02743701 121.43949922 1.25  0.0 0.0
2015-07-03-16 04 55.340	  31.0274574 121.43948607 1.25  0.0 0.0
2015-07-03-16 04 55.487	  31.0274574 121.43948607 1.25  0.0 0.0
2015-07-03-16 04 55.609	  31.0274574 121.43948607 1.25  0.0 0.0
2015-07-03-16 04 55.752	  31.0274574 121.43948607 1.25  0.0 0.0
2015-07-03-16 04 55.868	  31.0274574 121.43948607 1.25  0.0 0.0
2015-07-03-16 04 56.018	  31.0274574 121.43948607 1.25  0.0 0.0
2015-07-03-16 04 56.158	  31.0274574 121.43948607 1.25  0.0 0.0
2015-07-03-16 04 56.293	  31.0274574 121.43948607 1.25  0.0 0.0
2015-07-03-16 04 56.429	  31.0274574 121.43948607 1.25  0.0 0.0
2015-07-03-16 04 56.545	  31.0274574 121.43948607 1.25  0.0 0.0
2015-07-03-16 04 56.686	  31.0274574 121.43948607 1.25  0.0 0.0
2015-07-03-16 04 56.829	  31.0274574 121.43948607 1.25  0.0 0.0
2015-07-03-16 04 56.990	  31.0274574 121.43948607 1.25  0.0 0.0
2015-07-03-16 04 57.108	  31.0274574 121.43948607 1.25  0.0 0.0
2015-07-03-16 04 57.251	  31.02747804 121.43947804 1.25  0.0 0.0
2015-07-03-16 04 57.373	  31.02747804 121.43947804 1.25  0.0 0.0
2015-07-03-16 04 57.501	  31.02747804 121.43947804 1.25  0.0 0.0
2015-07-03-16 04 57.624	  31.02747804 121.43947804 1.25  0.0 0.0
2015-07-03-16 04 57.775	  31.02747804 121.43947804 1.25  0.0 0.0
2015-07-03-16 04 57.933	  31.02747804 121.43947804 1.25  0.0 0.0
2015-07-03-16 04 58.076	  31.02747804 121.43947804 1.25  0.0 0.0
2015-07-03-16 04 58.233	  31.02747804 121.43947804 1.25  0.0 0.0
2015-07-03-16 04 58.400	  31.02747804 121.43947804 1.25  0.0 0.0
2015-07-03-16 04 58.505	  31.02747804 121.43947804 1.25  0.0 0.0
2015-07-03-16 04 58.611	  31.02747804 121.43947804 1.25  0.0 0.0
2015-07-03-16 04 58.716	  31.02747804 121.43947804 1.25  0.0 0.0
2015-07-03-16 04 58.822	  31.02747804 121.43947804 1.25  0.0 0.0
2015-07-03-16 04 58.928	  31.02747804 121.43947804 1.25  0.0 0.0
2015-07-03-16 04 59.030	  31.02747804 121.43947804 1.25  0.0 0.0
2015-07-03-16 04 59.161	  31.02747804 121.43947804 1.25  0.0 0.0
2015-07-03-16 04 59.277	  31.02747804 121.43947804 1.25  0.0 0.0
2015-07-03-16 04 59.407	  31.02749986 121.43947332 1.25  0.0 0.0
2015-07-03-16 04 59.549	  31.02749986 121.43947332 1.25  0.0 0.0
2015-07-03-16 04 59.699	  31.02749986 121.43947332 1.25  0.0 0.0
2015-07-03-16 04 59.855	  31.02749986 121.43947332 1.25  0.0 0.0
2015-07-03-16 04 59.962	  31.02749986 121.43947332 1.25  0.0 0.0
2015-07-03-16 05 00.067	  31.02749986 121.43947332 1.25  0.0 0.0
2015-07-03-16 05 00.170	  31.02749986 121.43947332 1.25  0.0 0.0
2015-07-03-16 05 00.282	  31.02749986 121.43947332 1.25  0.0 0.0
2015-07-03-16 05 00.386	  31.02749986 121.43947332 1.25  0.0 0.0
2015-07-03-16 05 00.488	  31.02749986 121.43947332 1.25  0.0 0.0
2015-07-03-16 05 00.593	  31.02749986 121.43947332 1.25  0.0 0.0
2015-07-03-16 05 00.695	  31.02749986 121.43947332 1.25  0.0 0.0
2015-07-03-16 05 00.800	  31.02749986 121.43947332 1.25  0.0 0.0
2015-07-03-16 05 00.919	  31.02749986 121.43947332 1.25  0.0 0.0
2015-07-03-16 05 01.026	  31.02749986 121.43947332 1.25  0.0 0.0
2015-07-03-16 05 01.129	  31.02749986 121.43947332 1.25  0.0 0.0
2015-07-03-16 05 01.242	  31.02749986 121.43947332 1.25  0.0 0.0
2015-07-03-16 05 01.346	  31.02749986 121.43947332 1.25  0.0 0.0
2015-07-03-16 05 01.458	  31.02752328 121.43946634 1.25  0.0 0.0
2015-07-03-16 05 01.563	  31.02752328 121.43946634 1.25  0.0 0.0
2015-07-03-16 05 01.670	  31.02752328 121.43946634 1.25  0.0 0.0
2015-07-03-16 05 01.776	  31.02752328 121.43946634 1.25  0.0 0.0
2015-07-03-16 05 01.882	  31.02752328 121.43946634 1.25  0.0 0.0
2015-07-03-16 05 01.991	  31.02752328 121.43946634 1.25  0.0 0.0
2015-07-03-16 05 02.101	  31.02752328 121.43946634 1.25  0.0 0.0
2015-07-03-16 05 02.205	  31.02752328 121.43946634 1.25  0.0 0.0
2015-07-03-16 05 02.312	  31.02752328 121.43946634 1.25  0.0 0.0
2015-07-03-16 05 02.420	  31.02752328 121.43946634 1.25  0.0 0.0
2015-07-03-16 05 02.523	  31.02752328 121.43946634 1.25  0.0 0.0
2015-07-03-16 05 02.631	  31.02752328 121.43946634 1.25  0.0 0.0
2015-07-03-16 05 02.735	  31.02752328 121.43946634 1.25  0.0 0.0
2015-07-03-16 05 02.845	  31.02752328 121.43946634 1.25  0.0 0.0
2015-07-03-16 05 02.957	  31.02752328 121.43946634 1.25  0.0 0.0
2015-07-03-16 05 03.063	  31.02752328 121.43946634 1.25  0.0 0.0
2015-07-03-16 05 03.165	  31.02752328 121.43946634 1.25  0.0 0.0
2015-07-03-16 05 03.274	  31.02752328 121.43946634 1.25  0.0 0.0
2015-07-03-16 05 03.396	  31.02754786 121.43946181 1.25  0.0 0.0
2015-07-03-16 05 03.500	  31.02754786 121.43946181 1.25  0.0 0.0
2015-07-03-16 05 03.604	  31.02754786 121.43946181 1.25  0.0 0.0
2015-07-03-16 05 03.708	  31.02754786 121.43946181 1.25  0.0 0.0
2015-07-03-16 05 03.809	  31.02754786 121.43946181 1.25  0.0 0.0
2015-07-03-16 05 03.912	  31.02754786 121.43946181 1.25  0.0 0.0
2015-07-03-16 05 04.018	  31.02754786 121.43946181 1.25  0.0 0.0
2015-07-03-16 05 04.120	  31.02754786 121.43946181 1.25  0.0 0.0
2015-07-03-16 05 04.249	  31.02754786 121.43946181 1.25  0.0 0.0
2015-07-03-16 05 04.373	  31.02754786 121.43946181 1.25  0.0 0.0
2015-07-03-16 05 04.517	  31.02754786 121.43946181 1.25  0.0 0.0
2015-07-03-16 05 04.682	  31.02754786 121.43946181 1.25  0.0 0.0
2015-07-03-16 05 04.801	  31.02754786 121.43946181 1.25  0.0 0.0
2015-07-03-16 05 04.921	  31.02754786 121.43946181 1.25  0.0 0.0
2015-07-03-16 05 05.089	  31.02754786 121.43946181 1.25  0.0 0.0
2015-07-03-16 05 05.191	  31.02754786 121.43946181 1.25  0.0 0.0
2015-07-03-16 05 05.294	  31.02757043 121.43945551 1.25  0.0 0.0
2015-07-03-16 05 05.403	  31.02757043 121.43945551 1.25  0.0 0.0
2015-07-03-16 05 05.509	  31.02757043 121.43945551 1.25  0.0 0.0
2015-07-03-16 05 05.621	  31.02757043 121.43945551 1.25  0.0 0.0
2015-07-03-16 05 05.727	  31.02757043 121.43945551 1.25  0.0 0.0
2015-07-03-16 05 05.832	  31.02757043 121.43945551 1.25  0.0 0.0
2015-07-03-16 05 05.938	  31.02757043 121.43945551 1.25  0.0 0.0
2015-07-03-16 05 06.049	  31.02757043 121.43945551 1.25  0.0 0.0
2015-07-03-16 05 06.155	  31.02757043 121.43945551 1.25  0.0 0.0
2015-07-03-16 05 06.269	  31.02757043 121.43945551 1.25  0.0 0.0
2015-07-03-16 05 06.371	  31.02757043 121.43945551 1.25  0.0 0.0
2015-07-03-16 05 06.476	  31.02757043 121.43945551 1.25  0.0 0.0
2015-07-03-16 05 06.580	  31.02757043 121.43945551 1.25  0.0 0.0
2015-07-03-16 05 06.683	  31.02757043 121.43945551 1.25  0.0 0.0
2015-07-03-16 05 06.793	  31.02757043 121.43945551 1.25  0.0 0.0
2015-07-03-16 05 06.905	  31.02757043 121.43945551 1.25  0.0 0.0
2015-07-03-16 05 07.010	  31.02757043 121.43945551 1.25  0.0 0.0
2015-07-03-16 05 07.118	  31.02757043 121.43945551 1.25  0.0 0.0
2015-07-03-16 05 07.230	  31.02757043 121.43945551 1.25  0.0 0.0
2015-07-03-16 05 07.341	  31.02759032 121.43944679 1.25  0.0 0.0
2015-07-03-16 05 07.446	  31.02759032 121.43944679 1.25  0.0 0.0
2015-07-03-16 05 07.554	  31.02759032 121.43944679 1.25  0.0 0.0
2015-07-03-16 05 07.663	  31.02759032 121.43944679 1.25  0.0 0.0
2015-07-03-16 05 07.771	  31.02759032 121.43944679 1.25  0.0 0.0
2015-07-03-16 05 07.878	  31.02759032 121.43944679 1.25  0.0 0.0
2015-07-03-16 05 07.995	  31.02759032 121.43944679 1.25  0.0 0.0
2015-07-03-16 05 08.099	  31.02759032 121.43944679 1.25  0.0 0.0
2015-07-03-16 05 08.202	  31.02759032 121.43944679 1.25  0.0 0.0
2015-07-03-16 05 08.312	  31.02759032 121.43944679 1.25  0.0 0.0
2015-07-03-16 05 08.423	  31.02759032 121.43944679 1.25  0.0 0.0
2015-07-03-16 05 08.525	  31.02759032 121.43944679 1.25  0.0 0.0
2015-07-03-16 05 08.634	  31.02759032 121.43944679 1.25  0.0 0.0
2015-07-03-16 05 08.739	  31.02759032 121.43944679 1.25  0.0 0.0
2015-07-03-16 05 08.850	  31.02759032 121.43944679 1.25  0.0 0.0
2015-07-03-16 05 08.985	  31.02759032 121.43944679 1.25  0.0 0.0
2015-07-03-16 05 09.102	  31.02759032 121.43944679 1.25  0.0 0.0
2015-07-03-16 05 09.246	  31.02759032 121.43944679 1.25  0.0 0.0
2015-07-03-16 05 09.395	  31.02760984 121.43943656 1.25  0.0 0.0
2015-07-03-16 05 09.510	  31.02760984 121.43943656 1.25  0.0 0.0
2015-07-03-16 05 09.674	  31.02760984 121.43943656 1.25  0.0 0.0
2015-07-03-16 05 09.819	  31.02760984 121.43943656 1.25  0.0 0.0
2015-07-03-16 05 09.962	  31.02760984 121.43943656 1.25  0.0 0.0
2015-07-03-16 05 10.134	  31.02760984 121.43943656 1.25  0.0 0.0
2015-07-03-16 05 10.253	  31.02760984 121.43943656 1.25  0.0 0.0
2015-07-03-16 05 10.420	  31.02760984 121.43943656 1.25  0.0 0.0
2015-07-03-16 05 10.559	  31.02760984 121.43943656 1.25  0.0 0.0
2015-07-03-16 05 10.694	  31.02760984 121.43943656 1.25  0.0 0.0
2015-07-03-16 05 10.846	  31.02760984 121.43943656 1.25  0.0 0.0
2015-07-03-16 05 10.978	  31.02760984 121.43943656 1.25  0.0 0.0
2015-07-03-16 05 11.132	  31.02760984 121.43943656 1.25  0.0 0.0
2015-07-03-16 05 11.287	  31.02762823 121.43942772 1.25  0.0 0.0
2015-07-03-16 05 11.452	  31.02762823 121.43942772 1.25  0.0 0.0
2015-07-03-16 05 11.571	  31.02762823 121.43942772 1.25  0.0 0.0
2015-07-03-16 05 11.716	  31.02762823 121.43942772 1.25  0.0 0.0
2015-07-03-16 05 11.899	  31.02762823 121.43942772 1.25  0.0 0.0
2015-07-03-16 05 12.042	  31.02762823 121.43942772 1.25  0.0 0.0
2015-07-03-16 05 12.184	  31.02762823 121.43942772 1.25  0.0 0.0
2015-07-03-16 05 12.307	  31.02762823 121.43942772 1.25  0.0 0.0
2015-07-03-16 05 12.461	  31.02762823 121.43942772 1.25  0.0 0.0
2015-07-03-16 05 12.615	  31.02762823 121.43942772 1.25  0.0 0.0
2015-07-03-16 05 12.760	  31.02762823 121.43942772 1.25  0.0 0.0
2015-07-03-16 05 12.909	  31.02762823 121.43942772 1.25  0.0 0.0
2015-07-03-16 05 13.099	  31.02762823 121.43942772 1.25  0.0 0.0
2015-07-03-16 05 13.242	  31.02762823 121.43942772 1.25  0.0 0.0
2015-07-03-16 05 13.380	  31.02764799 121.43941791 1.25  0.0 0.0
2015-07-03-16 05 13.503	  31.02764799 121.43941791 1.25  0.0 0.0
2015-07-03-16 05 13.659	  31.02764799 121.43941791 1.25  0.0 0.0
2015-07-03-16 05 13.793	  31.02764799 121.43941791 1.25  0.0 0.0
2015-07-03-16 05 13.954	  31.02764799 121.43941791 1.25  0.0 0.0
2015-07-03-16 05 14.073	  31.02764799 121.43941791 1.25  0.0 0.0
2015-07-03-16 05 14.203	  31.02764799 121.43941791 1.25  0.0 0.0
2015-07-03-16 05 14.366	  31.02764799 121.43941791 1.25  0.0 0.0
2015-07-03-16 05 14.482	  31.02764799 121.43941791 1.25  0.0 0.0
2015-07-03-16 05 14.596	  31.02764799 121.43941791 1.25  0.0 0.0
2015-07-03-16 05 14.715	  31.02764799 121.43941791 1.25  0.0 0.0
2015-07-03-16 05 14.847	  31.02764799 121.43941791 1.25  0.0 0.0
2015-07-03-16 05 14.988	  31.02764799 121.43941791 1.25  0.0 0.0
2015-07-03-16 05 15.153	  31.02764799 121.43941791 1.25  0.0 0.0
2015-07-03-16 05 15.269	  31.02766807 121.43940712 1.25  0.0 0.0
2015-07-03-16 05 15.439	  31.02766807 121.43940712 1.25  0.0 0.0
2015-07-03-16 05 15.578	  31.02766807 121.43940712 1.25  0.0 0.0
2015-07-03-16 05 15.739	  31.02766807 121.43940712 1.25  0.0 0.0
2015-07-03-16 05 15.882	  31.02766807 121.43940712 1.25  0.0 0.0
2015-07-03-16 05 16.004	  31.02766807 121.43940712 1.25  0.0 0.0
2015-07-03-16 05 16.123	  31.02766807 121.43940712 1.25  0.0 0.0
2015-07-03-16 05 16.260	  31.02766807 121.43940712 1.25  0.0 0.0
2015-07-03-16 05 16.418	  31.02766807 121.43940712 1.25  0.0 0.0
2015-07-03-16 05 16.571	  31.02766807 121.43940712 1.25  0.0 0.0
2015-07-03-16 05 16.689	  31.02766807 121.43940712 1.25  0.0 0.0
2015-07-03-16 05 16.840	  31.02766807 121.43940712 1.25  0.0 0.0
2015-07-03-16 05 16.999	  31.02766807 121.43940712 1.25  0.0 0.0
2015-07-03-16 05 17.139	  31.02766807 121.43940712 1.25  0.0 0.0
2015-07-03-16 05 17.281	  31.02768732 121.43939625 1.25  0.0 0.0
2015-07-03-16 05 17.423	  31.02768732 121.43939625 1.25  0.0 0.0
2015-07-03-16 05 17.541	  31.02768732 121.43939625 1.25  0.0 0.0
2015-07-03-16 05 17.696	  31.02768732 121.43939625 1.25  0.0 0.0
2015-07-03-16 05 17.844	  31.02768732 121.43939625 1.25  0.0 0.0
2015-07-03-16 05 17.981	  31.02768732 121.43939625 1.25  0.0 0.0
2015-07-03-16 05 18.149	  31.02768732 121.43939625 1.25  0.0 0.0
2015-07-03-16 05 18.290	  31.02768732 121.43939625 1.25  0.0 0.0
2015-07-03-16 05 18.438	  31.02768732 121.43939625 1.25  0.0 0.0
2015-07-03-16 05 18.574	  31.02768732 121.43939625 1.25  0.0 0.0
2015-07-03-16 05 18.753	  31.02768732 121.43939625 1.25  0.0 0.0
2015-07-03-16 05 18.869	  31.02768732 121.43939625 1.25  0.0 0.0
2015-07-03-16 05 19.023	  31.02768732 121.43939625 1.25  0.0 0.0
2015-07-03-16 05 19.156	  31.02768732 121.43939625 1.25  0.0 0.0
2015-07-03-16 05 19.304	  31.02770725 121.43938795 1.25  0.0 0.0
2015-07-03-16 05 19.423	  31.02770725 121.43938795 1.25  0.0 0.0
