2015-07-06-19 04 33.938	  0.0 0.0 0.0  0.0 0.0
2015-07-06-19 04 34.040	  0.0 0.0 0.0  0.0 0.0
2015-07-06-19 04 34.142	  0.0 0.0 0.0  0.0 0.0
2015-07-06-19 04 34.244	  0.0 0.0 0.0  0.0 0.0
2015-07-06-19 04 34.346	  0.0 0.0 0.0  0.0 0.0
2015-07-06-19 04 34.450	  0.0 0.0 0.0  0.0 0.0
2015-07-06-19 04 34.552	  0.0 0.0 0.0  0.0 0.0
2015-07-06-19 04 34.654	  0.0 0.0 0.0  0.0 0.0
2015-07-06-19 04 34.756	  0.0 0.0 0.0  0.0 0.0
2015-07-06-19 04 34.858	  0.0 0.0 0.0  0.0 0.0
2015-07-06-19 04 34.959	  0.0 0.0 0.0  0.0 0.0
2015-07-06-19 04 35.061	  0.0 0.0 0.0  0.0 0.0
2015-07-06-19 04 35.163	  0.0 0.0 0.0  0.0 0.0
2015-07-06-19 04 35.265	  0.0 0.0 0.0  0.0 0.0
2015-07-06-19 04 35.367	  0.0 0.0 0.0  0.0 0.0
2015-07-06-19 04 35.468	  0.0 0.0 0.0  0.0 0.0
2015-07-06-19 04 35.570	  0.0 0.0 0.0  0.0 0.0
2015-07-06-19 04 35.672	  0.0 0.0 0.0  0.0 0.0
2015-07-06-19 04 35.774	  0.0 0.0 0.0  0.0 0.0
2015-07-06-19 04 35.875	  0.0 0.0 0.0  0.0 0.0
2015-07-06-19 04 35.977	  0.0 0.0 0.0  0.0 0.0
2015-07-06-19 04 36.080	  0.0 0.0 0.0  0.0 0.0
2015-07-06-19 04 36.182	  0.0 0.0 0.0  0.0 0.0
2015-07-06-19 04 36.284	  0.0 0.0 0.0  0.0 0.0
2015-07-06-19 04 36.385	  0.0 0.0 0.0  0.0 0.0
2015-07-06-19 04 36.487	  0.0 0.0 0.0  0.0 0.0
2015-07-06-19 04 36.589	  0.0 0.0 0.0  0.0 0.0
2015-07-06-19 04 36.691	  0.0 0.0 0.0  0.0 0.0
2015-07-06-19 04 36.793	  0.0 0.0 0.0  0.0 0.0
2015-07-06-19 04 36.894	  0.0 0.0 0.0  0.0 0.0
2015-07-06-19 04 37.001	  0.0 0.0 0.0  0.0 0.0
2015-07-06-19 04 37.102	  0.0 0.0 0.0  0.0 0.0
2015-07-06-19 04 37.205	  0.0 0.0 0.0  0.0 0.0
2015-07-06-19 04 37.310	  0.0 0.0 0.0  0.0 0.0
2015-07-06-19 04 37.412	  0.0 0.0 0.0  0.0 0.0
2015-07-06-19 04 37.514	  0.0 0.0 0.0  0.0 0.0
2015-07-06-19 04 37.616	  0.0 0.0 0.0  0.0 0.0
2015-07-06-19 04 37.717	  0.0 0.0 0.0  0.0 0.0
2015-07-06-19 04 37.825	  0.0 0.0 0.0  0.0 0.0
2015-07-06-19 04 37.929	  0.0 0.0 0.0  0.0 0.0
2015-07-06-19 04 38.033	  0.0 0.0 0.0  0.0 0.0
2015-07-06-19 04 38.138	  31.0277378 121.43930736 0.0  0.0 0.0
2015-07-06-19 04 38.240	  31.0277378 121.43930736 0.0  0.0 0.0
2015-07-06-19 04 38.342	  31.0277378 121.43930736 0.0  0.0 0.0
2015-07-06-19 04 38.445	  31.0277378 121.43930736 0.0  0.0 0.0
2015-07-06-19 04 38.551	  31.0277378 121.43930736 0.0  0.0 0.0
2015-07-06-19 04 38.655	  31.0277378 121.43930736 0.0  0.0 0.0
2015-07-06-19 04 38.759	  31.0277378 121.43930736 0.0  0.0 0.0
2015-07-06-19 04 38.862	  31.0277378 121.43930736 0.0  0.0 0.0
2015-07-06-19 04 38.965	  31.0277378 121.43930736 0.0  0.0 0.0
2015-07-06-19 04 39.067	  31.0277378 121.43930736 0.0  0.0 0.0
2015-07-06-19 04 39.170	  31.02771186 121.43932312 0.0  0.0 0.0
2015-07-06-19 04 39.272	  31.02771186 121.43932312 0.0  0.0 0.0
2015-07-06-19 04 39.373	  31.02771186 121.43932312 0.0  0.0 0.0
2015-07-06-19 04 39.474	  31.02771186 121.43932312 0.0  0.0 0.0
2015-07-06-19 04 39.579	  31.02771186 121.43932312 0.0  0.0 0.0
2015-07-06-19 04 39.683	  31.02771186 121.43932312 0.0  0.0 0.0
2015-07-06-19 04 39.787	  31.02771186 121.43932312 0.0  0.0 0.0
2015-07-06-19 04 39.892	  31.02771186 121.43932312 0.0  0.0 0.0
2015-07-06-19 04 39.996	  31.02771186 121.43932312 0.0  0.0 0.0
2015-07-06-19 04 40.102	  31.02771186 121.43932312 0.0  0.0 0.0
2015-07-06-19 04 40.203	  31.02771186 121.43932312 0.0  0.0 0.0
2015-07-06-19 04 40.304	  31.02771186 121.43932312 0.0  0.0 0.0
2015-07-06-19 04 40.409	  31.02771186 121.43932312 0.0  0.0 0.0
2015-07-06-19 04 40.513	  31.02771186 121.43932312 0.0  0.0 0.0
2015-07-06-19 04 40.617	  31.02771186 121.43932312 0.0  0.0 0.0
2015-07-06-19 04 40.724	  31.02771186 121.43932312 0.0  0.0 0.0
2015-07-06-19 04 40.841	  31.02771186 121.43932312 0.0  0.0 0.0
2015-07-06-19 04 40.943	  31.02771186 121.43932312 0.0  0.0 0.0
2015-07-06-19 04 41.044	  31.02771186 121.43932312 0.0  0.0 0.0
2015-07-06-19 04 41.146	  31.02769471 121.4393426 0.0  0.0 0.0
2015-07-06-19 04 41.250	  31.02769471 121.4393426 0.0  0.0 0.0
2015-07-06-19 04 41.352	  31.02769471 121.4393426 0.0  0.0 0.0
2015-07-06-19 04 41.455	  31.02769471 121.4393426 0.0  0.0 0.0
2015-07-06-19 04 41.586	  31.02769471 121.4393426 0.0  0.0 0.0
2015-07-06-19 04 41.687	  31.02769471 121.4393426 0.0  0.0 0.0
2015-07-06-19 04 41.789	  31.02769471 121.4393426 0.0  0.0 0.0
2015-07-06-19 04 41.892	  31.02769471 121.4393426 0.0  0.0 0.0
2015-07-06-19 04 41.996	  31.02769471 121.4393426 0.0  0.0 0.0
2015-07-06-19 04 42.102	  31.02769471 121.4393426 0.0  0.0 0.0
2015-07-06-19 04 42.210	  31.02769471 121.4393426 0.0  0.0 0.0
2015-07-06-19 04 42.311	  31.02769471 121.4393426 0.0  0.0 0.0
2015-07-06-19 04 42.413	  31.02769471 121.4393426 0.0  0.0 0.0
2015-07-06-19 04 42.517	  31.02769471 121.4393426 0.0  0.0 0.0
2015-07-06-19 04 42.621	  31.02769471 121.4393426 0.0  0.0 0.0
2015-07-06-19 04 42.726	  31.02769471 121.4393426 0.0  0.0 0.0
2015-07-06-19 04 42.842	  31.02769471 121.4393426 0.0  0.0 0.0
2015-07-06-19 04 42.944	  31.02769471 121.4393426 0.0  0.0 0.0
2015-07-06-19 04 43.046	  31.02769471 121.4393426 0.0  0.0 0.0
2015-07-06-19 04 43.148	  31.02769471 121.4393426 0.0  0.0 0.0
2015-07-06-19 04 43.250	  31.02769471 121.4393426 0.0  0.0 0.0
2015-07-06-19 04 43.353	  31.02769471 121.4393426 0.0  0.0 0.0
2015-07-06-19 04 43.463	  31.02769471 121.4393426 0.0  0.0 0.0
2015-07-06-19 04 43.564	  31.02769471 121.4393426 0.0  0.0 0.0
2015-07-06-19 04 43.665	  31.02769471 121.4393426 0.0  0.0 0.0
2015-07-06-19 04 43.767	  31.02769471 121.4393426 0.0  0.0 0.0
2015-07-06-19 04 43.871	  31.02769471 121.4393426 0.0  0.0 0.0
2015-07-06-19 04 43.978	  31.02769471 121.4393426 0.0  0.0 0.0
2015-07-06-19 04 44.082	  31.02769471 121.4393426 0.0  0.0 0.0
2015-07-06-19 04 44.184	  31.02768608 121.43936454 0.0  0.0 0.0
2015-07-06-19 04 44.288	  31.02768608 121.43936454 0.0  0.0 0.0
2015-07-06-19 04 44.390	  31.02768608 121.43936454 0.0  0.0 0.0
2015-07-06-19 04 44.491	  31.02768608 121.43936454 0.0  0.0 0.0
2015-07-06-19 04 44.593	  31.02768608 121.43936454 0.0  0.0 0.0
2015-07-06-19 04 44.696	  31.02768608 121.43936454 0.0  0.0 0.0
2015-07-06-19 04 44.800	  31.02768608 121.43936454 0.0  0.0 0.0
2015-07-06-19 04 44.906	  31.02768608 121.43936454 0.0  0.0 0.0
2015-07-06-19 04 45.007	  31.02768608 121.43936454 0.0  0.0 0.0
2015-07-06-19 04 45.109	  31.02768608 121.43936454 0.0  0.0 0.0
2015-07-06-19 04 45.211	  31.02768608 121.43936454 0.0  0.0 0.0
2015-07-06-19 04 45.313	  31.02768608 121.43936454 0.0  0.0 0.0
2015-07-06-19 04 45.416	  31.02768608 121.43936454 0.0  0.0 0.0
2015-07-06-19 04 45.518	  31.02768608 121.43936454 0.0  0.0 0.0
2015-07-06-19 04 45.620	  31.02768608 121.43936454 0.0  0.0 0.0
2015-07-06-19 04 45.722	  31.02768608 121.43936454 0.0  0.0 0.0
2015-07-06-19 04 45.824	  31.02768608 121.43936454 0.0  0.0 0.0
2015-07-06-19 04 45.929	  31.02768608 121.43936454 0.0  0.0 0.0
2015-07-06-19 04 46.037	  31.02768608 121.43936454 0.0  0.0 0.0
2015-07-06-19 04 46.149	  31.02768608 121.43936454 0.0  0.0 0.0
2015-07-06-19 04 46.259	  31.02768608 121.43936454 0.0  0.0 0.0
2015-07-06-19 04 46.360	  31.02768608 121.43936454 0.0  0.0 0.0
2015-07-06-19 04 46.466	  31.02768608 121.43936454 0.0  0.0 0.0
2015-07-06-19 04 46.573	  31.02768608 121.43936454 0.0  0.0 0.0
2015-07-06-19 04 46.676	  31.02768608 121.43936454 0.0  0.0 0.0
2015-07-06-19 04 46.783	  31.02768608 121.43936454 0.0  0.0 0.0
2015-07-06-19 04 46.888	  31.02768608 121.43936454 0.0  0.0 0.0
2015-07-06-19 04 47.002	  31.02768608 121.43936454 0.0  0.0 0.0
2015-07-06-19 04 47.104	  31.02768608 121.43936454 0.0  0.0 0.0
2015-07-06-19 04 47.205	  31.02768608 121.43936454 0.0  0.0 0.0
2015-07-06-19 04 47.308	  31.02768608 121.43936454 0.0  0.0 0.0
2015-07-06-19 04 47.412	  31.02768608 121.43936454 0.0  0.0 0.0
2015-07-06-19 04 47.526	  31.02768608 121.43936454 0.0  0.0 0.0
2015-07-06-19 04 47.628	  31.02768608 121.43936454 0.0  0.0 0.0
2015-07-06-19 04 47.729	  31.02768608 121.43936454 0.0  0.0 0.0
2015-07-06-19 04 47.830	  31.02768608 121.43936454 0.0  0.0 0.0
2015-07-06-19 04 47.933	  31.02768608 121.43936454 0.0  0.0 0.0
2015-07-06-19 04 48.038	  31.02768608 121.43936454 0.0  0.0 0.0
2015-07-06-19 04 48.140	  31.02765813 121.43938264 1.0  0.0 0.0
2015-07-06-19 04 48.248	  31.02765813 121.43938264 1.0  0.0 0.0
2015-07-06-19 04 48.351	  31.02765813 121.43938264 1.0  0.0 0.0
2015-07-06-19 04 48.454	  31.02765813 121.43938264 1.0  0.0 0.0
2015-07-06-19 04 48.560	  31.02765813 121.43938264 1.0  0.0 0.0
2015-07-06-19 04 48.662	  31.02765813 121.43938264 1.0  0.0 0.0
2015-07-06-19 04 48.768	  31.02765813 121.43938264 1.0  0.0 0.0
2015-07-06-19 04 48.875	  31.02765813 121.43938264 1.0  0.0 0.0
2015-07-06-19 04 48.980	  31.02765813 121.43938264 1.0  0.0 0.0
2015-07-06-19 04 49.083	  31.02765813 121.43938264 1.0  0.0 0.0
2015-07-06-19 04 49.185	  31.02765813 121.43938264 1.0  0.0 0.0
2015-07-06-19 04 49.287	  31.02765813 121.43938264 1.0  0.0 0.0
2015-07-06-19 04 49.388	  31.02765813 121.43938264 1.0  0.0 0.0
2015-07-06-19 04 49.491	  31.02765813 121.43938264 1.0  0.0 0.0
2015-07-06-19 04 49.599	  31.02765813 121.43938264 1.0  0.0 0.0
2015-07-06-19 04 49.704	  31.02765813 121.43938264 1.0  0.0 0.0
2015-07-06-19 04 49.809	  31.02765813 121.43938264 1.0  0.0 0.0
2015-07-06-19 04 49.910	  31.02765813 121.43938264 1.0  0.0 0.0
2015-07-06-19 04 50.012	  31.02765813 121.43938264 1.0  0.0 0.0
2015-07-06-19 04 50.113	  31.02763477 121.43941138 1.5  0.0 0.0
2015-07-06-19 04 50.241	  31.02763477 121.43941138 1.5  0.0 0.0
2015-07-06-19 04 50.343	  31.02763477 121.43941138 1.5  0.0 0.0
2015-07-06-19 04 50.445	  31.02763477 121.43941138 1.5  0.0 0.0
2015-07-06-19 04 50.550	  31.02763477 121.43941138 1.5  0.0 0.0
2015-07-06-19 04 50.662	  31.02763477 121.43941138 1.5  0.0 0.0
2015-07-06-19 04 50.763	  31.02763477 121.43941138 1.5  0.0 0.0
2015-07-06-19 04 50.864	  31.02763477 121.43941138 1.5  0.0 0.0
2015-07-06-19 04 50.965	  31.02763477 121.43941138 1.5  0.0 0.0
2015-07-06-19 04 51.085	  31.02763477 121.43941138 1.5  0.0 0.0
2015-07-06-19 04 51.187	  31.02763477 121.43941138 1.5  0.0 0.0
2015-07-06-19 04 51.288	  31.02763477 121.43941138 1.5  0.0 0.0
2015-07-06-19 04 51.391	  31.02763477 121.43941138 1.5  0.0 0.0
2015-07-06-19 04 51.504	  31.02763477 121.43941138 1.5  0.0 0.0
2015-07-06-19 04 51.606	  31.02763477 121.43941138 1.5  0.0 0.0
2015-07-06-19 04 51.707	  31.02763477 121.43941138 1.5  0.0 0.0
2015-07-06-19 04 51.809	  31.02763477 121.43941138 1.5  0.0 0.0
2015-07-06-19 04 51.915	  31.02763477 121.43941138 1.5  0.0 0.0
2015-07-06-19 04 52.020	  31.02763477 121.43941138 1.5  0.0 0.0
2015-07-06-19 04 52.125	  31.02761158 121.43943832 1.5  0.0 0.0
2015-07-06-19 04 52.237	  31.02761158 121.43943832 1.5  0.0 0.0
2015-07-06-19 04 52.343	  31.02761158 121.43943832 1.5  0.0 0.0
2015-07-06-19 04 52.446	  31.02761158 121.43943832 1.5  0.0 0.0
2015-07-06-19 04 52.552	  31.02761158 121.43943832 1.5  0.0 0.0
2015-07-06-19 04 52.657	  31.02761158 121.43943832 1.5  0.0 0.0
2015-07-06-19 04 52.768	  31.02761158 121.43943832 1.5  0.0 0.0
2015-07-06-19 04 52.870	  31.02761158 121.43943832 1.5  0.0 0.0
2015-07-06-19 04 52.972	  31.02761158 121.43943832 1.5  0.0 0.0
2015-07-06-19 04 53.079	  31.02761158 121.43943832 1.5  0.0 0.0
2015-07-06-19 04 53.240	  31.02761158 121.43943832 1.5  0.0 0.0
2015-07-06-19 04 53.343	  31.02761158 121.43943832 1.5  0.0 0.0
2015-07-06-19 04 53.446	  31.02761158 121.43943832 1.5  0.0 0.0
2015-07-06-19 04 53.555	  31.02761158 121.43943832 1.5  0.0 0.0
2015-07-06-19 04 53.667	  31.02761158 121.43943832 1.5  0.0 0.0
2015-07-06-19 04 53.770	  31.02761158 121.43943832 1.5  0.0 0.0
2015-07-06-19 04 53.872	  31.02761158 121.43943832 1.5  0.0 0.0
2015-07-06-19 04 53.980	  31.02761158 121.43943832 1.5  0.0 0.0
2015-07-06-19 04 54.092	  31.02761158 121.43943832 1.5  0.0 0.0
2015-07-06-19 04 54.195	  31.02759173 121.4394618 1.5  0.0 0.0
2015-07-06-19 04 54.309	  31.02759173 121.4394618 1.5  0.0 0.0
2015-07-06-19 04 54.410	  31.02759173 121.4394618 1.5  0.0 0.0
2015-07-06-19 04 54.512	  31.02759173 121.4394618 1.5  0.0 0.0
2015-07-06-19 04 54.614	  31.02759173 121.4394618 1.5  0.0 0.0
2015-07-06-19 04 54.720	  31.02759173 121.4394618 1.5  0.0 0.0
2015-07-06-19 04 54.833	  31.02759173 121.4394618 1.5  0.0 0.0
2015-07-06-19 04 54.935	  31.02759173 121.4394618 1.5  0.0 0.0
2015-07-06-19 04 55.038	  31.02759173 121.4394618 1.5  0.0 0.0
2015-07-06-19 04 55.142	  31.02759173 121.4394618 1.5  0.0 0.0
2015-07-06-19 04 55.289	  31.02759173 121.4394618 1.5  0.0 0.0
2015-07-06-19 04 55.393	  31.02759173 121.4394618 1.5  0.0 0.0
2015-07-06-19 04 55.496	  31.02759173 121.4394618 1.5  0.0 0.0
2015-07-06-19 04 55.604	  31.02759173 121.4394618 1.5  0.0 0.0
2015-07-06-19 04 55.709	  31.02759173 121.4394618 1.5  0.0 0.0
2015-07-06-19 04 55.811	  31.02759173 121.4394618 1.5  0.0 0.0
2015-07-06-19 04 55.912	  31.02759173 121.4394618 1.5  0.0 0.0
2015-07-06-19 04 56.020	  31.02759173 121.4394618 1.5  0.0 0.0
2015-07-06-19 04 56.134	  31.02759173 121.4394618 1.5  0.0 0.0
2015-07-06-19 04 56.235	  31.02756005 121.43948011 1.5  0.0 0.0
2015-07-06-19 04 56.337	  31.02756005 121.43948011 1.5  0.0 0.0
2015-07-06-19 04 56.444	  31.02756005 121.43948011 1.5  0.0 0.0
2015-07-06-19 04 56.546	  31.02756005 121.43948011 1.5  0.0 0.0
2015-07-06-19 04 56.651	  31.02756005 121.43948011 1.5  0.0 0.0
2015-07-06-19 04 56.760	  31.02756005 121.43948011 1.5  0.0 0.0
2015-07-06-19 04 56.864	  31.02756005 121.43948011 1.5  0.0 0.0
2015-07-06-19 04 56.966	  31.02756005 121.43948011 1.5  0.0 0.0
2015-07-06-19 04 57.071	  31.02756005 121.43948011 1.5  0.0 0.0
2015-07-06-19 04 57.184	  31.02756005 121.43948011 1.5  0.0 0.0
2015-07-06-19 04 57.285	  31.02754276 121.439489 1.5  0.0 0.0
2015-07-06-19 04 57.388	  31.02754276 121.439489 1.5  0.0 0.0
2015-07-06-19 04 57.494	  31.02754276 121.439489 1.5  0.0 0.0
2015-07-06-19 04 57.597	  31.02754276 121.439489 1.5  0.0 0.0
2015-07-06-19 04 57.702	  31.02754276 121.439489 1.5  0.0 0.0
2015-07-06-19 04 57.808	  31.02754276 121.439489 1.5  0.0 0.0
2015-07-06-19 04 57.911	  31.02754276 121.439489 1.5  0.0 0.0
2015-07-06-19 04 58.012	  31.02754276 121.439489 1.5  0.0 0.0
2015-07-06-19 04 58.116	  31.02754276 121.439489 1.5  0.0 0.0
2015-07-06-19 04 58.222	  31.02754276 121.439489 1.5  0.0 0.0
2015-07-06-19 04 58.324	  31.02754276 121.439489 1.5  0.0 0.0
2015-07-06-19 04 58.427	  31.02754276 121.439489 1.5  0.0 0.0
2015-07-06-19 04 58.544	  31.02754276 121.439489 1.5  0.0 0.0
2015-07-06-19 04 58.646	  31.02754276 121.439489 1.5  0.0 0.0
2015-07-06-19 04 58.748	  31.02754276 121.439489 1.5  0.0 0.0
2015-07-06-19 04 58.853	  31.02754276 121.439489 1.5  0.0 0.0
2015-07-06-19 04 58.955	  31.02754276 121.439489 1.5  0.0 0.0
2015-07-06-19 04 59.057	  31.02754276 121.439489 1.5  0.0 0.0
2015-07-06-19 04 59.161	  31.02751422 121.43950643 1.5  0.0 0.0
2015-07-06-19 04 59.264	  31.02751422 121.43950643 1.5  0.0 0.0
2015-07-06-19 04 59.367	  31.02751422 121.43950643 1.5  0.0 0.0
2015-07-06-19 04 59.477	  31.02751422 121.43950643 1.5  0.0 0.0
2015-07-06-19 04 59.578	  31.02751422 121.43950643 1.5  0.0 0.0
2015-07-06-19 04 59.684	  31.02751422 121.43950643 1.5  0.0 0.0
2015-07-06-19 04 59.787	  31.02751422 121.43950643 1.5  0.0 0.0
2015-07-06-19 04 59.890	  31.02751422 121.43950643 1.5  0.0 0.0
2015-07-06-19 04 59.995	  31.02751422 121.43950643 1.5  0.0 0.0
2015-07-06-19 05 00.098	  31.02751422 121.43950643 1.5  0.0 0.0
2015-07-06-19 05 00.209	  31.02751422 121.43950643 1.5  0.0 0.0
2015-07-06-19 05 00.316	  31.02751422 121.43950643 1.5  0.0 0.0
2015-07-06-19 05 00.419	  31.02751422 121.43950643 1.5  0.0 0.0
2015-07-06-19 05 00.520	  31.02751422 121.43950643 1.5  0.0 0.0
2015-07-06-19 05 00.626	  31.02751422 121.43950643 1.5  0.0 0.0
2015-07-06-19 05 00.729	  31.02751422 121.43950643 1.5  0.0 0.0
2015-07-06-19 05 00.832	  31.02751422 121.43950643 1.5  0.0 0.0
2015-07-06-19 05 00.941	  31.02751422 121.43950643 1.5  0.0 0.0
2015-07-06-19 05 01.043	  31.02751422 121.43950643 1.5  0.0 0.0
2015-07-06-19 05 01.144	  31.02748914 121.43951774 1.5  0.0 0.0
2015-07-06-19 05 01.251	  31.02748914 121.43951774 1.5  0.0 0.0
2015-07-06-19 05 01.353	  31.02748914 121.43951774 1.5  0.0 0.0
2015-07-06-19 05 01.460	  31.02748914 121.43951774 1.5  0.0 0.0
2015-07-06-19 05 01.575	  31.02748914 121.43951774 1.5  0.0 0.0
2015-07-06-19 05 01.676	  31.02748914 121.43951774 1.5  0.0 0.0
2015-07-06-19 05 01.779	  31.02748914 121.43951774 1.5  0.0 0.0
2015-07-06-19 05 01.884	  31.02748914 121.43951774 1.5  0.0 0.0
2015-07-06-19 05 01.992	  31.02748914 121.43951774 1.5  0.0 0.0
2015-07-06-19 05 02.099	  31.02748914 121.43951774 1.5  0.0 0.0
2015-07-06-19 05 02.253	  31.02748914 121.43951774 1.5  0.0 0.0
2015-07-06-19 05 02.355	  31.02748914 121.43951774 1.5  0.0 0.0
2015-07-06-19 05 02.457	  31.02748914 121.43951774 1.5  0.0 0.0
2015-07-06-19 05 02.561	  31.02748914 121.43951774 1.5  0.0 0.0
2015-07-06-19 05 02.664	  31.02748914 121.43951774 1.5  0.0 0.0
2015-07-06-19 05 02.766	  31.02748914 121.43951774 1.5  0.0 0.0
2015-07-06-19 05 02.876	  31.02748914 121.43951774 1.5  0.0 0.0
2015-07-06-19 05 02.977	  31.02748914 121.43951774 1.5  0.0 0.0
2015-07-06-19 05 03.079	  31.02748914 121.43951774 1.5  0.0 0.0
2015-07-06-19 05 03.194	  31.02745945 121.43952673 1.5  0.0 0.0
2015-07-06-19 05 03.295	  31.02745945 121.43952673 1.5  0.0 0.0
2015-07-06-19 05 03.398	  31.02745945 121.43952673 1.5  0.0 0.0
2015-07-06-19 05 03.503	  31.02745945 121.43952673 1.5  0.0 0.0
2015-07-06-19 05 03.606	  31.02745945 121.43952673 1.5  0.0 0.0
2015-07-06-19 05 03.708	  31.02745945 121.43952673 1.5  0.0 0.0
2015-07-06-19 05 03.815	  31.02745945 121.43952673 1.5  0.0 0.0
2015-07-06-19 05 03.916	  31.02745945 121.43952673 1.5  0.0 0.0
2015-07-06-19 05 04.019	  31.02745945 121.43952673 1.5  0.0 0.0
2015-07-06-19 05 04.124	  31.02745945 121.43952673 1.5  0.0 0.0
2015-07-06-19 05 04.229	  31.02745945 121.43952673 1.5  0.0 0.0
2015-07-06-19 05 04.335	  31.02745945 121.43952673 1.5  0.0 0.0
2015-07-06-19 05 04.444	  31.02745945 121.43952673 1.5  0.0 0.0
2015-07-06-19 05 04.547	  31.02745945 121.43952673 1.5  0.0 0.0
2015-07-06-19 05 04.650	  31.02745945 121.43952673 1.5  0.0 0.0
2015-07-06-19 05 04.752	  31.02745945 121.43952673 1.5  0.0 0.0
2015-07-06-19 05 04.860	  31.02745945 121.43952673 1.5  0.0 0.0
2015-07-06-19 05 04.962	  31.02745945 121.43952673 1.5  0.0 0.0
2015-07-06-19 05 05.065	  31.02745945 121.43952673 1.5  0.0 0.0
2015-07-06-19 05 05.176	  31.02742648 121.4395358 1.5  0.0 0.0
2015-07-06-19 05 05.278	  31.02742648 121.4395358 1.5  0.0 0.0
2015-07-06-19 05 05.380	  31.02742648 121.4395358 1.5  0.0 0.0
2015-07-06-19 05 05.487	  31.02742648 121.4395358 1.5  0.0 0.0
2015-07-06-19 05 05.589	  31.02742648 121.4395358 1.5  0.0 0.0
2015-07-06-19 05 05.691	  31.02742648 121.4395358 1.5  0.0 0.0
2015-07-06-19 05 05.803	  31.02742648 121.4395358 1.5  0.0 0.0
2015-07-06-19 05 05.911	  31.02742648 121.4395358 1.5  0.0 0.0
2015-07-06-19 05 06.015	  31.02742648 121.4395358 1.5  0.0 0.0
2015-07-06-19 05 06.132	  31.02742648 121.4395358 1.5  0.0 0.0
2015-07-06-19 05 06.233	  31.02742648 121.4395358 1.5  0.0 0.0
2015-07-06-19 05 06.335	  31.02742648 121.4395358 1.5  0.0 0.0
2015-07-06-19 05 06.443	  31.02742648 121.4395358 1.5  0.0 0.0
2015-07-06-19 05 06.549	  31.02742648 121.4395358 1.5  0.0 0.0
2015-07-06-19 05 06.653	  31.02742648 121.4395358 1.5  0.0 0.0
2015-07-06-19 05 06.781	  31.02742648 121.4395358 1.5  0.0 0.0
2015-07-06-19 05 06.883	  31.02742648 121.4395358 1.5  0.0 0.0
2015-07-06-19 05 06.985	  31.02742648 121.4395358 1.5  0.0 0.0
2015-07-06-19 05 07.089	  31.02742648 121.4395358 1.5  0.0 0.0
2015-07-06-19 05 07.196	  31.02739463 121.43954288 1.5  0.0 0.0
2015-07-06-19 05 07.298	  31.02739463 121.43954288 1.5  0.0 0.0
2015-07-06-19 05 07.413	  31.02739463 121.43954288 1.5  0.0 0.0
2015-07-06-19 05 07.515	  31.02739463 121.43954288 1.5  0.0 0.0
2015-07-06-19 05 07.629	  31.02739463 121.43954288 1.5  0.0 0.0
2015-07-06-19 05 07.730	  31.02739463 121.43954288 1.5  0.0 0.0
2015-07-06-19 05 07.832	  31.02739463 121.43954288 1.5  0.0 0.0
2015-07-06-19 05 07.946	  31.02739463 121.43954288 1.5  0.0 0.0
2015-07-06-19 05 08.049	  31.02739463 121.43954288 1.5  0.0 0.0
2015-07-06-19 05 08.152	  31.02739463 121.43954288 1.5  0.0 0.0
2015-07-06-19 05 08.273	  31.02739463 121.43954288 1.5  0.0 0.0
2015-07-06-19 05 08.375	  31.02739463 121.43954288 1.5  0.0 0.0
2015-07-06-19 05 08.481	  31.02739463 121.43954288 1.5  0.0 0.0
2015-07-06-19 05 08.585	  31.02739463 121.43954288 1.5  0.0 0.0
2015-07-06-19 05 08.690	  31.02739463 121.43954288 1.5  0.0 0.0
2015-07-06-19 05 08.862	  31.02739463 121.43954288 1.5  0.0 0.0
2015-07-06-19 05 08.963	  31.02739463 121.43954288 1.5  0.0 0.0
2015-07-06-19 05 09.065	  31.02739463 121.43954288 1.5  0.0 0.0
2015-07-06-19 05 09.170	  31.0273647 121.43954645 1.5  0.0 0.0
2015-07-06-19 05 09.271	  31.0273647 121.43954645 1.5  0.0 0.0
2015-07-06-19 05 09.411	  31.0273647 121.43954645 1.5  0.0 0.0
2015-07-06-19 05 09.517	  31.0273647 121.43954645 1.5  0.0 0.0
2015-07-06-19 05 09.669	  31.0273647 121.43954645 1.5  0.0 0.0
2015-07-06-19 05 09.770	  31.0273647 121.43954645 1.5  0.0 0.0
2015-07-06-19 05 09.913	  31.0273647 121.43954645 1.5  0.0 0.0
2015-07-06-19 05 10.015	  31.0273647 121.43954645 1.5  0.0 0.0
2015-07-06-19 05 10.124	  31.0273647 121.43954645 1.5  0.0 0.0
2015-07-06-19 05 10.241	  31.0273647 121.43954645 1.5  0.0 0.0
2015-07-06-19 05 10.345	  31.0273647 121.43954645 1.5  0.0 0.0
2015-07-06-19 05 10.463	  31.0273647 121.43954645 1.5  0.0 0.0
2015-07-06-19 05 10.567	  31.0273647 121.43954645 1.5  0.0 0.0
2015-07-06-19 05 10.677	  31.0273647 121.43954645 1.5  0.0 0.0
2015-07-06-19 05 10.781	  31.0273647 121.43954645 1.5  0.0 0.0
2015-07-06-19 05 10.885	  31.0273647 121.43954645 1.5  0.0 0.0
2015-07-06-19 05 11.015	  31.0273647 121.43954645 1.5  0.0 0.0
2015-07-06-19 05 11.120	  31.0273413 121.43955187 1.5  0.0 0.0
2015-07-06-19 05 11.239	  31.0273413 121.43955187 1.5  0.0 0.0
2015-07-06-19 05 11.341	  31.0273413 121.43955187 1.5  0.0 0.0
2015-07-06-19 05 11.442	  31.0273413 121.43955187 1.5  0.0 0.0
2015-07-06-19 05 11.590	  31.0273413 121.43955187 1.5  0.0 0.0
2015-07-06-19 05 11.691	  31.0273413 121.43955187 1.5  0.0 0.0
2015-07-06-19 05 11.795	  31.0273413 121.43955187 1.5  0.0 0.0
2015-07-06-19 05 11.897	  31.0273413 121.43955187 1.5  0.0 0.0
2015-07-06-19 05 11.999	  31.0273413 121.43955187 1.5  0.0 0.0
2015-07-06-19 05 12.102	  31.0273413 121.43955187 1.5  0.0 0.0
2015-07-06-19 05 12.210	  31.0273413 121.43955187 1.5  0.0 0.0
2015-07-06-19 05 12.312	  31.0273413 121.43955187 1.5  0.0 0.0
2015-07-06-19 05 12.413	  31.0273413 121.43955187 1.5  0.0 0.0
2015-07-06-19 05 12.515	  31.0273413 121.43955187 1.5  0.0 0.0
2015-07-06-19 05 12.620	  31.0273413 121.43955187 1.5  0.0 0.0
2015-07-06-19 05 12.781	  31.0273413 121.43955187 1.5  0.0 0.0
2015-07-06-19 05 12.883	  31.0273413 121.43955187 1.5  0.0 0.0
2015-07-06-19 05 12.997	  31.0273413 121.43955187 1.5  0.0 0.0
2015-07-06-19 05 13.099	  31.0273413 121.43955187 1.5  0.0 0.0
2015-07-06-19 05 13.200	  31.02731947 121.43956129 1.5  0.0 0.0
2015-07-06-19 05 13.306	  31.02731947 121.43956129 1.5  0.0 0.0
2015-07-06-19 05 13.408	  31.02731947 121.43956129 1.5  0.0 0.0
2015-07-06-19 05 13.511	  31.02731947 121.43956129 1.5  0.0 0.0
2015-07-06-19 05 13.619	  31.02731947 121.43956129 1.5  0.0 0.0
2015-07-06-19 05 13.725	  31.02731947 121.43956129 1.5  0.0 0.0
2015-07-06-19 05 13.828	  31.02731947 121.43956129 1.5  0.0 0.0
2015-07-06-19 05 13.963	  31.02731947 121.43956129 1.5  0.0 0.0
2015-07-06-19 05 14.065	  31.02731947 121.43956129 1.5  0.0 0.0
2015-07-06-19 05 14.171	  31.02731947 121.43956129 1.5  0.0 0.0
2015-07-06-19 05 14.273	  31.02731947 121.43956129 1.5  0.0 0.0
2015-07-06-19 05 14.375	  31.02731947 121.43956129 1.5  0.0 0.0
2015-07-06-19 05 14.481	  31.02731947 121.43956129 1.5  0.0 0.0
2015-07-06-19 05 14.585	  31.02731947 121.43956129 1.5  0.0 0.0
2015-07-06-19 05 14.686	  31.02731947 121.43956129 1.5  0.0 0.0
2015-07-06-19 05 14.790	  31.02731947 121.43956129 1.5  0.0 0.0
2015-07-06-19 05 14.897	  31.02731947 121.43956129 1.5  0.0 0.0
2015-07-06-19 05 15.000	  31.02731947 121.43956129 1.5  0.0 0.0
2015-07-06-19 05 15.117	  31.02729343 121.43957717 1.5  0.0 0.0
2015-07-06-19 05 15.220	  31.02729343 121.43957717 1.5  0.0 0.0
2015-07-06-19 05 15.325	  31.02729343 121.43957717 1.5  0.0 0.0
2015-07-06-19 05 15.427	  31.02729343 121.43957717 1.5  0.0 0.0
2015-07-06-19 05 15.532	  31.02729343 121.43957717 1.5  0.0 0.0
2015-07-06-19 05 15.634	  31.02729343 121.43957717 1.5  0.0 0.0
2015-07-06-19 05 15.749	  31.02729343 121.43957717 1.5  0.0 0.0
2015-07-06-19 05 15.851	  31.02729343 121.43957717 1.5  0.0 0.0
2015-07-06-19 05 15.954	  31.02729343 121.43957717 1.5  0.0 0.0
2015-07-06-19 05 16.056	  31.02729343 121.43957717 1.5  0.0 0.0
2015-07-06-19 05 16.161	  31.02729343 121.43957717 1.5  0.0 0.0
2015-07-06-19 05 16.264	  31.02729343 121.43957717 1.5  0.0 0.0
2015-07-06-19 05 16.367	  31.02729343 121.43957717 1.5  0.0 0.0
2015-07-06-19 05 16.469	  31.02729343 121.43957717 1.5  0.0 0.0
2015-07-06-19 05 16.571	  31.02729343 121.43957717 1.5  0.0 0.0
2015-07-06-19 05 16.674	  31.02729343 121.43957717 1.5  0.0 0.0
2015-07-06-19 05 16.781	  31.02729343 121.43957717 1.5  0.0 0.0
2015-07-06-19 05 16.885	  31.02729343 121.43957717 1.5  0.0 0.0
2015-07-06-19 05 17.001	  31.02729343 121.43957717 1.5  0.0 0.0
2015-07-06-19 05 17.102	  31.02726719 121.43959485 1.5  0.0 0.0
2015-07-06-19 05 17.204	  31.02726719 121.43959485 1.5  0.0 0.0
2015-07-06-19 05 17.306	  31.02726719 121.43959485 1.5  0.0 0.0
2015-07-06-19 05 17.407	  31.02726719 121.43959485 1.5  0.0 0.0
2015-07-06-19 05 17.509	  31.02726719 121.43959485 1.5  0.0 0.0
2015-07-06-19 05 17.623	  31.02726719 121.43959485 1.5  0.0 0.0
2015-07-06-19 05 17.725	  31.02726719 121.43959485 1.5  0.0 0.0
2015-07-06-19 05 17.830	  31.02726719 121.43959485 1.5  0.0 0.0
2015-07-06-19 05 17.935	  31.02726719 121.43959485 1.5  0.0 0.0
2015-07-06-19 05 18.050	  31.02726719 121.43959485 1.5  0.0 0.0
2015-07-06-19 05 18.152	  31.02726719 121.43959485 1.5  0.0 0.0
2015-07-06-19 05 18.261	  31.02726719 121.43959485 1.5  0.0 0.0
2015-07-06-19 05 18.374	  31.02726719 121.43959485 1.5  0.0 0.0
2015-07-06-19 05 18.480	  31.02726719 121.43959485 1.5  0.0 0.0
2015-07-06-19 05 18.581	  31.02726719 121.43959485 1.5  0.0 0.0
2015-07-06-19 05 18.683	  31.02726719 121.43959485 1.5  0.0 0.0
2015-07-06-19 05 18.786	  31.02726719 121.43959485 1.5  0.0 0.0
2015-07-06-19 05 18.892	  31.02726719 121.43959485 1.5  0.0 0.0
2015-07-06-19 05 18.995	  31.02726719 121.43959485 1.5  0.0 0.0
2015-07-06-19 05 19.103	  31.02726719 121.43959485 1.5  0.0 0.0
2015-07-06-19 05 19.210	  31.02724513 121.43960908 1.5  0.0 0.0
2015-07-06-19 05 19.315	  31.02724513 121.43960908 1.5  0.0 0.0
2015-07-06-19 05 19.417	  31.02724513 121.43960908 1.5  0.0 0.0
2015-07-06-19 05 19.522	  31.02724513 121.43960908 1.5  0.0 0.0
2015-07-06-19 05 19.628	  31.02724513 121.43960908 1.5  0.0 0.0
2015-07-06-19 05 19.734	  31.02724513 121.43960908 1.5  0.0 0.0
2015-07-06-19 05 19.840	  31.02724513 121.43960908 1.5  0.0 0.0
2015-07-06-19 05 19.944	  31.02724513 121.43960908 1.5  0.0 0.0
2015-07-06-19 05 20.061	  31.02724513 121.43960908 1.5  0.0 0.0
2015-07-06-19 05 20.164	  31.02724513 121.43960908 1.5  0.0 0.0
2015-07-06-19 05 20.271	  31.02724513 121.43960908 1.5  0.0 0.0
2015-07-06-19 05 20.374	  31.02724513 121.43960908 1.5  0.0 0.0
2015-07-06-19 05 20.489	  31.02724513 121.43960908 1.5  0.0 0.0
2015-07-06-19 05 20.593	  31.02724513 121.43960908 1.5  0.0 0.0
2015-07-06-19 05 20.694	  31.02724513 121.43960908 1.5  0.0 0.0
2015-07-06-19 05 20.800	  31.02724513 121.43960908 1.5  0.0 0.0
2015-07-06-19 05 20.905	  31.02724513 121.43960908 1.5  0.0 0.0
2015-07-06-19 05 21.012	  31.02724513 121.43960908 1.5  0.0 0.0
2015-07-06-19 05 21.122	  31.02724513 121.43960908 1.5  0.0 0.0
2015-07-06-19 05 21.224	  31.02722396 121.43962255 1.5  0.0 0.0
2015-07-06-19 05 21.327	  31.02722396 121.43962255 1.5  0.0 0.0
2015-07-06-19 05 21.430	  31.02722396 121.43962255 1.5  0.0 0.0
2015-07-06-19 05 21.536	  31.02722396 121.43962255 1.5  0.0 0.0
2015-07-06-19 05 21.638	  31.02722396 121.43962255 1.5  0.0 0.0
2015-07-06-19 05 21.744	  31.02722396 121.43962255 1.5  0.0 0.0
2015-07-06-19 05 21.847	  31.02722396 121.43962255 1.5  0.0 0.0
2015-07-06-19 05 21.958	  31.02722396 121.43962255 1.5  0.0 0.0
2015-07-06-19 05 22.061	  31.02722396 121.43962255 1.5  0.0 0.0
2015-07-06-19 05 22.165	  31.02722396 121.43962255 1.5  0.0 0.0
2015-07-06-19 05 22.268	  31.02722396 121.43962255 1.5  0.0 0.0
2015-07-06-19 05 22.422	  31.02722396 121.43962255 1.5  0.0 0.0
2015-07-06-19 05 22.527	  31.02722396 121.43962255 1.5  0.0 0.0
2015-07-06-19 05 22.683	  31.02722396 121.43962255 1.5  0.0 0.0
2015-07-06-19 05 22.796	  31.02722396 121.43962255 1.5  0.0 0.0
2015-07-06-19 05 22.898	  31.02722396 121.43962255 1.5  0.0 0.0
2015-07-06-19 05 23.030	  31.02722396 121.43962255 1.5  0.0 0.0
2015-07-06-19 05 23.149	  31.02720376 121.43963495 1.5  0.0 0.0
2015-07-06-19 05 23.252	  31.02720376 121.43963495 1.5  0.0 0.0
2015-07-06-19 05 23.409	  31.02720376 121.43963495 1.5  0.0 0.0
2015-07-06-19 05 23.578	  31.02720376 121.43963495 1.5  0.0 0.0
2015-07-06-19 05 23.680	  31.02720376 121.43963495 1.5  0.0 0.0
2015-07-06-19 05 23.836	  31.02720376 121.43963495 1.5  0.0 0.0
2015-07-06-19 05 23.942	  31.02720376 121.43963495 1.5  0.0 0.0
2015-07-06-19 05 24.049	  31.02720376 121.43963495 1.5  0.0 0.0
2015-07-06-19 05 24.199	  31.02720376 121.43963495 1.5  0.0 0.0
2015-07-06-19 05 24.315	  31.02720376 121.43963495 1.5  0.0 0.0
2015-07-06-19 05 24.417	  31.02720376 121.43963495 1.5  0.0 0.0
2015-07-06-19 05 24.545	  31.02720376 121.43963495 1.5  0.0 0.0
2015-07-06-19 05 24.720	  31.02720376 121.43963495 1.5  0.0 0.0
2015-07-06-19 05 24.879	  31.02720376 121.43963495 1.5  0.0 0.0
2015-07-06-19 05 25.011	  31.02720376 121.43963495 1.5  0.0 0.0
2015-07-06-19 05 25.155	  31.02718225 121.43964039 1.5  0.0 0.0
2015-07-06-19 05 25.269	  31.02718225 121.43964039 1.5  0.0 0.0
2015-07-06-19 05 25.383	  31.02718225 121.43964039 1.5  0.0 0.0
2015-07-06-19 05 25.485	  31.02718225 121.43964039 1.5  0.0 0.0
2015-07-06-19 05 25.651	  31.02718225 121.43964039 1.5  0.0 0.0
2015-07-06-19 05 25.753	  31.02718225 121.43964039 1.5  0.0 0.0
2015-07-06-19 05 25.855	  31.02718225 121.43964039 1.5  0.0 0.0
2015-07-06-19 05 25.962	  31.02718225 121.43964039 1.5  0.0 0.0
2015-07-06-19 05 26.064	  31.02718225 121.43964039 1.5  0.0 0.0
2015-07-06-19 05 26.236	  31.02718225 121.43964039 1.5  0.0 0.0
2015-07-06-19 05 26.338	  31.02718225 121.43964039 1.5  0.0 0.0
2015-07-06-19 05 26.440	  31.02718225 121.43964039 1.5  0.0 0.0
2015-07-06-19 05 26.589	  31.02718225 121.43964039 1.5  0.0 0.0
2015-07-06-19 05 26.694	  31.02718225 121.43964039 1.5  0.0 0.0
2015-07-06-19 05 26.840	  31.02718225 121.43964039 1.5  0.0 0.0
2015-07-06-19 05 26.975	  31.02718225 121.43964039 1.5  0.0 0.0
2015-07-06-19 05 27.116	  31.02716008 121.43964798 1.5  0.0 0.0
2015-07-06-19 05 27.231	  31.02716008 121.43964798 1.5  0.0 0.0
2015-07-06-19 05 27.370	  31.02716008 121.43964798 1.5  0.0 0.0
2015-07-06-19 05 27.513	  31.02716008 121.43964798 1.5  0.0 0.0
2015-07-06-19 05 27.619	  31.02716008 121.43964798 1.5  0.0 0.0
2015-07-06-19 05 27.782	  31.02716008 121.43964798 1.5  0.0 0.0
2015-07-06-19 05 27.897	  31.02716008 121.43964798 1.5  0.0 0.0
2015-07-06-19 05 28.004	  31.02716008 121.43964798 1.5  0.0 0.0
2015-07-06-19 05 28.118	  31.02716008 121.43964798 1.5  0.0 0.0
2015-07-06-19 05 28.221	  31.02716008 121.43964798 1.5  0.0 0.0
2015-07-06-19 05 28.347	  31.02716008 121.43964798 1.5  0.0 0.0
2015-07-06-19 05 28.465	  31.02716008 121.43964798 1.5  0.0 0.0
2015-07-06-19 05 28.566	  31.02716008 121.43964798 1.5  0.0 0.0
2015-07-06-19 05 28.682	  31.02716008 121.43964798 1.5  0.0 0.0
2015-07-06-19 05 28.822	  31.02716008 121.43964798 1.5  0.0 0.0
2015-07-06-19 05 28.925	  31.02716008 121.43964798 1.5  0.0 0.0
2015-07-06-19 05 29.087	  31.02716008 121.43964798 1.5  0.0 0.0
2015-07-06-19 05 29.224	  31.02713246 121.43965692 1.5  0.0 0.0
2015-07-06-19 05 29.328	  31.02713246 121.43965692 1.5  0.0 0.0
2015-07-06-19 05 29.444	  31.02713246 121.43965692 1.5  0.0 0.0
2015-07-06-19 05 29.581	  31.02713246 121.43965692 1.5  0.0 0.0
2015-07-06-19 05 29.719	  31.02713246 121.43965692 1.5  0.0 0.0
2015-07-06-19 05 29.860	  31.02713246 121.43965692 1.5  0.0 0.0
2015-07-06-19 05 30.000	  31.02713246 121.43965692 1.5  0.0 0.0
2015-07-06-19 05 30.122	  31.02713246 121.43965692 1.5  0.0 0.0
2015-07-06-19 05 30.258	  31.02713246 121.43965692 1.5  0.0 0.0
2015-07-06-19 05 30.426	  31.02713246 121.43965692 1.5  0.0 0.0
2015-07-06-19 05 30.582	  31.02713246 121.43965692 1.5  0.0 0.0
2015-07-06-19 05 30.698	  31.02713246 121.43965692 1.5  0.0 0.0
2015-07-06-19 05 30.805	  31.02713246 121.43965692 1.5  0.0 0.0
2015-07-06-19 05 30.961	  31.02713246 121.43965692 1.5  0.0 0.0
2015-07-06-19 05 31.122	  31.02711263 121.43967128 1.5  0.0 0.0
2015-07-06-19 05 31.226	  31.02711263 121.43967128 1.5  0.0 0.0
2015-07-06-19 05 31.375	  31.02711263 121.43967128 1.5  0.0 0.0
2015-07-06-19 05 31.524	  31.02711263 121.43967128 1.5  0.0 0.0
2015-07-06-19 05 31.644	  31.02711263 121.43967128 1.5  0.0 0.0
2015-07-06-19 05 31.772	  31.02711263 121.43967128 1.5  0.0 0.0
2015-07-06-19 05 31.926	  31.02711263 121.43967128 1.5  0.0 0.0
2015-07-06-19 05 32.043	  31.02711263 121.43967128 1.5  0.0 0.0
2015-07-06-19 05 32.181	  31.02711263 121.43967128 1.5  0.0 0.0
2015-07-06-19 05 32.321	  31.02711263 121.43967128 1.5  0.0 0.0
2015-07-06-19 05 32.422	  31.02711263 121.43967128 1.5  0.0 0.0
2015-07-06-19 05 32.540	  31.02711263 121.43967128 1.5  0.0 0.0
2015-07-06-19 05 32.657	  31.02711263 121.43967128 1.5  0.0 0.0
2015-07-06-19 05 32.782	  31.02711263 121.43967128 1.5  0.0 0.0
2015-07-06-19 05 32.897	  31.02711263 121.43967128 1.5  0.0 0.0
2015-07-06-19 05 33.065	  31.02711263 121.43967128 1.5  0.0 0.0
2015-07-06-19 05 33.199	  31.02709221 121.4396868 1.5  0.0 0.0
2015-07-06-19 05 33.319	  31.02709221 121.4396868 1.5  0.0 0.0
2015-07-06-19 05 33.434	  31.02709221 121.4396868 1.5  0.0 0.0
2015-07-06-19 05 33.536	  31.02709221 121.4396868 1.5  0.0 0.0
2015-07-06-19 05 33.681	  31.02709221 121.4396868 1.5  0.0 0.0
2015-07-06-19 05 33.835	  31.02709221 121.4396868 1.5  0.0 0.0
2015-07-06-19 05 33.978	  31.02709221 121.4396868 1.5  0.0 0.0
2015-07-06-19 05 34.093	  31.02709221 121.4396868 1.5  0.0 0.0
2015-07-06-19 05 34.219	  31.02709221 121.4396868 1.5  0.0 0.0
2015-07-06-19 05 34.348	  31.02709221 121.4396868 1.5  0.0 0.0
2015-07-06-19 05 34.485	  31.02709221 121.4396868 1.5  0.0 0.0
2015-07-06-19 05 34.650	  31.02709221 121.4396868 1.5  0.0 0.0
2015-07-06-19 05 34.755	  31.02709221 121.4396868 1.5  0.0 0.0
2015-07-06-19 05 34.896	  31.02709221 121.4396868 1.5  0.0 0.0
2015-07-06-19 05 35.030	  31.02709221 121.4396868 1.5  0.0 0.0
2015-07-06-19 05 35.148	  31.02706321 121.43969373 1.5  0.0 0.0
2015-07-06-19 05 35.293	  31.02706321 121.43969373 1.5  0.0 0.0
2015-07-06-19 05 35.444	  31.02706321 121.43969373 1.5  0.0 0.0
2015-07-06-19 05 35.585	  31.02706321 121.43969373 1.5  0.0 0.0
2015-07-06-19 05 35.725	  31.02706321 121.43969373 1.5  0.0 0.0
2015-07-06-19 05 35.828	  31.02706321 121.43969373 1.5  0.0 0.0
2015-07-06-19 05 35.978	  31.02706321 121.43969373 1.5  0.0 0.0
2015-07-06-19 05 36.115	  31.02706321 121.43969373 1.5  0.0 0.0
2015-07-06-19 05 36.241	  31.02706321 121.43969373 1.5  0.0 0.0
2015-07-06-19 05 36.380	  31.02706321 121.43969373 1.5  0.0 0.0
2015-07-06-19 05 36.496	  31.02706321 121.43969373 1.5  0.0 0.0
2015-07-06-19 05 36.628	  31.02706321 121.43969373 1.5  0.0 0.0
2015-07-06-19 05 36.770	  31.02706321 121.43969373 1.5  0.0 0.0
2015-07-06-19 05 36.909	  31.02706321 121.43969373 1.5  0.0 0.0
2015-07-06-19 05 37.024	  31.02706321 121.43969373 1.5  0.0 0.0
2015-07-06-19 05 37.162	  31.02706321 121.43969373 1.5  0.0 0.0
2015-07-06-19 05 37.269	  31.02703233 121.4396978 1.5  0.0 0.0
2015-07-06-19 05 37.371	  31.02703233 121.4396978 1.5  0.0 0.0
2015-07-06-19 05 37.485	  31.02703233 121.4396978 1.5  0.0 0.0
2015-07-06-19 05 37.601	  31.02703233 121.4396978 1.5  0.0 0.0
2015-07-06-19 05 37.732	  31.02703233 121.4396978 1.5  0.0 0.0
2015-07-06-19 05 37.847	  31.02703233 121.4396978 1.5  0.0 0.0
2015-07-06-19 05 37.973	  31.02703233 121.4396978 1.5  0.0 0.0
2015-07-06-19 05 38.082	  31.02703233 121.4396978 1.5  0.0 0.0
2015-07-06-19 05 38.224	  31.02703233 121.4396978 1.5  0.0 0.0
2015-07-06-19 05 38.346	  31.02703233 121.4396978 1.5  0.0 0.0
2015-07-06-19 05 38.484	  31.02703233 121.4396978 1.5  0.0 0.0
2015-07-06-19 05 38.651	  31.02703233 121.4396978 1.5  0.0 0.0
2015-07-06-19 05 38.767	  31.02703233 121.4396978 1.5  0.0 0.0
2015-07-06-19 05 38.883	  31.02703233 121.4396978 1.5  0.0 0.0
2015-07-06-19 05 39.046	  31.02703233 121.4396978 1.5  0.0 0.0
2015-07-06-19 05 39.162	  31.02700585 121.4397071 1.5  0.0 0.0
2015-07-06-19 05 39.328	  31.02700585 121.4397071 1.5  0.0 0.0
2015-07-06-19 05 39.478	  31.02700585 121.4397071 1.5  0.0 0.0
2015-07-06-19 05 39.582	  31.02700585 121.4397071 1.5  0.0 0.0
2015-07-06-19 05 39.684	  31.02700585 121.4397071 1.5  0.0 0.0
2015-07-06-19 05 39.838	  31.02700585 121.4397071 1.5  0.0 0.0
2015-07-06-19 05 39.946	  31.02700585 121.4397071 1.5  0.0 0.0
2015-07-06-19 05 40.047	  31.02700585 121.4397071 1.5  0.0 0.0
2015-07-06-19 05 40.179	  31.02700585 121.4397071 1.5  0.0 0.0
2015-07-06-19 05 40.282	  31.02700585 121.4397071 1.5  0.0 0.0
2015-07-06-19 05 40.387	  31.02700585 121.4397071 1.5  0.0 0.0
2015-07-06-19 05 40.540	  31.02700585 121.4397071 1.5  0.0 0.0
2015-07-06-19 05 40.685	  31.02700585 121.4397071 1.5  0.0 0.0
2015-07-06-19 05 40.790	  31.02700585 121.4397071 1.5  0.0 0.0
2015-07-06-19 05 40.893	  31.02700585 121.4397071 1.5  0.0 0.0
2015-07-06-19 05 41.040	  31.02700585 121.4397071 1.5  0.0 0.0
2015-07-06-19 05 41.143	  31.02698305 121.43971961 1.5  0.0 0.0
2015-07-06-19 05 41.245	  31.02698305 121.43971961 1.5  0.0 0.0
2015-07-06-19 05 41.381	  31.02698305 121.43971961 1.5  0.0 0.0
2015-07-06-19 05 41.484	  31.02698305 121.43971961 1.5  0.0 0.0
2015-07-06-19 05 41.593	  31.02698305 121.43971961 1.5  0.0 0.0
2015-07-06-19 05 41.732	  31.02698305 121.43971961 1.5  0.0 0.0
2015-07-06-19 05 41.836	  31.02698305 121.43971961 1.5  0.0 0.0
2015-07-06-19 05 41.940	  31.02698305 121.43971961 1.5  0.0 0.0
2015-07-06-19 05 42.123	  31.02698305 121.43971961 1.5  0.0 0.0
2015-07-06-19 05 42.229	  31.02698305 121.43971961 1.5  0.0 0.0
2015-07-06-19 05 42.334	  31.02698305 121.43971961 1.5  0.0 0.0
2015-07-06-19 05 42.488	  31.02698305 121.43971961 1.5  0.0 0.0
2015-07-06-19 05 42.594	  31.02698305 121.43971961 1.5  0.0 0.0
2015-07-06-19 05 42.700	  31.02698305 121.43971961 1.5  0.0 0.0
2015-07-06-19 05 42.886	  31.02698305 121.43971961 1.5  0.0 0.0
2015-07-06-19 05 42.993	  31.02698305 121.43971961 1.5  0.0 0.0
2015-07-06-19 05 43.094	  31.02698305 121.43971961 1.5  0.0 0.0
2015-07-06-19 05 43.212	  31.02695719 121.43973216 1.5  0.0 0.0
2015-07-06-19 05 43.318	  31.02695719 121.43973216 1.5  0.0 0.0
2015-07-06-19 05 43.420	  31.02695719 121.43973216 1.5  0.0 0.0
2015-07-06-19 05 43.541	  31.02695719 121.43973216 1.5  0.0 0.0
2015-07-06-19 05 43.644	  31.02695719 121.43973216 1.5  0.0 0.0
2015-07-06-19 05 43.749	  31.02695719 121.43973216 1.5  0.0 0.0
2015-07-06-19 05 43.922	  31.02695719 121.43973216 1.5  0.0 0.0
2015-07-06-19 05 44.024	  31.02695719 121.43973216 1.5  0.0 0.0
2015-07-06-19 05 44.151	  31.02695719 121.43973216 1.5  0.0 0.0
2015-07-06-19 05 44.262	  31.02695719 121.43973216 1.5  0.0 0.0
2015-07-06-19 05 44.365	  31.02695719 121.43973216 1.5  0.0 0.0
2015-07-06-19 05 44.540	  31.02695719 121.43973216 1.5  0.0 0.0
2015-07-06-19 05 44.644	  31.02695719 121.43973216 1.5  0.0 0.0
2015-07-06-19 05 44.746	  31.02695719 121.43973216 1.5  0.0 0.0
2015-07-06-19 05 44.881	  31.02695719 121.43973216 1.5  0.0 0.0
2015-07-06-19 05 45.023	  31.02695719 121.43973216 1.5  0.0 0.0
2015-07-06-19 05 45.126	  31.02695719 121.43973216 1.5  0.0 0.0
2015-07-06-19 05 45.233	  31.02692918 121.43974183 1.5  0.0 0.0
2015-07-06-19 05 45.357	  31.02692918 121.43974183 1.5  0.0 0.0
2015-07-06-19 05 45.460	  31.02692918 121.43974183 1.5  0.0 0.0
2015-07-06-19 05 45.603	  31.02692918 121.43974183 1.5  0.0 0.0
2015-07-06-19 05 45.708	  31.02692918 121.43974183 1.5  0.0 0.0
2015-07-06-19 05 45.828	  31.02692918 121.43974183 1.5  0.0 0.0
2015-07-06-19 05 45.964	  31.02692918 121.43974183 1.5  0.0 0.0
2015-07-06-19 05 46.068	  31.02692918 121.43974183 1.5  0.0 0.0
2015-07-06-19 05 46.171	  31.02692918 121.43974183 1.5  0.0 0.0
2015-07-06-19 05 46.335	  31.02692918 121.43974183 1.5  0.0 0.0
2015-07-06-19 05 46.450	  31.02692918 121.43974183 1.5  0.0 0.0
2015-07-06-19 05 46.555	  31.02692918 121.43974183 1.5  0.0 0.0
2015-07-06-19 05 46.658	  31.02692918 121.43974183 1.5  0.0 0.0
2015-07-06-19 05 46.797	  31.02692918 121.43974183 1.5  0.0 0.0
2015-07-06-19 05 46.932	  31.02692918 121.43974183 1.5  0.0 0.0
2015-07-06-19 05 47.035	  31.02692918 121.43974183 1.5  0.0 0.0
2015-07-06-19 05 47.139	  31.02690312 121.43975104 1.5  0.0 0.0
2015-07-06-19 05 47.299	  31.02690312 121.43975104 1.5  0.0 0.0
2015-07-06-19 05 47.418	  31.02690312 121.43975104 1.5  0.0 0.0
2015-07-06-19 05 47.529	  31.02690312 121.43975104 1.5  0.0 0.0
2015-07-06-19 05 47.636	  31.02690312 121.43975104 1.5  0.0 0.0
2015-07-06-19 05 47.807	  31.02690312 121.43975104 1.5  0.0 0.0
2015-07-06-19 05 47.948	  31.02690312 121.43975104 1.5  0.0 0.0
2015-07-06-19 05 48.061	  31.02690312 121.43975104 1.5  0.0 0.0
2015-07-06-19 05 48.167	  31.02690312 121.43975104 1.5  0.0 0.0
2015-07-06-19 05 48.299	  31.02690312 121.43975104 1.5  0.0 0.0
2015-07-06-19 05 48.423	  31.02690312 121.43975104 1.5  0.0 0.0
2015-07-06-19 05 48.525	  31.02690312 121.43975104 1.5  0.0 0.0
2015-07-06-19 05 48.627	  31.02690312 121.43975104 1.5  0.0 0.0
2015-07-06-19 05 48.760	  31.02690312 121.43975104 1.5  0.0 0.0
2015-07-06-19 05 48.901	  31.02690312 121.43975104 1.5  0.0 0.0
2015-07-06-19 05 49.004	  31.02690312 121.43975104 1.5  0.0 0.0
2015-07-06-19 05 49.107	  31.02687816 121.43976234 1.5  0.0 0.0
2015-07-06-19 05 49.244	  31.02687816 121.43976234 1.5  0.0 0.0
2015-07-06-19 05 49.361	  31.02687816 121.43976234 1.5  0.0 0.0
2015-07-06-19 05 49.469	  31.02687816 121.43976234 1.5  0.0 0.0
2015-07-06-19 05 49.573	  31.02687816 121.43976234 1.5  0.0 0.0
2015-07-06-19 05 49.732	  31.02687816 121.43976234 1.5  0.0 0.0
2015-07-06-19 05 49.849	  31.02687816 121.43976234 1.5  0.0 0.0
2015-07-06-19 05 49.954	  31.02687816 121.43976234 1.5  0.0 0.0
2015-07-06-19 05 50.058	  31.02687816 121.43976234 1.5  0.0 0.0
2015-07-06-19 05 50.198	  31.02687816 121.43976234 1.5  0.0 0.0
2015-07-06-19 05 50.314	  31.02687816 121.43976234 1.5  0.0 0.0
2015-07-06-19 05 50.418	  31.02687816 121.43976234 1.5  0.0 0.0
2015-07-06-19 05 50.528	  31.02687816 121.43976234 1.5  0.0 0.0
2015-07-06-19 05 50.695	  31.02687816 121.43976234 1.5  0.0 0.0
2015-07-06-19 05 50.797	  31.02687816 121.43976234 1.5  0.0 0.0
2015-07-06-19 05 50.922	  31.02687816 121.43976234 1.5  0.0 0.0
2015-07-06-19 05 51.082	  31.02687816 121.43976234 1.5  0.0 0.0
2015-07-06-19 05 51.186	  31.02685381 121.43977509 1.5  0.0 0.0
2015-07-06-19 05 51.288	  31.02685381 121.43977509 1.5  0.0 0.0
2015-07-06-19 05 51.439	  31.02685381 121.43977509 1.5  0.0 0.0
2015-07-06-19 05 51.588	  31.02685381 121.43977509 1.5  0.0 0.0
2015-07-06-19 05 51.690	  31.02685381 121.43977509 1.5  0.0 0.0
2015-07-06-19 05 51.793	  31.02685381 121.43977509 1.5  0.0 0.0
2015-07-06-19 05 51.938	  31.02685381 121.43977509 1.5  0.0 0.0
2015-07-06-19 05 52.041	  31.02685381 121.43977509 1.5  0.0 0.0
2015-07-06-19 05 52.192	  31.02685381 121.43977509 1.5  0.0 0.0
2015-07-06-19 05 52.335	  31.02685381 121.43977509 1.5  0.0 0.0
2015-07-06-19 05 52.439	  31.02685381 121.43977509 1.5  0.0 0.0
2015-07-06-19 05 52.541	  31.02685381 121.43977509 1.5  0.0 0.0
2015-07-06-19 05 52.659	  31.02685381 121.43977509 1.5  0.0 0.0
2015-07-06-19 05 52.825	  31.02685381 121.43977509 1.5  0.0 0.0
2015-07-06-19 05 52.932	  31.02685381 121.43977509 1.5  0.0 0.0
2015-07-06-19 05 53.034	  31.02685381 121.43977509 1.5  0.0 0.0
2015-07-06-19 05 53.180	  31.02685381 121.43977509 1.5  0.0 0.0
2015-07-06-19 05 53.329	  31.02683096 121.4397875 1.5  0.0 0.0
2015-07-06-19 05 53.430	  31.02683096 121.4397875 1.5  0.0 0.0
2015-07-06-19 05 53.532	  31.02683096 121.4397875 1.5  0.0 0.0
2015-07-06-19 05 53.659	  31.02683096 121.4397875 1.5  0.0 0.0
2015-07-06-19 05 53.762	  31.02683096 121.4397875 1.5  0.0 0.0
2015-07-06-19 05 53.923	  31.02683096 121.4397875 1.5  0.0 0.0
2015-07-06-19 05 54.067	  31.02683096 121.4397875 1.5  0.0 0.0
2015-07-06-19 05 54.170	  31.02683096 121.4397875 1.5  0.0 0.0
2015-07-06-19 05 54.273	  31.02683096 121.4397875 1.5  0.0 0.0
2015-07-06-19 05 54.435	  31.02683096 121.4397875 1.5  0.0 0.0
2015-07-06-19 05 54.553	  31.02683096 121.4397875 1.5  0.0 0.0
2015-07-06-19 05 54.661	  31.02683096 121.4397875 1.5  0.0 0.0
2015-07-06-19 05 54.765	  31.02683096 121.4397875 1.5  0.0 0.0
2015-07-06-19 05 54.893	  31.02683096 121.4397875 1.5  0.0 0.0
2015-07-06-19 05 55.033	  31.02683096 121.4397875 1.5  0.0 0.0
2015-07-06-19 05 55.139	  31.02680881 121.43979979 1.5  0.0 0.0
2015-07-06-19 05 55.241	  31.02680881 121.43979979 1.5  0.0 0.0
2015-07-06-19 05 55.372	  31.02680881 121.43979979 1.5  0.0 0.0
2015-07-06-19 05 55.512	  31.02680881 121.43979979 1.5  0.0 0.0
2015-07-06-19 05 55.625	  31.02680881 121.43979979 1.5  0.0 0.0
2015-07-06-19 05 55.728	  31.02680881 121.43979979 1.5  0.0 0.0
2015-07-06-19 05 55.829	  31.02680881 121.43979979 1.5  0.0 0.0
2015-07-06-19 05 55.932	  31.02680881 121.43979979 1.5  0.0 0.0
2015-07-06-19 05 56.105	  31.02680881 121.43979979 1.5  0.0 0.0
2015-07-06-19 05 56.241	  31.02680881 121.43979979 1.5  0.0 0.0
2015-07-06-19 05 56.343	  31.02680881 121.43979979 1.5  0.0 0.0
2015-07-06-19 05 56.446	  31.02680881 121.43979979 1.5  0.0 0.0
2015-07-06-19 05 56.639	  31.02680881 121.43979979 1.5  0.0 0.0
2015-07-06-19 05 56.791	  31.02680881 121.43979979 1.5  0.0 0.0
2015-07-06-19 05 56.905	  31.02680881 121.43979979 1.5  0.0 0.0
2015-07-06-19 05 57.007	  31.02680881 121.43979979 1.5  0.0 0.0
2015-07-06-19 05 57.131	  31.02678168 121.43980817 1.5  0.0 0.0
2015-07-06-19 05 57.259	  31.02678168 121.43980817 1.5  0.0 0.0
2015-07-06-19 05 57.363	  31.02678168 121.43980817 1.5  0.0 0.0
2015-07-06-19 05 57.465	  31.02678168 121.43980817 1.5  0.0 0.0
2015-07-06-19 05 57.603	  31.02678168 121.43980817 1.5  0.0 0.0
2015-07-06-19 05 57.722	  31.02678168 121.43980817 1.5  0.0 0.0
2015-07-06-19 05 57.839	  31.02678168 121.43980817 1.5  0.0 0.0
2015-07-06-19 05 57.940	  31.02678168 121.43980817 1.5  0.0 0.0
2015-07-06-19 05 58.056	  31.02678168 121.43980817 1.5  0.0 0.0
2015-07-06-19 05 58.175	  31.02678168 121.43980817 1.5  0.0 0.0
2015-07-06-19 05 58.277	  31.02678168 121.43980817 1.5  0.0 0.0
2015-07-06-19 05 58.380	  31.02678168 121.43980817 1.5  0.0 0.0
2015-07-06-19 05 58.542	  31.02678168 121.43980817 1.5  0.0 0.0
2015-07-06-19 05 58.645	  31.02678168 121.43980817 1.5  0.0 0.0
2015-07-06-19 05 58.751	  31.02678168 121.43980817 1.5  0.0 0.0
2015-07-06-19 05 58.919	  31.02678168 121.43980817 1.5  0.0 0.0
2015-07-06-19 05 59.062	  31.02678168 121.43980817 1.5  0.0 0.0
2015-07-06-19 05 59.169	  31.02675502 121.43981747 1.5  0.0 0.0
2015-07-06-19 05 59.274	  31.02675502 121.43981747 1.5  0.0 0.0
2015-07-06-19 05 59.399	  31.02675502 121.43981747 1.5  0.0 0.0
2015-07-06-19 05 59.550	  31.02675502 121.43981747 1.5  0.0 0.0
2015-07-06-19 05 59.657	  31.02675502 121.43981747 1.5  0.0 0.0
2015-07-06-19 05 59.759	  31.02675502 121.43981747 1.5  0.0 0.0
2015-07-06-19 05 59.887	  31.02675502 121.43981747 1.5  0.0 0.0
2015-07-06-19 06 00.056	  31.02675502 121.43981747 1.5  0.0 0.0
2015-07-06-19 06 00.165	  31.02675502 121.43981747 1.5  0.0 0.0
2015-07-06-19 06 00.267	  31.02675502 121.43981747 1.5  0.0 0.0
2015-07-06-19 06 00.403	  31.02675502 121.43981747 1.5  0.0 0.0
2015-07-06-19 06 00.571	  31.02675502 121.43981747 1.5  0.0 0.0
2015-07-06-19 06 00.726	  31.02675502 121.43981747 1.5  0.0 0.0
2015-07-06-19 06 00.845	  31.02675502 121.43981747 1.5  0.0 0.0
2015-07-06-19 06 00.967	  31.02675502 121.43981747 1.5  0.0 0.0
2015-07-06-19 06 01.084	  31.02675502 121.43981747 1.5  0.0 0.0
2015-07-06-19 06 01.198	  31.02675502 121.43981747 1.5  0.0 0.0
2015-07-06-19 06 01.301	  31.02672588 121.43982427 1.5  0.0 0.0
2015-07-06-19 06 01.402	  31.02672588 121.43982427 1.5  0.0 0.0
2015-07-06-19 06 01.518	  31.02672588 121.43982427 1.5  0.0 0.0
2015-07-06-19 06 01.658	  31.02672588 121.43982427 1.5  0.0 0.0
2015-07-06-19 06 01.790	  31.02672588 121.43982427 1.5  0.0 0.0
2015-07-06-19 06 01.965	  31.02672588 121.43982427 1.5  0.0 0.0
2015-07-06-19 06 02.084	  31.02672588 121.43982427 1.5  0.0 0.0
2015-07-06-19 06 02.237	  31.02672588 121.43982427 1.5  0.0 0.0
2015-07-06-19 06 02.370	  31.02672588 121.43982427 1.5  0.0 0.0
2015-07-06-19 06 02.495	  31.02672588 121.43982427 1.5  0.0 0.0
2015-07-06-19 06 02.666	  31.02672588 121.43982427 1.5  0.0 0.0
2015-07-06-19 06 02.807	  31.02672588 121.43982427 1.5  0.0 0.0
2015-07-06-19 06 02.921	  31.02672588 121.43982427 1.5  0.0 0.0
2015-07-06-19 06 03.047	  31.02672588 121.43982427 1.5  0.0 0.0
2015-07-06-19 06 03.232	  31.02669663 121.43983222 1.5  0.0 0.0
2015-07-06-19 06 03.374	  31.02669663 121.43983222 1.5  0.0 0.0
2015-07-06-19 06 03.506	  31.02669663 121.43983222 1.5  0.0 0.0
2015-07-06-19 06 03.649	  31.02669663 121.43983222 1.5  0.0 0.0
2015-07-06-19 06 03.786	  31.02669663 121.43983222 1.5  0.0 0.0
2015-07-06-19 06 03.927	  31.02669663 121.43983222 1.5  0.0 0.0
2015-07-06-19 06 04.083	  31.02669663 121.43983222 1.5  0.0 0.0
2015-07-06-19 06 04.235	  31.02669663 121.43983222 1.5  0.0 0.0
2015-07-06-19 06 04.377	  31.02669663 121.43983222 1.5  0.0 0.0
2015-07-06-19 06 04.499	  31.02669663 121.43983222 1.5  0.0 0.0
2015-07-06-19 06 04.642	  31.02669663 121.43983222 1.5  0.0 0.0
2015-07-06-19 06 04.779	  31.02669663 121.43983222 1.5  0.0 0.0
2015-07-06-19 06 04.938	  31.02669663 121.43983222 1.5  0.0 0.0
2015-07-06-19 06 05.057	  31.02669663 121.43983222 1.5  0.0 0.0
2015-07-06-19 06 05.197	  31.02666921 121.4398423 1.5  0.0 0.0
2015-07-06-19 06 05.299	  31.02666921 121.4398423 1.5  0.0 0.0
2015-07-06-19 06 05.403	  31.02666921 121.4398423 1.5  0.0 0.0
2015-07-06-19 06 05.508	  31.02666921 121.4398423 1.5  0.0 0.0
2015-07-06-19 06 05.640	  31.02666921 121.4398423 1.5  0.0 0.0
2015-07-06-19 06 05.771	  31.02666921 121.4398423 1.5  0.0 0.0
2015-07-06-19 06 05.926	  31.02666921 121.4398423 1.5  0.0 0.0
2015-07-06-19 06 06.044	  31.02666921 121.4398423 1.5  0.0 0.0
2015-07-06-19 06 06.162	  31.02666921 121.4398423 1.5  0.0 0.0
2015-07-06-19 06 06.271	  31.02666921 121.4398423 1.5  0.0 0.0
2015-07-06-19 06 06.373	  31.02666921 121.4398423 1.5  0.0 0.0
2015-07-06-19 06 06.474	  31.02666921 121.4398423 1.5  0.0 0.0
2015-07-06-19 06 06.581	  31.02666921 121.4398423 1.5  0.0 0.0
2015-07-06-19 06 06.688	  31.02666921 121.4398423 1.5  0.0 0.0
2015-07-06-19 06 06.830	  31.02666921 121.4398423 1.5  0.0 0.0
2015-07-06-19 06 06.975	  31.02666921 121.4398423 1.5  0.0 0.0
2015-07-06-19 06 07.137	  31.02664002 121.43985076 1.5  0.0 0.0
2015-07-06-19 06 07.257	  31.02664002 121.43985076 1.5  0.0 0.0
2015-07-06-19 06 07.362	  31.02664002 121.43985076 1.5  0.0 0.0
2015-07-06-19 06 07.464	  31.02664002 121.43985076 1.5  0.0 0.0
2015-07-06-19 06 07.573	  31.02664002 121.43985076 1.5  0.0 0.0
2015-07-06-19 06 07.676	  31.02664002 121.43985076 1.5  0.0 0.0
2015-07-06-19 06 07.793	  31.02664002 121.43985076 1.5  0.0 0.0
2015-07-06-19 06 07.895	  31.02664002 121.43985076 1.5  0.0 0.0
2015-07-06-19 06 08.001	  31.02664002 121.43985076 1.5  0.0 0.0
2015-07-06-19 06 08.105	  31.02664002 121.43985076 1.5  0.0 0.0
2015-07-06-19 06 08.209	  31.02664002 121.43985076 1.5  0.0 0.0
2015-07-06-19 06 08.313	  31.02664002 121.43985076 1.5  0.0 0.0
2015-07-06-19 06 08.416	  31.02664002 121.43985076 1.5  0.0 0.0
2015-07-06-19 06 08.524	  31.02664002 121.43985076 1.5  0.0 0.0
2015-07-06-19 06 08.630	  31.02664002 121.43985076 1.5  0.0 0.0
2015-07-06-19 06 08.732	  31.02664002 121.43985076 1.5  0.0 0.0
2015-07-06-19 06 08.835	  31.02664002 121.43985076 1.5  0.0 0.0
2015-07-06-19 06 08.939	  31.02664002 121.43985076 1.5  0.0 0.0
2015-07-06-19 06 09.044	  31.02664002 121.43985076 1.5  0.0 0.0
2015-07-06-19 06 09.154	  31.02664002 121.43985076 1.5  0.0 0.0
2015-07-06-19 06 09.267	  31.02661106 121.43986067 1.5  0.0 0.0
2015-07-06-19 06 09.372	  31.02661106 121.43986067 1.5  0.0 0.0
2015-07-06-19 06 09.476	  31.02661106 121.43986067 1.5  0.0 0.0
2015-07-06-19 06 09.582	  31.02661106 121.43986067 1.5  0.0 0.0
2015-07-06-19 06 09.687	  31.02661106 121.43986067 1.5  0.0 0.0
2015-07-06-19 06 09.793	  31.02661106 121.43986067 1.5  0.0 0.0
2015-07-06-19 06 09.896	  31.02661106 121.43986067 1.5  0.0 0.0
2015-07-06-19 06 09.998	  31.02661106 121.43986067 1.5  0.0 0.0
2015-07-06-19 06 10.102	  31.02661106 121.43986067 1.5  0.0 0.0
2015-07-06-19 06 10.211	  31.02661106 121.43986067 1.5  0.0 0.0
2015-07-06-19 06 10.313	  31.02661106 121.43986067 1.5  0.0 0.0
2015-07-06-19 06 10.423	  31.02661106 121.43986067 1.5  0.0 0.0
2015-07-06-19 06 10.535	  31.02661106 121.43986067 1.5  0.0 0.0
2015-07-06-19 06 10.640	  31.02661106 121.43986067 1.5  0.0 0.0
2015-07-06-19 06 10.745	  31.02661106 121.43986067 1.5  0.0 0.0
2015-07-06-19 06 10.848	  31.02661106 121.43986067 1.5  0.0 0.0
2015-07-06-19 06 10.955	  31.02661106 121.43986067 1.5  0.0 0.0
2015-07-06-19 06 11.059	  31.02661106 121.43986067 1.5  0.0 0.0
2015-07-06-19 06 11.167	  31.02658379 121.43987267 1.5  0.0 0.0
2015-07-06-19 06 11.293	  31.02658379 121.43987267 1.5  0.0 0.0
