2015-07-06-19 02 38.879	  0.0 0.0 0.0  0.0 0.0
2015-07-06-19 02 38.981	  0.0 0.0 0.0  0.0 0.0
2015-07-06-19 02 39.083	  0.0 0.0 0.0  0.0 0.0
2015-07-06-19 02 39.185	  0.0 0.0 0.0  0.0 0.0
2015-07-06-19 02 39.288	  0.0 0.0 0.0  0.0 0.0
2015-07-06-19 02 39.390	  0.0 0.0 0.0  0.0 0.0
2015-07-06-19 02 39.491	  0.0 0.0 0.0  0.0 0.0
2015-07-06-19 02 39.592	  0.0 0.0 0.0  0.0 0.0
2015-07-06-19 02 39.694	  0.0 0.0 0.0  0.0 0.0
2015-07-06-19 02 39.796	  0.0 0.0 0.0  0.0 0.0
2015-07-06-19 02 39.898	  0.0 0.0 0.0  0.0 0.0
2015-07-06-19 02 40.000	  0.0 0.0 0.0  0.0 0.0
2015-07-06-19 02 40.101	  0.0 0.0 0.0  0.0 0.0
2015-07-06-19 02 40.203	  0.0 0.0 0.0  0.0 0.0
2015-07-06-19 02 40.305	  0.0 0.0 0.0  0.0 0.0
2015-07-06-19 02 40.407	  0.0 0.0 0.0  0.0 0.0
2015-07-06-19 02 40.509	  0.0 0.0 0.0  0.0 0.0
2015-07-06-19 02 40.610	  0.0 0.0 0.0  0.0 0.0
2015-07-06-19 02 40.712	  0.0 0.0 0.0  0.0 0.0
2015-07-06-19 02 40.814	  0.0 0.0 0.0  0.0 0.0
2015-07-06-19 02 40.916	  0.0 0.0 0.0  0.0 0.0
2015-07-06-19 02 41.017	  0.0 0.0 0.0  0.0 0.0
2015-07-06-19 02 41.119	  0.0 0.0 0.0  0.0 0.0
2015-07-06-19 02 41.221	  0.0 0.0 0.0  0.0 0.0
2015-07-06-19 02 41.323	  0.0 0.0 0.0  0.0 0.0
2015-07-06-19 02 41.424	  0.0 0.0 0.0  0.0 0.0
2015-07-06-19 02 41.526	  0.0 0.0 0.0  0.0 0.0
2015-07-06-19 02 41.627	  0.0 0.0 0.0  0.0 0.0
2015-07-06-19 02 41.729	  0.0 0.0 0.0  0.0 0.0
2015-07-06-19 02 41.833	  0.0 0.0 0.0  0.0 0.0
2015-07-06-19 02 41.940	  0.0 0.0 0.0  0.0 0.0
2015-07-06-19 02 42.042	  0.0 0.0 0.0  0.0 0.0
2015-07-06-19 02 42.144	  0.0 0.0 0.0  0.0 0.0
2015-07-06-19 02 42.247	  0.0 0.0 0.0  0.0 0.0
2015-07-06-19 02 42.350	  0.0 0.0 0.0  0.0 0.0
2015-07-06-19 02 42.451	  0.0 0.0 0.0  0.0 0.0
2015-07-06-19 02 42.554	  0.0 0.0 0.0  0.0 0.0
2015-07-06-19 02 42.659	  0.0 0.0 0.0  0.0 0.0
2015-07-06-19 02 42.763	  0.0 0.0 0.0  0.0 0.0
2015-07-06-19 02 42.867	  0.0 0.0 0.0  0.0 0.0
2015-07-06-19 02 42.973	  0.0 0.0 0.0  0.0 0.0
2015-07-06-19 02 43.080	  0.0 0.0 0.0  0.0 0.0
2015-07-06-19 02 43.184	  0.0 0.0 0.0  0.0 0.0
2015-07-06-19 02 43.289	  0.0 0.0 0.0  0.0 0.0
2015-07-06-19 02 43.393	  0.0 0.0 0.0  0.0 0.0
2015-07-06-19 02 43.495	  0.0 0.0 0.0  0.0 0.0
2015-07-06-19 02 43.597	  0.0 0.0 0.0  0.0 0.0
2015-07-06-19 02 43.699	  0.0 0.0 0.0  0.0 0.0
2015-07-06-19 02 43.802	  0.0 0.0 0.0  0.0 0.0
2015-07-06-19 02 43.911	  0.0 0.0 0.0  0.0 0.0
2015-07-06-19 02 44.015	  0.0 0.0 0.0  0.0 0.0
2015-07-06-19 02 44.120	  0.0 0.0 0.0  0.0 0.0
2015-07-06-19 02 44.236	  0.0 0.0 0.0  0.0 0.0
2015-07-06-19 02 44.339	  0.0 0.0 0.0  0.0 0.0
2015-07-06-19 02 44.441	  0.0 0.0 0.0  0.0 0.0
2015-07-06-19 02 44.544	  0.0 0.0 0.0  0.0 0.0
2015-07-06-19 02 44.648	  0.0 0.0 0.0  0.0 0.0
2015-07-06-19 02 44.752	  0.0 0.0 0.0  0.0 0.0
2015-07-06-19 02 44.855	  0.0 0.0 0.0  0.0 0.0
2015-07-06-19 02 44.958	  0.0 0.0 0.0  0.0 0.0
2015-07-06-19 02 45.059	  0.0 0.0 0.0  0.0 0.0
2015-07-06-19 02 45.160	  0.0 0.0 0.0  0.0 0.0
2015-07-06-19 02 45.262	  0.0 0.0 0.0  0.0 0.0
2015-07-06-19 02 45.364	  0.0 0.0 0.0  0.0 0.0
2015-07-06-19 02 45.469	  0.0 0.0 0.0  0.0 0.0
2015-07-06-19 02 45.573	  0.0 0.0 0.0  0.0 0.0
2015-07-06-19 02 45.682	  0.0 0.0 0.0  0.0 0.0
2015-07-06-19 02 45.784	  0.0 0.0 0.0  0.0 0.0
2015-07-06-19 02 45.886	  0.0 0.0 0.0  0.0 0.0
2015-07-06-19 02 45.990	  0.0 0.0 0.0  0.0 0.0
2015-07-06-19 02 46.094	  0.0 0.0 0.0  0.0 0.0
2015-07-06-19 02 46.198	  0.0 0.0 0.0  0.0 0.0
2015-07-06-19 02 46.302	  0.0 0.0 0.0  0.0 0.0
2015-07-06-19 02 46.405	  0.0 0.0 0.0  0.0 0.0
2015-07-06-19 02 46.507	  0.0 0.0 0.0  0.0 0.0
2015-07-06-19 02 46.608	  0.0 0.0 0.0  0.0 0.0
2015-07-06-19 02 46.714	  0.0 0.0 0.0  0.0 0.0
2015-07-06-19 02 46.820	  0.0 0.0 0.0  0.0 0.0
2015-07-06-19 02 46.924	  0.0 0.0 0.0  0.0 0.0
2015-07-06-19 02 47.039	  0.0 0.0 0.0  0.0 0.0
2015-07-06-19 02 47.140	  31.02636392 121.43984874 0.0  0.0 0.0
2015-07-06-19 02 47.243	  31.02636392 121.43984874 0.0  0.0 0.0
2015-07-06-19 02 47.346	  31.02636392 121.43984874 0.0  0.0 0.0
2015-07-06-19 02 47.448	  31.02636392 121.43984874 0.0  0.0 0.0
2015-07-06-19 02 47.556	  31.02636392 121.43984874 0.0  0.0 0.0
2015-07-06-19 02 47.661	  31.02636392 121.43984874 0.0  0.0 0.0
2015-07-06-19 02 47.766	  31.02636392 121.43984874 0.0  0.0 0.0
2015-07-06-19 02 47.868	  31.02636392 121.43984874 0.0  0.0 0.0
2015-07-06-19 02 47.970	  31.02636392 121.43984874 0.0  0.0 0.0
2015-07-06-19 02 48.072	  31.02636392 121.43984874 0.0  0.0 0.0
2015-07-06-19 02 48.174	  31.02636392 121.43984874 0.0  0.0 0.0
2015-07-06-19 02 48.283	  31.02636392 121.43984874 0.0  0.0 0.0
2015-07-06-19 02 48.386	  31.02636392 121.43984874 0.0  0.0 0.0
2015-07-06-19 02 48.490	  31.02636392 121.43984874 0.0  0.0 0.0
2015-07-06-19 02 48.592	  31.02636392 121.43984874 0.0  0.0 0.0
2015-07-06-19 02 48.698	  31.02636392 121.43984874 0.0  0.0 0.0
2015-07-06-19 02 48.803	  31.02636392 121.43984874 0.0  0.0 0.0
2015-07-06-19 02 48.910	  31.02636392 121.43984874 0.0  0.0 0.0
2015-07-06-19 02 49.015	  31.02636392 121.43984874 0.0  0.0 0.0
2015-07-06-19 02 49.117	  31.02636392 121.43984874 0.0  0.0 0.0
2015-07-06-19 02 49.221	  31.02636392 121.43984874 0.0  0.0 0.0
2015-07-06-19 02 49.322	  31.02636392 121.43984874 0.0  0.0 0.0
2015-07-06-19 02 49.424	  31.02636392 121.43984874 0.0  0.0 0.0
2015-07-06-19 02 49.525	  31.02636392 121.43984874 0.0  0.0 0.0
2015-07-06-19 02 49.630	  31.02636392 121.43984874 0.0  0.0 0.0
2015-07-06-19 02 49.735	  31.02636392 121.43984874 0.0  0.0 0.0
2015-07-06-19 02 49.840	  31.02636392 121.43984874 0.0  0.0 0.0
2015-07-06-19 02 49.947	  31.02636392 121.43984874 0.0  0.0 0.0
2015-07-06-19 02 50.049	  31.02636392 121.43984874 0.0  0.0 0.0
2015-07-06-19 02 50.151	  31.02636392 121.43984874 0.0  0.0 0.0
2015-07-06-19 02 50.252	  31.02636392 121.43984874 0.0  0.0 0.0
2015-07-06-19 02 50.354	  31.02636392 121.43984874 0.0  0.0 0.0
2015-07-06-19 02 50.470	  31.02636392 121.43984874 0.0  0.0 0.0
2015-07-06-19 02 50.583	  31.02636392 121.43984874 0.0  0.0 0.0
2015-07-06-19 02 50.684	  31.02636392 121.43984874 0.0  0.0 0.0
2015-07-06-19 02 50.786	  31.02636392 121.43984874 0.0  0.0 0.0
2015-07-06-19 02 50.891	  31.02636392 121.43984874 0.0  0.0 0.0
2015-07-06-19 02 50.996	  31.02636392 121.43984874 0.0  0.0 0.0
2015-07-06-19 02 51.100	  31.02636392 121.43984874 0.0  0.0 0.0
2015-07-06-19 02 51.201	  31.02636392 121.43984874 0.0  0.0 0.0
2015-07-06-19 02 51.303	  31.02636392 121.43984874 0.0  0.0 0.0
2015-07-06-19 02 51.404	  31.02636392 121.43984874 0.0  0.0 0.0
2015-07-06-19 02 51.513	  31.02636392 121.43984874 0.0  0.0 0.0
2015-07-06-19 02 51.617	  31.02636392 121.43984874 0.0  0.0 0.0
2015-07-06-19 02 51.718	  31.02636392 121.43984874 0.0  0.0 0.0
2015-07-06-19 02 51.820	  31.02636392 121.43984874 0.0  0.0 0.0
2015-07-06-19 02 51.922	  31.02636392 121.43984874 0.0  0.0 0.0
2015-07-06-19 02 52.024	  31.02636392 121.43984874 0.0  0.0 0.0
2015-07-06-19 02 52.133	  31.02636392 121.43984874 0.0  0.0 0.0
2015-07-06-19 02 52.235	  31.02636392 121.43984874 0.0  0.0 0.0
2015-07-06-19 02 52.337	  31.02636392 121.43984874 0.0  0.0 0.0
2015-07-06-19 02 52.438	  31.02636392 121.43984874 0.0  0.0 0.0
2015-07-06-19 02 52.546	  31.02636392 121.43984874 0.0  0.0 0.0
2015-07-06-19 02 52.659	  31.02636392 121.43984874 0.0  0.0 0.0
2015-07-06-19 02 52.761	  31.02636392 121.43984874 0.0  0.0 0.0
2015-07-06-19 02 52.863	  31.02636392 121.43984874 0.0  0.0 0.0
2015-07-06-19 02 52.966	  31.02636392 121.43984874 0.0  0.0 0.0
2015-07-06-19 02 53.075	  31.02636392 121.43984874 0.0  0.0 0.0
2015-07-06-19 02 53.204	  31.02636392 121.43984874 0.0  0.0 0.0
2015-07-06-19 02 53.305	  31.02636392 121.43984874 0.0  0.0 0.0
2015-07-06-19 02 53.410	  31.02636392 121.43984874 0.0  0.0 0.0
2015-07-06-19 02 53.516	  31.02636392 121.43984874 0.0  0.0 0.0
2015-07-06-19 02 53.625	  31.02636392 121.43984874 0.0  0.0 0.0
2015-07-06-19 02 53.729	  31.02636392 121.43984874 0.0  0.0 0.0
2015-07-06-19 02 53.830	  31.02636392 121.43984874 0.0  0.0 0.0
2015-07-06-19 02 53.933	  31.02636392 121.43984874 0.0  0.0 0.0
2015-07-06-19 02 54.035	  31.02636392 121.43984874 0.0  0.0 0.0
2015-07-06-19 02 54.137	  31.02636392 121.43984874 0.0  0.0 0.0
2015-07-06-19 02 54.245	  31.02636392 121.43984874 0.0  0.0 0.0
2015-07-06-19 02 54.348	  31.02636392 121.43984874 0.0  0.0 0.0
2015-07-06-19 02 54.450	  31.02636392 121.43984874 0.0  0.0 0.0
2015-07-06-19 02 54.554	  31.02636392 121.43984874 0.0  0.0 0.0
2015-07-06-19 02 54.658	  31.02636392 121.43984874 0.0  0.0 0.0
2015-07-06-19 02 54.762	  31.02636392 121.43984874 0.0  0.0 0.0
2015-07-06-19 02 54.866	  31.02636392 121.43984874 0.0  0.0 0.0
2015-07-06-19 02 54.971	  31.02636392 121.43984874 0.0  0.0 0.0
2015-07-06-19 02 55.072	  31.02636392 121.43984874 0.0  0.0 0.0
2015-07-06-19 02 55.173	  31.02636392 121.43984874 0.0  0.0 0.0
2015-07-06-19 02 55.277	  31.02636392 121.43984874 0.0  0.0 0.0
2015-07-06-19 02 55.380	  31.02636392 121.43984874 0.0  0.0 0.0
2015-07-06-19 02 55.484	  31.02636392 121.43984874 0.0  0.0 0.0
2015-07-06-19 02 55.587	  31.02636392 121.43984874 0.0  0.0 0.0
2015-07-06-19 02 55.694	  31.02636392 121.43984874 0.0  0.0 0.0
2015-07-06-19 02 55.807	  31.02636392 121.43984874 0.0  0.0 0.0
2015-07-06-19 02 55.908	  31.02636392 121.43984874 0.0  0.0 0.0
2015-07-06-19 02 56.010	  31.02636392 121.43984874 0.0  0.0 0.0
2015-07-06-19 02 56.112	  31.02636392 121.43984874 0.0  0.0 0.0
2015-07-06-19 02 56.213	  31.02636392 121.43984874 0.0  0.0 0.0
2015-07-06-19 02 56.315	  31.02636392 121.43984874 0.0  0.0 0.0
2015-07-06-19 02 56.419	  31.02636392 121.43984874 0.0  0.0 0.0
2015-07-06-19 02 56.526	  31.02636392 121.43984874 0.0  0.0 0.0
2015-07-06-19 02 56.637	  31.02636392 121.43984874 0.0  0.0 0.0
2015-07-06-19 02 56.739	  31.02636392 121.43984874 0.0  0.0 0.0
2015-07-06-19 02 56.841	  31.02636392 121.43984874 0.0  0.0 0.0
2015-07-06-19 02 56.944	  31.02636392 121.43984874 0.0  0.0 0.0
2015-07-06-19 02 57.053	  31.02636392 121.43984874 0.0  0.0 0.0
2015-07-06-19 02 57.155	  31.02636392 121.43984874 0.0  0.0 0.0
2015-07-06-19 02 57.259	  31.02636392 121.43984874 0.0  0.0 0.0
2015-07-06-19 02 57.360	  31.02636392 121.43984874 0.0  0.0 0.0
2015-07-06-19 02 57.465	  31.02636392 121.43984874 0.0  0.0 0.0
2015-07-06-19 02 57.567	  31.02636392 121.43984874 0.0  0.0 0.0
2015-07-06-19 02 57.670	  31.02636392 121.43984874 0.0  0.0 0.0
2015-07-06-19 02 57.773	  31.02636392 121.43984874 0.0  0.0 0.0
2015-07-06-19 02 57.884	  31.02636392 121.43984874 0.0  0.0 0.0
2015-07-06-19 02 57.985	  31.02636392 121.43984874 0.0  0.0 0.0
2015-07-06-19 02 58.087	  31.02636392 121.43984874 0.0  0.0 0.0
2015-07-06-19 02 58.195	  31.02636392 121.43984874 0.0  0.0 0.0
2015-07-06-19 02 58.298	  31.02636392 121.43984874 0.0  0.0 0.0
2015-07-06-19 02 58.401	  31.02636392 121.43984874 0.0  0.0 0.0
2015-07-06-19 02 58.505	  31.02636392 121.43984874 0.0  0.0 0.0
2015-07-06-19 02 58.609	  31.02636392 121.43984874 0.0  0.0 0.0
2015-07-06-19 02 58.719	  31.02636392 121.43984874 0.0  0.0 0.0
2015-07-06-19 02 58.821	  31.02636392 121.43984874 0.0  0.0 0.0
2015-07-06-19 02 58.923	  31.02636392 121.43984874 0.0  0.0 0.0
2015-07-06-19 02 59.027	  31.02636392 121.43984874 0.0  0.0 0.0
2015-07-06-19 02 59.134	  31.02636392 121.43984874 0.0  0.0 0.0
2015-07-06-19 02 59.235	  31.02636392 121.43984874 0.0  0.0 0.0
2015-07-06-19 02 59.336	  31.02636392 121.43984874 0.0  0.0 0.0
2015-07-06-19 02 59.440	  31.02636392 121.43984874 0.0  0.0 0.0
2015-07-06-19 02 59.543	  31.02636392 121.43984874 0.0  0.0 0.0
2015-07-06-19 02 59.647	  31.02636392 121.43984874 0.0  0.0 0.0
2015-07-06-19 02 59.829	  31.02636392 121.43984874 0.0  0.0 0.0
2015-07-06-19 02 59.931	  31.02636392 121.43984874 0.0  0.0 0.0
2015-07-06-19 03 00.032	  31.02636392 121.43984874 0.0  0.0 0.0
2015-07-06-19 03 00.135	  31.02636392 121.43984874 0.0  0.0 0.0
2015-07-06-19 03 00.236	  31.02636392 121.43984874 0.0  0.0 0.0
2015-07-06-19 03 00.338	  31.02636392 121.43984874 0.0  0.0 0.0
2015-07-06-19 03 00.440	  31.02636392 121.43984874 0.0  0.0 0.0
2015-07-06-19 03 00.554	  31.02636392 121.43984874 0.0  0.0 0.0
2015-07-06-19 03 00.656	  31.02636392 121.43984874 0.0  0.0 0.0
2015-07-06-19 03 00.760	  31.02636392 121.43984874 0.0  0.0 0.0
2015-07-06-19 03 00.864	  31.02636392 121.43984874 0.0  0.0 0.0
2015-07-06-19 03 00.984	  31.02636392 121.43984874 0.0  0.0 0.0
2015-07-06-19 03 01.085	  31.02636392 121.43984874 0.0  0.0 0.0
2015-07-06-19 03 01.187	  31.02636392 121.43984874 0.0  0.0 0.0
2015-07-06-19 03 01.288	  31.02636392 121.43984874 0.0  0.0 0.0
2015-07-06-19 03 01.394	  31.02636392 121.43984874 0.0  0.0 0.0
2015-07-06-19 03 01.496	  31.02636392 121.43984874 0.0  0.0 0.0
2015-07-06-19 03 01.598	  31.02636392 121.43984874 0.0  0.0 0.0
2015-07-06-19 03 01.705	  31.02636392 121.43984874 0.0  0.0 0.0
2015-07-06-19 03 01.811	  31.02636392 121.43984874 0.0  0.0 0.0
2015-07-06-19 03 01.916	  31.02636392 121.43984874 0.0  0.0 0.0
2015-07-06-19 03 02.021	  31.02636392 121.43984874 0.0  0.0 0.0
2015-07-06-19 03 02.134	  31.02636392 121.43984874 0.0  0.0 0.0
2015-07-06-19 03 02.235	  31.02636392 121.43984874 0.0  0.0 0.0
2015-07-06-19 03 02.338	  31.02636392 121.43984874 0.0  0.0 0.0
2015-07-06-19 03 02.442	  31.02636392 121.43984874 0.0  0.0 0.0
2015-07-06-19 03 02.544	  31.02636392 121.43984874 0.0  0.0 0.0
2015-07-06-19 03 02.646	  31.02636392 121.43984874 0.0  0.0 0.0
2015-07-06-19 03 02.750	  31.02636392 121.43984874 0.0  0.0 0.0
2015-07-06-19 03 02.854	  31.02636392 121.43984874 0.0  0.0 0.0
2015-07-06-19 03 02.960	  31.02636392 121.43984874 0.0  0.0 0.0
2015-07-06-19 03 03.066	  31.02636392 121.43984874 0.0  0.0 0.0
2015-07-06-19 03 03.181	  31.02636392 121.43984874 0.0  0.0 0.0
2015-07-06-19 03 03.286	  31.02636392 121.43984874 0.0  0.0 0.0
2015-07-06-19 03 03.388	  31.02636392 121.43984874 0.0  0.0 0.0
2015-07-06-19 03 03.490	  31.02636392 121.43984874 0.0  0.0 0.0
2015-07-06-19 03 03.594	  31.02636392 121.43984874 0.0  0.0 0.0
2015-07-06-19 03 03.701	  31.02636392 121.43984874 0.0  0.0 0.0
2015-07-06-19 03 03.816	  31.02636392 121.43984874 0.0  0.0 0.0
2015-07-06-19 03 03.917	  31.02636392 121.43984874 0.0  0.0 0.0
2015-07-06-19 03 04.020	  31.02636392 121.43984874 0.0  0.0 0.0
2015-07-06-19 03 04.122	  31.02636392 121.43984874 0.0  0.0 0.0
2015-07-06-19 03 04.224	  31.02636392 121.43984874 0.0  0.0 0.0
2015-07-06-19 03 04.329	  31.02636392 121.43984874 0.0  0.0 0.0
2015-07-06-19 03 04.440	  31.02636392 121.43984874 0.0  0.0 0.0
2015-07-06-19 03 04.542	  31.02636392 121.43984874 0.0  0.0 0.0
2015-07-06-19 03 04.644	  31.02636392 121.43984874 0.0  0.0 0.0
2015-07-06-19 03 04.746	  31.02636392 121.43984874 0.0  0.0 0.0
2015-07-06-19 03 04.848	  31.02636392 121.43984874 0.0  0.0 0.0
2015-07-06-19 03 04.961	  31.02636392 121.43984874 0.0  0.0 0.0
2015-07-06-19 03 05.063	  31.02636392 121.43984874 0.0  0.0 0.0
2015-07-06-19 03 05.165	  31.02636392 121.43984874 0.0  0.0 0.0
2015-07-06-19 03 05.269	  31.02636392 121.43984874 0.0  0.0 0.0
2015-07-06-19 03 05.372	  31.02636392 121.43984874 0.0  0.0 0.0
2015-07-06-19 03 05.475	  31.02636392 121.43984874 0.0  0.0 0.0
2015-07-06-19 03 05.588	  31.02636392 121.43984874 0.0  0.0 0.0
2015-07-06-19 03 05.689	  31.02636392 121.43984874 0.0  0.0 0.0
2015-07-06-19 03 05.792	  31.02636392 121.43984874 0.0  0.0 0.0
2015-07-06-19 03 05.898	  31.02636392 121.43984874 0.0  0.0 0.0
2015-07-06-19 03 06.003	  31.02636392 121.43984874 0.0  0.0 0.0
2015-07-06-19 03 06.106	  31.02636392 121.43984874 0.0  0.0 0.0
2015-07-06-19 03 06.213	  31.02636392 121.43984874 0.0  0.0 0.0
2015-07-06-19 03 06.315	  31.02636392 121.43984874 0.0  0.0 0.0
2015-07-06-19 03 06.416	  31.02636392 121.43984874 0.0  0.0 0.0
2015-07-06-19 03 06.521	  31.02636392 121.43984874 0.0  0.0 0.0
2015-07-06-19 03 06.625	  31.02636392 121.43984874 0.0  0.0 0.0
2015-07-06-19 03 06.729	  31.02636392 121.43984874 0.0  0.0 0.0
2015-07-06-19 03 06.838	  31.02636392 121.43984874 0.0  0.0 0.0
2015-07-06-19 03 06.940	  31.02636392 121.43984874 0.0  0.0 0.0
2015-07-06-19 03 07.043	  31.02636392 121.43984874 0.0  0.0 0.0
2015-07-06-19 03 07.151	  31.02636392 121.43984874 0.0  0.0 0.0
2015-07-06-19 03 07.253	  31.02636392 121.43984874 0.0  0.0 0.0
2015-07-06-19 03 07.354	  31.02636392 121.43984874 0.0  0.0 0.0
2015-07-06-19 03 07.460	  31.02636392 121.43984874 0.0  0.0 0.0
2015-07-06-19 03 07.563	  31.02636392 121.43984874 0.0  0.0 0.0
2015-07-06-19 03 07.665	  31.02636392 121.43984874 0.0  0.0 0.0
2015-07-06-19 03 07.772	  31.02636392 121.43984874 0.0  0.0 0.0
2015-07-06-19 03 07.879	  31.02636392 121.43984874 0.0  0.0 0.0
2015-07-06-19 03 07.981	  31.02636392 121.43984874 0.0  0.0 0.0
2015-07-06-19 03 08.093	  31.02636392 121.43984874 0.0  0.0 0.0
2015-07-06-19 03 08.195	  31.02636392 121.43984874 0.0  0.0 0.0
2015-07-06-19 03 08.296	  31.02636392 121.43984874 0.0  0.0 0.0
2015-07-06-19 03 08.434	  31.02636392 121.43984874 0.0  0.0 0.0
2015-07-06-19 03 08.538	  31.02636392 121.43984874 0.0  0.0 0.0
2015-07-06-19 03 08.645	  31.02636392 121.43984874 0.0  0.0 0.0
2015-07-06-19 03 08.803	  31.02636392 121.43984874 0.0  0.0 0.0
2015-07-06-19 03 08.905	  31.02636392 121.43984874 0.0  0.0 0.0
2015-07-06-19 03 09.014	  31.02636392 121.43984874 0.0  0.0 0.0
2015-07-06-19 03 09.117	  31.02638568 121.43983994 0.75  0.0 0.0
2015-07-06-19 03 09.221	  31.02638568 121.43983994 0.75  0.0 0.0
2015-07-06-19 03 09.324	  31.02638568 121.43983994 0.75  0.0 0.0
2015-07-06-19 03 09.426	  31.02638568 121.43983994 0.75  0.0 0.0
2015-07-06-19 03 09.536	  31.02638568 121.43983994 0.75  0.0 0.0
2015-07-06-19 03 09.639	  31.02638568 121.43983994 0.75  0.0 0.0
2015-07-06-19 03 09.786	  31.02638568 121.43983994 0.75  0.0 0.0
2015-07-06-19 03 09.888	  31.02638568 121.43983994 0.75  0.0 0.0
2015-07-06-19 03 09.994	  31.02638568 121.43983994 0.75  0.0 0.0
2015-07-06-19 03 10.099	  31.02638568 121.43983994 0.75  0.0 0.0
2015-07-06-19 03 10.202	  31.02638568 121.43983994 0.75  0.0 0.0
2015-07-06-19 03 10.306	  31.02638568 121.43983994 0.75  0.0 0.0
2015-07-06-19 03 10.407	  31.02638568 121.43983994 0.75  0.0 0.0
2015-07-06-19 03 10.508	  31.02638568 121.43983994 0.75  0.0 0.0
2015-07-06-19 03 10.625	  31.02638568 121.43983994 0.75  0.0 0.0
2015-07-06-19 03 10.726	  31.02638568 121.43983994 0.75  0.0 0.0
2015-07-06-19 03 10.830	  31.02638568 121.43983994 0.75  0.0 0.0
2015-07-06-19 03 10.939	  31.02638568 121.43983994 0.75  0.0 0.0
2015-07-06-19 03 11.041	  31.02638568 121.43983994 0.75  0.0 0.0
2015-07-06-19 03 11.144	  31.02641615 121.43982298 1.0  0.0 0.0
2015-07-06-19 03 11.255	  31.02641615 121.43982298 1.0  0.0 0.0
2015-07-06-19 03 11.357	  31.02641615 121.43982298 1.0  0.0 0.0
2015-07-06-19 03 11.459	  31.02641615 121.43982298 1.0  0.0 0.0
2015-07-06-19 03 11.580	  31.02641615 121.43982298 1.0  0.0 0.0
2015-07-06-19 03 11.681	  31.02641615 121.43982298 1.0  0.0 0.0
2015-07-06-19 03 11.784	  31.02641615 121.43982298 1.0  0.0 0.0
2015-07-06-19 03 11.890	  31.02641615 121.43982298 1.0  0.0 0.0
2015-07-06-19 03 11.995	  31.02641615 121.43982298 1.0  0.0 0.0
2015-07-06-19 03 12.101	  31.02641615 121.43982298 1.0  0.0 0.0
2015-07-06-19 03 12.226	  31.02644623 121.43981548 1.5  0.0 0.0
2015-07-06-19 03 12.329	  31.02644623 121.43981548 1.5  0.0 0.0
2015-07-06-19 03 12.431	  31.02644623 121.43981548 1.5  0.0 0.0
2015-07-06-19 03 12.537	  31.02644623 121.43981548 1.5  0.0 0.0
2015-07-06-19 03 12.639	  31.02644623 121.43981548 1.5  0.0 0.0
2015-07-06-19 03 12.744	  31.02644623 121.43981548 1.5  0.0 0.0
2015-07-06-19 03 12.854	  31.02644623 121.43981548 1.5  0.0 0.0
2015-07-06-19 03 12.956	  31.02644623 121.43981548 1.5  0.0 0.0
2015-07-06-19 03 13.059	  31.02644623 121.43981548 1.5  0.0 0.0
2015-07-06-19 03 13.167	  31.0264802 121.43980807 1.5  0.0 0.0
2015-07-06-19 03 13.272	  31.0264802 121.43980807 1.5  0.0 0.0
2015-07-06-19 03 13.374	  31.0264802 121.43980807 1.5  0.0 0.0
2015-07-06-19 03 13.535	  31.0264802 121.43980807 1.5  0.0 0.0
2015-07-06-19 03 13.636	  31.0264802 121.43980807 1.5  0.0 0.0
2015-07-06-19 03 13.752	  31.0264802 121.43980807 1.5  0.0 0.0
2015-07-06-19 03 13.854	  31.0264802 121.43980807 1.5  0.0 0.0
2015-07-06-19 03 13.960	  31.0264802 121.43980807 1.5  0.0 0.0
2015-07-06-19 03 14.062	  31.0264802 121.43980807 1.5  0.0 0.0
2015-07-06-19 03 14.169	  31.02651532 121.4397997 1.5  0.0 0.0
2015-07-06-19 03 14.285	  31.02651532 121.4397997 1.5  0.0 0.0
2015-07-06-19 03 14.387	  31.02651532 121.4397997 1.5  0.0 0.0
2015-07-06-19 03 14.492	  31.02651532 121.4397997 1.5  0.0 0.0
2015-07-06-19 03 14.595	  31.02651532 121.4397997 1.5  0.0 0.0
2015-07-06-19 03 14.698	  31.02651532 121.4397997 1.5  0.0 0.0
2015-07-06-19 03 14.811	  31.02651532 121.4397997 1.5  0.0 0.0
2015-07-06-19 03 14.912	  31.02651532 121.4397997 1.5  0.0 0.0
2015-07-06-19 03 15.014	  31.02651532 121.4397997 1.5  0.0 0.0
2015-07-06-19 03 15.136	  31.02655304 121.43979129 1.5  0.0 0.0
2015-07-06-19 03 15.239	  31.02655304 121.43979129 1.5  0.0 0.0
2015-07-06-19 03 15.357	  31.02655304 121.43979129 1.5  0.0 0.0
2015-07-06-19 03 15.459	  31.02655304 121.43979129 1.5  0.0 0.0
2015-07-06-19 03 15.590	  31.02655304 121.43979129 1.5  0.0 0.0
2015-07-06-19 03 15.697	  31.02655304 121.43979129 1.5  0.0 0.0
2015-07-06-19 03 15.845	  31.02655304 121.43979129 1.5  0.0 0.0
2015-07-06-19 03 15.947	  31.02655304 121.43979129 1.5  0.0 0.0
2015-07-06-19 03 16.086	  31.02659386 121.43978171 1.75  0.0 0.0
2015-07-06-19 03 16.195	  31.02659386 121.43978171 1.75  0.0 0.0
2015-07-06-19 03 16.312	  31.02659386 121.43978171 1.75  0.0 0.0
2015-07-06-19 03 16.414	  31.02659386 121.43978171 1.75  0.0 0.0
2015-07-06-19 03 16.556	  31.02659386 121.43978171 1.75  0.0 0.0
2015-07-06-19 03 16.657	  31.02659386 121.43978171 1.75  0.0 0.0
2015-07-06-19 03 16.766	  31.02659386 121.43978171 1.75  0.0 0.0
2015-07-06-19 03 16.872	  31.02659386 121.43978171 1.75  0.0 0.0
2015-07-06-19 03 16.983	  31.02659386 121.43978171 1.75  0.0 0.0
2015-07-06-19 03 17.099	  31.02663414 121.43977163 1.75  0.0 0.0
2015-07-06-19 03 17.212	  31.02663414 121.43977163 1.75  0.0 0.0
2015-07-06-19 03 17.353	  31.02663414 121.43977163 1.75  0.0 0.0
2015-07-06-19 03 17.456	  31.02663414 121.43977163 1.75  0.0 0.0
2015-07-06-19 03 17.594	  31.02663414 121.43977163 1.75  0.0 0.0
2015-07-06-19 03 17.696	  31.02663414 121.43977163 1.75  0.0 0.0
2015-07-06-19 03 17.808	  31.02663414 121.43977163 1.75  0.0 0.0
2015-07-06-19 03 17.910	  31.02663414 121.43977163 1.75  0.0 0.0
2015-07-06-19 03 18.012	  31.02663414 121.43977163 1.75  0.0 0.0
2015-07-06-19 03 18.114	  31.02667325 121.43976239 1.75  0.0 0.0
2015-07-06-19 03 18.242	  31.02667325 121.43976239 1.75  0.0 0.0
2015-07-06-19 03 18.345	  31.02667325 121.43976239 1.75  0.0 0.0
2015-07-06-19 03 18.451	  31.02667325 121.43976239 1.75  0.0 0.0
2015-07-06-19 03 18.553	  31.02667325 121.43976239 1.75  0.0 0.0
2015-07-06-19 03 18.654	  31.02667325 121.43976239 1.75  0.0 0.0
2015-07-06-19 03 18.756	  31.02667325 121.43976239 1.75  0.0 0.0
2015-07-06-19 03 18.858	  31.02667325 121.43976239 1.75  0.0 0.0
2015-07-06-19 03 18.984	  31.02667325 121.43976239 1.75  0.0 0.0
2015-07-06-19 03 19.085	  31.02667325 121.43976239 1.75  0.0 0.0
2015-07-06-19 03 19.225	  31.02670653 121.43975274 1.75  0.0 0.0
2015-07-06-19 03 19.326	  31.02670653 121.43975274 1.75  0.0 0.0
2015-07-06-19 03 19.485	  31.02670653 121.43975274 1.75  0.0 0.0
2015-07-06-19 03 19.612	  31.02670653 121.43975274 1.75  0.0 0.0
2015-07-06-19 03 19.742	  31.02670653 121.43975274 1.75  0.0 0.0
2015-07-06-19 03 19.844	  31.02670653 121.43975274 1.75  0.0 0.0
2015-07-06-19 03 19.946	  31.02670653 121.43975274 1.75  0.0 0.0
2015-07-06-19 03 20.049	  31.02670653 121.43975274 1.75  0.0 0.0
2015-07-06-19 03 20.152	  31.02670653 121.43975274 1.75  0.0 0.0
2015-07-06-19 03 20.253	  31.02673978 121.43974238 1.75  0.0 0.0
2015-07-06-19 03 20.355	  31.02673978 121.43974238 1.75  0.0 0.0
2015-07-06-19 03 20.467	  31.02673978 121.43974238 1.75  0.0 0.0
2015-07-06-19 03 20.578	  31.02673978 121.43974238 1.75  0.0 0.0
2015-07-06-19 03 20.680	  31.02673978 121.43974238 1.75  0.0 0.0
2015-07-06-19 03 20.788	  31.02673978 121.43974238 1.75  0.0 0.0
2015-07-06-19 03 20.895	  31.02673978 121.43974238 1.75  0.0 0.0
2015-07-06-19 03 21.006	  31.02673978 121.43974238 1.75  0.0 0.0
2015-07-06-19 03 21.108	  31.02673978 121.43974238 1.75  0.0 0.0
2015-07-06-19 03 21.213	  31.02677139 121.43973091 1.75  0.0 0.0
2015-07-06-19 03 21.316	  31.02677139 121.43973091 1.75  0.0 0.0
2015-07-06-19 03 21.425	  31.02677139 121.43973091 1.75  0.0 0.0
2015-07-06-19 03 21.530	  31.02677139 121.43973091 1.75  0.0 0.0
2015-07-06-19 03 21.638	  31.02677139 121.43973091 1.75  0.0 0.0
2015-07-06-19 03 21.740	  31.02677139 121.43973091 1.75  0.0 0.0
2015-07-06-19 03 21.851	  31.02677139 121.43973091 1.75  0.0 0.0
2015-07-06-19 03 21.953	  31.02677139 121.43973091 1.75  0.0 0.0
2015-07-06-19 03 22.054	  31.02677139 121.43973091 1.75  0.0 0.0
2015-07-06-19 03 22.159	  31.02680236 121.43971867 1.75  0.0 0.0
2015-07-06-19 03 22.260	  31.02680236 121.43971867 1.75  0.0 0.0
2015-07-06-19 03 22.362	  31.02680236 121.43971867 1.75  0.0 0.0
2015-07-06-19 03 22.469	  31.02680236 121.43971867 1.75  0.0 0.0
2015-07-06-19 03 22.571	  31.02680236 121.43971867 1.75  0.0 0.0
2015-07-06-19 03 22.689	  31.02680236 121.43971867 1.75  0.0 0.0
2015-07-06-19 03 22.791	  31.02680236 121.43971867 1.75  0.0 0.0
2015-07-06-19 03 22.894	  31.02680236 121.43971867 1.75  0.0 0.0
2015-07-06-19 03 22.999	  31.02680236 121.43971867 1.75  0.0 0.0
2015-07-06-19 03 23.101	  31.02683376 121.43970744 1.75  0.0 0.0
2015-07-06-19 03 23.203	  31.02683376 121.43970744 1.75  0.0 0.0
2015-07-06-19 03 23.309	  31.02683376 121.43970744 1.75  0.0 0.0
2015-07-06-19 03 23.413	  31.02683376 121.43970744 1.75  0.0 0.0
2015-07-06-19 03 23.526	  31.02683376 121.43970744 1.75  0.0 0.0
2015-07-06-19 03 23.627	  31.02683376 121.43970744 1.75  0.0 0.0
2015-07-06-19 03 23.732	  31.02683376 121.43970744 1.75  0.0 0.0
2015-07-06-19 03 23.836	  31.02683376 121.43970744 1.75  0.0 0.0
2015-07-06-19 03 23.944	  31.02683376 121.43970744 1.75  0.0 0.0
2015-07-06-19 03 24.051	  31.02683376 121.43970744 1.75  0.0 0.0
2015-07-06-19 03 24.181	  31.02686306 121.43969776 1.75  0.0 0.0
2015-07-06-19 03 24.283	  31.02686306 121.43969776 1.75  0.0 0.0
2015-07-06-19 03 24.388	  31.02686306 121.43969776 1.75  0.0 0.0
2015-07-06-19 03 24.492	  31.02686306 121.43969776 1.75  0.0 0.0
2015-07-06-19 03 24.606	  31.02686306 121.43969776 1.75  0.0 0.0
2015-07-06-19 03 24.708	  31.02686306 121.43969776 1.75  0.0 0.0
2015-07-06-19 03 24.810	  31.02686306 121.43969776 1.75  0.0 0.0
2015-07-06-19 03 24.926	  31.02686306 121.43969776 1.75  0.0 0.0
2015-07-06-19 03 25.032	  31.02686306 121.43969776 1.75  0.0 0.0
2015-07-06-19 03 25.185	  31.02689291 121.43968875 1.75  0.0 0.0
2015-07-06-19 03 25.286	  31.02689291 121.43968875 1.75  0.0 0.0
2015-07-06-19 03 25.388	  31.02689291 121.43968875 1.75  0.0 0.0
2015-07-06-19 03 25.490	  31.02689291 121.43968875 1.75  0.0 0.0
2015-07-06-19 03 25.615	  31.02689291 121.43968875 1.75  0.0 0.0
2015-07-06-19 03 25.720	  31.02689291 121.43968875 1.75  0.0 0.0
2015-07-06-19 03 25.825	  31.02689291 121.43968875 1.75  0.0 0.0
2015-07-06-19 03 25.938	  31.02689291 121.43968875 1.75  0.0 0.0
2015-07-06-19 03 26.041	  31.02689291 121.43968875 1.75  0.0 0.0
2015-07-06-19 03 26.186	  31.02692168 121.43967777 1.75  0.0 0.0
2015-07-06-19 03 26.288	  31.02692168 121.43967777 1.75  0.0 0.0
2015-07-06-19 03 26.433	  31.02692168 121.43967777 1.75  0.0 0.0
2015-07-06-19 03 26.538	  31.02692168 121.43967777 1.75  0.0 0.0
2015-07-06-19 03 26.640	  31.02692168 121.43967777 1.75  0.0 0.0
2015-07-06-19 03 26.744	  31.02692168 121.43967777 1.75  0.0 0.0
2015-07-06-19 03 26.848	  31.02692168 121.43967777 1.75  0.0 0.0
2015-07-06-19 03 26.955	  31.02692168 121.43967777 1.75  0.0 0.0
2015-07-06-19 03 27.061	  31.02692168 121.43967777 1.75  0.0 0.0
2015-07-06-19 03 27.245	  31.02694825 121.43966836 1.75  0.0 0.0
2015-07-06-19 03 27.347	  31.02694825 121.43966836 1.75  0.0 0.0
2015-07-06-19 03 27.485	  31.02694825 121.43966836 1.75  0.0 0.0
2015-07-06-19 03 27.587	  31.02694825 121.43966836 1.75  0.0 0.0
2015-07-06-19 03 27.689	  31.02694825 121.43966836 1.75  0.0 0.0
2015-07-06-19 03 27.795	  31.02694825 121.43966836 1.75  0.0 0.0
2015-07-06-19 03 27.898	  31.02694825 121.43966836 1.75  0.0 0.0
2015-07-06-19 03 28.005	  31.02694825 121.43966836 1.75  0.0 0.0
2015-07-06-19 03 28.108	  31.02694825 121.43966836 1.75  0.0 0.0
2015-07-06-19 03 28.305	  31.02697218 121.43966125 1.75  0.0 0.0
2015-07-06-19 03 28.406	  31.02697218 121.43966125 1.75  0.0 0.0
2015-07-06-19 03 28.520	  31.02697218 121.43966125 1.75  0.0 0.0
2015-07-06-19 03 28.622	  31.02697218 121.43966125 1.75  0.0 0.0
2015-07-06-19 03 28.726	  31.02697218 121.43966125 1.75  0.0 0.0
2015-07-06-19 03 28.840	  31.02697218 121.43966125 1.75  0.0 0.0
2015-07-06-19 03 28.942	  31.02697218 121.43966125 1.75  0.0 0.0
2015-07-06-19 03 29.048	  31.02697218 121.43966125 1.75  0.0 0.0
2015-07-06-19 03 29.150	  31.02697218 121.43966125 1.75  0.0 0.0
2015-07-06-19 03 29.292	  31.02699462 121.43965369 1.75  0.0 0.0
2015-07-06-19 03 29.394	  31.02699462 121.43965369 1.75  0.0 0.0
2015-07-06-19 03 29.552	  31.02699462 121.43965369 1.75  0.0 0.0
2015-07-06-19 03 29.655	  31.02699462 121.43965369 1.75  0.0 0.0
2015-07-06-19 03 29.766	  31.02699462 121.43965369 1.75  0.0 0.0
2015-07-06-19 03 29.871	  31.02699462 121.43965369 1.75  0.0 0.0
2015-07-06-19 03 29.973	  31.02699462 121.43965369 1.75  0.0 0.0
2015-07-06-19 03 30.094	  31.02699462 121.43965369 1.75  0.0 0.0
2015-07-06-19 03 30.196	  31.02701932 121.43964542 1.75  0.0 0.0
2015-07-06-19 03 30.311	  31.02701932 121.43964542 1.75  0.0 0.0
2015-07-06-19 03 30.413	  31.02701932 121.43964542 1.75  0.0 0.0
2015-07-06-19 03 30.530	  31.02701932 121.43964542 1.75  0.0 0.0
2015-07-06-19 03 30.640	  31.02701932 121.43964542 1.75  0.0 0.0
2015-07-06-19 03 30.742	  31.02701932 121.43964542 1.75  0.0 0.0
2015-07-06-19 03 30.886	  31.02701932 121.43964542 1.75  0.0 0.0
2015-07-06-19 03 31.000	  31.02701932 121.43964542 1.75  0.0 0.0
2015-07-06-19 03 31.102	  31.02704389 121.43963786 1.75  0.0 0.0
2015-07-06-19 03 31.243	  31.02704389 121.43963786 1.75  0.0 0.0
2015-07-06-19 03 31.370	  31.02704389 121.43963786 1.75  0.0 0.0
2015-07-06-19 03 31.472	  31.02704389 121.43963786 1.75  0.0 0.0
2015-07-06-19 03 31.610	  31.02704389 121.43963786 1.75  0.0 0.0
2015-07-06-19 03 31.713	  31.02704389 121.43963786 1.75  0.0 0.0
2015-07-06-19 03 31.816	  31.02704389 121.43963786 1.75  0.0 0.0
2015-07-06-19 03 31.989	  31.02704389 121.43963786 1.75  0.0 0.0
2015-07-06-19 03 32.090	  31.02706784 121.43963158 1.75  0.0 0.0
2015-07-06-19 03 32.231	  31.02706784 121.43963158 1.75  0.0 0.0
2015-07-06-19 03 32.338	  31.02706784 121.43963158 1.75  0.0 0.0
2015-07-06-19 03 32.444	  31.02706784 121.43963158 1.75  0.0 0.0
2015-07-06-19 03 32.587	  31.02706784 121.43963158 1.75  0.0 0.0
2015-07-06-19 03 32.688	  31.02706784 121.43963158 1.75  0.0 0.0
2015-07-06-19 03 32.798	  31.02706784 121.43963158 1.75  0.0 0.0
2015-07-06-19 03 32.907	  31.02706784 121.43963158 1.75  0.0 0.0
2015-07-06-19 03 33.009	  31.02706784 121.43963158 1.75  0.0 0.0
2015-07-06-19 03 33.125	  31.02706784 121.43963158 1.75  0.0 0.0
2015-07-06-19 03 33.235	  31.02708856 121.43962422 1.75  0.0 0.0
2015-07-06-19 03 33.338	  31.02708856 121.43962422 1.75  0.0 0.0
2015-07-06-19 03 33.471	  31.02708856 121.43962422 1.75  0.0 0.0
2015-07-06-19 03 33.585	  31.02708856 121.43962422 1.75  0.0 0.0
2015-07-06-19 03 33.687	  31.02708856 121.43962422 1.75  0.0 0.0
2015-07-06-19 03 33.820	  31.02708856 121.43962422 1.75  0.0 0.0
2015-07-06-19 03 33.978	  31.02708856 121.43962422 1.75  0.0 0.0
2015-07-06-19 03 34.080	  31.02710948 121.43961544 1.75  0.0 0.0
2015-07-06-19 03 34.243	  31.02710948 121.43961544 1.75  0.0 0.0
2015-07-06-19 03 34.349	  31.02710948 121.43961544 1.75  0.0 0.0
2015-07-06-19 03 34.452	  31.02710948 121.43961544 1.75  0.0 0.0
2015-07-06-19 03 34.596	  31.02710948 121.43961544 1.75  0.0 0.0
2015-07-06-19 03 34.698	  31.02710948 121.43961544 1.75  0.0 0.0
2015-07-06-19 03 34.840	  31.02710948 121.43961544 1.75  0.0 0.0
2015-07-06-19 03 34.946	  31.02710948 121.43961544 1.75  0.0 0.0
2015-07-06-19 03 35.053	  31.02710948 121.43961544 1.75  0.0 0.0
2015-07-06-19 03 35.157	  31.027128 121.43960826 1.5  0.0 0.0
2015-07-06-19 03 35.289	  31.027128 121.43960826 1.5  0.0 0.0
2015-07-06-19 03 35.390	  31.027128 121.43960826 1.5  0.0 0.0
2015-07-06-19 03 35.492	  31.027128 121.43960826 1.5  0.0 0.0
2015-07-06-19 03 35.625	  31.027128 121.43960826 1.5  0.0 0.0
2015-07-06-19 03 35.782	  31.027128 121.43960826 1.5  0.0 0.0
2015-07-06-19 03 35.884	  31.027128 121.43960826 1.5  0.0 0.0
2015-07-06-19 03 36.039	  31.027128 121.43960826 1.5  0.0 0.0
2015-07-06-19 03 36.215	  31.02714771 121.43960156 1.5  0.0 0.0
2015-07-06-19 03 36.317	  31.02714771 121.43960156 1.5  0.0 0.0
2015-07-06-19 03 36.443	  31.02714771 121.43960156 1.5  0.0 0.0
2015-07-06-19 03 36.638	  31.02714771 121.43960156 1.5  0.0 0.0
2015-07-06-19 03 36.742	  31.02714771 121.43960156 1.5  0.0 0.0
2015-07-06-19 03 36.901	  31.02714771 121.43960156 1.5  0.0 0.0
2015-07-06-19 03 37.024	  31.02714771 121.43960156 1.5  0.0 0.0
2015-07-06-19 03 37.126	  31.02714771 121.43960156 1.5  0.0 0.0
2015-07-06-19 03 37.261	  31.02714771 121.43960156 1.5  0.0 0.0
2015-07-06-19 03 37.391	  31.02714771 121.43960156 1.5  0.0 0.0
2015-07-06-19 03 37.495	  31.02714771 121.43960156 1.5  0.0 0.0
2015-07-06-19 03 37.643	  31.02714771 121.43960156 1.5  0.0 0.0
2015-07-06-19 03 37.783	  31.02714771 121.43960156 1.5  0.0 0.0
2015-07-06-19 03 37.893	  31.02714771 121.43960156 1.5  0.0 0.0
2015-07-06-19 03 38.061	  31.02718189 121.43959083 1.5  0.0 0.0
2015-07-06-19 03 38.245	  31.02718189 121.43959083 1.5  0.0 0.0
2015-07-06-19 03 38.347	  31.02718189 121.43959083 1.5  0.0 0.0
2015-07-06-19 03 38.462	  31.02718189 121.43959083 1.5  0.0 0.0
2015-07-06-19 03 38.633	  31.02718189 121.43959083 1.5  0.0 0.0
2015-07-06-19 03 38.735	  31.02718189 121.43959083 1.5  0.0 0.0
2015-07-06-19 03 38.886	  31.02718189 121.43959083 1.5  0.0 0.0
2015-07-06-19 03 39.002	  31.02718189 121.43959083 1.5  0.0 0.0
2015-07-06-19 03 39.106	  31.02719901 121.43958391 1.5  0.0 0.0
2015-07-06-19 03 39.240	  31.02719901 121.43958391 1.5  0.0 0.0
2015-07-06-19 03 39.374	  31.02719901 121.43958391 1.5  0.0 0.0
2015-07-06-19 03 39.481	  31.02719901 121.43958391 1.5  0.0 0.0
2015-07-06-19 03 39.617	  31.02719901 121.43958391 1.5  0.0 0.0
2015-07-06-19 03 39.750	  31.02719901 121.43958391 1.5  0.0 0.0
2015-07-06-19 03 39.855	  31.02719901 121.43958391 1.5  0.0 0.0
2015-07-06-19 03 39.993	  31.02719901 121.43958391 1.5  0.0 0.0
2015-07-06-19 03 40.110	  31.02719901 121.43958391 1.5  0.0 0.0
2015-07-06-19 03 40.214	  31.02719901 121.43958391 1.5  0.0 0.0
2015-07-06-19 03 40.315	  31.02719901 121.43958391 1.5  0.0 0.0
2015-07-06-19 03 40.460	  31.02719901 121.43958391 1.5  0.0 0.0
2015-07-06-19 03 40.562	  31.02719901 121.43958391 1.5  0.0 0.0
2015-07-06-19 03 40.692	  31.02719901 121.43958391 1.5  0.0 0.0
2015-07-06-19 03 40.836	  31.02719901 121.43958391 1.5  0.0 0.0
2015-07-06-19 03 40.974	  31.02719901 121.43958391 1.5  0.0 0.0
2015-07-06-19 03 41.136	  31.02722965 121.43956818 1.5  0.0 0.0
2015-07-06-19 03 41.237	  31.02722965 121.43956818 1.5  0.0 0.0
2015-07-06-19 03 41.354	  31.02722965 121.43956818 1.5  0.0 0.0
2015-07-06-19 03 41.471	  31.02722965 121.43956818 1.5  0.0 0.0
2015-07-06-19 03 41.585	  31.02722965 121.43956818 1.5  0.0 0.0
2015-07-06-19 03 41.720	  31.02722965 121.43956818 1.5  0.0 0.0
2015-07-06-19 03 41.858	  31.02722965 121.43956818 1.5  0.0 0.0
2015-07-06-19 03 41.963	  31.02722965 121.43956818 1.5  0.0 0.0
2015-07-06-19 03 42.114	  31.02722965 121.43956818 1.5  0.0 0.0
2015-07-06-19 03 42.270	  31.02722965 121.43956818 1.5  0.0 0.0
2015-07-06-19 03 42.373	  31.02722965 121.43956818 1.5  0.0 0.0
2015-07-06-19 03 42.475	  31.02722965 121.43956818 1.5  0.0 0.0
2015-07-06-19 03 42.638	  31.02722965 121.43956818 1.5  0.0 0.0
2015-07-06-19 03 42.742	  31.02722965 121.43956818 1.5  0.0 0.0
2015-07-06-19 03 42.888	  31.02722965 121.43956818 1.5  0.0 0.0
2015-07-06-19 03 43.030	  31.02722965 121.43956818 1.5  0.0 0.0
2015-07-06-19 03 43.141	  31.02725766 121.43955661 1.5  0.0 0.0
2015-07-06-19 03 43.246	  31.02725766 121.43955661 1.5  0.0 0.0
2015-07-06-19 03 43.371	  31.02725766 121.43955661 1.5  0.0 0.0
2015-07-06-19 03 43.479	  31.02725766 121.43955661 1.5  0.0 0.0
2015-07-06-19 03 43.627	  31.02725766 121.43955661 1.5  0.0 0.0
2015-07-06-19 03 43.767	  31.02725766 121.43955661 1.5  0.0 0.0
2015-07-06-19 03 43.871	  31.02725766 121.43955661 1.5  0.0 0.0
2015-07-06-19 03 43.989	  31.02725766 121.43955661 1.5  0.0 0.0
2015-07-06-19 03 44.105	  31.02725766 121.43955661 1.5  0.0 0.0
2015-07-06-19 03 44.221	  31.02725766 121.43955661 1.5  0.0 0.0
2015-07-06-19 03 44.326	  31.02725766 121.43955661 1.5  0.0 0.0
2015-07-06-19 03 44.445	  31.02725766 121.43955661 1.5  0.0 0.0
2015-07-06-19 03 44.551	  31.02725766 121.43955661 1.5  0.0 0.0
2015-07-06-19 03 44.690	  31.02725766 121.43955661 1.5  0.0 0.0
2015-07-06-19 03 44.828	  31.02725766 121.43955661 1.5  0.0 0.0
2015-07-06-19 03 44.933	  31.02725766 121.43955661 1.5  0.0 0.0
2015-07-06-19 03 45.038	  31.02725766 121.43955661 1.5  0.0 0.0
2015-07-06-19 03 45.190	  31.02728321 121.4395471 1.5  0.0 0.0
2015-07-06-19 03 45.306	  31.02728321 121.4395471 1.5  0.0 0.0
2015-07-06-19 03 45.435	  31.02728321 121.4395471 1.5  0.0 0.0
2015-07-06-19 03 45.541	  31.02728321 121.4395471 1.5  0.0 0.0
2015-07-06-19 03 45.643	  31.02728321 121.4395471 1.5  0.0 0.0
2015-07-06-19 03 45.773	  31.02728321 121.4395471 1.5  0.0 0.0
2015-07-06-19 03 45.910	  31.02728321 121.4395471 1.5  0.0 0.0
2015-07-06-19 03 46.055	  31.02728321 121.4395471 1.5  0.0 0.0
2015-07-06-19 03 46.204	  31.02728321 121.4395471 1.5  0.0 0.0
2015-07-06-19 03 46.319	  31.02728321 121.4395471 1.5  0.0 0.0
2015-07-06-19 03 46.458	  31.02728321 121.4395471 1.5  0.0 0.0
2015-07-06-19 03 46.613	  31.02728321 121.4395471 1.5  0.0 0.0
2015-07-06-19 03 46.732	  31.02728321 121.4395471 1.5  0.0 0.0
2015-07-06-19 03 46.883	  31.02728321 121.4395471 1.5  0.0 0.0
2015-07-06-19 03 47.018	  31.02728321 121.4395471 1.5  0.0 0.0
2015-07-06-19 03 47.165	  31.02730627 121.4395343 1.5  0.0 0.0
2015-07-06-19 03 47.281	  31.02730627 121.4395343 1.5  0.0 0.0
2015-07-06-19 03 47.399	  31.02730627 121.4395343 1.5  0.0 0.0
2015-07-06-19 03 47.516	  31.02730627 121.4395343 1.5  0.0 0.0
2015-07-06-19 03 47.641	  31.02730627 121.4395343 1.5  0.0 0.0
2015-07-06-19 03 47.788	  31.02730627 121.4395343 1.5  0.0 0.0
2015-07-06-19 03 47.928	  31.02730627 121.4395343 1.5  0.0 0.0
2015-07-06-19 03 48.043	  31.02730627 121.4395343 1.5  0.0 0.0
2015-07-06-19 03 48.190	  31.02730627 121.4395343 1.5  0.0 0.0
2015-07-06-19 03 48.306	  31.02730627 121.4395343 1.5  0.0 0.0
2015-07-06-19 03 48.431	  31.02730627 121.4395343 1.5  0.0 0.0
2015-07-06-19 03 48.569	  31.02730627 121.4395343 1.5  0.0 0.0
2015-07-06-19 03 48.688	  31.02730627 121.4395343 1.5  0.0 0.0
2015-07-06-19 03 48.847	  31.02730627 121.4395343 1.5  0.0 0.0
2015-07-06-19 03 48.987	  31.02730627 121.4395343 1.5  0.0 0.0
2015-07-06-19 03 49.102	  31.02733329 121.4395241 1.5  0.0 0.0
2015-07-06-19 03 49.242	  31.02733329 121.4395241 1.5  0.0 0.0
2015-07-06-19 03 49.356	  31.02733329 121.4395241 1.5  0.0 0.0
2015-07-06-19 03 49.493	  31.02733329 121.4395241 1.5  0.0 0.0
2015-07-06-19 03 49.641	  31.02733329 121.4395241 1.5  0.0 0.0
2015-07-06-19 03 49.783	  31.02733329 121.4395241 1.5  0.0 0.0
2015-07-06-19 03 49.901	  31.02733329 121.4395241 1.5  0.0 0.0
2015-07-06-19 03 50.065	  31.02733329 121.4395241 1.5  0.0 0.0
2015-07-06-19 03 50.205	  31.02733329 121.4395241 1.5  0.0 0.0
2015-07-06-19 03 50.322	  31.02733329 121.4395241 1.5  0.0 0.0
2015-07-06-19 03 50.456	  31.02733329 121.4395241 1.5  0.0 0.0
2015-07-06-19 03 50.630	  31.02733329 121.4395241 1.5  0.0 0.0
2015-07-06-19 03 50.767	  31.02733329 121.4395241 1.5  0.0 0.0
2015-07-06-19 03 50.927	  31.02733329 121.4395241 1.5  0.0 0.0
2015-07-06-19 03 51.064	  31.02733329 121.4395241 1.5  0.0 0.0
2015-07-06-19 03 51.222	  31.0273594 121.43951713 1.5  0.0 0.0
2015-07-06-19 03 51.338	  31.0273594 121.43951713 1.5  0.0 0.0
2015-07-06-19 03 51.474	  31.0273594 121.43951713 1.5  0.0 0.0
2015-07-06-19 03 51.636	  31.0273594 121.43951713 1.5  0.0 0.0
2015-07-06-19 03 51.756	  31.0273594 121.43951713 1.5  0.0 0.0
2015-07-06-19 03 51.886	  31.0273594 121.43951713 1.5  0.0 0.0
2015-07-06-19 03 52.039	  31.0273594 121.43951713 1.5  0.0 0.0
2015-07-06-19 03 52.189	  31.0273594 121.43951713 1.5  0.0 0.0
2015-07-06-19 03 52.344	  31.0273594 121.43951713 1.5  0.0 0.0
2015-07-06-19 03 52.457	  31.0273594 121.43951713 1.5  0.0 0.0
2015-07-06-19 03 52.582	  31.0273594 121.43951713 1.5  0.0 0.0
2015-07-06-19 03 52.698	  31.0273594 121.43951713 1.5  0.0 0.0
2015-07-06-19 03 52.856	  31.0273594 121.43951713 1.5  0.0 0.0
2015-07-06-19 03 53.005	  31.0273594 121.43951713 1.5  0.0 0.0
2015-07-06-19 03 53.122	  31.0273594 121.43951713 1.5  0.0 0.0
2015-07-06-19 03 53.256	  31.02738494 121.43950973 1.5  0.0 0.0
2015-07-06-19 03 53.373	  31.02738494 121.43950973 1.5  0.0 0.0
2015-07-06-19 03 53.500	  31.02738494 121.43950973 1.5  0.0 0.0
2015-07-06-19 03 53.666	  31.02738494 121.43950973 1.5  0.0 0.0
2015-07-06-19 03 53.808	  31.02738494 121.43950973 1.5  0.0 0.0
2015-07-06-19 03 53.943	  31.02738494 121.43950973 1.5  0.0 0.0
2015-07-06-19 03 54.082	  31.02738494 121.43950973 1.5  0.0 0.0
2015-07-06-19 03 54.233	  31.02738494 121.43950973 1.5  0.0 0.0
2015-07-06-19 03 54.348	  31.02738494 121.43950973 1.5  0.0 0.0
2015-07-06-19 03 54.464	  31.02738494 121.43950973 1.5  0.0 0.0
2015-07-06-19 03 54.602	  31.02738494 121.43950973 1.5  0.0 0.0
2015-07-06-19 03 54.764	  31.02738494 121.43950973 1.5  0.0 0.0
2015-07-06-19 03 54.903	  31.02738494 121.43950973 1.5  0.0 0.0
2015-07-06-19 03 55.045	  31.02738494 121.43950973 1.5  0.0 0.0
2015-07-06-19 03 55.186	  31.0274099 121.43950262 1.5  0.0 0.0
2015-07-06-19 03 55.301	  31.0274099 121.43950262 1.5  0.0 0.0
2015-07-06-19 03 55.436	  31.0274099 121.43950262 1.5  0.0 0.0
2015-07-06-19 03 55.591	  31.0274099 121.43950262 1.5  0.0 0.0
2015-07-06-19 03 55.709	  31.0274099 121.43950262 1.5  0.0 0.0
2015-07-06-19 03 55.856	  31.0274099 121.43950262 1.5  0.0 0.0
2015-07-06-19 03 56.032	  31.0274099 121.43950262 1.5  0.0 0.0
2015-07-06-19 03 56.165	  31.0274099 121.43950262 1.5  0.0 0.0
2015-07-06-19 03 56.305	  31.0274099 121.43950262 1.5  0.0 0.0
2015-07-06-19 03 56.440	  31.0274099 121.43950262 1.5  0.0 0.0
2015-07-06-19 03 56.567	  31.0274099 121.43950262 1.5  0.0 0.0
2015-07-06-19 03 56.746	  31.0274099 121.43950262 1.5  0.0 0.0
2015-07-06-19 03 56.869	  31.0274099 121.43950262 1.5  0.0 0.0
2015-07-06-19 03 57.007	  31.02743448 121.43949248 1.5  0.0 0.0
2015-07-06-19 03 57.208	  31.02743448 121.43949248 1.5  0.0 0.0
2015-07-06-19 03 57.324	  31.02743448 121.43949248 1.5  0.0 0.0
2015-07-06-19 03 57.458	  31.02743448 121.43949248 1.5  0.0 0.0
2015-07-06-19 03 57.619	  31.02743448 121.43949248 1.5  0.0 0.0
2015-07-06-19 03 57.760	  31.02743448 121.43949248 1.5  0.0 0.0
2015-07-06-19 03 57.915	  31.02743448 121.43949248 1.5  0.0 0.0
2015-07-06-19 03 58.086	  31.02743448 121.43949248 1.5  0.0 0.0
2015-07-06-19 03 58.218	  31.02743448 121.43949248 1.5  0.0 0.0
2015-07-06-19 03 58.337	  31.02743448 121.43949248 1.5  0.0 0.0
2015-07-06-19 03 58.451	  31.02743448 121.43949248 1.5  0.0 0.0
2015-07-06-19 03 58.588	  31.02743448 121.43949248 1.5  0.0 0.0
2015-07-06-19 03 58.733	  31.02743448 121.43949248 1.5  0.0 0.0
2015-07-06-19 03 58.852	  31.02743448 121.43949248 1.5  0.0 0.0
2015-07-06-19 03 58.991	  31.02743448 121.43949248 1.5  0.0 0.0
2015-07-06-19 03 59.128	  31.02745848 121.43947965 1.5  0.0 0.0
2015-07-06-19 03 59.292	  31.02745848 121.43947965 1.5  0.0 0.0
2015-07-06-19 03 59.433	  31.02745848 121.43947965 1.5  0.0 0.0
2015-07-06-19 03 59.584	  31.02745848 121.43947965 1.5  0.0 0.0
2015-07-06-19 03 59.741	  31.02745848 121.43947965 1.5  0.0 0.0
2015-07-06-19 03 59.903	  31.02745848 121.43947965 1.5  0.0 0.0
2015-07-06-19 04 00.036	  31.02745848 121.43947965 1.5  0.0 0.0
2015-07-06-19 04 00.170	  31.02745848 121.43947965 1.5  0.0 0.0
2015-07-06-19 04 00.322	  31.02745848 121.43947965 1.5  0.0 0.0
2015-07-06-19 04 00.441	  31.02745848 121.43947965 1.5  0.0 0.0
2015-07-06-19 04 00.627	  31.02745848 121.43947965 1.5  0.0 0.0
2015-07-06-19 04 00.768	  31.02745848 121.43947965 1.5  0.0 0.0
2015-07-06-19 04 00.900	  31.02745848 121.43947965 1.5  0.0 0.0
2015-07-06-19 04 01.034	  31.02745848 121.43947965 1.5  0.0 0.0
2015-07-06-19 04 01.222	  31.02748344 121.43947017 1.5  0.0 0.0
2015-07-06-19 04 01.360	  31.02748344 121.43947017 1.5  0.0 0.0
2015-07-06-19 04 01.497	  31.02748344 121.43947017 1.5  0.0 0.0
2015-07-06-19 04 01.599	  31.02748344 121.43947017 1.5  0.0 0.0
2015-07-06-19 04 01.702	  31.02748344 121.43947017 1.5  0.0 0.0
2015-07-06-19 04 01.834	  31.02748344 121.43947017 1.5  0.0 0.0
2015-07-06-19 04 01.982	  31.02748344 121.43947017 1.5  0.0 0.0
2015-07-06-19 04 02.089	  31.02748344 121.43947017 1.5  0.0 0.0
2015-07-06-19 04 02.193	  31.02748344 121.43947017 1.5  0.0 0.0
2015-07-06-19 04 02.320	  31.02748344 121.43947017 1.5  0.0 0.0
2015-07-06-19 04 02.487	  31.02748344 121.43947017 1.5  0.0 0.0
2015-07-06-19 04 02.590	  31.02748344 121.43947017 1.5  0.0 0.0
2015-07-06-19 04 02.697	  31.02748344 121.43947017 1.5  0.0 0.0
2015-07-06-19 04 02.870	  31.02748344 121.43947017 1.5  0.0 0.0
2015-07-06-19 04 02.990	  31.02748344 121.43947017 1.5  0.0 0.0
2015-07-06-19 04 03.096	  31.0275112 121.43946195 1.5  0.0 0.0
2015-07-06-19 04 03.199	  31.0275112 121.43946195 1.5  0.0 0.0
2015-07-06-19 04 03.339	  31.0275112 121.43946195 1.5  0.0 0.0
2015-07-06-19 04 03.484	  31.0275112 121.43946195 1.5  0.0 0.0
2015-07-06-19 04 03.592	  31.0275112 121.43946195 1.5  0.0 0.0
2015-07-06-19 04 03.694	  31.0275112 121.43946195 1.5  0.0 0.0
2015-07-06-19 04 03.856	  31.0275112 121.43946195 1.5  0.0 0.0
2015-07-06-19 04 04.008	  31.0275112 121.43946195 1.5  0.0 0.0
2015-07-06-19 04 04.126	  31.0275112 121.43946195 1.5  0.0 0.0
2015-07-06-19 04 04.228	  31.0275112 121.43946195 1.5  0.0 0.0
2015-07-06-19 04 04.359	  31.0275112 121.43946195 1.5  0.0 0.0
2015-07-06-19 04 04.511	  31.0275112 121.43946195 1.5  0.0 0.0
2015-07-06-19 04 04.616	  31.0275112 121.43946195 1.5  0.0 0.0
2015-07-06-19 04 04.724	  31.0275112 121.43946195 1.5  0.0 0.0
2015-07-06-19 04 04.888	  31.0275112 121.43946195 1.5  0.0 0.0
2015-07-06-19 04 05.029	  31.0275112 121.43946195 1.5  0.0 0.0
2015-07-06-19 04 05.134	  31.02753853 121.43945372 1.5  0.0 0.0
2015-07-06-19 04 05.238	  31.02753853 121.43945372 1.5  0.0 0.0
2015-07-06-19 04 05.376	  31.02753853 121.43945372 1.5  0.0 0.0
2015-07-06-19 04 05.494	  31.02753853 121.43945372 1.5  0.0 0.0
2015-07-06-19 04 05.597	  31.02753853 121.43945372 1.5  0.0 0.0
2015-07-06-19 04 05.700	  31.02753853 121.43945372 1.5  0.0 0.0
2015-07-06-19 04 05.841	  31.02753853 121.43945372 1.5  0.0 0.0
2015-07-06-19 04 05.986	  31.02753853 121.43945372 1.5  0.0 0.0
2015-07-06-19 04 06.133	  31.02753853 121.43945372 1.5  0.0 0.0
2015-07-06-19 04 06.284	  31.02753853 121.43945372 1.5  0.0 0.0
2015-07-06-19 04 06.386	  31.02753853 121.43945372 1.5  0.0 0.0
2015-07-06-19 04 06.521	  31.02753853 121.43945372 1.5  0.0 0.0
2015-07-06-19 04 06.682	  31.02753853 121.43945372 1.5  0.0 0.0
2015-07-06-19 04 06.823	  31.02753853 121.43945372 1.5  0.0 0.0
2015-07-06-19 04 06.971	  31.02753853 121.43945372 1.5  0.0 0.0
2015-07-06-19 04 07.135	  31.02756403 121.43944597 1.5  0.0 0.0
2015-07-06-19 04 07.259	  31.02756403 121.43944597 1.5  0.0 0.0
2015-07-06-19 04 07.385	  31.02756403 121.43944597 1.5  0.0 0.0
2015-07-06-19 04 07.524	  31.02756403 121.43944597 1.5  0.0 0.0
2015-07-06-19 04 07.664	  31.02756403 121.43944597 1.5  0.0 0.0
2015-07-06-19 04 07.805	  31.02756403 121.43944597 1.5  0.0 0.0
2015-07-06-19 04 07.949	  31.02756403 121.43944597 1.5  0.0 0.0
2015-07-06-19 04 08.065	  31.02756403 121.43944597 1.5  0.0 0.0
2015-07-06-19 04 08.223	  31.02756403 121.43944597 1.5  0.0 0.0
2015-07-06-19 04 08.350	  31.02756403 121.43944597 1.5  0.0 0.0
2015-07-06-19 04 08.540	  31.02756403 121.43944597 1.5  0.0 0.0
2015-07-06-19 04 08.656	  31.02756403 121.43944597 1.5  0.0 0.0
2015-07-06-19 04 08.798	  31.02756403 121.43944597 1.5  0.0 0.0
2015-07-06-19 04 08.941	  31.02756403 121.43944597 1.5  0.0 0.0
2015-07-06-19 04 09.057	  31.02756403 121.43944597 1.5  0.0 0.0
2015-07-06-19 04 09.234	  31.02758831 121.43943776 1.5  0.0 0.0
2015-07-06-19 04 09.368	  31.02758831 121.43943776 1.5  0.0 0.0
2015-07-06-19 04 09.524	  31.02758831 121.43943776 1.5  0.0 0.0
2015-07-06-19 04 09.667	  31.02758831 121.43943776 1.5  0.0 0.0
2015-07-06-19 04 09.805	  31.02758831 121.43943776 1.5  0.0 0.0
2015-07-06-19 04 09.925	  31.02758831 121.43943776 1.5  0.0 0.0
2015-07-06-19 04 10.063	  31.02758831 121.43943776 1.5  0.0 0.0
2015-07-06-19 04 10.198	  31.02758831 121.43943776 1.5  0.0 0.0
2015-07-06-19 04 10.339	  31.02758831 121.43943776 1.5  0.0 0.0
2015-07-06-19 04 10.458	  31.02758831 121.43943776 1.5  0.0 0.0
2015-07-06-19 04 10.582	  31.02758831 121.43943776 1.5  0.0 0.0
2015-07-06-19 04 10.700	  31.02758831 121.43943776 1.5  0.0 0.0
2015-07-06-19 04 10.841	  31.02758831 121.43943776 1.5  0.0 0.0
2015-07-06-19 04 10.982	  31.02758831 121.43943776 1.5  0.0 0.0
2015-07-06-19 04 11.099	  31.02761215 121.43942719 1.5  0.0 0.0
2015-07-06-19 04 11.237	  31.02761215 121.43942719 1.5  0.0 0.0
2015-07-06-19 04 11.361	  31.02761215 121.43942719 1.5  0.0 0.0
2015-07-06-19 04 11.496	  31.02761215 121.43942719 1.5  0.0 0.0
2015-07-06-19 04 11.653	  31.02761215 121.43942719 1.5  0.0 0.0
2015-07-06-19 04 11.771	  31.02761215 121.43942719 1.5  0.0 0.0
2015-07-06-19 04 11.905	  31.02761215 121.43942719 1.5  0.0 0.0
2015-07-06-19 04 12.060	  31.02761215 121.43942719 1.5  0.0 0.0
2015-07-06-19 04 12.232	  31.02761215 121.43942719 1.5  0.0 0.0
2015-07-06-19 04 12.367	  31.02761215 121.43942719 1.5  0.0 0.0
2015-07-06-19 04 12.489	  31.02761215 121.43942719 1.5  0.0 0.0
2015-07-06-19 04 12.635	  31.02761215 121.43942719 1.5  0.0 0.0
2015-07-06-19 04 12.782	  31.02761215 121.43942719 1.5  0.0 0.0
2015-07-06-19 04 12.920	  31.02761215 121.43942719 1.5  0.0 0.0
2015-07-06-19 04 13.079	  31.0276367 121.43941524 1.5  0.0 0.0
2015-07-06-19 04 13.212	  31.0276367 121.43941524 1.5  0.0 0.0
2015-07-06-19 04 13.335	  31.0276367 121.43941524 1.5  0.0 0.0
2015-07-06-19 04 13.499	  31.0276367 121.43941524 1.5  0.0 0.0
2015-07-06-19 04 13.664	  31.0276367 121.43941524 1.5  0.0 0.0
2015-07-06-19 04 13.822	  31.0276367 121.43941524 1.5  0.0 0.0
2015-07-06-19 04 13.975	  31.0276367 121.43941524 1.5  0.0 0.0
2015-07-06-19 04 14.129	  31.0276367 121.43941524 1.5  0.0 0.0
2015-07-06-19 04 14.249	  31.0276367 121.43941524 1.5  0.0 0.0
2015-07-06-19 04 14.396	  31.0276367 121.43941524 1.5  0.0 0.0
2015-07-06-19 04 14.539	  31.0276367 121.43941524 1.5  0.0 0.0
2015-07-06-19 04 14.658	  31.0276367 121.43941524 1.5  0.0 0.0
2015-07-06-19 04 14.805	  31.0276367 121.43941524 1.5  0.0 0.0
2015-07-06-19 04 14.911	  31.0276367 121.43941524 1.5  0.0 0.0
2015-07-06-19 04 15.039	  31.0276367 121.43941524 1.5  0.0 0.0
2015-07-06-19 04 15.169	  31.02766029 121.43940535 1.5  0.0 0.0
2015-07-06-19 04 15.305	  31.02766029 121.43940535 1.5  0.0 0.0
2015-07-06-19 04 15.460	  31.02766029 121.43940535 1.5  0.0 0.0
2015-07-06-19 04 15.591	  31.02766029 121.43940535 1.5  0.0 0.0
2015-07-06-19 04 15.729	  31.02766029 121.43940535 1.5  0.0 0.0
2015-07-06-19 04 15.886	  31.02766029 121.43940535 1.5  0.0 0.0
2015-07-06-19 04 16.001	  31.02766029 121.43940535 1.5  0.0 0.0
2015-07-06-19 04 16.118	  31.02766029 121.43940535 1.5  0.0 0.0
2015-07-06-19 04 16.284	  31.02766029 121.43940535 1.5  0.0 0.0
2015-07-06-19 04 16.422	  31.02766029 121.43940535 1.5  0.0 0.0
2015-07-06-19 04 16.526	  31.02766029 121.43940535 1.5  0.0 0.0
2015-07-06-19 04 16.629	  31.02766029 121.43940535 1.5  0.0 0.0
2015-07-06-19 04 16.744	  31.02766029 121.43940535 1.5  0.0 0.0
2015-07-06-19 04 16.861	  31.02766029 121.43940535 1.5  0.0 0.0
2015-07-06-19 04 16.998	  31.02766029 121.43940535 1.5  0.0 0.0
2015-07-06-19 04 17.100	  31.02768473 121.43939453 1.5  0.0 0.0
2015-07-06-19 04 17.202	  31.02768473 121.43939453 1.5  0.0 0.0
2015-07-06-19 04 17.308	  31.02768473 121.43939453 1.5  0.0 0.0
2015-07-06-19 04 17.443	  31.02768473 121.43939453 1.5  0.0 0.0
2015-07-06-19 04 17.588	  31.02768473 121.43939453 1.5  0.0 0.0
2015-07-06-19 04 17.691	  31.02768473 121.43939453 1.5  0.0 0.0
2015-07-06-19 04 17.799	  31.02768473 121.43939453 1.5  0.0 0.0
2015-07-06-19 04 17.937	  31.02768473 121.43939453 1.5  0.0 0.0
2015-07-06-19 04 18.077	  31.02768473 121.43939453 1.5  0.0 0.0
2015-07-06-19 04 18.196	  31.02768473 121.43939453 1.5  0.0 0.0
2015-07-06-19 04 18.298	  31.02768473 121.43939453 1.5  0.0 0.0
2015-07-06-19 04 18.400	  31.02768473 121.43939453 1.5  0.0 0.0
2015-07-06-19 04 18.511	  31.02768473 121.43939453 1.5  0.0 0.0
2015-07-06-19 04 18.669	  31.02768473 121.43939453 1.5  0.0 0.0
2015-07-06-19 04 18.827	  31.02768473 121.43939453 1.5  0.0 0.0
2015-07-06-19 04 19.011	  31.02768473 121.43939453 1.5  0.0 0.0
2015-07-06-19 04 19.152	  31.02770843 121.4393889 1.5  0.0 0.0
2015-07-06-19 04 19.256	  31.02770843 121.4393889 1.5  0.0 0.0
2015-07-06-19 04 19.386	  31.02770843 121.4393889 1.5  0.0 0.0
2015-07-06-19 04 19.516	  31.02770843 121.4393889 1.5  0.0 0.0
2015-07-06-19 04 19.636	  31.02770843 121.4393889 1.5  0.0 0.0
2015-07-06-19 04 19.788	  31.02770843 121.4393889 1.5  0.0 0.0
2015-07-06-19 04 19.959	  31.02770843 121.4393889 1.5  0.0 0.0
2015-07-06-19 04 20.066	  31.02770843 121.4393889 1.5  0.0 0.0
2015-07-06-19 04 20.173	  31.02770843 121.4393889 1.5  0.0 0.0
2015-07-06-19 04 20.277	  31.02770843 121.4393889 1.5  0.0 0.0
2015-07-06-19 04 20.416	  31.02770843 121.4393889 1.5  0.0 0.0
2015-07-06-19 04 20.582	  31.02770843 121.4393889 1.5  0.0 0.0
2015-07-06-19 04 20.688	  31.02770843 121.4393889 1.5  0.0 0.0
2015-07-06-19 04 20.834	  31.02770843 121.4393889 1.5  0.0 0.0
2015-07-06-19 04 20.983	  31.02770843 121.4393889 1.5  0.0 0.0
2015-07-06-19 04 21.118	  31.02773167 121.43938302 1.5  0.0 0.0
2015-07-06-19 04 21.280	  31.02773167 121.43938302 1.5  0.0 0.0
2015-07-06-19 04 21.426	  31.02773167 121.43938302 1.5  0.0 0.0
2015-07-06-19 04 21.602	  31.02773167 121.43938302 1.5  0.0 0.0
2015-07-06-19 04 21.743	  31.02773167 121.43938302 1.5  0.0 0.0
2015-07-06-19 04 21.858	  31.02773167 121.43938302 1.5  0.0 0.0
2015-07-06-19 04 22.001	  31.02773167 121.43938302 1.5  0.0 0.0
2015-07-06-19 04 22.136	  31.02773167 121.43938302 1.5  0.0 0.0
2015-07-06-19 04 22.251	  31.02773167 121.43938302 1.5  0.0 0.0
2015-07-06-19 04 22.385	  31.02773167 121.43938302 1.5  0.0 0.0
2015-07-06-19 04 22.539	  31.02773167 121.43938302 1.5  0.0 0.0
2015-07-06-19 04 22.659	  31.02773167 121.43938302 1.5  0.0 0.0
2015-07-06-19 04 22.794	  31.02773167 121.43938302 1.5  0.0 0.0
2015-07-06-19 04 22.934	  31.02773167 121.43938302 1.5  0.0 0.0
2015-07-06-19 04 23.089	  31.02775371 121.43937333 1.5  0.0 0.0
2015-07-06-19 04 23.236	  31.02775371 121.43937333 1.5  0.0 0.0
2015-07-06-19 04 23.342	  31.02775371 121.43937333 1.5  0.0 0.0
2015-07-06-19 04 23.458	  31.02775371 121.43937333 1.5  0.0 0.0
