2015-07-02-22 24 27.890	  0.0 0.0 0.0  0.0 0.0
2015-07-02-22 24 27.992	  0.0 0.0 0.0  0.0 0.0
2015-07-02-22 24 28.093	  0.0 0.0 0.0  0.0 0.0
2015-07-02-22 24 28.194	  0.0 0.0 0.0  0.0 0.0
2015-07-02-22 24 28.296	  0.0 0.0 0.0  0.0 0.0
2015-07-02-22 24 28.399	  0.0 0.0 0.0  0.0 0.0
2015-07-02-22 24 28.501	  0.0 0.0 0.0  0.0 0.0
2015-07-02-22 24 28.602	  0.0 0.0 0.0  0.0 0.0
2015-07-02-22 24 28.704	  0.0 0.0 0.0  0.0 0.0
2015-07-02-22 24 28.807	  31.02775915 121.43935443 1.25  0.0 0.0
2015-07-02-22 24 28.909	  31.02775915 121.43935443 1.25  0.0 0.0
2015-07-02-22 24 29.011	  31.02775915 121.43935443 1.25  0.0 0.0
2015-07-02-22 24 29.114	  31.02775915 121.43935443 1.25  0.0 0.0
2015-07-02-22 24 29.215	  31.02775915 121.43935443 1.25  0.0 0.0
2015-07-02-22 24 29.317	  31.02775915 121.43935443 1.25  0.0 0.0
2015-07-02-22 24 29.419	  31.02775915 121.43935443 1.25  0.0 0.0
2015-07-02-22 24 29.521	  31.02775915 121.43935443 1.25  0.0 0.0
2015-07-02-22 24 29.623	  31.02775915 121.43935443 1.25  0.0 0.0
2015-07-02-22 24 29.724	  31.02775915 121.43935443 1.25  0.0 0.0
2015-07-02-22 24 29.832	  31.02775915 121.43935443 1.25  0.0 0.0
2015-07-02-22 24 29.935	  31.02775915 121.43935443 1.25  0.0 0.0
2015-07-02-22 24 30.037	  31.02775915 121.43935443 1.25  0.0 0.0
2015-07-02-22 24 30.139	  31.02775915 121.43935443 1.25  0.0 0.0
2015-07-02-22 24 30.241	  31.02775915 121.43935443 1.25  0.0 0.0
2015-07-02-22 24 30.343	  31.02775915 121.43935443 1.25  0.0 0.0
2015-07-02-22 24 30.445	  31.02775915 121.43935443 1.25  0.0 0.0
2015-07-02-22 24 30.546	  31.02775915 121.43935443 1.25  0.0 0.0
2015-07-02-22 24 30.649	  31.02775915 121.43935443 1.25  0.0 0.0
2015-07-02-22 24 30.752	  31.02773234 121.43937975 1.25  0.0 0.0
2015-07-02-22 24 30.853	  31.02773234 121.43937975 1.25  0.0 0.0
2015-07-02-22 24 30.957	  31.02773234 121.43937975 1.25  0.0 0.0
2015-07-02-22 24 31.058	  31.02773234 121.43937975 1.25  0.0 0.0
2015-07-02-22 24 31.162	  31.02773234 121.43937975 1.25  0.0 0.0
2015-07-02-22 24 31.265	  31.02773234 121.43937975 1.25  0.0 0.0
2015-07-02-22 24 31.367	  31.02773234 121.43937975 1.25  0.0 0.0
2015-07-02-22 24 31.468	  31.02773234 121.43937975 1.25  0.0 0.0
2015-07-02-22 24 31.570	  31.02773234 121.43937975 1.25  0.0 0.0
2015-07-02-22 24 31.676	  31.02773234 121.43937975 1.25  0.0 0.0
2015-07-02-22 24 31.780	  31.02773234 121.43937975 1.25  0.0 0.0
2015-07-02-22 24 31.881	  31.02773234 121.43937975 1.25  0.0 0.0
2015-07-02-22 24 31.987	  31.02773234 121.43937975 1.25  0.0 0.0
2015-07-02-22 24 32.091	  31.02773234 121.43937975 1.25  0.0 0.0
2015-07-02-22 24 32.196	  31.02773234 121.43937975 1.25  0.0 0.0
2015-07-02-22 24 32.301	  31.02773234 121.43937975 1.25  0.0 0.0
2015-07-02-22 24 32.405	  31.02773234 121.43937975 1.25  0.0 0.0
2015-07-02-22 24 32.511	  31.02773234 121.43937975 1.25  0.0 0.0
2015-07-02-22 24 32.615	  31.02773234 121.43937975 1.25  0.0 0.0
2015-07-02-22 24 32.720	  31.02770538 121.43939911 1.5  0.0 0.0
2015-07-02-22 24 32.822	  31.02770538 121.43939911 1.5  0.0 0.0
2015-07-02-22 24 32.924	  31.02770538 121.43939911 1.5  0.0 0.0
2015-07-02-22 24 33.026	  31.02770538 121.43939911 1.5  0.0 0.0
2015-07-02-22 24 33.128	  31.02770538 121.43939911 1.5  0.0 0.0
2015-07-02-22 24 33.234	  31.02770538 121.43939911 1.5  0.0 0.0
2015-07-02-22 24 33.335	  31.02770538 121.43939911 1.5  0.0 0.0
2015-07-02-22 24 33.436	  31.02770538 121.43939911 1.5  0.0 0.0
2015-07-02-22 24 33.538	  31.02770538 121.43939911 1.5  0.0 0.0
2015-07-02-22 24 33.644	  31.02770538 121.43939911 1.5  0.0 0.0
2015-07-02-22 24 33.749	  31.02770538 121.43939911 1.5  0.0 0.0
2015-07-02-22 24 33.854	  31.02770538 121.43939911 1.5  0.0 0.0
2015-07-02-22 24 33.964	  31.02770538 121.43939911 1.5  0.0 0.0
2015-07-02-22 24 34.066	  31.02770538 121.43939911 1.5  0.0 0.0
2015-07-02-22 24 34.170	  31.02770538 121.43939911 1.5  0.0 0.0
2015-07-02-22 24 34.275	  31.02770538 121.43939911 1.5  0.0 0.0
2015-07-02-22 24 34.384	  31.02770538 121.43939911 1.5  0.0 0.0
2015-07-02-22 24 34.490	  31.02770538 121.43939911 1.5  0.0 0.0
2015-07-02-22 24 34.593	  31.02770538 121.43939911 1.5  0.0 0.0
2015-07-02-22 24 34.705	  31.02770538 121.43939911 1.5  0.0 0.0
2015-07-02-22 24 34.807	  31.02767889 121.43941469 1.5  0.0 0.0
2015-07-02-22 24 34.908	  31.02767889 121.43941469 1.5  0.0 0.0
2015-07-02-22 24 35.010	  31.02767889 121.43941469 1.5  0.0 0.0
2015-07-02-22 24 35.112	  31.02767889 121.43941469 1.5  0.0 0.0
2015-07-02-22 24 35.214	  31.02767889 121.43941469 1.5  0.0 0.0
2015-07-02-22 24 35.327	  31.02767889 121.43941469 1.5  0.0 0.0
2015-07-02-22 24 35.429	  31.02767889 121.43941469 1.5  0.0 0.0
2015-07-02-22 24 35.530	  31.02767889 121.43941469 1.5  0.0 0.0
2015-07-02-22 24 35.632	  31.02767889 121.43941469 1.5  0.0 0.0
2015-07-02-22 24 35.737	  31.02767889 121.43941469 1.5  0.0 0.0
2015-07-02-22 24 35.844	  31.02767889 121.43941469 1.5  0.0 0.0
2015-07-02-22 24 35.949	  31.02767889 121.43941469 1.5  0.0 0.0
2015-07-02-22 24 36.052	  31.02767889 121.43941469 1.5  0.0 0.0
2015-07-02-22 24 36.154	  31.02767889 121.43941469 1.5  0.0 0.0
2015-07-02-22 24 36.256	  31.02767889 121.43941469 1.5  0.0 0.0
2015-07-02-22 24 36.359	  31.02767889 121.43941469 1.5  0.0 0.0
2015-07-02-22 24 36.461	  31.02767889 121.43941469 1.5  0.0 0.0
2015-07-02-22 24 36.568	  31.02767889 121.43941469 1.5  0.0 0.0
2015-07-02-22 24 36.670	  31.02767889 121.43941469 1.5  0.0 0.0
2015-07-02-22 24 36.775	  31.02765297 121.43942626 1.5  0.0 0.0
2015-07-02-22 24 36.876	  31.02765297 121.43942626 1.5  0.0 0.0
2015-07-02-22 24 36.978	  31.02765297 121.43942626 1.5  0.0 0.0
2015-07-02-22 24 37.080	  31.02765297 121.43942626 1.5  0.0 0.0
2015-07-02-22 24 37.183	  31.02765297 121.43942626 1.5  0.0 0.0
2015-07-02-22 24 37.286	  31.02765297 121.43942626 1.5  0.0 0.0
2015-07-02-22 24 37.392	  31.02765297 121.43942626 1.5  0.0 0.0
2015-07-02-22 24 37.494	  31.02765297 121.43942626 1.5  0.0 0.0
2015-07-02-22 24 37.600	  31.02765297 121.43942626 1.5  0.0 0.0
2015-07-02-22 24 37.705	  31.02765297 121.43942626 1.5  0.0 0.0
2015-07-02-22 24 37.807	  31.02765297 121.43942626 1.5  0.0 0.0
2015-07-02-22 24 37.908	  31.02765297 121.43942626 1.5  0.0 0.0
2015-07-02-22 24 38.011	  31.02765297 121.43942626 1.5  0.0 0.0
2015-07-02-22 24 38.116	  31.02765297 121.43942626 1.5  0.0 0.0
2015-07-02-22 24 38.222	  31.02765297 121.43942626 1.5  0.0 0.0
2015-07-02-22 24 38.344	  31.02765297 121.43942626 1.5  0.0 0.0
2015-07-02-22 24 38.446	  31.02765297 121.43942626 1.5  0.0 0.0
2015-07-02-22 24 38.547	  31.02765297 121.43942626 1.5  0.0 0.0
2015-07-02-22 24 38.649	  31.02765297 121.43942626 1.5  0.0 0.0
2015-07-02-22 24 38.752	  31.02762822 121.43944101 1.5  0.0 0.0
2015-07-02-22 24 38.855	  31.02762822 121.43944101 1.5  0.0 0.0
2015-07-02-22 24 38.958	  31.02762822 121.43944101 1.5  0.0 0.0
2015-07-02-22 24 39.061	  31.02762822 121.43944101 1.5  0.0 0.0
2015-07-02-22 24 39.166	  31.02762822 121.43944101 1.5  0.0 0.0
2015-07-02-22 24 39.268	  31.02762822 121.43944101 1.5  0.0 0.0
2015-07-02-22 24 39.370	  31.02762822 121.43944101 1.5  0.0 0.0
2015-07-02-22 24 39.474	  31.02762822 121.43944101 1.5  0.0 0.0
2015-07-02-22 24 39.582	  31.02762822 121.43944101 1.5  0.0 0.0
2015-07-02-22 24 39.701	  31.02762822 121.43944101 1.5  0.0 0.0
2015-07-02-22 24 39.805	  31.02762822 121.43944101 1.5  0.0 0.0
2015-07-02-22 24 39.908	  31.02762822 121.43944101 1.5  0.0 0.0
2015-07-02-22 24 40.012	  31.02762822 121.43944101 1.5  0.0 0.0
2015-07-02-22 24 40.119	  31.02762822 121.43944101 1.5  0.0 0.0
2015-07-02-22 24 40.229	  31.02762822 121.43944101 1.5  0.0 0.0
2015-07-02-22 24 40.331	  31.02762822 121.43944101 1.5  0.0 0.0
2015-07-02-22 24 40.434	  31.02762822 121.43944101 1.5  0.0 0.0
2015-07-02-22 24 40.537	  31.02762822 121.43944101 1.5  0.0 0.0
2015-07-02-22 24 40.641	  31.02762822 121.43944101 1.5  0.0 0.0
2015-07-02-22 24 40.753	  31.02760392 121.43945507 1.5  0.0 0.0
2015-07-02-22 24 40.854	  31.02760392 121.43945507 1.5  0.0 0.0
2015-07-02-22 24 40.956	  31.02760392 121.43945507 1.5  0.0 0.0
2015-07-02-22 24 41.060	  31.02760392 121.43945507 1.5  0.0 0.0
2015-07-02-22 24 41.167	  31.02760392 121.43945507 1.5  0.0 0.0
2015-07-02-22 24 41.279	  31.02760392 121.43945507 1.5  0.0 0.0
2015-07-02-22 24 41.380	  31.02760392 121.43945507 1.5  0.0 0.0
2015-07-02-22 24 41.481	  31.02760392 121.43945507 1.5  0.0 0.0
2015-07-02-22 24 41.583	  31.02760392 121.43945507 1.5  0.0 0.0
2015-07-02-22 24 41.687	  31.02760392 121.43945507 1.5  0.0 0.0
2015-07-02-22 24 41.792	  31.02760392 121.43945507 1.5  0.0 0.0
2015-07-02-22 24 41.894	  31.02760392 121.43945507 1.5  0.0 0.0
2015-07-02-22 24 42.000	  31.02760392 121.43945507 1.5  0.0 0.0
2015-07-02-22 24 42.109	  31.02760392 121.43945507 1.5  0.0 0.0
2015-07-02-22 24 42.213	  31.02760392 121.43945507 1.5  0.0 0.0
2015-07-02-22 24 42.316	  31.02760392 121.43945507 1.5  0.0 0.0
2015-07-02-22 24 42.423	  31.02760392 121.43945507 1.5  0.0 0.0
2015-07-02-22 24 42.527	  31.02760392 121.43945507 1.5  0.0 0.0
2015-07-02-22 24 42.634	  31.02760392 121.43945507 1.5  0.0 0.0
2015-07-02-22 24 42.748	  31.02758018 121.4394697 1.5  0.0 0.0
2015-07-02-22 24 42.850	  31.02758018 121.4394697 1.5  0.0 0.0
2015-07-02-22 24 42.952	  31.02758018 121.4394697 1.5  0.0 0.0
2015-07-02-22 24 43.058	  31.02758018 121.4394697 1.5  0.0 0.0
2015-07-02-22 24 43.169	  31.02758018 121.4394697 1.5  0.0 0.0
2015-07-02-22 24 43.271	  31.02758018 121.4394697 1.5  0.0 0.0
2015-07-02-22 24 43.377	  31.02758018 121.4394697 1.5  0.0 0.0
2015-07-02-22 24 43.479	  31.02758018 121.4394697 1.5  0.0 0.0
2015-07-02-22 24 43.583	  31.02758018 121.4394697 1.5  0.0 0.0
2015-07-02-22 24 43.689	  31.02758018 121.4394697 1.5  0.0 0.0
2015-07-02-22 24 43.800	  31.02758018 121.4394697 1.5  0.0 0.0
2015-07-02-22 24 43.901	  31.02758018 121.4394697 1.5  0.0 0.0
2015-07-02-22 24 44.002	  31.02758018 121.4394697 1.5  0.0 0.0
2015-07-02-22 24 44.104	  31.02758018 121.4394697 1.5  0.0 0.0
2015-07-02-22 24 44.206	  31.02758018 121.4394697 1.5  0.0 0.0
2015-07-02-22 24 44.308	  31.02758018 121.4394697 1.5  0.0 0.0
2015-07-02-22 24 44.413	  31.02758018 121.4394697 1.5  0.0 0.0
2015-07-02-22 24 44.519	  31.02758018 121.4394697 1.5  0.0 0.0
2015-07-02-22 24 44.627	  31.02758018 121.4394697 1.5  0.0 0.0
2015-07-02-22 24 44.730	  31.0275567 121.43948277 1.5  0.0 0.0
2015-07-02-22 24 44.835	  31.0275567 121.43948277 1.5  0.0 0.0
2015-07-02-22 24 44.939	  31.0275567 121.43948277 1.5  0.0 0.0
2015-07-02-22 24 45.049	  31.0275567 121.43948277 1.5  0.0 0.0
2015-07-02-22 24 45.151	  31.0275567 121.43948277 1.5  0.0 0.0
2015-07-02-22 24 45.252	  31.0275567 121.43948277 1.5  0.0 0.0
2015-07-02-22 24 45.354	  31.0275567 121.43948277 1.5  0.0 0.0
2015-07-02-22 24 45.465	  31.0275567 121.43948277 1.5  0.0 0.0
2015-07-02-22 24 45.570	  31.0275567 121.43948277 1.5  0.0 0.0
2015-07-02-22 24 45.674	  31.0275567 121.43948277 1.5  0.0 0.0
2015-07-02-22 24 45.778	  31.0275567 121.43948277 1.5  0.0 0.0
2015-07-02-22 24 45.885	  31.0275567 121.43948277 1.5  0.0 0.0
2015-07-02-22 24 45.989	  31.0275567 121.43948277 1.5  0.0 0.0
2015-07-02-22 24 46.093	  31.0275567 121.43948277 1.5  0.0 0.0
2015-07-02-22 24 46.197	  31.0275567 121.43948277 1.5  0.0 0.0
2015-07-02-22 24 46.309	  31.0275567 121.43948277 1.5  0.0 0.0
2015-07-02-22 24 46.410	  31.0275567 121.43948277 1.5  0.0 0.0
2015-07-02-22 24 46.513	  31.0275567 121.43948277 1.5  0.0 0.0
2015-07-02-22 24 46.621	  31.0275567 121.43948277 1.5  0.0 0.0
2015-07-02-22 24 46.735	  31.02753251 121.4394951 1.5  0.0 0.0
2015-07-02-22 24 46.837	  31.02753251 121.4394951 1.5  0.0 0.0
2015-07-02-22 24 46.938	  31.02753251 121.4394951 1.5  0.0 0.0
2015-07-02-22 24 47.041	  31.02753251 121.4394951 1.5  0.0 0.0
2015-07-02-22 24 47.146	  31.02753251 121.4394951 1.5  0.0 0.0
2015-07-02-22 24 47.249	  31.02753251 121.4394951 1.5  0.0 0.0
2015-07-02-22 24 47.353	  31.02753251 121.4394951 1.5  0.0 0.0
2015-07-02-22 24 47.459	  31.02753251 121.4394951 1.5  0.0 0.0
2015-07-02-22 24 47.578	  31.02753251 121.4394951 1.5  0.0 0.0
2015-07-02-22 24 47.681	  31.02753251 121.4394951 1.5  0.0 0.0
2015-07-02-22 24 47.782	  31.02753251 121.4394951 1.5  0.0 0.0
2015-07-02-22 24 47.884	  31.02753251 121.4394951 1.5  0.0 0.0
2015-07-02-22 24 48.000	  31.02753251 121.4394951 1.5  0.0 0.0
2015-07-02-22 24 48.102	  31.02753251 121.4394951 1.5  0.0 0.0
2015-07-02-22 24 48.204	  31.02753251 121.4394951 1.5  0.0 0.0
2015-07-02-22 24 48.306	  31.02753251 121.4394951 1.5  0.0 0.0
2015-07-02-22 24 48.414	  31.02753251 121.4394951 1.5  0.0 0.0
2015-07-02-22 24 48.518	  31.02753251 121.4394951 1.5  0.0 0.0
2015-07-02-22 24 48.635	  31.02753251 121.4394951 1.5  0.0 0.0
2015-07-02-22 24 48.737	  31.02750777 121.43950592 1.5  0.0 0.0
2015-07-02-22 24 48.838	  31.02750777 121.43950592 1.5  0.0 0.0
2015-07-02-22 24 48.940	  31.02750777 121.43950592 1.5  0.0 0.0
2015-07-02-22 24 49.041	  31.02750777 121.43950592 1.5  0.0 0.0
2015-07-02-22 24 49.144	  31.02750777 121.43950592 1.5  0.0 0.0
2015-07-02-22 24 49.249	  31.02750777 121.43950592 1.5  0.0 0.0
2015-07-02-22 24 49.360	  31.02750777 121.43950592 1.5  0.0 0.0
2015-07-02-22 24 49.461	  31.02750777 121.43950592 1.5  0.0 0.0
2015-07-02-22 24 49.564	  31.02750777 121.43950592 1.5  0.0 0.0
2015-07-02-22 24 49.666	  31.02750777 121.43950592 1.5  0.0 0.0
2015-07-02-22 24 49.770	  31.02750777 121.43950592 1.5  0.0 0.0
2015-07-02-22 24 49.871	  31.02750777 121.43950592 1.5  0.0 0.0
2015-07-02-22 24 49.973	  31.02750777 121.43950592 1.5  0.0 0.0
2015-07-02-22 24 50.075	  31.02750777 121.43950592 1.5  0.0 0.0
2015-07-02-22 24 50.182	  31.02750777 121.43950592 1.5  0.0 0.0
2015-07-02-22 24 50.286	  31.02750777 121.43950592 1.5  0.0 0.0
2015-07-02-22 24 50.396	  31.02750777 121.43950592 1.5  0.0 0.0
2015-07-02-22 24 50.498	  31.02750777 121.43950592 1.5  0.0 0.0
2015-07-02-22 24 50.602	  31.02750777 121.43950592 1.5  0.0 0.0
2015-07-02-22 24 50.706	  31.0274835 121.43951851 1.5  0.0 0.0
2015-07-02-22 24 50.813	  31.0274835 121.43951851 1.5  0.0 0.0
2015-07-02-22 24 50.916	  31.0274835 121.43951851 1.5  0.0 0.0
2015-07-02-22 24 51.019	  31.0274835 121.43951851 1.5  0.0 0.0
2015-07-02-22 24 51.123	  31.0274835 121.43951851 1.5  0.0 0.0
2015-07-02-22 24 51.228	  31.0274835 121.43951851 1.5  0.0 0.0
2015-07-02-22 24 51.335	  31.0274835 121.43951851 1.5  0.0 0.0
2015-07-02-22 24 51.436	  31.0274835 121.43951851 1.5  0.0 0.0
2015-07-02-22 24 51.538	  31.0274835 121.43951851 1.5  0.0 0.0
2015-07-02-22 24 51.639	  31.0274835 121.43951851 1.5  0.0 0.0
2015-07-02-22 24 51.743	  31.0274835 121.43951851 1.5  0.0 0.0
2015-07-02-22 24 51.864	  31.0274835 121.43951851 1.5  0.0 0.0
2015-07-02-22 24 51.971	  31.0274835 121.43951851 1.5  0.0 0.0
2015-07-02-22 24 52.073	  31.0274835 121.43951851 1.5  0.0 0.0
2015-07-02-22 24 52.177	  31.0274835 121.43951851 1.5  0.0 0.0
2015-07-02-22 24 52.293	  31.0274835 121.43951851 1.5  0.0 0.0
2015-07-02-22 24 52.395	  31.0274835 121.43951851 1.5  0.0 0.0
2015-07-02-22 24 52.497	  31.0274835 121.43951851 1.5  0.0 0.0
2015-07-02-22 24 52.599	  31.0274835 121.43951851 1.5  0.0 0.0
2015-07-02-22 24 52.701	  31.0274835 121.43951851 1.5  0.0 0.0
2015-07-02-22 24 52.803	  31.02745965 121.43953011 1.5  0.0 0.0
2015-07-02-22 24 52.909	  31.02745965 121.43953011 1.5  0.0 0.0
2015-07-02-22 24 53.010	  31.02745965 121.43953011 1.5  0.0 0.0
2015-07-02-22 24 53.114	  31.02745965 121.43953011 1.5  0.0 0.0
2015-07-02-22 24 53.229	  31.02745965 121.43953011 1.5  0.0 0.0
2015-07-02-22 24 53.331	  31.02745965 121.43953011 1.5  0.0 0.0
2015-07-02-22 24 53.434	  31.02745965 121.43953011 1.5  0.0 0.0
2015-07-02-22 24 53.556	  31.02745965 121.43953011 1.5  0.0 0.0
2015-07-02-22 24 53.658	  31.02745965 121.43953011 1.5  0.0 0.0
2015-07-02-22 24 53.763	  31.02745965 121.43953011 1.5  0.0 0.0
2015-07-02-22 24 53.866	  31.02745965 121.43953011 1.5  0.0 0.0
2015-07-02-22 24 53.971	  31.02745965 121.43953011 1.5  0.0 0.0
2015-07-02-22 24 54.075	  31.02745965 121.43953011 1.5  0.0 0.0
2015-07-02-22 24 54.180	  31.02745965 121.43953011 1.5  0.0 0.0
2015-07-02-22 24 54.284	  31.02745965 121.43953011 1.5  0.0 0.0
2015-07-02-22 24 54.395	  31.02745965 121.43953011 1.5  0.0 0.0
2015-07-02-22 24 54.499	  31.02745965 121.43953011 1.5  0.0 0.0
2015-07-02-22 24 54.605	  31.02745965 121.43953011 1.5  0.0 0.0
2015-07-02-22 24 54.721	  31.02743551 121.43954299 1.5  0.0 0.0
2015-07-02-22 24 54.823	  31.02743551 121.43954299 1.5  0.0 0.0
2015-07-02-22 24 54.925	  31.02743551 121.43954299 1.5  0.0 0.0
2015-07-02-22 24 55.036	  31.02743551 121.43954299 1.5  0.0 0.0
2015-07-02-22 24 55.140	  31.02743551 121.43954299 1.5  0.0 0.0
2015-07-02-22 24 55.244	  31.02743551 121.43954299 1.5  0.0 0.0
2015-07-02-22 24 55.355	  31.02743551 121.43954299 1.5  0.0 0.0
2015-07-02-22 24 55.457	  31.02743551 121.43954299 1.5  0.0 0.0
2015-07-02-22 24 55.562	  31.02743551 121.43954299 1.5  0.0 0.0
2015-07-02-22 24 55.681	  31.02743551 121.43954299 1.5  0.0 0.0
2015-07-02-22 24 55.784	  31.02743551 121.43954299 1.5  0.0 0.0
2015-07-02-22 24 55.886	  31.02743551 121.43954299 1.5  0.0 0.0
2015-07-02-22 24 55.997	  31.02743551 121.43954299 1.5  0.0 0.0
2015-07-02-22 24 56.100	  31.02743551 121.43954299 1.5  0.0 0.0
2015-07-02-22 24 56.202	  31.02743551 121.43954299 1.5  0.0 0.0
2015-07-02-22 24 56.320	  31.02743551 121.43954299 1.5  0.0 0.0
2015-07-02-22 24 56.427	  31.02743551 121.43954299 1.5  0.0 0.0
2015-07-02-22 24 56.531	  31.02743551 121.43954299 1.5  0.0 0.0
2015-07-02-22 24 56.639	  31.02743551 121.43954299 1.5  0.0 0.0
2015-07-02-22 24 56.745	  31.02741097 121.43955649 1.5  0.0 0.0
2015-07-02-22 24 56.849	  31.02741097 121.43955649 1.5  0.0 0.0
2015-07-02-22 24 56.956	  31.02741097 121.43955649 1.5  0.0 0.0
2015-07-02-22 24 57.062	  31.02741097 121.43955649 1.5  0.0 0.0
2015-07-02-22 24 57.166	  31.02741097 121.43955649 1.5  0.0 0.0
2015-07-02-22 24 57.276	  31.02741097 121.43955649 1.5  0.0 0.0
2015-07-02-22 24 57.381	  31.02741097 121.43955649 1.5  0.0 0.0
2015-07-02-22 24 57.485	  31.02741097 121.43955649 1.5  0.0 0.0
2015-07-02-22 24 57.597	  31.02741097 121.43955649 1.5  0.0 0.0
2015-07-02-22 24 57.699	  31.02741097 121.43955649 1.5  0.0 0.0
2015-07-02-22 24 57.805	  31.02741097 121.43955649 1.5  0.0 0.0
2015-07-02-22 24 57.910	  31.02741097 121.43955649 1.5  0.0 0.0
2015-07-02-22 24 58.013	  31.02741097 121.43955649 1.5  0.0 0.0
2015-07-02-22 24 58.115	  31.02741097 121.43955649 1.5  0.0 0.0
2015-07-02-22 24 58.228	  31.02741097 121.43955649 1.5  0.0 0.0
2015-07-02-22 24 58.330	  31.02741097 121.43955649 1.5  0.0 0.0
2015-07-02-22 24 58.434	  31.02741097 121.43955649 1.5  0.0 0.0
2015-07-02-22 24 58.548	  31.02741097 121.43955649 1.5  0.0 0.0
2015-07-02-22 24 58.650	  31.02741097 121.43955649 1.5  0.0 0.0
2015-07-02-22 24 58.754	  31.02738552 121.43956876 1.5  0.0 0.0
2015-07-02-22 24 58.856	  31.02738552 121.43956876 1.5  0.0 0.0
2015-07-02-22 24 58.962	  31.02738552 121.43956876 1.5  0.0 0.0
2015-07-02-22 24 59.065	  31.02738552 121.43956876 1.5  0.0 0.0
2015-07-02-22 24 59.170	  31.02738552 121.43956876 1.5  0.0 0.0
2015-07-02-22 24 59.286	  31.02738552 121.43956876 1.5  0.0 0.0
2015-07-02-22 24 59.388	  31.02738552 121.43956876 1.5  0.0 0.0
2015-07-02-22 24 59.490	  31.02738552 121.43956876 1.5  0.0 0.0
2015-07-02-22 24 59.593	  31.02738552 121.43956876 1.5  0.0 0.0
2015-07-02-22 24 59.696	  31.02738552 121.43956876 1.5  0.0 0.0
2015-07-02-22 24 59.806	  31.02738552 121.43956876 1.5  0.0 0.0
2015-07-02-22 24 59.912	  31.02738552 121.43956876 1.5  0.0 0.0
2015-07-02-22 25 00.017	  31.02738552 121.43956876 1.5  0.0 0.0
2015-07-02-22 25 00.124	  31.02738552 121.43956876 1.5  0.0 0.0
2015-07-02-22 25 00.254	  31.02738552 121.43956876 1.5  0.0 0.0
2015-07-02-22 25 00.356	  31.02738552 121.43956876 1.5  0.0 0.0
2015-07-02-22 25 00.461	  31.02738552 121.43956876 1.5  0.0 0.0
2015-07-02-22 25 00.563	  31.02738552 121.43956876 1.5  0.0 0.0
2015-07-02-22 25 00.664	  31.02738552 121.43956876 1.5  0.0 0.0
2015-07-02-22 25 00.769	  31.02736031 121.43958062 1.5  0.0 0.0
2015-07-02-22 25 00.871	  31.02736031 121.43958062 1.5  0.0 0.0
2015-07-02-22 25 00.972	  31.02736031 121.43958062 1.5  0.0 0.0
2015-07-02-22 25 01.161	  31.02736031 121.43958062 1.5  0.0 0.0
2015-07-02-22 25 01.263	  31.02736031 121.43958062 1.5  0.0 0.0
2015-07-02-22 25 01.374	  31.02736031 121.43958062 1.5  0.0 0.0
2015-07-02-22 25 01.476	  31.02736031 121.43958062 1.5  0.0 0.0
2015-07-02-22 25 01.580	  31.02736031 121.43958062 1.5  0.0 0.0
2015-07-02-22 25 01.716	  31.02736031 121.43958062 1.5  0.0 0.0
2015-07-02-22 25 01.823	  31.02736031 121.43958062 1.5  0.0 0.0
2015-07-02-22 25 01.931	  31.02736031 121.43958062 1.5  0.0 0.0
2015-07-02-22 25 02.034	  31.02736031 121.43958062 1.5  0.0 0.0
2015-07-02-22 25 02.138	  31.02736031 121.43958062 1.5  0.0 0.0
2015-07-02-22 25 02.303	  31.02736031 121.43958062 1.5  0.0 0.0
2015-07-02-22 25 02.405	  31.02736031 121.43958062 1.5  0.0 0.0
2015-07-02-22 25 02.509	  31.02736031 121.43958062 1.5  0.0 0.0
2015-07-02-22 25 02.611	  31.02736031 121.43958062 1.5  0.0 0.0
2015-07-02-22 25 02.713	  31.02736031 121.43958062 1.5  0.0 0.0
2015-07-02-22 25 02.871	  31.02733425 121.43959097 1.5  0.0 0.0
2015-07-02-22 25 02.973	  31.02733425 121.43959097 1.5  0.0 0.0
2015-07-02-22 25 03.079	  31.02733425 121.43959097 1.5  0.0 0.0
2015-07-02-22 25 03.181	  31.02733425 121.43959097 1.5  0.0 0.0
2015-07-02-22 25 03.284	  31.02733425 121.43959097 1.5  0.0 0.0
2015-07-02-22 25 03.402	  31.02733425 121.43959097 1.5  0.0 0.0
2015-07-02-22 25 03.505	  31.02733425 121.43959097 1.5  0.0 0.0
2015-07-02-22 25 03.619	  31.02733425 121.43959097 1.5  0.0 0.0
2015-07-02-22 25 03.721	  31.02733425 121.43959097 1.5  0.0 0.0
2015-07-02-22 25 03.826	  31.02733425 121.43959097 1.5  0.0 0.0
2015-07-02-22 25 03.928	  31.02733425 121.43959097 1.5  0.0 0.0
2015-07-02-22 25 04.045	  31.02733425 121.43959097 1.5  0.0 0.0
2015-07-02-22 25 04.146	  31.02733425 121.43959097 1.5  0.0 0.0
2015-07-02-22 25 04.247	  31.02733425 121.43959097 1.5  0.0 0.0
2015-07-02-22 25 04.350	  31.02733425 121.43959097 1.5  0.0 0.0
2015-07-02-22 25 04.452	  31.02733425 121.43959097 1.5  0.0 0.0
2015-07-02-22 25 04.556	  31.02733425 121.43959097 1.5  0.0 0.0
2015-07-02-22 25 04.657	  31.02733425 121.43959097 1.5  0.0 0.0
2015-07-02-22 25 04.759	  31.02730843 121.43960174 1.5  0.0 0.0
2015-07-02-22 25 04.861	  31.02730843 121.43960174 1.5  0.0 0.0
2015-07-02-22 25 04.967	  31.02730843 121.43960174 1.5  0.0 0.0
2015-07-02-22 25 05.069	  31.02730843 121.43960174 1.5  0.0 0.0
2015-07-02-22 25 05.171	  31.02730843 121.43960174 1.5  0.0 0.0
2015-07-02-22 25 05.273	  31.02730843 121.43960174 1.5  0.0 0.0
2015-07-02-22 25 05.375	  31.02730843 121.43960174 1.5  0.0 0.0
2015-07-02-22 25 05.513	  31.02730843 121.43960174 1.5  0.0 0.0
2015-07-02-22 25 05.616	  31.02730843 121.43960174 1.5  0.0 0.0
2015-07-02-22 25 05.725	  31.02730843 121.43960174 1.5  0.0 0.0
2015-07-02-22 25 05.829	  31.02730843 121.43960174 1.5  0.0 0.0
2015-07-02-22 25 05.932	  31.02730843 121.43960174 1.5  0.0 0.0
2015-07-02-22 25 06.034	  31.02730843 121.43960174 1.5  0.0 0.0
2015-07-02-22 25 06.135	  31.02730843 121.43960174 1.5  0.0 0.0
2015-07-02-22 25 06.240	  31.02730843 121.43960174 1.5  0.0 0.0
2015-07-02-22 25 06.354	  31.02730843 121.43960174 1.5  0.0 0.0
2015-07-02-22 25 06.457	  31.02730843 121.43960174 1.5  0.0 0.0
2015-07-02-22 25 06.559	  31.02730843 121.43960174 1.5  0.0 0.0
2015-07-02-22 25 06.698	  31.02730843 121.43960174 1.5  0.0 0.0
2015-07-02-22 25 06.799	  31.02728304 121.43961587 1.5  0.0 0.0
2015-07-02-22 25 06.909	  31.02728304 121.43961587 1.5  0.0 0.0
2015-07-02-22 25 07.013	  31.02728304 121.43961587 1.5  0.0 0.0
2015-07-02-22 25 07.121	  31.02728304 121.43961587 1.5  0.0 0.0
2015-07-02-22 25 07.226	  31.02728304 121.43961587 1.5  0.0 0.0
2015-07-02-22 25 07.343	  31.02728304 121.43961587 1.5  0.0 0.0
2015-07-02-22 25 07.446	  31.02728304 121.43961587 1.5  0.0 0.0
2015-07-02-22 25 07.549	  31.02728304 121.43961587 1.5  0.0 0.0
2015-07-02-22 25 07.651	  31.02728304 121.43961587 1.5  0.0 0.0
2015-07-02-22 25 07.767	  31.02728304 121.43961587 1.5  0.0 0.0
2015-07-02-22 25 07.869	  31.02728304 121.43961587 1.5  0.0 0.0
2015-07-02-22 25 07.974	  31.02728304 121.43961587 1.5  0.0 0.0
2015-07-02-22 25 08.076	  31.02728304 121.43961587 1.5  0.0 0.0
2015-07-02-22 25 08.188	  31.02728304 121.43961587 1.5  0.0 0.0
2015-07-02-22 25 08.289	  31.02728304 121.43961587 1.5  0.0 0.0
2015-07-02-22 25 08.395	  31.02728304 121.43961587 1.5  0.0 0.0
2015-07-02-22 25 08.500	  31.02728304 121.43961587 1.5  0.0 0.0
2015-07-02-22 25 08.608	  31.02728304 121.43961587 1.5  0.0 0.0
2015-07-02-22 25 08.712	  31.02728304 121.43961587 1.5  0.0 0.0
2015-07-02-22 25 08.815	  31.02725769 121.43962966 1.5  0.0 0.0
2015-07-02-22 25 08.923	  31.02725769 121.43962966 1.5  0.0 0.0
2015-07-02-22 25 09.026	  31.02725769 121.43962966 1.5  0.0 0.0
2015-07-02-22 25 09.135	  31.02725769 121.43962966 1.5  0.0 0.0
2015-07-02-22 25 09.240	  31.02725769 121.43962966 1.5  0.0 0.0
2015-07-02-22 25 09.356	  31.02725769 121.43962966 1.5  0.0 0.0
2015-07-02-22 25 09.457	  31.02725769 121.43962966 1.5  0.0 0.0
2015-07-02-22 25 09.563	  31.02725769 121.43962966 1.5  0.0 0.0
2015-07-02-22 25 09.667	  31.02725769 121.43962966 1.5  0.0 0.0
2015-07-02-22 25 09.781	  31.02725769 121.43962966 1.5  0.0 0.0
2015-07-02-22 25 09.883	  31.02725769 121.43962966 1.5  0.0 0.0
2015-07-02-22 25 09.990	  31.02725769 121.43962966 1.5  0.0 0.0
2015-07-02-22 25 10.091	  31.02725769 121.43962966 1.5  0.0 0.0
2015-07-02-22 25 10.193	  31.02725769 121.43962966 1.5  0.0 0.0
2015-07-02-22 25 10.299	  31.02725769 121.43962966 1.5  0.0 0.0
2015-07-02-22 25 10.411	  31.02725769 121.43962966 1.5  0.0 0.0
2015-07-02-22 25 10.513	  31.02725769 121.43962966 1.5  0.0 0.0
2015-07-02-22 25 10.614	  31.02725769 121.43962966 1.5  0.0 0.0
2015-07-02-22 25 10.721	  31.02723098 121.43964247 1.5  0.0 0.0
2015-07-02-22 25 10.858	  31.02723098 121.43964247 1.5  0.0 0.0
2015-07-02-22 25 10.961	  31.02723098 121.43964247 1.5  0.0 0.0
2015-07-02-22 25 11.070	  31.02723098 121.43964247 1.5  0.0 0.0
2015-07-02-22 25 11.172	  31.02723098 121.43964247 1.5  0.0 0.0
2015-07-02-22 25 11.278	  31.02723098 121.43964247 1.5  0.0 0.0
2015-07-02-22 25 11.381	  31.02723098 121.43964247 1.5  0.0 0.0
2015-07-02-22 25 11.482	  31.02723098 121.43964247 1.5  0.0 0.0
2015-07-02-22 25 11.588	  31.02723098 121.43964247 1.5  0.0 0.0
2015-07-02-22 25 11.703	  31.02723098 121.43964247 1.5  0.0 0.0
2015-07-02-22 25 11.807	  31.02723098 121.43964247 1.5  0.0 0.0
2015-07-02-22 25 11.918	  31.02723098 121.43964247 1.5  0.0 0.0
2015-07-02-22 25 12.020	  31.02723098 121.43964247 1.5  0.0 0.0
2015-07-02-22 25 12.123	  31.02723098 121.43964247 1.5  0.0 0.0
2015-07-02-22 25 12.225	  31.02723098 121.43964247 1.5  0.0 0.0
2015-07-02-22 25 12.328	  31.02723098 121.43964247 1.5  0.0 0.0
2015-07-02-22 25 12.432	  31.02723098 121.43964247 1.5  0.0 0.0
2015-07-02-22 25 12.546	  31.02723098 121.43964247 1.5  0.0 0.0
2015-07-02-22 25 12.648	  31.02723098 121.43964247 1.5  0.0 0.0
2015-07-02-22 25 12.751	  31.02720378 121.43965621 1.5  0.0 0.0
2015-07-02-22 25 12.854	  31.02720378 121.43965621 1.5  0.0 0.0
2015-07-02-22 25 12.956	  31.02720378 121.43965621 1.5  0.0 0.0
2015-07-02-22 25 13.059	  31.02720378 121.43965621 1.5  0.0 0.0
2015-07-02-22 25 13.167	  31.02720378 121.43965621 1.5  0.0 0.0
2015-07-02-22 25 13.270	  31.02720378 121.43965621 1.5  0.0 0.0
2015-07-02-22 25 13.388	  31.02720378 121.43965621 1.5  0.0 0.0
2015-07-02-22 25 13.489	  31.02720378 121.43965621 1.5  0.0 0.0
2015-07-02-22 25 13.593	  31.02720378 121.43965621 1.5  0.0 0.0
2015-07-02-22 25 13.710	  31.02720378 121.43965621 1.5  0.0 0.0
2015-07-02-22 25 13.870	  31.02720378 121.43965621 1.5  0.0 0.0
2015-07-02-22 25 13.972	  31.02720378 121.43965621 1.5  0.0 0.0
2015-07-02-22 25 14.074	  31.02720378 121.43965621 1.5  0.0 0.0
2015-07-02-22 25 14.192	  31.02720378 121.43965621 1.5  0.0 0.0
2015-07-02-22 25 14.295	  31.02720378 121.43965621 1.5  0.0 0.0
2015-07-02-22 25 14.401	  31.02720378 121.43965621 1.5  0.0 0.0
2015-07-02-22 25 14.504	  31.02720378 121.43965621 1.5  0.0 0.0
2015-07-02-22 25 14.609	  31.02720378 121.43965621 1.5  0.0 0.0
2015-07-02-22 25 14.711	  31.02717612 121.43966733 1.5  0.0 0.0
2015-07-02-22 25 14.831	  31.02717612 121.43966733 1.5  0.0 0.0
2015-07-02-22 25 14.935	  31.02717612 121.43966733 1.5  0.0 0.0
2015-07-02-22 25 15.044	  31.02717612 121.43966733 1.5  0.0 0.0
2015-07-02-22 25 15.146	  31.02717612 121.43966733 1.5  0.0 0.0
2015-07-02-22 25 15.250	  31.02717612 121.43966733 1.5  0.0 0.0
2015-07-02-22 25 15.352	  31.02717612 121.43966733 1.5  0.0 0.0
2015-07-02-22 25 15.458	  31.02717612 121.43966733 1.5  0.0 0.0
2015-07-02-22 25 15.560	  31.02717612 121.43966733 1.5  0.0 0.0
2015-07-02-22 25 15.667	  31.02717612 121.43966733 1.5  0.0 0.0
2015-07-02-22 25 15.768	  31.02717612 121.43966733 1.5  0.0 0.0
2015-07-02-22 25 15.875	  31.02717612 121.43966733 1.5  0.0 0.0
2015-07-02-22 25 15.977	  31.02717612 121.43966733 1.5  0.0 0.0
2015-07-02-22 25 16.085	  31.02717612 121.43966733 1.5  0.0 0.0
2015-07-02-22 25 16.188	  31.02717612 121.43966733 1.5  0.0 0.0
2015-07-02-22 25 16.293	  31.02717612 121.43966733 1.5  0.0 0.0
2015-07-02-22 25 16.396	  31.02717612 121.43966733 1.5  0.0 0.0
2015-07-02-22 25 16.504	  31.02717612 121.43966733 1.5  0.0 0.0
2015-07-02-22 25 16.606	  31.02717612 121.43966733 1.5  0.0 0.0
2015-07-02-22 25 16.713	  31.02717612 121.43966733 1.5  0.0 0.0
2015-07-02-22 25 16.814	  31.02714914 121.43967849 1.5  0.0 0.0
2015-07-02-22 25 16.924	  31.02714914 121.43967849 1.5  0.0 0.0
2015-07-02-22 25 17.029	  31.02714914 121.43967849 1.5  0.0 0.0
2015-07-02-22 25 17.141	  31.02714914 121.43967849 1.5  0.0 0.0
2015-07-02-22 25 17.243	  31.02714914 121.43967849 1.5  0.0 0.0
2015-07-02-22 25 17.349	  31.02714914 121.43967849 1.5  0.0 0.0
2015-07-02-22 25 17.454	  31.02714914 121.43967849 1.5  0.0 0.0
2015-07-02-22 25 17.570	  31.02714914 121.43967849 1.5  0.0 0.0
2015-07-02-22 25 17.673	  31.02714914 121.43967849 1.5  0.0 0.0
2015-07-02-22 25 17.780	  31.02714914 121.43967849 1.5  0.0 0.0
2015-07-02-22 25 17.882	  31.02714914 121.43967849 1.5  0.0 0.0
2015-07-02-22 25 17.989	  31.02714914 121.43967849 1.5  0.0 0.0
2015-07-02-22 25 18.092	  31.02714914 121.43967849 1.5  0.0 0.0
2015-07-02-22 25 18.205	  31.02714914 121.43967849 1.5  0.0 0.0
2015-07-02-22 25 18.307	  31.02714914 121.43967849 1.5  0.0 0.0
2015-07-02-22 25 18.412	  31.02714914 121.43967849 1.5  0.0 0.0
2015-07-02-22 25 18.513	  31.02714914 121.43967849 1.5  0.0 0.0
2015-07-02-22 25 18.617	  31.02714914 121.43967849 1.5  0.0 0.0
2015-07-02-22 25 18.722	  31.02712235 121.4396908 1.5  0.0 0.0
2015-07-02-22 25 18.870	  31.02712235 121.4396908 1.5  0.0 0.0
2015-07-02-22 25 19.012	  31.02712235 121.4396908 1.5  0.0 0.0
2015-07-02-22 25 19.114	  31.02712235 121.4396908 1.5  0.0 0.0
2015-07-02-22 25 19.252	  31.02712235 121.4396908 1.5  0.0 0.0
2015-07-02-22 25 19.354	  31.02712235 121.4396908 1.5  0.0 0.0
2015-07-02-22 25 19.494	  31.02712235 121.4396908 1.5  0.0 0.0
2015-07-02-22 25 19.598	  31.02712235 121.4396908 1.5  0.0 0.0
2015-07-02-22 25 19.755	  31.02712235 121.4396908 1.5  0.0 0.0
2015-07-02-22 25 19.857	  31.02712235 121.4396908 1.5  0.0 0.0
2015-07-02-22 25 19.993	  31.02712235 121.4396908 1.5  0.0 0.0
2015-07-02-22 25 20.108	  31.02712235 121.4396908 1.5  0.0 0.0
2015-07-02-22 25 20.210	  31.02712235 121.4396908 1.5  0.0 0.0
2015-07-02-22 25 20.315	  31.02712235 121.4396908 1.5  0.0 0.0
2015-07-02-22 25 20.419	  31.02712235 121.4396908 1.5  0.0 0.0
2015-07-02-22 25 20.522	  31.02712235 121.4396908 1.5  0.0 0.0
2015-07-02-22 25 20.627	  31.02712235 121.4396908 1.5  0.0 0.0
2015-07-02-22 25 20.739	  31.02709537 121.43970255 1.5  0.0 0.0
2015-07-02-22 25 20.842	  31.02709537 121.43970255 1.5  0.0 0.0
2015-07-02-22 25 20.952	  31.02709537 121.43970255 1.5  0.0 0.0
2015-07-02-22 25 21.055	  31.02709537 121.43970255 1.5  0.0 0.0
2015-07-02-22 25 21.164	  31.02709537 121.43970255 1.5  0.0 0.0
2015-07-02-22 25 21.267	  31.02709537 121.43970255 1.5  0.0 0.0
2015-07-02-22 25 21.378	  31.02709537 121.43970255 1.5  0.0 0.0
2015-07-02-22 25 21.481	  31.02709537 121.43970255 1.5  0.0 0.0
2015-07-02-22 25 21.660	  31.02709537 121.43970255 1.5  0.0 0.0
2015-07-02-22 25 21.763	  31.02709537 121.43970255 1.5  0.0 0.0
2015-07-02-22 25 21.884	  31.02709537 121.43970255 1.5  0.0 0.0
2015-07-02-22 25 21.993	  31.02709537 121.43970255 1.5  0.0 0.0
2015-07-02-22 25 22.098	  31.02709537 121.43970255 1.5  0.0 0.0
2015-07-02-22 25 22.256	  31.02709537 121.43970255 1.5  0.0 0.0
2015-07-02-22 25 22.361	  31.02709537 121.43970255 1.5  0.0 0.0
2015-07-02-22 25 22.523	  31.02709537 121.43970255 1.5  0.0 0.0
2015-07-02-22 25 22.629	  31.02709537 121.43970255 1.5  0.0 0.0
2015-07-02-22 25 22.737	  31.02706832 121.43971506 1.5  0.0 0.0
2015-07-02-22 25 22.901	  31.02706832 121.43971506 1.5  0.0 0.0
2015-07-02-22 25 23.002	  31.02706832 121.43971506 1.5  0.0 0.0
2015-07-02-22 25 23.163	  31.02706832 121.43971506 1.5  0.0 0.0
2015-07-02-22 25 23.273	  31.02706832 121.43971506 1.5  0.0 0.0
2015-07-02-22 25 23.375	  31.02706832 121.43971506 1.5  0.0 0.0
2015-07-02-22 25 23.528	  31.02706832 121.43971506 1.5  0.0 0.0
2015-07-02-22 25 23.632	  31.02706832 121.43971506 1.5  0.0 0.0
2015-07-02-22 25 23.810	  31.02706832 121.43971506 1.5  0.0 0.0
2015-07-02-22 25 23.916	  31.02706832 121.43971506 1.5  0.0 0.0
2015-07-02-22 25 24.023	  31.02706832 121.43971506 1.5  0.0 0.0
2015-07-02-22 25 24.126	  31.02706832 121.43971506 1.5  0.0 0.0
2015-07-02-22 25 24.278	  31.02706832 121.43971506 1.5  0.0 0.0
2015-07-02-22 25 24.382	  31.02706832 121.43971506 1.5  0.0 0.0
2015-07-02-22 25 24.538	  31.02706832 121.43971506 1.5  0.0 0.0
2015-07-02-22 25 24.647	  31.02706832 121.43971506 1.5  0.0 0.0
2015-07-02-22 25 24.750	  31.02704145 121.43972757 1.5  0.0 0.0
2015-07-02-22 25 24.878	  31.02704145 121.43972757 1.5  0.0 0.0
2015-07-02-22 25 24.984	  31.02704145 121.43972757 1.5  0.0 0.0
2015-07-02-22 25 25.154	  31.02704145 121.43972757 1.5  0.0 0.0
2015-07-02-22 25 25.258	  31.02704145 121.43972757 1.5  0.0 0.0
2015-07-02-22 25 25.361	  31.02704145 121.43972757 1.5  0.0 0.0
2015-07-02-22 25 25.479	  31.02704145 121.43972757 1.5  0.0 0.0
2015-07-02-22 25 25.581	  31.02704145 121.43972757 1.5  0.0 0.0
2015-07-02-22 25 25.711	  31.02704145 121.43972757 1.5  0.0 0.0
2015-07-02-22 25 25.812	  31.02704145 121.43972757 1.5  0.0 0.0
2015-07-02-22 25 25.915	  31.02704145 121.43972757 1.5  0.0 0.0
2015-07-02-22 25 26.105	  31.02704145 121.43972757 1.5  0.0 0.0
2015-07-02-22 25 26.207	  31.02704145 121.43972757 1.5  0.0 0.0
2015-07-02-22 25 26.355	  31.02704145 121.43972757 1.5  0.0 0.0
2015-07-02-22 25 26.458	  31.02704145 121.43972757 1.5  0.0 0.0
2015-07-02-22 25 26.561	  31.02704145 121.43972757 1.5  0.0 0.0
2015-07-02-22 25 26.706	  31.02704145 121.43972757 1.5  0.0 0.0
2015-07-02-22 25 26.808	  31.02701492 121.43973995 1.5  0.0 0.0
2015-07-02-22 25 26.921	  31.02701492 121.43973995 1.5  0.0 0.0
2015-07-02-22 25 27.030	  31.02701492 121.43973995 1.5  0.0 0.0
2015-07-02-22 25 27.132	  31.02701492 121.43973995 1.5  0.0 0.0
2015-07-02-22 25 27.276	  31.02701492 121.43973995 1.5  0.0 0.0
2015-07-02-22 25 27.385	  31.02701492 121.43973995 1.5  0.0 0.0
2015-07-02-22 25 27.539	  31.02701492 121.43973995 1.5  0.0 0.0
2015-07-02-22 25 27.643	  31.02701492 121.43973995 1.5  0.0 0.0
2015-07-02-22 25 27.745	  31.02701492 121.43973995 1.5  0.0 0.0
2015-07-02-22 25 27.895	  31.02701492 121.43973995 1.5  0.0 0.0
2015-07-02-22 25 27.997	  31.02701492 121.43973995 1.5  0.0 0.0
2015-07-02-22 25 28.112	  31.02701492 121.43973995 1.5  0.0 0.0
2015-07-02-22 25 28.217	  31.02701492 121.43973995 1.5  0.0 0.0
2015-07-02-22 25 28.320	  31.02701492 121.43973995 1.5  0.0 0.0
2015-07-02-22 25 28.453	  31.02701492 121.43973995 1.5  0.0 0.0
2015-07-02-22 25 28.560	  31.02701492 121.43973995 1.5  0.0 0.0
2015-07-02-22 25 28.704	  31.02701492 121.43973995 1.5  0.0 0.0
2015-07-02-22 25 28.807	  31.02698883 121.43975269 1.5  0.0 0.0
2015-07-02-22 25 28.909	  31.02698883 121.43975269 1.5  0.0 0.0
2015-07-02-22 25 29.051	  31.02698883 121.43975269 1.5  0.0 0.0
2015-07-02-22 25 29.201	  31.02698883 121.43975269 1.5  0.0 0.0
2015-07-02-22 25 29.304	  31.02698883 121.43975269 1.5  0.0 0.0
2015-07-02-22 25 29.406	  31.02698883 121.43975269 1.5  0.0 0.0
2015-07-02-22 25 29.511	  31.02698883 121.43975269 1.5  0.0 0.0
2015-07-02-22 25 29.614	  31.02698883 121.43975269 1.5  0.0 0.0
2015-07-02-22 25 29.752	  31.02698883 121.43975269 1.5  0.0 0.0
2015-07-02-22 25 29.856	  31.02698883 121.43975269 1.5  0.0 0.0
2015-07-02-22 25 29.958	  31.02698883 121.43975269 1.5  0.0 0.0
2015-07-02-22 25 30.078	  31.02698883 121.43975269 1.5  0.0 0.0
2015-07-02-22 25 30.186	  31.02698883 121.43975269 1.5  0.0 0.0
2015-07-02-22 25 30.314	  31.02698883 121.43975269 1.5  0.0 0.0
2015-07-02-22 25 30.419	  31.02698883 121.43975269 1.5  0.0 0.0
2015-07-02-22 25 30.525	  31.02698883 121.43975269 1.5  0.0 0.0
2015-07-02-22 25 30.689	  31.02698883 121.43975269 1.5  0.0 0.0
2015-07-02-22 25 30.791	  31.02696262 121.43976471 1.5  0.0 0.0
2015-07-02-22 25 30.894	  31.02696262 121.43976471 1.5  0.0 0.0
2015-07-02-22 25 31.012	  31.02696262 121.43976471 1.5  0.0 0.0
2015-07-02-22 25 31.115	  31.02696262 121.43976471 1.5  0.0 0.0
2015-07-02-22 25 31.217	  31.02696262 121.43976471 1.5  0.0 0.0
2015-07-02-22 25 31.358	  31.02696262 121.43976471 1.5  0.0 0.0
2015-07-02-22 25 31.460	  31.02696262 121.43976471 1.5  0.0 0.0
2015-07-02-22 25 31.564	  31.02696262 121.43976471 1.5  0.0 0.0
2015-07-02-22 25 31.680	  31.02696262 121.43976471 1.5  0.0 0.0
2015-07-02-22 25 31.786	  31.02696262 121.43976471 1.5  0.0 0.0
2015-07-02-22 25 31.888	  31.02696262 121.43976471 1.5  0.0 0.0
2015-07-02-22 25 32.030	  31.02696262 121.43976471 1.5  0.0 0.0
2015-07-02-22 25 32.132	  31.02696262 121.43976471 1.5  0.0 0.0
2015-07-02-22 25 32.234	  31.02696262 121.43976471 1.5  0.0 0.0
2015-07-02-22 25 32.382	  31.02696262 121.43976471 1.5  0.0 0.0
2015-07-02-22 25 32.488	  31.02696262 121.43976471 1.5  0.0 0.0
2015-07-02-22 25 32.590	  31.02696262 121.43976471 1.5  0.0 0.0
2015-07-02-22 25 32.711	  31.02693627 121.43977643 1.5  0.0 0.0
2015-07-02-22 25 32.823	  31.02693627 121.43977643 1.5  0.0 0.0
2015-07-02-22 25 32.925	  31.02693627 121.43977643 1.5  0.0 0.0
2015-07-02-22 25 33.092	  31.02693627 121.43977643 1.5  0.0 0.0
2015-07-02-22 25 33.199	  31.02693627 121.43977643 1.5  0.0 0.0
2015-07-02-22 25 33.300	  31.02693627 121.43977643 1.5  0.0 0.0
2015-07-02-22 25 33.463	  31.02693627 121.43977643 1.5  0.0 0.0
2015-07-02-22 25 33.568	  31.02693627 121.43977643 1.5  0.0 0.0
2015-07-02-22 25 33.671	  31.02693627 121.43977643 1.5  0.0 0.0
2015-07-02-22 25 33.819	  31.02693627 121.43977643 1.5  0.0 0.0
2015-07-02-22 25 33.929	  31.02693627 121.43977643 1.5  0.0 0.0
2015-07-02-22 25 34.032	  31.02693627 121.43977643 1.5  0.0 0.0
2015-07-02-22 25 34.136	  31.02693627 121.43977643 1.5  0.0 0.0
2015-07-02-22 25 34.240	  31.02693627 121.43977643 1.5  0.0 0.0
2015-07-02-22 25 34.404	  31.02693627 121.43977643 1.5  0.0 0.0
2015-07-02-22 25 34.509	  31.02693627 121.43977643 1.5  0.0 0.0
2015-07-02-22 25 34.612	  31.02693627 121.43977643 1.5  0.0 0.0
2015-07-02-22 25 34.753	  31.02690906 121.43978718 1.5  0.0 0.0
2015-07-02-22 25 34.859	  31.02690906 121.43978718 1.5  0.0 0.0
2015-07-02-22 25 34.960	  31.02690906 121.43978718 1.5  0.0 0.0
2015-07-02-22 25 35.089	  31.02690906 121.43978718 1.5  0.0 0.0
2015-07-02-22 25 35.192	  31.02690906 121.43978718 1.5  0.0 0.0
2015-07-02-22 25 35.354	  31.02690906 121.43978718 1.5  0.0 0.0
2015-07-02-22 25 35.472	  31.02690906 121.43978718 1.5  0.0 0.0
2015-07-02-22 25 35.578	  31.02690906 121.43978718 1.5  0.0 0.0
2015-07-02-22 25 35.681	  31.02690906 121.43978718 1.5  0.0 0.0
2015-07-02-22 25 35.862	  31.02690906 121.43978718 1.5  0.0 0.0
2015-07-02-22 25 35.993	  31.02690906 121.43978718 1.5  0.0 0.0
2015-07-02-22 25 36.099	  31.02690906 121.43978718 1.5  0.0 0.0
2015-07-02-22 25 36.202	  31.02690906 121.43978718 1.5  0.0 0.0
2015-07-02-22 25 36.354	  31.02690906 121.43978718 1.5  0.0 0.0
2015-07-02-22 25 36.470	  31.02690906 121.43978718 1.5  0.0 0.0
2015-07-02-22 25 36.579	  31.02690906 121.43978718 1.5  0.0 0.0
2015-07-02-22 25 36.681	  31.02688285 121.43980017 1.5  0.0 0.0
2015-07-02-22 25 36.867	  31.02688285 121.43980017 1.5  0.0 0.0
2015-07-02-22 25 37.006	  31.02688285 121.43980017 1.5  0.0 0.0
2015-07-02-22 25 37.113	  31.02688285 121.43980017 1.5  0.0 0.0
2015-07-02-22 25 37.218	  31.02688285 121.43980017 1.5  0.0 0.0
2015-07-02-22 25 37.374	  31.02688285 121.43980017 1.5  0.0 0.0
2015-07-02-22 25 37.519	  31.02688285 121.43980017 1.5  0.0 0.0
2015-07-02-22 25 37.633	  31.02688285 121.43980017 1.5  0.0 0.0
2015-07-02-22 25 37.741	  31.02688285 121.43980017 1.5  0.0 0.0
2015-07-02-22 25 37.907	  31.02688285 121.43980017 1.5  0.0 0.0
2015-07-02-22 25 38.024	  31.02688285 121.43980017 1.5  0.0 0.0
2015-07-02-22 25 38.133	  31.02688285 121.43980017 1.5  0.0 0.0
2015-07-02-22 25 38.236	  31.02688285 121.43980017 1.5  0.0 0.0
2015-07-02-22 25 38.380	  31.02688285 121.43980017 1.5  0.0 0.0
2015-07-02-22 25 38.497	  31.02688285 121.43980017 1.5  0.0 0.0
2015-07-02-22 25 38.599	  31.02688285 121.43980017 1.5  0.0 0.0
2015-07-02-22 25 38.705	  31.02688285 121.43980017 1.5  0.0 0.0
2015-07-02-22 25 38.861	  31.02685606 121.43981261 1.5  0.0 0.0
2015-07-02-22 25 39.006	  31.02685606 121.43981261 1.5  0.0 0.0
2015-07-02-22 25 39.120	  31.02685606 121.43981261 1.5  0.0 0.0
2015-07-02-22 25 39.238	  31.02685606 121.43981261 1.5  0.0 0.0
2015-07-02-22 25 39.346	  31.02685606 121.43981261 1.5  0.0 0.0
2015-07-02-22 25 39.449	  31.02685606 121.43981261 1.5  0.0 0.0
2015-07-02-22 25 39.623	  31.02685606 121.43981261 1.5  0.0 0.0
2015-07-02-22 25 39.761	  31.02685606 121.43981261 1.5  0.0 0.0
2015-07-02-22 25 39.863	  31.02685606 121.43981261 1.5  0.0 0.0
2015-07-02-22 25 39.998	  31.02685606 121.43981261 1.5  0.0 0.0
2015-07-02-22 25 40.164	  31.02685606 121.43981261 1.5  0.0 0.0
2015-07-02-22 25 40.265	  31.02685606 121.43981261 1.5  0.0 0.0
2015-07-02-22 25 40.373	  31.02685606 121.43981261 1.5  0.0 0.0
2015-07-02-22 25 40.546	  31.02685606 121.43981261 1.5  0.0 0.0
2015-07-02-22 25 40.662	  31.02685606 121.43981261 1.5  0.0 0.0
2015-07-02-22 25 40.767	  31.026829329999998 121.43982728 1.5  0.0 0.0
2015-07-02-22 25 40.870	  31.026829329999998 121.43982728 1.5  0.0 0.0
2015-07-02-22 25 41.038	  31.026829329999998 121.43982728 1.5  0.0 0.0
2015-07-02-22 25 41.140	  31.026829329999998 121.43982728 1.5  0.0 0.0
2015-07-02-22 25 41.261	  31.026829329999998 121.43982728 1.5  0.0 0.0
2015-07-02-22 25 41.407	  31.026829329999998 121.43982728 1.5  0.0 0.0
2015-07-02-22 25 41.512	  31.026829329999998 121.43982728 1.5  0.0 0.0
2015-07-02-22 25 41.614	  31.026829329999998 121.43982728 1.5  0.0 0.0
2015-07-02-22 25 41.757	  31.026829329999998 121.43982728 1.5  0.0 0.0
2015-07-02-22 25 41.876	  31.026829329999998 121.43982728 1.5  0.0 0.0
2015-07-02-22 25 41.984	  31.026829329999998 121.43982728 1.5  0.0 0.0
2015-07-02-22 25 42.088	  31.026829329999998 121.43982728 1.5  0.0 0.0
2015-07-02-22 25 42.259	  31.026829329999998 121.43982728 1.5  0.0 0.0
2015-07-02-22 25 42.365	  31.026829329999998 121.43982728 1.5  0.0 0.0
2015-07-02-22 25 42.518	  31.026829329999998 121.43982728 1.5  0.0 0.0
2015-07-02-22 25 42.621	  31.026829329999998 121.43982728 1.5  0.0 0.0
2015-07-02-22 25 42.761	  31.02680251 121.43984045 1.5  0.0 0.0
2015-07-02-22 25 42.910	  31.02680251 121.43984045 1.5  0.0 0.0
2015-07-02-22 25 43.013	  31.02680251 121.43984045 1.5  0.0 0.0
2015-07-02-22 25 43.115	  31.02680251 121.43984045 1.5  0.0 0.0
2015-07-02-22 25 43.267	  31.02680251 121.43984045 1.5  0.0 0.0
2015-07-02-22 25 43.370	  31.02680251 121.43984045 1.5  0.0 0.0
2015-07-02-22 25 43.493	  31.02680251 121.43984045 1.5  0.0 0.0
2015-07-02-22 25 43.656	  31.02680251 121.43984045 1.5  0.0 0.0
2015-07-02-22 25 43.762	  31.02680251 121.43984045 1.5  0.0 0.0
2015-07-02-22 25 43.864	  31.02680251 121.43984045 1.5  0.0 0.0
2015-07-02-22 25 44.008	  31.02680251 121.43984045 1.5  0.0 0.0
2015-07-02-22 25 44.166	  31.02680251 121.43984045 1.5  0.0 0.0
2015-07-02-22 25 44.272	  31.02680251 121.43984045 1.5  0.0 0.0
2015-07-02-22 25 44.451	  31.02680251 121.43984045 1.5  0.0 0.0
2015-07-02-22 25 44.559	  31.02680251 121.43984045 1.5  0.0 0.0
2015-07-02-22 25 44.661	  31.02677582 121.43985311 1.5  0.0 0.0
2015-07-02-22 25 44.821	  31.02677582 121.43985311 1.5  0.0 0.0
2015-07-02-22 25 44.937	  31.02677582 121.43985311 1.5  0.0 0.0
2015-07-02-22 25 45.041	  31.02677582 121.43985311 1.5  0.0 0.0
2015-07-02-22 25 45.146	  31.02677582 121.43985311 1.5  0.0 0.0
2015-07-02-22 25 45.308	  31.02677582 121.43985311 1.5  0.0 0.0
2015-07-02-22 25 45.424	  31.02677582 121.43985311 1.5  0.0 0.0
2015-07-02-22 25 45.529	  31.02677582 121.43985311 1.5  0.0 0.0
2015-07-02-22 25 45.633	  31.02677582 121.43985311 1.5  0.0 0.0
2015-07-02-22 25 45.760	  31.02677582 121.43985311 1.5  0.0 0.0
2015-07-02-22 25 45.906	  31.02677582 121.43985311 1.5  0.0 0.0
2015-07-02-22 25 46.008	  31.02677582 121.43985311 1.5  0.0 0.0
2015-07-02-22 25 46.111	  31.02677582 121.43985311 1.5  0.0 0.0
2015-07-02-22 25 46.254	  31.02677582 121.43985311 1.5  0.0 0.0
2015-07-02-22 25 46.409	  31.02677582 121.43985311 1.5  0.0 0.0
2015-07-02-22 25 46.515	  31.02677582 121.43985311 1.5  0.0 0.0
2015-07-02-22 25 46.622	  31.02677582 121.43985311 1.5  0.0 0.0
2015-07-02-22 25 46.802	  31.02674913 121.43986576 1.5  0.0 0.0
2015-07-02-22 25 46.936	  31.02674913 121.43986576 1.5  0.0 0.0
2015-07-02-22 25 47.038	  31.02674913 121.43986576 1.5  0.0 0.0
2015-07-02-22 25 47.142	  31.02674913 121.43986576 1.5  0.0 0.0
2015-07-02-22 25 47.306	  31.02674913 121.43986576 1.5  0.0 0.0
2015-07-02-22 25 47.423	  31.02674913 121.43986576 1.5  0.0 0.0
2015-07-02-22 25 47.524	  31.02674913 121.43986576 1.5  0.0 0.0
2015-07-02-22 25 47.627	  31.02674913 121.43986576 1.5  0.0 0.0
2015-07-02-22 25 47.806	  31.02674913 121.43986576 1.5  0.0 0.0
2015-07-02-22 25 47.951	  31.02674913 121.43986576 1.5  0.0 0.0
2015-07-02-22 25 48.054	  31.02674913 121.43986576 1.5  0.0 0.0
2015-07-02-22 25 48.156	  31.02674913 121.43986576 1.5  0.0 0.0
2015-07-02-22 25 48.304	  31.02674913 121.43986576 1.5  0.0 0.0
2015-07-02-22 25 48.458	  31.02674913 121.43986576 1.5  0.0 0.0
2015-07-02-22 25 48.562	  31.02674913 121.43986576 1.5  0.0 0.0
2015-07-02-22 25 48.666	  31.02674913 121.43986576 1.5  0.0 0.0
2015-07-02-22 25 48.801	  31.02672302 121.43987736 1.5  0.0 0.0
2015-07-02-22 25 48.945	  31.02672302 121.43987736 1.5  0.0 0.0
2015-07-02-22 25 49.049	  31.02672302 121.43987736 1.5  0.0 0.0
2015-07-02-22 25 49.155	  31.02672302 121.43987736 1.5  0.0 0.0
2015-07-02-22 25 49.304	  31.02672302 121.43987736 1.5  0.0 0.0
2015-07-02-22 25 49.406	  31.02672302 121.43987736 1.5  0.0 0.0
2015-07-02-22 25 49.525	  31.02672302 121.43987736 1.5  0.0 0.0
2015-07-02-22 25 49.645	  31.02672302 121.43987736 1.5  0.0 0.0
2015-07-02-22 25 49.758	  31.02672302 121.43987736 1.5  0.0 0.0
2015-07-02-22 25 49.860	  31.02672302 121.43987736 1.5  0.0 0.0
2015-07-02-22 25 50.003	  31.02672302 121.43987736 1.5  0.0 0.0
2015-07-02-22 25 50.153	  31.02672302 121.43987736 1.5  0.0 0.0
2015-07-02-22 25 50.255	  31.02672302 121.43987736 1.5  0.0 0.0
2015-07-02-22 25 50.360	  31.02672302 121.43987736 1.5  0.0 0.0
2015-07-02-22 25 50.502	  31.02672302 121.43987736 1.5  0.0 0.0
2015-07-02-22 25 50.617	  31.02672302 121.43987736 1.5  0.0 0.0
2015-07-02-22 25 50.751	  31.026696 121.43988839 1.5  0.0 0.0
2015-07-02-22 25 50.859	  31.026696 121.43988839 1.5  0.0 0.0
2015-07-02-22 25 50.961	  31.026696 121.43988839 1.5  0.0 0.0
2015-07-02-22 25 51.063	  31.026696 121.43988839 1.5  0.0 0.0
2015-07-02-22 25 51.205	  31.026696 121.43988839 1.5  0.0 0.0
2015-07-02-22 25 51.391	  31.026696 121.43988839 1.5  0.0 0.0
2015-07-02-22 25 51.517	  31.026696 121.43988839 1.5  0.0 0.0
2015-07-02-22 25 51.661	  31.026696 121.43988839 1.5  0.0 0.0
2015-07-02-22 25 51.858	  31.026696 121.43988839 1.5  0.0 0.0
2015-07-02-22 25 51.975	  31.026696 121.43988839 1.5  0.0 0.0
2015-07-02-22 25 52.111	  31.026696 121.43988839 1.5  0.0 0.0
2015-07-02-22 25 52.273	  31.026696 121.43988839 1.5  0.0 0.0
2015-07-02-22 25 52.388	  31.026696 121.43988839 1.5  0.0 0.0
2015-07-02-22 25 52.507	  31.026696 121.43988839 1.5  0.0 0.0
2015-07-02-22 25 52.661	  31.026696 121.43988839 1.5  0.0 0.0
2015-07-02-22 25 52.796	  31.02666884 121.43989883 1.5  0.0 0.0
2015-07-02-22 25 52.924	  31.02666884 121.43989883 1.5  0.0 0.0
2015-07-02-22 25 53.074	  31.02666884 121.43989883 1.5  0.0 0.0
2015-07-02-22 25 53.238	  31.02666884 121.43989883 1.5  0.0 0.0
2015-07-02-22 25 53.377	  31.02666884 121.43989883 1.5  0.0 0.0
2015-07-02-22 25 53.520	  31.02666884 121.43989883 1.5  0.0 0.0
2015-07-02-22 25 53.671	  31.02666884 121.43989883 1.5  0.0 0.0
2015-07-02-22 25 53.801	  31.02666884 121.43989883 1.5  0.0 0.0
2015-07-02-22 25 53.930	  31.02666884 121.43989883 1.5  0.0 0.0
2015-07-02-22 25 54.081	  31.02666884 121.43989883 1.5  0.0 0.0
2015-07-02-22 25 54.259	  31.02666884 121.43989883 1.5  0.0 0.0
2015-07-02-22 25 54.402	  31.02666884 121.43989883 1.5  0.0 0.0
2015-07-02-22 25 54.543	  31.02666884 121.43989883 1.5  0.0 0.0
2015-07-02-22 25 54.645	  31.02666884 121.43989883 1.5  0.0 0.0
2015-07-02-22 25 54.749	  31.02664172 121.43990984 1.5  0.0 0.0
2015-07-02-22 25 54.867	  31.02664172 121.43990984 1.5  0.0 0.0
2015-07-02-22 25 54.975	  31.02664172 121.43990984 1.5  0.0 0.0
2015-07-02-22 25 55.076	  31.02664172 121.43990984 1.5  0.0 0.0
2015-07-02-22 25 55.179	  31.02664172 121.43990984 1.5  0.0 0.0
2015-07-02-22 25 55.281	  31.02664172 121.43990984 1.5  0.0 0.0
2015-07-02-22 25 55.453	  31.02664172 121.43990984 1.5  0.0 0.0
2015-07-02-22 25 55.575	  31.02664172 121.43990984 1.5  0.0 0.0
2015-07-02-22 25 55.692	  31.02664172 121.43990984 1.5  0.0 0.0
2015-07-02-22 25 55.868	  31.02664172 121.43990984 1.5  0.0 0.0
2015-07-02-22 25 55.997	  31.02664172 121.43990984 1.5  0.0 0.0
2015-07-02-22 25 56.152	  31.02664172 121.43990984 1.5  0.0 0.0
2015-07-02-22 25 56.308	  31.02664172 121.43990984 1.5  0.0 0.0
2015-07-02-22 25 56.466	  31.02664172 121.43990984 1.5  0.0 0.0
2015-07-02-22 25 56.621	  31.02664172 121.43990984 1.5  0.0 0.0
2015-07-02-22 25 56.775	  31.02661498 121.43992138 1.5  0.0 0.0
2015-07-02-22 25 56.932	  31.02661498 121.43992138 1.5  0.0 0.0
2015-07-02-22 25 57.086	  31.02661498 121.43992138 1.5  0.0 0.0
2015-07-02-22 25 57.243	  31.02661498 121.43992138 1.5  0.0 0.0
2015-07-02-22 25 57.394	  31.02661498 121.43992138 1.5  0.0 0.0
2015-07-02-22 25 57.541	  31.02661498 121.43992138 1.5  0.0 0.0
2015-07-02-22 25 57.698	  31.02661498 121.43992138 1.5  0.0 0.0
2015-07-02-22 25 57.866	  31.02661498 121.43992138 1.5  0.0 0.0
2015-07-02-22 25 58.019	  31.02661498 121.43992138 1.5  0.0 0.0
2015-07-02-22 25 58.210	  31.02661498 121.43992138 1.5  0.0 0.0
2015-07-02-22 25 58.351	  31.02661498 121.43992138 1.5  0.0 0.0
2015-07-02-22 25 58.502	  31.02661498 121.43992138 1.5  0.0 0.0
2015-07-02-22 25 58.623	  31.02661498 121.43992138 1.5  0.0 0.0
