2015-07-02-22 23 01.357	  0.0 0.0 0.0  0.0 0.0
2015-07-02-22 23 01.459	  0.0 0.0 0.0  0.0 0.0
2015-07-02-22 23 01.561	  0.0 0.0 0.0  0.0 0.0
2015-07-02-22 23 01.665	  0.0 0.0 0.0  0.0 0.0
2015-07-02-22 23 01.767	  31.02658602 121.43994288 1.5  0.0 0.0
2015-07-02-22 23 01.869	  31.02658602 121.43994288 1.5  0.0 0.0
2015-07-02-22 23 01.970	  31.02658602 121.43994288 1.5  0.0 0.0
2015-07-02-22 23 02.072	  31.02658602 121.43994288 1.5  0.0 0.0
2015-07-02-22 23 02.174	  31.02658602 121.43994288 1.5  0.0 0.0
2015-07-02-22 23 02.276	  31.02658602 121.43994288 1.5  0.0 0.0
2015-07-02-22 23 02.377	  31.02658602 121.43994288 1.5  0.0 0.0
2015-07-02-22 23 02.479	  31.02658602 121.43994288 1.5  0.0 0.0
2015-07-02-22 23 02.581	  31.02658602 121.43994288 1.5  0.0 0.0
2015-07-02-22 23 02.683	  31.02658602 121.43994288 1.5  0.0 0.0
2015-07-02-22 23 02.785	  31.02658602 121.43994288 1.5  0.0 0.0
2015-07-02-22 23 02.887	  31.02658602 121.43994288 1.5  0.0 0.0
2015-07-02-22 23 02.990	  31.02658602 121.43994288 1.5  0.0 0.0
2015-07-02-22 23 03.091	  31.02658602 121.43994288 1.5  0.0 0.0
2015-07-02-22 23 03.193	  31.02658602 121.43994288 1.5  0.0 0.0
2015-07-02-22 23 03.295	  31.02658602 121.43994288 1.5  0.0 0.0
2015-07-02-22 23 03.398	  31.02658602 121.43994288 1.5  0.0 0.0
2015-07-02-22 23 03.499	  31.02658602 121.43994288 1.5  0.0 0.0
2015-07-02-22 23 03.601	  31.02658602 121.43994288 1.5  0.0 0.0
2015-07-02-22 23 03.703	  31.02661872 121.43992906 1.5  0.0 0.0
2015-07-02-22 23 03.807	  31.02661872 121.43992906 1.5  0.0 0.0
2015-07-02-22 23 03.909	  31.02661872 121.43992906 1.5  0.0 0.0
2015-07-02-22 23 04.011	  31.02661872 121.43992906 1.5  0.0 0.0
2015-07-02-22 23 04.112	  31.02661872 121.43992906 1.5  0.0 0.0
2015-07-02-22 23 04.215	  31.02661872 121.43992906 1.5  0.0 0.0
2015-07-02-22 23 04.317	  31.02661872 121.43992906 1.5  0.0 0.0
2015-07-02-22 23 04.424	  31.02661872 121.43992906 1.5  0.0 0.0
2015-07-02-22 23 04.526	  31.02661872 121.43992906 1.5  0.0 0.0
2015-07-02-22 23 04.628	  31.02661872 121.43992906 1.5  0.0 0.0
2015-07-02-22 23 04.729	  31.02661872 121.43992906 1.5  0.0 0.0
2015-07-02-22 23 04.831	  31.02661872 121.43992906 1.5  0.0 0.0
2015-07-02-22 23 04.934	  31.02661872 121.43992906 1.5  0.0 0.0
2015-07-02-22 23 05.036	  31.02661872 121.43992906 1.5  0.0 0.0
2015-07-02-22 23 05.140	  31.02661872 121.43992906 1.5  0.0 0.0
2015-07-02-22 23 05.242	  31.02661872 121.43992906 1.5  0.0 0.0
2015-07-02-22 23 05.343	  31.02661872 121.43992906 1.5  0.0 0.0
2015-07-02-22 23 05.445	  31.02661872 121.43992906 1.5  0.0 0.0
2015-07-02-22 23 05.549	  31.02661872 121.43992906 1.5  0.0 0.0
2015-07-02-22 23 05.654	  31.02661872 121.43992906 1.5  0.0 0.0
2015-07-02-22 23 05.758	  31.02664918 121.43991385 1.5  0.0 0.0
2015-07-02-22 23 05.861	  31.02664918 121.43991385 1.5  0.0 0.0
2015-07-02-22 23 05.963	  31.02664918 121.43991385 1.5  0.0 0.0
2015-07-02-22 23 06.065	  31.02664918 121.43991385 1.5  0.0 0.0
2015-07-02-22 23 06.170	  31.02664918 121.43991385 1.5  0.0 0.0
2015-07-02-22 23 06.273	  31.02664918 121.43991385 1.5  0.0 0.0
2015-07-02-22 23 06.378	  31.02664918 121.43991385 1.5  0.0 0.0
2015-07-02-22 23 06.482	  31.02664918 121.43991385 1.5  0.0 0.0
2015-07-02-22 23 06.588	  31.02664918 121.43991385 1.5  0.0 0.0
2015-07-02-22 23 06.698	  31.02664918 121.43991385 1.5  0.0 0.0
2015-07-02-22 23 06.803	  31.02664918 121.43991385 1.5  0.0 0.0
2015-07-02-22 23 06.904	  31.02664918 121.43991385 1.5  0.0 0.0
2015-07-02-22 23 07.008	  31.02664918 121.43991385 1.5  0.0 0.0
2015-07-02-22 23 07.110	  31.02664918 121.43991385 1.5  0.0 0.0
2015-07-02-22 23 07.212	  31.02664918 121.43991385 1.5  0.0 0.0
2015-07-02-22 23 07.314	  31.02664918 121.43991385 1.5  0.0 0.0
2015-07-02-22 23 07.418	  31.02664918 121.43991385 1.5  0.0 0.0
2015-07-02-22 23 07.529	  31.02664918 121.43991385 1.5  0.0 0.0
2015-07-02-22 23 07.634	  31.02664918 121.43991385 1.5  0.0 0.0
2015-07-02-22 23 07.739	  31.02667992 121.43989683 1.5  0.0 0.0
2015-07-02-22 23 07.857	  31.02667992 121.43989683 1.5  0.0 0.0
2015-07-02-22 23 07.959	  31.02667992 121.43989683 1.5  0.0 0.0
2015-07-02-22 23 08.060	  31.02667992 121.43989683 1.5  0.0 0.0
2015-07-02-22 23 08.169	  31.02667992 121.43989683 1.5  0.0 0.0
2015-07-02-22 23 08.277	  31.02667992 121.43989683 1.5  0.0 0.0
2015-07-02-22 23 08.381	  31.02667992 121.43989683 1.5  0.0 0.0
2015-07-02-22 23 08.487	  31.02667992 121.43989683 1.5  0.0 0.0
2015-07-02-22 23 08.600	  31.02667992 121.43989683 1.5  0.0 0.0
2015-07-02-22 23 08.702	  31.02667992 121.43989683 1.5  0.0 0.0
2015-07-02-22 23 08.816	  31.02667992 121.43989683 1.5  0.0 0.0
2015-07-02-22 23 08.919	  31.02667992 121.43989683 1.5  0.0 0.0
2015-07-02-22 23 09.021	  31.02667992 121.43989683 1.5  0.0 0.0
2015-07-02-22 23 09.124	  31.02667992 121.43989683 1.5  0.0 0.0
2015-07-02-22 23 09.229	  31.02667992 121.43989683 1.5  0.0 0.0
2015-07-02-22 23 09.333	  31.02667992 121.43989683 1.5  0.0 0.0
2015-07-02-22 23 09.438	  31.02667992 121.43989683 1.5  0.0 0.0
2015-07-02-22 23 09.543	  31.02667992 121.43989683 1.5  0.0 0.0
2015-07-02-22 23 09.650	  31.02667992 121.43989683 1.5  0.0 0.0
2015-07-02-22 23 09.754	  31.02670929 121.43987529 1.5  0.0 0.0
2015-07-02-22 23 09.856	  31.02670929 121.43987529 1.5  0.0 0.0
2015-07-02-22 23 09.961	  31.02670929 121.43987529 1.5  0.0 0.0
2015-07-02-22 23 10.068	  31.02670929 121.43987529 1.5  0.0 0.0
2015-07-02-22 23 10.172	  31.02670929 121.43987529 1.5  0.0 0.0
2015-07-02-22 23 10.273	  31.02670929 121.43987529 1.5  0.0 0.0
2015-07-02-22 23 10.378	  31.02670929 121.43987529 1.5  0.0 0.0
2015-07-02-22 23 10.483	  31.02670929 121.43987529 1.5  0.0 0.0
2015-07-02-22 23 10.584	  31.02670929 121.43987529 1.5  0.0 0.0
2015-07-02-22 23 10.686	  31.02670929 121.43987529 1.5  0.0 0.0
2015-07-02-22 23 10.787	  31.02670929 121.43987529 1.5  0.0 0.0
2015-07-02-22 23 10.889	  31.02670929 121.43987529 1.5  0.0 0.0
2015-07-02-22 23 10.991	  31.02670929 121.43987529 1.5  0.0 0.0
2015-07-02-22 23 11.095	  31.02670929 121.43987529 1.5  0.0 0.0
2015-07-02-22 23 11.197	  31.02670929 121.43987529 1.5  0.0 0.0
2015-07-02-22 23 11.303	  31.02670929 121.43987529 1.5  0.0 0.0
2015-07-02-22 23 11.405	  31.02670929 121.43987529 1.5  0.0 0.0
2015-07-02-22 23 11.506	  31.02670929 121.43987529 1.5  0.0 0.0
2015-07-02-22 23 11.608	  31.02670929 121.43987529 1.5  0.0 0.0
2015-07-02-22 23 11.714	  31.02673936 121.43985694 1.5  0.0 0.0
2015-07-02-22 23 11.867	  31.02673936 121.43985694 1.5  0.0 0.0
2015-07-02-22 23 11.969	  31.02673936 121.43985694 1.5  0.0 0.0
2015-07-02-22 23 12.072	  31.02673936 121.43985694 1.5  0.0 0.0
2015-07-02-22 23 12.177	  31.02673936 121.43985694 1.5  0.0 0.0
2015-07-02-22 23 12.281	  31.02673936 121.43985694 1.5  0.0 0.0
2015-07-02-22 23 12.392	  31.02673936 121.43985694 1.5  0.0 0.0
2015-07-02-22 23 12.493	  31.02673936 121.43985694 1.5  0.0 0.0
2015-07-02-22 23 12.595	  31.02673936 121.43985694 1.5  0.0 0.0
2015-07-02-22 23 12.704	  31.02673936 121.43985694 1.5  0.0 0.0
2015-07-02-22 23 12.815	  31.02673936 121.43985694 1.5  0.0 0.0
2015-07-02-22 23 12.921	  31.02673936 121.43985694 1.5  0.0 0.0
2015-07-02-22 23 13.022	  31.02673936 121.43985694 1.5  0.0 0.0
2015-07-02-22 23 13.125	  31.02673936 121.43985694 1.5  0.0 0.0
2015-07-02-22 23 13.229	  31.02673936 121.43985694 1.5  0.0 0.0
2015-07-02-22 23 13.334	  31.02673936 121.43985694 1.5  0.0 0.0
2015-07-02-22 23 13.449	  31.02673936 121.43985694 1.5  0.0 0.0
2015-07-02-22 23 13.550	  31.02673936 121.43985694 1.5  0.0 0.0
2015-07-02-22 23 13.651	  31.02673936 121.43985694 1.5  0.0 0.0
2015-07-02-22 23 13.752	  31.02676789 121.43983864 1.5  0.0 0.0
2015-07-02-22 23 13.853	  31.02676789 121.43983864 1.5  0.0 0.0
2015-07-02-22 23 13.958	  31.02676789 121.43983864 1.5  0.0 0.0
2015-07-02-22 23 14.060	  31.02676789 121.43983864 1.5  0.0 0.0
2015-07-02-22 23 14.161	  31.02676789 121.43983864 1.5  0.0 0.0
2015-07-02-22 23 14.263	  31.02676789 121.43983864 1.5  0.0 0.0
2015-07-02-22 23 14.370	  31.02676789 121.43983864 1.5  0.0 0.0
2015-07-02-22 23 14.485	  31.02676789 121.43983864 1.5  0.0 0.0
2015-07-02-22 23 14.588	  31.02676789 121.43983864 1.5  0.0 0.0
2015-07-02-22 23 14.690	  31.02676789 121.43983864 1.5  0.0 0.0
2015-07-02-22 23 14.792	  31.02676789 121.43983864 1.5  0.0 0.0
2015-07-02-22 23 14.895	  31.02676789 121.43983864 1.5  0.0 0.0
2015-07-02-22 23 14.997	  31.02676789 121.43983864 1.5  0.0 0.0
2015-07-02-22 23 15.099	  31.02676789 121.43983864 1.5  0.0 0.0
2015-07-02-22 23 15.201	  31.02676789 121.43983864 1.5  0.0 0.0
2015-07-02-22 23 15.306	  31.02676789 121.43983864 1.5  0.0 0.0
2015-07-02-22 23 15.420	  31.02676789 121.43983864 1.5  0.0 0.0
2015-07-02-22 23 15.523	  31.02676789 121.43983864 1.5  0.0 0.0
2015-07-02-22 23 15.625	  31.02676789 121.43983864 1.5  0.0 0.0
2015-07-02-22 23 15.728	  31.02679716 121.43982239 1.75  0.0 0.0
2015-07-02-22 23 15.832	  31.02679716 121.43982239 1.75  0.0 0.0
2015-07-02-22 23 15.933	  31.02679716 121.43982239 1.75  0.0 0.0
2015-07-02-22 23 16.035	  31.02679716 121.43982239 1.75  0.0 0.0
2015-07-02-22 23 16.138	  31.02679716 121.43982239 1.75  0.0 0.0
2015-07-02-22 23 16.246	  31.02679716 121.43982239 1.75  0.0 0.0
2015-07-02-22 23 16.355	  31.02679716 121.43982239 1.75  0.0 0.0
2015-07-02-22 23 16.457	  31.02679716 121.43982239 1.75  0.0 0.0
2015-07-02-22 23 16.559	  31.02679716 121.43982239 1.75  0.0 0.0
2015-07-02-22 23 16.661	  31.02679716 121.43982239 1.75  0.0 0.0
2015-07-02-22 23 16.764	  31.02679716 121.43982239 1.75  0.0 0.0
2015-07-02-22 23 16.865	  31.02679716 121.43982239 1.75  0.0 0.0
2015-07-02-22 23 16.967	  31.02679716 121.43982239 1.75  0.0 0.0
2015-07-02-22 23 17.070	  31.02679716 121.43982239 1.75  0.0 0.0
2015-07-02-22 23 17.176	  31.02679716 121.43982239 1.75  0.0 0.0
2015-07-02-22 23 17.285	  31.02679716 121.43982239 1.75  0.0 0.0
2015-07-02-22 23 17.386	  31.02679716 121.43982239 1.75  0.0 0.0
2015-07-02-22 23 17.487	  31.02679716 121.43982239 1.75  0.0 0.0
2015-07-02-22 23 17.589	  31.02679716 121.43982239 1.75  0.0 0.0
2015-07-02-22 23 17.700	  31.02679716 121.43982239 1.75  0.0 0.0
2015-07-02-22 23 17.802	  31.02682467 121.43980232 1.5  0.0 0.0
2015-07-02-22 23 17.904	  31.02682467 121.43980232 1.5  0.0 0.0
2015-07-02-22 23 18.006	  31.02682467 121.43980232 1.5  0.0 0.0
2015-07-02-22 23 18.115	  31.02682467 121.43980232 1.5  0.0 0.0
2015-07-02-22 23 18.218	  31.02682467 121.43980232 1.5  0.0 0.0
2015-07-02-22 23 18.323	  31.02682467 121.43980232 1.5  0.0 0.0
2015-07-02-22 23 18.428	  31.02682467 121.43980232 1.5  0.0 0.0
2015-07-02-22 23 18.542	  31.02682467 121.43980232 1.5  0.0 0.0
2015-07-02-22 23 18.643	  31.02682467 121.43980232 1.5  0.0 0.0
2015-07-02-22 23 18.744	  31.02682467 121.43980232 1.5  0.0 0.0
2015-07-02-22 23 18.846	  31.02682467 121.43980232 1.5  0.0 0.0
2015-07-02-22 23 18.965	  31.02682467 121.43980232 1.5  0.0 0.0
2015-07-02-22 23 19.067	  31.02682467 121.43980232 1.5  0.0 0.0
2015-07-02-22 23 19.169	  31.02682467 121.43980232 1.5  0.0 0.0
2015-07-02-22 23 19.273	  31.02682467 121.43980232 1.5  0.0 0.0
2015-07-02-22 23 19.394	  31.02682467 121.43980232 1.5  0.0 0.0
2015-07-02-22 23 19.496	  31.02682467 121.43980232 1.5  0.0 0.0
2015-07-02-22 23 19.599	  31.02682467 121.43980232 1.5  0.0 0.0
2015-07-02-22 23 19.703	  31.02682467 121.43980232 1.5  0.0 0.0
2015-07-02-22 23 19.864	  31.0268527 121.4397841 1.75  0.0 0.0
2015-07-02-22 23 19.967	  31.0268527 121.4397841 1.75  0.0 0.0
2015-07-02-22 23 20.070	  31.0268527 121.4397841 1.75  0.0 0.0
2015-07-02-22 23 20.174	  31.0268527 121.4397841 1.75  0.0 0.0
2015-07-02-22 23 20.283	  31.0268527 121.4397841 1.75  0.0 0.0
2015-07-02-22 23 20.388	  31.0268527 121.4397841 1.75  0.0 0.0
2015-07-02-22 23 20.492	  31.0268527 121.4397841 1.75  0.0 0.0
2015-07-02-22 23 20.597	  31.0268527 121.4397841 1.75  0.0 0.0
2015-07-02-22 23 20.714	  31.0268527 121.4397841 1.75  0.0 0.0
2015-07-02-22 23 20.817	  31.0268527 121.4397841 1.75  0.0 0.0
2015-07-02-22 23 20.920	  31.0268527 121.4397841 1.75  0.0 0.0
2015-07-02-22 23 21.026	  31.0268527 121.4397841 1.75  0.0 0.0
2015-07-02-22 23 21.141	  31.0268527 121.4397841 1.75  0.0 0.0
2015-07-02-22 23 21.242	  31.0268527 121.4397841 1.75  0.0 0.0
2015-07-02-22 23 21.343	  31.0268527 121.4397841 1.75  0.0 0.0
2015-07-02-22 23 21.445	  31.0268527 121.4397841 1.75  0.0 0.0
2015-07-02-22 23 21.550	  31.0268527 121.4397841 1.75  0.0 0.0
2015-07-02-22 23 21.655	  31.0268527 121.4397841 1.75  0.0 0.0
2015-07-02-22 23 21.762	  31.02688203 121.43977018 1.75  0.0 0.0
2015-07-02-22 23 21.864	  31.02688203 121.43977018 1.75  0.0 0.0
2015-07-02-22 23 21.966	  31.02688203 121.43977018 1.75  0.0 0.0
2015-07-02-22 23 22.068	  31.02688203 121.43977018 1.75  0.0 0.0
2015-07-02-22 23 22.182	  31.02688203 121.43977018 1.75  0.0 0.0
2015-07-02-22 23 22.284	  31.02688203 121.43977018 1.75  0.0 0.0
2015-07-02-22 23 22.390	  31.02688203 121.43977018 1.75  0.0 0.0
2015-07-02-22 23 22.497	  31.02688203 121.43977018 1.75  0.0 0.0
2015-07-02-22 23 22.603	  31.02688203 121.43977018 1.75  0.0 0.0
2015-07-02-22 23 22.705	  31.02688203 121.43977018 1.75  0.0 0.0
2015-07-02-22 23 22.837	  31.02688203 121.43977018 1.75  0.0 0.0
2015-07-02-22 23 22.939	  31.02688203 121.43977018 1.75  0.0 0.0
2015-07-02-22 23 23.041	  31.02688203 121.43977018 1.75  0.0 0.0
2015-07-02-22 23 23.146	  31.02688203 121.43977018 1.75  0.0 0.0
2015-07-02-22 23 23.253	  31.02688203 121.43977018 1.75  0.0 0.0
2015-07-02-22 23 23.355	  31.02688203 121.43977018 1.75  0.0 0.0
2015-07-02-22 23 23.458	  31.02688203 121.43977018 1.75  0.0 0.0
2015-07-02-22 23 23.559	  31.02688203 121.43977018 1.75  0.0 0.0
2015-07-02-22 23 23.661	  31.02688203 121.43977018 1.75  0.0 0.0
2015-07-02-22 23 23.763	  31.02691162 121.43975935 1.75  0.0 0.0
2015-07-02-22 23 23.864	  31.02691162 121.43975935 1.75  0.0 0.0
2015-07-02-22 23 23.966	  31.02691162 121.43975935 1.75  0.0 0.0
2015-07-02-22 23 24.071	  31.02691162 121.43975935 1.75  0.0 0.0
2015-07-02-22 23 24.176	  31.02691162 121.43975935 1.75  0.0 0.0
2015-07-02-22 23 24.283	  31.02691162 121.43975935 1.75  0.0 0.0
2015-07-02-22 23 24.384	  31.02691162 121.43975935 1.75  0.0 0.0
2015-07-02-22 23 24.485	  31.02691162 121.43975935 1.75  0.0 0.0
2015-07-02-22 23 24.587	  31.02691162 121.43975935 1.75  0.0 0.0
2015-07-02-22 23 24.689	  31.02691162 121.43975935 1.75  0.0 0.0
2015-07-02-22 23 24.791	  31.02691162 121.43975935 1.75  0.0 0.0
2015-07-02-22 23 24.896	  31.02691162 121.43975935 1.75  0.0 0.0
2015-07-02-22 23 24.998	  31.02691162 121.43975935 1.75  0.0 0.0
2015-07-02-22 23 25.101	  31.02691162 121.43975935 1.75  0.0 0.0
2015-07-02-22 23 25.219	  31.02691162 121.43975935 1.75  0.0 0.0
2015-07-02-22 23 25.321	  31.02691162 121.43975935 1.75  0.0 0.0
2015-07-02-22 23 25.424	  31.02691162 121.43975935 1.75  0.0 0.0
2015-07-02-22 23 25.531	  31.02691162 121.43975935 1.75  0.0 0.0
2015-07-02-22 23 25.633	  31.02691162 121.43975935 1.75  0.0 0.0
2015-07-02-22 23 25.737	  31.02693942 121.43974553 1.75  0.0 0.0
2015-07-02-22 23 25.846	  31.02693942 121.43974553 1.75  0.0 0.0
2015-07-02-22 23 25.949	  31.02693942 121.43974553 1.75  0.0 0.0
2015-07-02-22 23 26.051	  31.02693942 121.43974553 1.75  0.0 0.0
2015-07-02-22 23 26.165	  31.02693942 121.43974553 1.75  0.0 0.0
2015-07-02-22 23 26.266	  31.02693942 121.43974553 1.75  0.0 0.0
2015-07-02-22 23 26.371	  31.02693942 121.43974553 1.75  0.0 0.0
2015-07-02-22 23 26.475	  31.02693942 121.43974553 1.75  0.0 0.0
2015-07-02-22 23 26.577	  31.02693942 121.43974553 1.75  0.0 0.0
2015-07-02-22 23 26.678	  31.02693942 121.43974553 1.75  0.0 0.0
2015-07-02-22 23 26.780	  31.02693942 121.43974553 1.75  0.0 0.0
2015-07-02-22 23 26.882	  31.02693942 121.43974553 1.75  0.0 0.0
2015-07-02-22 23 26.990	  31.02693942 121.43974553 1.75  0.0 0.0
2015-07-02-22 23 27.093	  31.02693942 121.43974553 1.75  0.0 0.0
2015-07-02-22 23 27.196	  31.02693942 121.43974553 1.75  0.0 0.0
2015-07-02-22 23 27.306	  31.02693942 121.43974553 1.75  0.0 0.0
2015-07-02-22 23 27.408	  31.02693942 121.43974553 1.75  0.0 0.0
2015-07-02-22 23 27.510	  31.02693942 121.43974553 1.75  0.0 0.0
2015-07-02-22 23 27.620	  31.02693942 121.43974553 1.75  0.0 0.0
2015-07-02-22 23 27.723	  31.02696737 121.43973322 1.75  0.0 0.0
2015-07-02-22 23 27.827	  31.02696737 121.43973322 1.75  0.0 0.0
2015-07-02-22 23 27.932	  31.02696737 121.43973322 1.75  0.0 0.0
2015-07-02-22 23 28.034	  31.02696737 121.43973322 1.75  0.0 0.0
2015-07-02-22 23 28.139	  31.02696737 121.43973322 1.75  0.0 0.0
2015-07-02-22 23 28.243	  31.02696737 121.43973322 1.75  0.0 0.0
2015-07-02-22 23 28.348	  31.02696737 121.43973322 1.75  0.0 0.0
2015-07-02-22 23 28.454	  31.02696737 121.43973322 1.75  0.0 0.0
2015-07-02-22 23 28.571	  31.02696737 121.43973322 1.75  0.0 0.0
2015-07-02-22 23 28.674	  31.02696737 121.43973322 1.75  0.0 0.0
2015-07-02-22 23 28.776	  31.02696737 121.43973322 1.75  0.0 0.0
2015-07-02-22 23 28.880	  31.02696737 121.43973322 1.75  0.0 0.0
2015-07-02-22 23 28.981	  31.02696737 121.43973322 1.75  0.0 0.0
2015-07-02-22 23 29.083	  31.02696737 121.43973322 1.75  0.0 0.0
2015-07-02-22 23 29.197	  31.02696737 121.43973322 1.75  0.0 0.0
2015-07-02-22 23 29.300	  31.02696737 121.43973322 1.75  0.0 0.0
2015-07-02-22 23 29.404	  31.02696737 121.43973322 1.75  0.0 0.0
2015-07-02-22 23 29.513	  31.02696737 121.43973322 1.75  0.0 0.0
2015-07-02-22 23 29.616	  31.02696737 121.43973322 1.75  0.0 0.0
2015-07-02-22 23 29.720	  31.02699595 121.43972 1.75  0.0 0.0
2015-07-02-22 23 29.830	  31.02699595 121.43972 1.75  0.0 0.0
2015-07-02-22 23 29.932	  31.02699595 121.43972 1.75  0.0 0.0
2015-07-02-22 23 30.035	  31.02699595 121.43972 1.75  0.0 0.0
2015-07-02-22 23 30.145	  31.02699595 121.43972 1.75  0.0 0.0
2015-07-02-22 23 30.246	  31.02699595 121.43972 1.75  0.0 0.0
2015-07-02-22 23 30.350	  31.02699595 121.43972 1.75  0.0 0.0
2015-07-02-22 23 30.455	  31.02699595 121.43972 1.75  0.0 0.0
2015-07-02-22 23 30.557	  31.02699595 121.43972 1.75  0.0 0.0
2015-07-02-22 23 30.660	  31.02699595 121.43972 1.75  0.0 0.0
2015-07-02-22 23 30.773	  31.02699595 121.43972 1.75  0.0 0.0
2015-07-02-22 23 30.875	  31.02699595 121.43972 1.75  0.0 0.0
2015-07-02-22 23 30.978	  31.02699595 121.43972 1.75  0.0 0.0
2015-07-02-22 23 31.088	  31.02699595 121.43972 1.75  0.0 0.0
2015-07-02-22 23 31.192	  31.02699595 121.43972 1.75  0.0 0.0
2015-07-02-22 23 31.297	  31.02699595 121.43972 1.75  0.0 0.0
2015-07-02-22 23 31.409	  31.02699595 121.43972 1.75  0.0 0.0
2015-07-02-22 23 31.512	  31.02699595 121.43972 1.75  0.0 0.0
2015-07-02-22 23 31.613	  31.02699595 121.43972 1.75  0.0 0.0
2015-07-02-22 23 31.728	  31.02702437 121.43970995 1.75  0.0 0.0
2015-07-02-22 23 31.829	  31.02702437 121.43970995 1.75  0.0 0.0
2015-07-02-22 23 31.931	  31.02702437 121.43970995 1.75  0.0 0.0
2015-07-02-22 23 32.034	  31.02702437 121.43970995 1.75  0.0 0.0
2015-07-02-22 23 32.174	  31.02702437 121.43970995 1.75  0.0 0.0
2015-07-02-22 23 32.282	  31.02702437 121.43970995 1.75  0.0 0.0
2015-07-02-22 23 32.388	  31.02702437 121.43970995 1.75  0.0 0.0
2015-07-02-22 23 32.509	  31.02702437 121.43970995 1.75  0.0 0.0
2015-07-02-22 23 32.610	  31.02702437 121.43970995 1.75  0.0 0.0
2015-07-02-22 23 32.716	  31.02702437 121.43970995 1.75  0.0 0.0
2015-07-02-22 23 32.822	  31.02702437 121.43970995 1.75  0.0 0.0
2015-07-02-22 23 32.925	  31.02702437 121.43970995 1.75  0.0 0.0
2015-07-02-22 23 33.038	  31.02702437 121.43970995 1.75  0.0 0.0
2015-07-02-22 23 33.139	  31.02702437 121.43970995 1.75  0.0 0.0
2015-07-02-22 23 33.241	  31.02702437 121.43970995 1.75  0.0 0.0
2015-07-02-22 23 33.346	  31.02702437 121.43970995 1.75  0.0 0.0
2015-07-02-22 23 33.448	  31.02702437 121.43970995 1.75  0.0 0.0
2015-07-02-22 23 33.550	  31.02702437 121.43970995 1.75  0.0 0.0
2015-07-02-22 23 33.715	  31.02702437 121.43970995 1.75  0.0 0.0
2015-07-02-22 23 33.824	  31.02705238 121.43969901 1.75  0.0 0.0
2015-07-02-22 23 33.929	  31.02705238 121.43969901 1.75  0.0 0.0
2015-07-02-22 23 34.031	  31.02705238 121.43969901 1.75  0.0 0.0
2015-07-02-22 23 34.134	  31.02705238 121.43969901 1.75  0.0 0.0
2015-07-02-22 23 34.307	  31.02705238 121.43969901 1.75  0.0 0.0
2015-07-02-22 23 34.409	  31.02705238 121.43969901 1.75  0.0 0.0
2015-07-02-22 23 34.513	  31.02705238 121.43969901 1.75  0.0 0.0
2015-07-02-22 23 34.616	  31.02705238 121.43969901 1.75  0.0 0.0
2015-07-02-22 23 34.719	  31.02705238 121.43969901 1.75  0.0 0.0
2015-07-02-22 23 34.869	  31.02705238 121.43969901 1.75  0.0 0.0
2015-07-02-22 23 34.973	  31.02705238 121.43969901 1.75  0.0 0.0
2015-07-02-22 23 35.077	  31.02705238 121.43969901 1.75  0.0 0.0
2015-07-02-22 23 35.186	  31.02705238 121.43969901 1.75  0.0 0.0
2015-07-02-22 23 35.293	  31.02705238 121.43969901 1.75  0.0 0.0
2015-07-02-22 23 35.456	  31.02705238 121.43969901 1.75  0.0 0.0
2015-07-02-22 23 35.559	  31.02705238 121.43969901 1.75  0.0 0.0
2015-07-02-22 23 35.671	  31.02705238 121.43969901 1.75  0.0 0.0
2015-07-02-22 23 35.776	  31.02708077 121.43968497 1.75  0.0 0.0
2015-07-02-22 23 35.878	  31.02708077 121.43968497 1.75  0.0 0.0
2015-07-02-22 23 35.985	  31.02708077 121.43968497 1.75  0.0 0.0
2015-07-02-22 23 36.086	  31.02708077 121.43968497 1.75  0.0 0.0
2015-07-02-22 23 36.193	  31.02708077 121.43968497 1.75  0.0 0.0
2015-07-02-22 23 36.295	  31.02708077 121.43968497 1.75  0.0 0.0
2015-07-02-22 23 36.402	  31.02708077 121.43968497 1.75  0.0 0.0
2015-07-02-22 23 36.542	  31.02708077 121.43968497 1.75  0.0 0.0
2015-07-02-22 23 36.647	  31.02708077 121.43968497 1.75  0.0 0.0
2015-07-02-22 23 36.760	  31.02708077 121.43968497 1.75  0.0 0.0
2015-07-02-22 23 36.861	  31.02708077 121.43968497 1.75  0.0 0.0
2015-07-02-22 23 36.963	  31.02708077 121.43968497 1.75  0.0 0.0
2015-07-02-22 23 37.076	  31.02708077 121.43968497 1.75  0.0 0.0
2015-07-02-22 23 37.238	  31.02708077 121.43968497 1.75  0.0 0.0
2015-07-02-22 23 37.344	  31.02708077 121.43968497 1.75  0.0 0.0
2015-07-02-22 23 37.456	  31.02708077 121.43968497 1.75  0.0 0.0
2015-07-02-22 23 37.561	  31.02708077 121.43968497 1.75  0.0 0.0
2015-07-02-22 23 37.666	  31.02708077 121.43968497 1.75  0.0 0.0
2015-07-02-22 23 37.769	  31.02710812 121.43967249 1.75  0.0 0.0
2015-07-02-22 23 37.871	  31.02710812 121.43967249 1.75  0.0 0.0
2015-07-02-22 23 38.017	  31.02710812 121.43967249 1.75  0.0 0.0
2015-07-02-22 23 38.121	  31.02710812 121.43967249 1.75  0.0 0.0
2015-07-02-22 23 38.308	  31.02710812 121.43967249 1.75  0.0 0.0
2015-07-02-22 23 38.409	  31.02710812 121.43967249 1.75  0.0 0.0
2015-07-02-22 23 38.515	  31.02710812 121.43967249 1.75  0.0 0.0
2015-07-02-22 23 38.619	  31.02710812 121.43967249 1.75  0.0 0.0
2015-07-02-22 23 38.722	  31.02710812 121.43967249 1.75  0.0 0.0
2015-07-02-22 23 38.826	  31.02710812 121.43967249 1.75  0.0 0.0
2015-07-02-22 23 38.929	  31.02710812 121.43967249 1.75  0.0 0.0
2015-07-02-22 23 39.032	  31.02710812 121.43967249 1.75  0.0 0.0
2015-07-02-22 23 39.135	  31.02710812 121.43967249 1.75  0.0 0.0
2015-07-02-22 23 39.238	  31.02710812 121.43967249 1.75  0.0 0.0
2015-07-02-22 23 39.341	  31.02710812 121.43967249 1.75  0.0 0.0
2015-07-02-22 23 39.443	  31.02710812 121.43967249 1.75  0.0 0.0
2015-07-02-22 23 39.548	  31.02710812 121.43967249 1.75  0.0 0.0
2015-07-02-22 23 39.660	  31.02710812 121.43967249 1.75  0.0 0.0
2015-07-02-22 23 39.763	  31.02713586 121.43966037 1.75  0.0 0.0
2015-07-02-22 23 39.880	  31.02713586 121.43966037 1.75  0.0 0.0
2015-07-02-22 23 39.985	  31.02713586 121.43966037 1.75  0.0 0.0
2015-07-02-22 23 40.159	  31.02713586 121.43966037 1.75  0.0 0.0
2015-07-02-22 23 40.260	  31.02713586 121.43966037 1.75  0.0 0.0
2015-07-02-22 23 40.376	  31.02713586 121.43966037 1.75  0.0 0.0
2015-07-02-22 23 40.477	  31.02713586 121.43966037 1.75  0.0 0.0
2015-07-02-22 23 40.656	  31.02713586 121.43966037 1.75  0.0 0.0
2015-07-02-22 23 40.759	  31.02713586 121.43966037 1.75  0.0 0.0
2015-07-02-22 23 40.865	  31.02713586 121.43966037 1.75  0.0 0.0
2015-07-02-22 23 40.968	  31.02713586 121.43966037 1.75  0.0 0.0
2015-07-02-22 23 41.073	  31.02713586 121.43966037 1.75  0.0 0.0
2015-07-02-22 23 41.177	  31.02713586 121.43966037 1.75  0.0 0.0
2015-07-02-22 23 41.285	  31.02713586 121.43966037 1.75  0.0 0.0
2015-07-02-22 23 41.394	  31.02713586 121.43966037 1.75  0.0 0.0
2015-07-02-22 23 41.498	  31.02713586 121.43966037 1.75  0.0 0.0
2015-07-02-22 23 41.601	  31.02713586 121.43966037 1.75  0.0 0.0
2015-07-02-22 23 41.714	  31.0271626 121.43964654 1.75  0.0 0.0
2015-07-02-22 23 41.816	  31.0271626 121.43964654 1.75  0.0 0.0
2015-07-02-22 23 41.923	  31.0271626 121.43964654 1.75  0.0 0.0
2015-07-02-22 23 42.026	  31.0271626 121.43964654 1.75  0.0 0.0
2015-07-02-22 23 42.145	  31.0271626 121.43964654 1.75  0.0 0.0
2015-07-02-22 23 42.261	  31.0271626 121.43964654 1.75  0.0 0.0
2015-07-02-22 23 42.371	  31.0271626 121.43964654 1.75  0.0 0.0
2015-07-02-22 23 42.544	  31.0271626 121.43964654 1.75  0.0 0.0
2015-07-02-22 23 42.645	  31.0271626 121.43964654 1.75  0.0 0.0
2015-07-02-22 23 42.755	  31.0271626 121.43964654 1.75  0.0 0.0
2015-07-02-22 23 42.858	  31.0271626 121.43964654 1.75  0.0 0.0
2015-07-02-22 23 42.964	  31.0271626 121.43964654 1.75  0.0 0.0
2015-07-02-22 23 43.068	  31.0271626 121.43964654 1.75  0.0 0.0
2015-07-02-22 23 43.245	  31.0271626 121.43964654 1.75  0.0 0.0
2015-07-02-22 23 43.350	  31.0271626 121.43964654 1.75  0.0 0.0
2015-07-02-22 23 43.498	  31.0271626 121.43964654 1.75  0.0 0.0
2015-07-02-22 23 43.599	  31.0271626 121.43964654 1.75  0.0 0.0
2015-07-02-22 23 43.755	  31.02718892 121.43963252 1.75  0.0 0.0
2015-07-02-22 23 43.857	  31.02718892 121.43963252 1.75  0.0 0.0
2015-07-02-22 23 43.978	  31.02718892 121.43963252 1.75  0.0 0.0
2015-07-02-22 23 44.087	  31.02718892 121.43963252 1.75  0.0 0.0
2015-07-02-22 23 44.192	  31.02718892 121.43963252 1.75  0.0 0.0
2015-07-02-22 23 44.349	  31.02718892 121.43963252 1.75  0.0 0.0
2015-07-02-22 23 44.451	  31.02718892 121.43963252 1.75  0.0 0.0
2015-07-02-22 23 44.604	  31.02718892 121.43963252 1.75  0.0 0.0
2015-07-02-22 23 44.707	  31.02718892 121.43963252 1.75  0.0 0.0
2015-07-02-22 23 44.855	  31.02718892 121.43963252 1.75  0.0 0.0
2015-07-02-22 23 44.958	  31.02718892 121.43963252 1.75  0.0 0.0
2015-07-02-22 23 45.094	  31.02718892 121.43963252 1.75  0.0 0.0
2015-07-02-22 23 45.203	  31.02718892 121.43963252 1.75  0.0 0.0
2015-07-02-22 23 45.306	  31.02718892 121.43963252 1.75  0.0 0.0
2015-07-02-22 23 45.412	  31.02718892 121.43963252 1.75  0.0 0.0
2015-07-02-22 23 45.515	  31.02718892 121.43963252 1.75  0.0 0.0
2015-07-02-22 23 45.633	  31.02718892 121.43963252 1.75  0.0 0.0
2015-07-02-22 23 45.735	  31.02721613 121.43962071 1.75  0.0 0.0
2015-07-02-22 23 45.859	  31.02721613 121.43962071 1.75  0.0 0.0
2015-07-02-22 23 45.963	  31.02721613 121.43962071 1.75  0.0 0.0
2015-07-02-22 23 46.066	  31.02721613 121.43962071 1.75  0.0 0.0
2015-07-02-22 23 46.169	  31.02721613 121.43962071 1.75  0.0 0.0
2015-07-02-22 23 46.272	  31.02721613 121.43962071 1.75  0.0 0.0
2015-07-02-22 23 46.380	  31.02721613 121.43962071 1.75  0.0 0.0
2015-07-02-22 23 46.492	  31.02721613 121.43962071 1.75  0.0 0.0
2015-07-02-22 23 46.594	  31.02721613 121.43962071 1.75  0.0 0.0
2015-07-02-22 23 46.700	  31.02721613 121.43962071 1.75  0.0 0.0
2015-07-02-22 23 46.803	  31.02721613 121.43962071 1.75  0.0 0.0
2015-07-02-22 23 46.912	  31.02721613 121.43962071 1.75  0.0 0.0
2015-07-02-22 23 47.015	  31.02721613 121.43962071 1.75  0.0 0.0
2015-07-02-22 23 47.121	  31.02721613 121.43962071 1.75  0.0 0.0
2015-07-02-22 23 47.224	  31.02721613 121.43962071 1.75  0.0 0.0
2015-07-02-22 23 47.327	  31.02721613 121.43962071 1.75  0.0 0.0
2015-07-02-22 23 47.433	  31.02721613 121.43962071 1.75  0.0 0.0
2015-07-02-22 23 47.535	  31.02721613 121.43962071 1.75  0.0 0.0
2015-07-02-22 23 47.645	  31.02721613 121.43962071 1.75  0.0 0.0
2015-07-02-22 23 47.746	  31.02724317 121.43960952 1.75  0.0 0.0
2015-07-02-22 23 47.850	  31.02724317 121.43960952 1.75  0.0 0.0
2015-07-02-22 23 47.952	  31.02724317 121.43960952 1.75  0.0 0.0
2015-07-02-22 23 48.058	  31.02724317 121.43960952 1.75  0.0 0.0
2015-07-02-22 23 48.163	  31.02724317 121.43960952 1.75  0.0 0.0
2015-07-02-22 23 48.279	  31.02724317 121.43960952 1.75  0.0 0.0
2015-07-02-22 23 48.384	  31.02724317 121.43960952 1.75  0.0 0.0
2015-07-02-22 23 48.494	  31.02724317 121.43960952 1.75  0.0 0.0
2015-07-02-22 23 48.595	  31.02724317 121.43960952 1.75  0.0 0.0
2015-07-02-22 23 48.708	  31.02724317 121.43960952 1.75  0.0 0.0
2015-07-02-22 23 48.811	  31.02724317 121.43960952 1.75  0.0 0.0
2015-07-02-22 23 48.920	  31.02724317 121.43960952 1.75  0.0 0.0
2015-07-02-22 23 49.030	  31.02724317 121.43960952 1.75  0.0 0.0
2015-07-02-22 23 49.141	  31.02724317 121.43960952 1.75  0.0 0.0
2015-07-02-22 23 49.242	  31.02724317 121.43960952 1.75  0.0 0.0
2015-07-02-22 23 49.348	  31.02724317 121.43960952 1.75  0.0 0.0
2015-07-02-22 23 49.453	  31.02724317 121.43960952 1.75  0.0 0.0
2015-07-02-22 23 49.564	  31.02724317 121.43960952 1.75  0.0 0.0
2015-07-02-22 23 49.666	  31.02724317 121.43960952 1.75  0.0 0.0
2015-07-02-22 23 49.770	  31.02727096 121.43960057 1.75  0.0 0.0
2015-07-02-22 23 49.873	  31.02727096 121.43960057 1.75  0.0 0.0
2015-07-02-22 23 49.981	  31.02727096 121.43960057 1.75  0.0 0.0
2015-07-02-22 23 50.085	  31.02727096 121.43960057 1.75  0.0 0.0
2015-07-02-22 23 50.197	  31.02727096 121.43960057 1.75  0.0 0.0
2015-07-02-22 23 50.299	  31.02727096 121.43960057 1.75  0.0 0.0
2015-07-02-22 23 50.411	  31.02727096 121.43960057 1.75  0.0 0.0
2015-07-02-22 23 50.515	  31.02727096 121.43960057 1.75  0.0 0.0
2015-07-02-22 23 50.622	  31.02727096 121.43960057 1.75  0.0 0.0
2015-07-02-22 23 50.726	  31.02727096 121.43960057 1.75  0.0 0.0
2015-07-02-22 23 50.843	  31.02727096 121.43960057 1.75  0.0 0.0
2015-07-02-22 23 50.945	  31.02727096 121.43960057 1.75  0.0 0.0
2015-07-02-22 23 51.048	  31.02727096 121.43960057 1.75  0.0 0.0
2015-07-02-22 23 51.150	  31.02727096 121.43960057 1.75  0.0 0.0
2015-07-02-22 23 51.255	  31.02727096 121.43960057 1.75  0.0 0.0
2015-07-02-22 23 51.358	  31.02727096 121.43960057 1.75  0.0 0.0
2015-07-02-22 23 51.463	  31.02727096 121.43960057 1.75  0.0 0.0
2015-07-02-22 23 51.564	  31.02727096 121.43960057 1.75  0.0 0.0
2015-07-02-22 23 51.668	  31.02727096 121.43960057 1.75  0.0 0.0
2015-07-02-22 23 51.778	  31.02729909 121.43958655 1.75  0.0 0.0
2015-07-02-22 23 51.884	  31.02729909 121.43958655 1.75  0.0 0.0
2015-07-02-22 23 51.987	  31.02729909 121.43958655 1.75  0.0 0.0
2015-07-02-22 23 52.092	  31.02729909 121.43958655 1.75  0.0 0.0
2015-07-02-22 23 52.195	  31.02729909 121.43958655 1.75  0.0 0.0
2015-07-02-22 23 52.343	  31.02729909 121.43958655 1.75  0.0 0.0
2015-07-02-22 23 52.447	  31.02729909 121.43958655 1.75  0.0 0.0
2015-07-02-22 23 52.550	  31.02729909 121.43958655 1.75  0.0 0.0
2015-07-02-22 23 52.659	  31.02729909 121.43958655 1.75  0.0 0.0
2015-07-02-22 23 52.761	  31.02729909 121.43958655 1.75  0.0 0.0
2015-07-02-22 23 52.872	  31.02729909 121.43958655 1.75  0.0 0.0
2015-07-02-22 23 52.975	  31.02729909 121.43958655 1.75  0.0 0.0
2015-07-02-22 23 53.080	  31.02729909 121.43958655 1.75  0.0 0.0
2015-07-02-22 23 53.185	  31.02729909 121.43958655 1.75  0.0 0.0
2015-07-02-22 23 53.293	  31.02729909 121.43958655 1.75  0.0 0.0
2015-07-02-22 23 53.396	  31.02729909 121.43958655 1.75  0.0 0.0
2015-07-02-22 23 53.514	  31.02729909 121.43958655 1.75  0.0 0.0
2015-07-02-22 23 53.615	  31.02729909 121.43958655 1.75  0.0 0.0
2015-07-02-22 23 53.719	  31.02732695 121.43957322 1.75  0.0 0.0
2015-07-02-22 23 53.823	  31.02732695 121.43957322 1.75  0.0 0.0
2015-07-02-22 23 53.931	  31.02732695 121.43957322 1.75  0.0 0.0
2015-07-02-22 23 54.036	  31.02732695 121.43957322 1.75  0.0 0.0
2015-07-02-22 23 54.146	  31.02732695 121.43957322 1.75  0.0 0.0
2015-07-02-22 23 54.248	  31.02732695 121.43957322 1.75  0.0 0.0
2015-07-02-22 23 54.356	  31.02732695 121.43957322 1.75  0.0 0.0
2015-07-02-22 23 54.457	  31.02732695 121.43957322 1.75  0.0 0.0
2015-07-02-22 23 54.566	  31.02732695 121.43957322 1.75  0.0 0.0
2015-07-02-22 23 54.669	  31.02732695 121.43957322 1.75  0.0 0.0
2015-07-02-22 23 54.778	  31.02732695 121.43957322 1.75  0.0 0.0
2015-07-02-22 23 54.880	  31.02732695 121.43957322 1.75  0.0 0.0
2015-07-02-22 23 54.996	  31.02732695 121.43957322 1.75  0.0 0.0
2015-07-02-22 23 55.098	  31.02732695 121.43957322 1.75  0.0 0.0
2015-07-02-22 23 55.258	  31.02732695 121.43957322 1.75  0.0 0.0
2015-07-02-22 23 55.361	  31.02732695 121.43957322 1.75  0.0 0.0
2015-07-02-22 23 55.464	  31.02732695 121.43957322 1.75  0.0 0.0
2015-07-02-22 23 55.633	  31.02732695 121.43957322 1.75  0.0 0.0
2015-07-02-22 23 55.739	  31.02735371 121.43955946 1.75  0.0 0.0
2015-07-02-22 23 55.871	  31.02735371 121.43955946 1.75  0.0 0.0
2015-07-02-22 23 55.976	  31.02735371 121.43955946 1.75  0.0 0.0
2015-07-02-22 23 56.079	  31.02735371 121.43955946 1.75  0.0 0.0
2015-07-02-22 23 56.234	  31.02735371 121.43955946 1.75  0.0 0.0
2015-07-02-22 23 56.339	  31.02735371 121.43955946 1.75  0.0 0.0
2015-07-02-22 23 56.510	  31.02735371 121.43955946 1.75  0.0 0.0
2015-07-02-22 23 56.613	  31.02735371 121.43955946 1.75  0.0 0.0
2015-07-02-22 23 56.715	  31.02735371 121.43955946 1.75  0.0 0.0
2015-07-02-22 23 56.853	  31.02735371 121.43955946 1.75  0.0 0.0
2015-07-02-22 23 56.956	  31.02735371 121.43955946 1.75  0.0 0.0
2015-07-02-22 23 57.099	  31.02735371 121.43955946 1.75  0.0 0.0
2015-07-02-22 23 57.201	  31.02735371 121.43955946 1.75  0.0 0.0
2015-07-02-22 23 57.303	  31.02735371 121.43955946 1.75  0.0 0.0
2015-07-02-22 23 57.405	  31.02735371 121.43955946 1.75  0.0 0.0
2015-07-02-22 23 57.554	  31.02735371 121.43955946 1.75  0.0 0.0
2015-07-02-22 23 57.657	  31.02738112 121.43954537 1.75  0.0 0.0
2015-07-02-22 23 57.830	  31.02738112 121.43954537 1.75  0.0 0.0
2015-07-02-22 23 57.935	  31.02738112 121.43954537 1.75  0.0 0.0
2015-07-02-22 23 58.038	  31.02738112 121.43954537 1.75  0.0 0.0
2015-07-02-22 23 58.194	  31.02738112 121.43954537 1.75  0.0 0.0
2015-07-02-22 23 58.295	  31.02738112 121.43954537 1.75  0.0 0.0
2015-07-02-22 23 58.441	  31.02738112 121.43954537 1.75  0.0 0.0
2015-07-02-22 23 58.542	  31.02738112 121.43954537 1.75  0.0 0.0
2015-07-02-22 23 58.645	  31.02738112 121.43954537 1.75  0.0 0.0
2015-07-02-22 23 58.789	  31.02738112 121.43954537 1.75  0.0 0.0
2015-07-02-22 23 58.892	  31.02738112 121.43954537 1.75  0.0 0.0
2015-07-02-22 23 59.063	  31.02738112 121.43954537 1.75  0.0 0.0
2015-07-02-22 23 59.165	  31.02738112 121.43954537 1.75  0.0 0.0
2015-07-02-22 23 59.313	  31.02738112 121.43954537 1.75  0.0 0.0
2015-07-02-22 23 59.421	  31.02738112 121.43954537 1.75  0.0 0.0
2015-07-02-22 23 59.591	  31.02738112 121.43954537 1.75  0.0 0.0
2015-07-02-22 23 59.695	  31.02738112 121.43954537 1.75  0.0 0.0
2015-07-02-22 23 59.797	  31.02740946 121.43953357 1.75  0.0 0.0
2015-07-02-22 23 59.958	  31.02740946 121.43953357 1.75  0.0 0.0
2015-07-02-22 24 00.063	  31.02740946 121.43953357 1.75  0.0 0.0
2015-07-02-22 24 00.168	  31.02740946 121.43953357 1.75  0.0 0.0
2015-07-02-22 24 00.314	  31.02740946 121.43953357 1.75  0.0 0.0
2015-07-02-22 24 00.420	  31.02740946 121.43953357 1.75  0.0 0.0
2015-07-02-22 24 00.553	  31.02740946 121.43953357 1.75  0.0 0.0
2015-07-02-22 24 00.700	  31.02740946 121.43953357 1.75  0.0 0.0
2015-07-02-22 24 00.804	  31.02740946 121.43953357 1.75  0.0 0.0
2015-07-02-22 24 00.953	  31.02740946 121.43953357 1.75  0.0 0.0
2015-07-02-22 24 01.070	  31.02740946 121.43953357 1.75  0.0 0.0
2015-07-02-22 24 01.174	  31.02740946 121.43953357 1.75  0.0 0.0
2015-07-02-22 24 01.305	  31.02740946 121.43953357 1.75  0.0 0.0
2015-07-02-22 24 01.417	  31.02740946 121.43953357 1.75  0.0 0.0
2015-07-02-22 24 01.520	  31.02740946 121.43953357 1.75  0.0 0.0
2015-07-02-22 24 01.666	  31.02740946 121.43953357 1.75  0.0 0.0
2015-07-02-22 24 01.778	  31.02743874 121.43952236 1.75  0.0 0.0
2015-07-02-22 24 01.880	  31.02743874 121.43952236 1.75  0.0 0.0
2015-07-02-22 24 02.019	  31.02743874 121.43952236 1.75  0.0 0.0
2015-07-02-22 24 02.132	  31.02743874 121.43952236 1.75  0.0 0.0
2015-07-02-22 24 02.234	  31.02743874 121.43952236 1.75  0.0 0.0
2015-07-02-22 24 02.351	  31.02743874 121.43952236 1.75  0.0 0.0
2015-07-02-22 24 02.460	  31.02743874 121.43952236 1.75  0.0 0.0
2015-07-02-22 24 02.597	  31.02743874 121.43952236 1.75  0.0 0.0
2015-07-02-22 24 02.713	  31.02743874 121.43952236 1.75  0.0 0.0
2015-07-02-22 24 02.815	  31.02743874 121.43952236 1.75  0.0 0.0
2015-07-02-22 24 02.935	  31.02743874 121.43952236 1.75  0.0 0.0
2015-07-02-22 24 03.039	  31.02743874 121.43952236 1.75  0.0 0.0
2015-07-02-22 24 03.142	  31.02743874 121.43952236 1.75  0.0 0.0
2015-07-02-22 24 03.284	  31.02743874 121.43952236 1.75  0.0 0.0
2015-07-02-22 24 03.387	  31.02743874 121.43952236 1.75  0.0 0.0
2015-07-02-22 24 03.492	  31.02743874 121.43952236 1.75  0.0 0.0
2015-07-02-22 24 03.644	  31.02743874 121.43952236 1.75  0.0 0.0
2015-07-02-22 24 03.753	  31.02743874 121.43952236 1.75  0.0 0.0
2015-07-02-22 24 03.854	  31.02746873 121.43951145 1.75  0.0 0.0
2015-07-02-22 24 03.993	  31.02746873 121.43951145 1.75  0.0 0.0
2015-07-02-22 24 04.094	  31.02746873 121.43951145 1.75  0.0 0.0
2015-07-02-22 24 04.207	  31.02746873 121.43951145 1.75  0.0 0.0
2015-07-02-22 24 04.312	  31.02746873 121.43951145 1.75  0.0 0.0
2015-07-02-22 24 04.416	  31.02746873 121.43951145 1.75  0.0 0.0
2015-07-02-22 24 04.562	  31.02746873 121.43951145 1.75  0.0 0.0
2015-07-02-22 24 04.674	  31.02746873 121.43951145 1.75  0.0 0.0
2015-07-02-22 24 04.776	  31.02746873 121.43951145 1.75  0.0 0.0
2015-07-02-22 24 04.895	  31.02746873 121.43951145 1.75  0.0 0.0
2015-07-02-22 24 05.004	  31.02746873 121.43951145 1.75  0.0 0.0
2015-07-02-22 24 05.107	  31.02746873 121.43951145 1.75  0.0 0.0
2015-07-02-22 24 05.262	  31.02746873 121.43951145 1.75  0.0 0.0
2015-07-02-22 24 05.364	  31.02746873 121.43951145 1.75  0.0 0.0
2015-07-02-22 24 05.481	  31.02746873 121.43951145 1.75  0.0 0.0
2015-07-02-22 24 05.633	  31.02746873 121.43951145 1.75  0.0 0.0
2015-07-02-22 24 05.739	  31.02749704 121.43949826 1.75  0.0 0.0
2015-07-02-22 24 05.852	  31.02749704 121.43949826 1.75  0.0 0.0
2015-07-02-22 24 05.970	  31.02749704 121.43949826 1.75  0.0 0.0
2015-07-02-22 24 06.072	  31.02749704 121.43949826 1.75  0.0 0.0
2015-07-02-22 24 06.174	  31.02749704 121.43949826 1.75  0.0 0.0
2015-07-02-22 24 06.312	  31.02749704 121.43949826 1.75  0.0 0.0
2015-07-02-22 24 06.418	  31.02749704 121.43949826 1.75  0.0 0.0
2015-07-02-22 24 06.524	  31.02749704 121.43949826 1.75  0.0 0.0
2015-07-02-22 24 06.698	  31.02749704 121.43949826 1.75  0.0 0.0
2015-07-02-22 24 06.800	  31.02749704 121.43949826 1.75  0.0 0.0
2015-07-02-22 24 06.916	  31.02749704 121.43949826 1.75  0.0 0.0
2015-07-02-22 24 07.061	  31.02749704 121.43949826 1.75  0.0 0.0
2015-07-02-22 24 07.166	  31.02749704 121.43949826 1.75  0.0 0.0
2015-07-02-22 24 07.270	  31.02749704 121.43949826 1.75  0.0 0.0
2015-07-02-22 24 07.411	  31.02749704 121.43949826 1.75  0.0 0.0
2015-07-02-22 24 07.519	  31.02749704 121.43949826 1.75  0.0 0.0
2015-07-02-22 24 07.637	  31.02749704 121.43949826 1.75  0.0 0.0
2015-07-02-22 24 07.788	  31.02752522 121.43948492 1.75  0.0 0.0
2015-07-02-22 24 07.891	  31.02752522 121.43948492 1.75  0.0 0.0
2015-07-02-22 24 07.993	  31.02752522 121.43948492 1.75  0.0 0.0
2015-07-02-22 24 08.142	  31.02752522 121.43948492 1.75  0.0 0.0
2015-07-02-22 24 08.246	  31.02752522 121.43948492 1.75  0.0 0.0
2015-07-02-22 24 08.353	  31.02752522 121.43948492 1.75  0.0 0.0
2015-07-02-22 24 08.505	  31.02752522 121.43948492 1.75  0.0 0.0
2015-07-02-22 24 08.648	  31.02752522 121.43948492 1.75  0.0 0.0
2015-07-02-22 24 08.755	  31.02752522 121.43948492 1.75  0.0 0.0
2015-07-02-22 24 08.856	  31.02752522 121.43948492 1.75  0.0 0.0
2015-07-02-22 24 08.985	  31.02752522 121.43948492 1.75  0.0 0.0
2015-07-02-22 24 09.156	  31.02752522 121.43948492 1.75  0.0 0.0
2015-07-02-22 24 09.260	  31.02752522 121.43948492 1.75  0.0 0.0
2015-07-02-22 24 09.362	  31.02752522 121.43948492 1.75  0.0 0.0
2015-07-02-22 24 09.482	  31.02752522 121.43948492 1.75  0.0 0.0
2015-07-02-22 24 09.610	  31.02752522 121.43948492 1.75  0.0 0.0
2015-07-02-22 24 09.712	  31.02755343 121.43947175 1.75  0.0 0.0
2015-07-02-22 24 09.817	  31.02755343 121.43947175 1.75  0.0 0.0
2015-07-02-22 24 09.968	  31.02755343 121.43947175 1.75  0.0 0.0
2015-07-02-22 24 10.108	  31.02755343 121.43947175 1.75  0.0 0.0
2015-07-02-22 24 10.210	  31.02755343 121.43947175 1.75  0.0 0.0
2015-07-02-22 24 10.312	  31.02755343 121.43947175 1.75  0.0 0.0
2015-07-02-22 24 10.474	  31.02755343 121.43947175 1.75  0.0 0.0
2015-07-02-22 24 10.628	  31.02755343 121.43947175 1.75  0.0 0.0
2015-07-02-22 24 10.739	  31.02755343 121.43947175 1.75  0.0 0.0
2015-07-02-22 24 10.842	  31.02755343 121.43947175 1.75  0.0 0.0
2015-07-02-22 24 10.973	  31.02755343 121.43947175 1.75  0.0 0.0
2015-07-02-22 24 11.142	  31.02755343 121.43947175 1.75  0.0 0.0
2015-07-02-22 24 11.246	  31.02755343 121.43947175 1.75  0.0 0.0
2015-07-02-22 24 11.347	  31.02755343 121.43947175 1.75  0.0 0.0
2015-07-02-22 24 11.470	  31.02755343 121.43947175 1.75  0.0 0.0
2015-07-02-22 24 11.652	  31.02755343 121.43947175 1.75  0.0 0.0
2015-07-02-22 24 11.760	  31.02758125 121.43945894 1.75  0.0 0.0
2015-07-02-22 24 11.862	  31.02758125 121.43945894 1.75  0.0 0.0
2015-07-02-22 24 12.014	  31.02758125 121.43945894 1.75  0.0 0.0
2015-07-02-22 24 12.161	  31.02758125 121.43945894 1.75  0.0 0.0
2015-07-02-22 24 12.263	  31.02758125 121.43945894 1.75  0.0 0.0
2015-07-02-22 24 12.373	  31.02758125 121.43945894 1.75  0.0 0.0
2015-07-02-22 24 12.492	  31.02758125 121.43945894 1.75  0.0 0.0
2015-07-02-22 24 12.638	  31.02758125 121.43945894 1.75  0.0 0.0
2015-07-02-22 24 12.803	  31.02758125 121.43945894 1.75  0.0 0.0
2015-07-02-22 24 12.948	  31.02758125 121.43945894 1.75  0.0 0.0
2015-07-02-22 24 13.067	  31.02758125 121.43945894 1.75  0.0 0.0
2015-07-02-22 24 13.170	  31.02758125 121.43945894 1.75  0.0 0.0
2015-07-02-22 24 13.272	  31.02758125 121.43945894 1.75  0.0 0.0
2015-07-02-22 24 13.424	  31.02758125 121.43945894 1.75  0.0 0.0
2015-07-02-22 24 13.565	  31.02758125 121.43945894 1.75  0.0 0.0
2015-07-02-22 24 13.741	  31.02760913 121.43944486 1.75  0.0 0.0
2015-07-02-22 24 13.856	  31.02760913 121.43944486 1.75  0.0 0.0
2015-07-02-22 24 13.998	  31.02760913 121.43944486 1.75  0.0 0.0
2015-07-02-22 24 14.127	  31.02760913 121.43944486 1.75  0.0 0.0
2015-07-02-22 24 14.290	  31.02760913 121.43944486 1.75  0.0 0.0
2015-07-02-22 24 14.430	  31.02760913 121.43944486 1.75  0.0 0.0
2015-07-02-22 24 14.574	  31.02760913 121.43944486 1.75  0.0 0.0
2015-07-02-22 24 14.712	  31.02760913 121.43944486 1.75  0.0 0.0
2015-07-02-22 24 14.880	  31.02760913 121.43944486 1.75  0.0 0.0
2015-07-02-22 24 14.999	  31.02760913 121.43944486 1.75  0.0 0.0
2015-07-02-22 24 15.139	  31.02760913 121.43944486 1.75  0.0 0.0
2015-07-02-22 24 15.298	  31.02760913 121.43944486 1.75  0.0 0.0
2015-07-02-22 24 15.416	  31.02760913 121.43944486 1.75  0.0 0.0
2015-07-02-22 24 15.558	  31.02760913 121.43944486 1.75  0.0 0.0
2015-07-02-22 24 15.697	  31.02760913 121.43944486 1.75  0.0 0.0
2015-07-02-22 24 15.833	  31.02763878 121.43943093 1.75  0.0 0.0
2015-07-02-22 24 15.971	  31.02763878 121.43943093 1.75  0.0 0.0
2015-07-02-22 24 16.110	  31.02763878 121.43943093 1.75  0.0 0.0
2015-07-02-22 24 16.259	  31.02763878 121.43943093 1.75  0.0 0.0
2015-07-02-22 24 16.397	  31.02763878 121.43943093 1.75  0.0 0.0
2015-07-02-22 24 16.553	  31.02763878 121.43943093 1.75  0.0 0.0
2015-07-02-22 24 16.671	  31.02763878 121.43943093 1.75  0.0 0.0
2015-07-02-22 24 16.858	  31.02763878 121.43943093 1.75  0.0 0.0
2015-07-02-22 24 16.997	  31.02763878 121.43943093 1.75  0.0 0.0
2015-07-02-22 24 17.141	  31.02763878 121.43943093 1.75  0.0 0.0
2015-07-02-22 24 17.257	  31.02763878 121.43943093 1.75  0.0 0.0
2015-07-02-22 24 17.373	  31.02763878 121.43943093 1.75  0.0 0.0
2015-07-02-22 24 17.488	  31.02763878 121.43943093 1.75  0.0 0.0
2015-07-02-22 24 17.651	  31.02763878 121.43943093 1.75  0.0 0.0
2015-07-02-22 24 17.796	  31.02766717 121.4394177 1.75  0.0 0.0
2015-07-02-22 24 17.924	  31.02766717 121.4394177 1.75  0.0 0.0
2015-07-02-22 24 18.058	  31.02766717 121.4394177 1.75  0.0 0.0
2015-07-02-22 24 18.204	  31.02766717 121.4394177 1.75  0.0 0.0
2015-07-02-22 24 18.360	  31.02766717 121.4394177 1.75  0.0 0.0
2015-07-02-22 24 18.480	  31.02766717 121.4394177 1.75  0.0 0.0
2015-07-02-22 24 18.656	  31.02766717 121.4394177 1.75  0.0 0.0
2015-07-02-22 24 18.801	  31.02766717 121.4394177 1.75  0.0 0.0
2015-07-02-22 24 18.930	  31.02766717 121.4394177 1.75  0.0 0.0
2015-07-02-22 24 19.102	  31.02766717 121.4394177 1.75  0.0 0.0
2015-07-02-22 24 19.217	  31.02766717 121.4394177 1.75  0.0 0.0
2015-07-02-22 24 19.348	  31.02766717 121.4394177 1.75  0.0 0.0
2015-07-02-22 24 19.487	  31.02766717 121.4394177 1.75  0.0 0.0
2015-07-02-22 24 19.606	  31.02766717 121.4394177 1.75  0.0 0.0
2015-07-02-22 24 19.749	  31.02769483 121.43940645 1.75  0.0 0.0
2015-07-02-22 24 19.894	  31.02769483 121.43940645 1.75  0.0 0.0
2015-07-02-22 24 20.022	  31.02769483 121.43940645 1.75  0.0 0.0
2015-07-02-22 24 20.166	  31.02769483 121.43940645 1.75  0.0 0.0
2015-07-02-22 24 20.307	  31.02769483 121.43940645 1.75  0.0 0.0
2015-07-02-22 24 20.455	  31.02769483 121.43940645 1.75  0.0 0.0
2015-07-02-22 24 20.587	  31.02769483 121.43940645 1.75  0.0 0.0
2015-07-02-22 24 20.740	  31.02769483 121.43940645 1.75  0.0 0.0
2015-07-02-22 24 20.876	  31.02769483 121.43940645 1.75  0.0 0.0
2015-07-02-22 24 20.993	  31.02769483 121.43940645 1.75  0.0 0.0
2015-07-02-22 24 21.156	  31.02769483 121.43940645 1.75  0.0 0.0
2015-07-02-22 24 21.272	  31.02769483 121.43940645 1.75  0.0 0.0
2015-07-02-22 24 21.422	  31.02769483 121.43940645 1.75  0.0 0.0
2015-07-02-22 24 21.555	  31.02769483 121.43940645 1.75  0.0 0.0
2015-07-02-22 24 21.704	  31.02772189 121.43939435 1.75  0.0 0.0
2015-07-02-22 24 21.843	  31.02772189 121.43939435 1.75  0.0 0.0
2015-07-02-22 24 21.988	  31.02772189 121.43939435 1.75  0.0 0.0
2015-07-02-22 24 22.124	  31.02772189 121.43939435 1.75  0.0 0.0
2015-07-02-22 24 22.272	  31.02772189 121.43939435 1.75  0.0 0.0
2015-07-02-22 24 22.417	  31.02772189 121.43939435 1.75  0.0 0.0
2015-07-02-22 24 22.559	  31.02772189 121.43939435 1.75  0.0 0.0
2015-07-02-22 24 22.759	  31.02772189 121.43939435 1.75  0.0 0.0
2015-07-02-22 24 22.877	  31.02772189 121.43939435 1.75  0.0 0.0
2015-07-02-22 24 23.014	  31.02772189 121.43939435 1.75  0.0 0.0
2015-07-02-22 24 23.120	  31.02772189 121.43939435 1.75  0.0 0.0
2015-07-02-22 24 23.232	  31.02772189 121.43939435 1.75  0.0 0.0
2015-07-02-22 24 23.353	  31.02772189 121.43939435 1.75  0.0 0.0
2015-07-02-22 24 23.496	  31.02772189 121.43939435 1.75  0.0 0.0
2015-07-02-22 24 23.600	  31.02772189 121.43939435 1.75  0.0 0.0
2015-07-02-22 24 23.702	  31.02774785 121.43938129 1.75  0.0 0.0
2015-07-02-22 24 23.859	  31.02774785 121.43938129 1.75  0.0 0.0
2015-07-02-22 24 23.998	  31.02774785 121.43938129 1.75  0.0 0.0
2015-07-02-22 24 24.104	  31.02774785 121.43938129 1.75  0.0 0.0
2015-07-02-22 24 24.208	  31.02774785 121.43938129 1.75  0.0 0.0
2015-07-02-22 24 24.346	  31.02774785 121.43938129 1.75  0.0 0.0
2015-07-02-22 24 24.462	  31.02774785 121.43938129 1.75  0.0 0.0
2015-07-02-22 24 24.611	  31.02774785 121.43938129 1.75  0.0 0.0
2015-07-02-22 24 24.759	  31.02774785 121.43938129 1.75  0.0 0.0
2015-07-02-22 24 24.874	  31.02774785 121.43938129 1.75  0.0 0.0
2015-07-02-22 24 24.978	  31.02774785 121.43938129 1.75  0.0 0.0
2015-07-02-22 24 25.080	  31.02774785 121.43938129 1.75  0.0 0.0
2015-07-02-22 24 25.204	  31.02774785 121.43938129 1.75  0.0 0.0
