2015-07-02-19 35 34.806	  0.0 0.0 0.0  0.0 0.0
2015-07-02-19 35 34.908	  0.0 0.0 0.0  0.0 0.0
2015-07-02-19 35 35.009	  0.0 0.0 0.0  0.0 0.0
2015-07-02-19 35 35.112	  0.0 0.0 0.0  0.0 0.0
2015-07-02-19 35 35.218	  0.0 0.0 0.0  0.0 0.0
2015-07-02-19 35 35.320	  0.0 0.0 0.0  0.0 0.0
2015-07-02-19 35 35.422	  0.0 0.0 0.0  0.0 0.0
2015-07-02-19 35 35.524	  0.0 0.0 0.0  0.0 0.0
2015-07-02-19 35 35.625	  0.0 0.0 0.0  0.0 0.0
2015-07-02-19 35 35.727	  0.0 0.0 0.0  0.0 0.0
2015-07-02-19 35 35.829	  0.0 0.0 0.0  0.0 0.0
2015-07-02-19 35 35.931	  0.0 0.0 0.0  0.0 0.0
2015-07-02-19 35 36.033	  0.0 0.0 0.0  0.0 0.0
2015-07-02-19 35 36.134	  0.0 0.0 0.0  0.0 0.0
2015-07-02-19 35 36.236	  0.0 0.0 0.0  0.0 0.0
2015-07-02-19 35 36.338	  0.0 0.0 0.0  0.0 0.0
2015-07-02-19 35 36.439	  31.02652895 121.43991327 1.0  0.0 0.0
2015-07-02-19 35 36.542	  31.02652895 121.43991327 1.0  0.0 0.0
2015-07-02-19 35 36.644	  31.02652895 121.43991327 1.0  0.0 0.0
2015-07-02-19 35 36.753	  31.02652895 121.43991327 1.0  0.0 0.0
2015-07-02-19 35 36.855	  31.02652895 121.43991327 1.0  0.0 0.0
2015-07-02-19 35 36.956	  31.02652895 121.43991327 1.0  0.0 0.0
2015-07-02-19 35 37.059	  31.02652895 121.43991327 1.0  0.0 0.0
2015-07-02-19 35 37.162	  31.02652895 121.43991327 1.0  0.0 0.0
2015-07-02-19 35 37.264	  31.02652895 121.43991327 1.0  0.0 0.0
2015-07-02-19 35 37.365	  31.02652895 121.43991327 1.0  0.0 0.0
2015-07-02-19 35 37.467	  31.02652895 121.43991327 1.0  0.0 0.0
2015-07-02-19 35 37.569	  31.02652895 121.43991327 1.0  0.0 0.0
2015-07-02-19 35 37.671	  31.02652895 121.43991327 1.0  0.0 0.0
2015-07-02-19 35 37.773	  31.02652895 121.43991327 1.0  0.0 0.0
2015-07-02-19 35 37.876	  31.02652895 121.43991327 1.0  0.0 0.0
2015-07-02-19 35 37.978	  31.02652895 121.43991327 1.0  0.0 0.0
2015-07-02-19 35 38.079	  31.02656798 121.43989321 1.0  0.0 0.0
2015-07-02-19 35 38.181	  31.02656798 121.43989321 1.0  0.0 0.0
2015-07-02-19 35 38.286	  31.02656798 121.43989321 1.0  0.0 0.0
2015-07-02-19 35 38.396	  31.02656798 121.43989321 1.0  0.0 0.0
2015-07-02-19 35 38.498	  31.02656798 121.43989321 1.0  0.0 0.0
2015-07-02-19 35 38.600	  31.02656798 121.43989321 1.0  0.0 0.0
2015-07-02-19 35 38.704	  31.02656798 121.43989321 1.0  0.0 0.0
2015-07-02-19 35 38.806	  31.02656798 121.43989321 1.0  0.0 0.0
2015-07-02-19 35 38.912	  31.02656798 121.43989321 1.0  0.0 0.0
2015-07-02-19 35 39.015	  31.02656798 121.43989321 1.0  0.0 0.0
2015-07-02-19 35 39.118	  31.02658589 121.43987891 1.25  0.0 0.0
2015-07-02-19 35 39.219	  31.02658589 121.43987891 1.25  0.0 0.0
2015-07-02-19 35 39.320	  31.02658589 121.43987891 1.25  0.0 0.0
2015-07-02-19 35 39.422	  31.02658589 121.43987891 1.25  0.0 0.0
2015-07-02-19 35 39.526	  31.02658589 121.43987891 1.25  0.0 0.0
2015-07-02-19 35 39.629	  31.02658589 121.43987891 1.25  0.0 0.0
2015-07-02-19 35 39.747	  31.02658589 121.43987891 1.25  0.0 0.0
2015-07-02-19 35 39.848	  31.02658589 121.43987891 1.25  0.0 0.0
2015-07-02-19 35 39.950	  31.02658589 121.43987891 1.25  0.0 0.0
2015-07-02-19 35 40.053	  31.02658589 121.43987891 1.25  0.0 0.0
2015-07-02-19 35 40.154	  31.02660344 121.43986657 1.25  0.0 0.0
2015-07-02-19 35 40.256	  31.02660344 121.43986657 1.25  0.0 0.0
2015-07-02-19 35 40.358	  31.02660344 121.43986657 1.25  0.0 0.0
2015-07-02-19 35 40.460	  31.02660344 121.43986657 1.25  0.0 0.0
2015-07-02-19 35 40.565	  31.02660344 121.43986657 1.25  0.0 0.0
2015-07-02-19 35 40.669	  31.02660344 121.43986657 1.25  0.0 0.0
2015-07-02-19 35 40.775	  31.02660344 121.43986657 1.25  0.0 0.0
2015-07-02-19 35 40.886	  31.02660344 121.43986657 1.25  0.0 0.0
2015-07-02-19 35 40.989	  31.02660344 121.43986657 1.25  0.0 0.0
2015-07-02-19 35 41.094	  31.02660344 121.43986657 1.25  0.0 0.0
2015-07-02-19 35 41.200	  31.02660344 121.43986657 1.25  0.0 0.0
2015-07-02-19 35 41.303	  31.02660344 121.43986657 1.25  0.0 0.0
2015-07-02-19 35 41.407	  31.02660344 121.43986657 1.25  0.0 0.0
2015-07-02-19 35 41.510	  31.02660344 121.43986657 1.25  0.0 0.0
2015-07-02-19 35 41.613	  31.02660344 121.43986657 1.25  0.0 0.0
2015-07-02-19 35 41.714	  31.02660344 121.43986657 1.25  0.0 0.0
2015-07-02-19 35 41.816	  31.02660344 121.43986657 1.25  0.0 0.0
2015-07-02-19 35 41.921	  31.02660344 121.43986657 1.25  0.0 0.0
2015-07-02-19 35 42.030	  31.02660344 121.43986657 1.25  0.0 0.0
2015-07-02-19 35 42.142	  31.02663278 121.43985003 1.25  0.0 0.0
2015-07-02-19 35 42.243	  31.02663278 121.43985003 1.25  0.0 0.0
2015-07-02-19 35 42.344	  31.02663278 121.43985003 1.25  0.0 0.0
2015-07-02-19 35 42.446	  31.02663278 121.43985003 1.25  0.0 0.0
2015-07-02-19 35 42.549	  31.02663278 121.43985003 1.25  0.0 0.0
2015-07-02-19 35 42.650	  31.02663278 121.43985003 1.25  0.0 0.0
2015-07-02-19 35 42.753	  31.02663278 121.43985003 1.25  0.0 0.0
2015-07-02-19 35 42.854	  31.02663278 121.43985003 1.25  0.0 0.0
2015-07-02-19 35 42.955	  31.02663278 121.43985003 1.25  0.0 0.0
2015-07-02-19 35 43.060	  31.02663278 121.43985003 1.25  0.0 0.0
2015-07-02-19 35 43.165	  31.02663278 121.43985003 1.25  0.0 0.0
2015-07-02-19 35 43.266	  31.02663278 121.43985003 1.25  0.0 0.0
2015-07-02-19 35 43.370	  31.02663278 121.43985003 1.25  0.0 0.0
2015-07-02-19 35 43.472	  31.02663278 121.43985003 1.25  0.0 0.0
2015-07-02-19 35 43.576	  31.02663278 121.43985003 1.25  0.0 0.0
2015-07-02-19 35 43.683	  31.02663278 121.43985003 1.25  0.0 0.0
2015-07-02-19 35 43.791	  31.02663278 121.43985003 1.25  0.0 0.0
2015-07-02-19 35 43.894	  31.02663278 121.43985003 1.25  0.0 0.0
2015-07-02-19 35 44.008	  31.02663278 121.43985003 1.25  0.0 0.0
2015-07-02-19 35 44.111	  31.02665771 121.43983765 1.25  0.0 0.0
2015-07-02-19 35 44.216	  31.02665771 121.43983765 1.25  0.0 0.0
2015-07-02-19 35 44.317	  31.02665771 121.43983765 1.25  0.0 0.0
2015-07-02-19 35 44.418	  31.02665771 121.43983765 1.25  0.0 0.0
2015-07-02-19 35 44.520	  31.02665771 121.43983765 1.25  0.0 0.0
2015-07-02-19 35 44.623	  31.02665771 121.43983765 1.25  0.0 0.0
2015-07-02-19 35 44.728	  31.02665771 121.43983765 1.25  0.0 0.0
2015-07-02-19 35 44.833	  31.02665771 121.43983765 1.25  0.0 0.0
2015-07-02-19 35 44.936	  31.02665771 121.43983765 1.25  0.0 0.0
2015-07-02-19 35 45.041	  31.02665771 121.43983765 1.25  0.0 0.0
2015-07-02-19 35 45.145	  31.02665771 121.43983765 1.25  0.0 0.0
2015-07-02-19 35 45.247	  31.02665771 121.43983765 1.25  0.0 0.0
2015-07-02-19 35 45.348	  31.02665771 121.43983765 1.25  0.0 0.0
2015-07-02-19 35 45.452	  31.02665771 121.43983765 1.25  0.0 0.0
2015-07-02-19 35 45.556	  31.02665771 121.43983765 1.25  0.0 0.0
2015-07-02-19 35 45.658	  31.02665771 121.43983765 1.25  0.0 0.0
2015-07-02-19 35 45.760	  31.02665771 121.43983765 1.25  0.0 0.0
2015-07-02-19 35 45.863	  31.02665771 121.43983765 1.25  0.0 0.0
2015-07-02-19 35 45.965	  31.02665771 121.43983765 1.25  0.0 0.0
2015-07-02-19 35 46.066	  31.02667993 121.43982454 1.25  0.0 0.0
2015-07-02-19 35 46.168	  31.02667993 121.43982454 1.25  0.0 0.0
2015-07-02-19 35 46.270	  31.02667993 121.43982454 1.25  0.0 0.0
2015-07-02-19 35 46.376	  31.02667993 121.43982454 1.25  0.0 0.0
2015-07-02-19 35 46.479	  31.02667993 121.43982454 1.25  0.0 0.0
2015-07-02-19 35 46.581	  31.02667993 121.43982454 1.25  0.0 0.0
2015-07-02-19 35 46.687	  31.02667993 121.43982454 1.25  0.0 0.0
2015-07-02-19 35 46.793	  31.02667993 121.43982454 1.25  0.0 0.0
2015-07-02-19 35 46.905	  31.02667993 121.43982454 1.25  0.0 0.0
2015-07-02-19 35 47.008	  31.02667993 121.43982454 1.25  0.0 0.0
2015-07-02-19 35 47.112	  31.02667993 121.43982454 1.25  0.0 0.0
2015-07-02-19 35 47.213	  31.02667993 121.43982454 1.25  0.0 0.0
2015-07-02-19 35 47.314	  31.02667993 121.43982454 1.25  0.0 0.0
2015-07-02-19 35 47.421	  31.02667993 121.43982454 1.25  0.0 0.0
2015-07-02-19 35 47.523	  31.02667993 121.43982454 1.25  0.0 0.0
2015-07-02-19 35 47.625	  31.02667993 121.43982454 1.25  0.0 0.0
2015-07-02-19 35 47.728	  31.02667993 121.43982454 1.25  0.0 0.0
2015-07-02-19 35 47.833	  31.02667993 121.43982454 1.25  0.0 0.0
2015-07-02-19 35 47.943	  31.02667993 121.43982454 1.25  0.0 0.0
2015-07-02-19 35 48.045	  31.02670151 121.43981352 1.25  0.0 0.0
2015-07-02-19 35 48.146	  31.02670151 121.43981352 1.25  0.0 0.0
2015-07-02-19 35 48.248	  31.02670151 121.43981352 1.25  0.0 0.0
2015-07-02-19 35 48.349	  31.02670151 121.43981352 1.25  0.0 0.0
2015-07-02-19 35 48.452	  31.02670151 121.43981352 1.25  0.0 0.0
2015-07-02-19 35 48.555	  31.02670151 121.43981352 1.25  0.0 0.0
2015-07-02-19 35 48.661	  31.02670151 121.43981352 1.25  0.0 0.0
2015-07-02-19 35 48.762	  31.02670151 121.43981352 1.25  0.0 0.0
2015-07-02-19 35 48.864	  31.02670151 121.43981352 1.25  0.0 0.0
2015-07-02-19 35 48.966	  31.02670151 121.43981352 1.25  0.0 0.0
2015-07-02-19 35 49.069	  31.02670151 121.43981352 1.25  0.0 0.0
2015-07-02-19 35 49.176	  31.02670151 121.43981352 1.25  0.0 0.0
2015-07-02-19 35 49.278	  31.02670151 121.43981352 1.25  0.0 0.0
2015-07-02-19 35 49.380	  31.02670151 121.43981352 1.25  0.0 0.0
2015-07-02-19 35 49.484	  31.02670151 121.43981352 1.25  0.0 0.0
2015-07-02-19 35 49.588	  31.02670151 121.43981352 1.25  0.0 0.0
2015-07-02-19 35 49.692	  31.02670151 121.43981352 1.25  0.0 0.0
2015-07-02-19 35 49.794	  31.02670151 121.43981352 1.25  0.0 0.0
2015-07-02-19 35 49.895	  31.02670151 121.43981352 1.25  0.0 0.0
2015-07-02-19 35 49.997	  31.02670151 121.43981352 1.25  0.0 0.0
2015-07-02-19 35 50.098	  31.02672201 121.43980244 1.25  0.0 0.0
2015-07-02-19 35 50.201	  31.02672201 121.43980244 1.25  0.0 0.0
2015-07-02-19 35 50.305	  31.02672201 121.43980244 1.25  0.0 0.0
2015-07-02-19 35 50.407	  31.02672201 121.43980244 1.25  0.0 0.0
2015-07-02-19 35 50.510	  31.02672201 121.43980244 1.25  0.0 0.0
2015-07-02-19 35 50.615	  31.02672201 121.43980244 1.25  0.0 0.0
2015-07-02-19 35 50.719	  31.02672201 121.43980244 1.25  0.0 0.0
2015-07-02-19 35 50.821	  31.02672201 121.43980244 1.25  0.0 0.0
2015-07-02-19 35 50.926	  31.02672201 121.43980244 1.25  0.0 0.0
2015-07-02-19 35 51.030	  31.02672201 121.43980244 1.25  0.0 0.0
2015-07-02-19 35 51.147	  31.02672201 121.43980244 1.25  0.0 0.0
2015-07-02-19 35 51.248	  31.02672201 121.43980244 1.25  0.0 0.0
2015-07-02-19 35 51.349	  31.02672201 121.43980244 1.25  0.0 0.0
2015-07-02-19 35 51.451	  31.02672201 121.43980244 1.25  0.0 0.0
2015-07-02-19 35 51.556	  31.02672201 121.43980244 1.25  0.0 0.0
2015-07-02-19 35 51.662	  31.02672201 121.43980244 1.25  0.0 0.0
2015-07-02-19 35 51.766	  31.02672201 121.43980244 1.25  0.0 0.0
2015-07-02-19 35 51.870	  31.02672201 121.43980244 1.25  0.0 0.0
2015-07-02-19 35 51.987	  31.02672201 121.43980244 1.25  0.0 0.0
2015-07-02-19 35 52.090	  31.02674121 121.43979328 1.25  0.0 0.0
2015-07-02-19 35 52.192	  31.02674121 121.43979328 1.25  0.0 0.0
2015-07-02-19 35 52.294	  31.02674121 121.43979328 1.25  0.0 0.0
2015-07-02-19 35 52.404	  31.02674121 121.43979328 1.25  0.0 0.0
2015-07-02-19 35 52.507	  31.02674121 121.43979328 1.25  0.0 0.0
2015-07-02-19 35 52.609	  31.02674121 121.43979328 1.25  0.0 0.0
2015-07-02-19 35 52.714	  31.02674121 121.43979328 1.25  0.0 0.0
2015-07-02-19 35 52.823	  31.02674121 121.43979328 1.25  0.0 0.0
2015-07-02-19 35 52.924	  31.02674121 121.43979328 1.25  0.0 0.0
2015-07-02-19 35 53.026	  31.02674121 121.43979328 1.25  0.0 0.0
2015-07-02-19 35 53.127	  31.02674121 121.43979328 1.25  0.0 0.0
2015-07-02-19 35 53.236	  31.02674121 121.43979328 1.25  0.0 0.0
2015-07-02-19 35 53.338	  31.02674121 121.43979328 1.25  0.0 0.0
2015-07-02-19 35 53.441	  31.02674121 121.43979328 1.25  0.0 0.0
2015-07-02-19 35 53.544	  31.02674121 121.43979328 1.25  0.0 0.0
2015-07-02-19 35 53.655	  31.02674121 121.43979328 1.25  0.0 0.0
2015-07-02-19 35 53.758	  31.02674121 121.43979328 1.25  0.0 0.0
2015-07-02-19 35 53.860	  31.02674121 121.43979328 1.25  0.0 0.0
2015-07-02-19 35 53.962	  31.02674121 121.43979328 1.25  0.0 0.0
2015-07-02-19 35 54.079	  31.02676048 121.43978325 1.25  0.0 0.0
2015-07-02-19 35 54.180	  31.02676048 121.43978325 1.25  0.0 0.0
2015-07-02-19 35 54.282	  31.02676048 121.43978325 1.25  0.0 0.0
2015-07-02-19 35 54.386	  31.02676048 121.43978325 1.25  0.0 0.0
2015-07-02-19 35 54.505	  31.02676048 121.43978325 1.25  0.0 0.0
2015-07-02-19 35 54.608	  31.02676048 121.43978325 1.25  0.0 0.0
2015-07-02-19 35 54.711	  31.02676048 121.43978325 1.25  0.0 0.0
2015-07-02-19 35 54.813	  31.02676048 121.43978325 1.25  0.0 0.0
2015-07-02-19 35 54.919	  31.02676048 121.43978325 1.25  0.0 0.0
2015-07-02-19 35 55.023	  31.02676048 121.43978325 1.25  0.0 0.0
2015-07-02-19 35 55.128	  31.02676048 121.43978325 1.25  0.0 0.0
2015-07-02-19 35 55.230	  31.02676048 121.43978325 1.25  0.0 0.0
2015-07-02-19 35 55.331	  31.02676048 121.43978325 1.25  0.0 0.0
2015-07-02-19 35 55.433	  31.02676048 121.43978325 1.25  0.0 0.0
2015-07-02-19 35 55.550	  31.02676048 121.43978325 1.25  0.0 0.0
2015-07-02-19 35 55.652	  31.02676048 121.43978325 1.25  0.0 0.0
2015-07-02-19 35 55.754	  31.02676048 121.43978325 1.25  0.0 0.0
2015-07-02-19 35 55.856	  31.02676048 121.43978325 1.25  0.0 0.0
2015-07-02-19 35 55.959	  31.02676048 121.43978325 1.25  0.0 0.0
2015-07-02-19 35 56.062	  31.02678099 121.43977061 1.25  0.0 0.0
2015-07-02-19 35 56.164	  31.02678099 121.43977061 1.25  0.0 0.0
2015-07-02-19 35 56.269	  31.02678099 121.43977061 1.25  0.0 0.0
2015-07-02-19 35 56.371	  31.02678099 121.43977061 1.25  0.0 0.0
2015-07-02-19 35 56.474	  31.02678099 121.43977061 1.25  0.0 0.0
2015-07-02-19 35 56.579	  31.02678099 121.43977061 1.25  0.0 0.0
2015-07-02-19 35 56.681	  31.02678099 121.43977061 1.25  0.0 0.0
2015-07-02-19 35 56.782	  31.02678099 121.43977061 1.25  0.0 0.0
2015-07-02-19 35 56.884	  31.02678099 121.43977061 1.25  0.0 0.0
2015-07-02-19 35 56.993	  31.02678099 121.43977061 1.25  0.0 0.0
2015-07-02-19 35 57.095	  31.02678099 121.43977061 1.25  0.0 0.0
2015-07-02-19 35 57.199	  31.02678099 121.43977061 1.25  0.0 0.0
2015-07-02-19 35 57.308	  31.02678099 121.43977061 1.25  0.0 0.0
2015-07-02-19 35 57.413	  31.02678099 121.43977061 1.25  0.0 0.0
2015-07-02-19 35 57.516	  31.02678099 121.43977061 1.25  0.0 0.0
2015-07-02-19 35 57.620	  31.02678099 121.43977061 1.25  0.0 0.0
2015-07-02-19 35 57.725	  31.02678099 121.43977061 1.25  0.0 0.0
2015-07-02-19 35 57.829	  31.02678099 121.43977061 1.25  0.0 0.0
2015-07-02-19 35 57.932	  31.02678099 121.43977061 1.25  0.0 0.0
2015-07-02-19 35 58.039	  31.02680104 121.43975898 1.25  0.0 0.0
2015-07-02-19 35 58.148	  31.02680104 121.43975898 1.25  0.0 0.0
2015-07-02-19 35 58.249	  31.02680104 121.43975898 1.25  0.0 0.0
2015-07-02-19 35 58.350	  31.02680104 121.43975898 1.25  0.0 0.0
2015-07-02-19 35 58.455	  31.02680104 121.43975898 1.25  0.0 0.0
2015-07-02-19 35 58.560	  31.02680104 121.43975898 1.25  0.0 0.0
2015-07-02-19 35 58.663	  31.02680104 121.43975898 1.25  0.0 0.0
2015-07-02-19 35 58.768	  31.02680104 121.43975898 1.25  0.0 0.0
2015-07-02-19 35 58.878	  31.02680104 121.43975898 1.25  0.0 0.0
2015-07-02-19 35 58.982	  31.02680104 121.43975898 1.25  0.0 0.0
2015-07-02-19 35 59.086	  31.02680104 121.43975898 1.25  0.0 0.0
2015-07-02-19 35 59.190	  31.02680104 121.43975898 1.25  0.0 0.0
2015-07-02-19 35 59.292	  31.02680104 121.43975898 1.25  0.0 0.0
2015-07-02-19 35 59.394	  31.02680104 121.43975898 1.25  0.0 0.0
2015-07-02-19 35 59.499	  31.02680104 121.43975898 1.25  0.0 0.0
2015-07-02-19 35 59.604	  31.02680104 121.43975898 1.25  0.0 0.0
2015-07-02-19 35 59.708	  31.02680104 121.43975898 1.25  0.0 0.0
2015-07-02-19 35 59.818	  31.02680104 121.43975898 1.25  0.0 0.0
2015-07-02-19 35 59.919	  31.02680104 121.43975898 1.25  0.0 0.0
2015-07-02-19 36 00.021	  31.02680104 121.43975898 1.25  0.0 0.0
2015-07-02-19 36 00.136	  31.02682218 121.43974844 1.25  0.0 0.0
2015-07-02-19 36 00.238	  31.02682218 121.43974844 1.25  0.0 0.0
2015-07-02-19 36 00.341	  31.02682218 121.43974844 1.25  0.0 0.0
2015-07-02-19 36 00.443	  31.02682218 121.43974844 1.25  0.0 0.0
2015-07-02-19 36 00.553	  31.02682218 121.43974844 1.25  0.0 0.0
2015-07-02-19 36 00.665	  31.02682218 121.43974844 1.25  0.0 0.0
2015-07-02-19 36 00.767	  31.02682218 121.43974844 1.25  0.0 0.0
2015-07-02-19 36 00.872	  31.02682218 121.43974844 1.25  0.0 0.0
2015-07-02-19 36 00.980	  31.02682218 121.43974844 1.25  0.0 0.0
2015-07-02-19 36 01.082	  31.02682218 121.43974844 1.25  0.0 0.0
2015-07-02-19 36 01.184	  31.02682218 121.43974844 1.25  0.0 0.0
2015-07-02-19 36 01.298	  31.02682218 121.43974844 1.25  0.0 0.0
2015-07-02-19 36 01.401	  31.02682218 121.43974844 1.25  0.0 0.0
2015-07-02-19 36 01.503	  31.02682218 121.43974844 1.25  0.0 0.0
2015-07-02-19 36 01.611	  31.02682218 121.43974844 1.25  0.0 0.0
2015-07-02-19 36 01.714	  31.02682218 121.43974844 1.25  0.0 0.0
2015-07-02-19 36 01.819	  31.02682218 121.43974844 1.25  0.0 0.0
2015-07-02-19 36 01.934	  31.02682218 121.43974844 1.25  0.0 0.0
2015-07-02-19 36 02.036	  31.0268432 121.43973737 1.25  0.0 0.0
2015-07-02-19 36 02.142	  31.0268432 121.43973737 1.25  0.0 0.0
2015-07-02-19 36 02.247	  31.0268432 121.43973737 1.25  0.0 0.0
2015-07-02-19 36 02.353	  31.0268432 121.43973737 1.25  0.0 0.0
2015-07-02-19 36 02.458	  31.0268432 121.43973737 1.25  0.0 0.0
2015-07-02-19 36 02.570	  31.0268432 121.43973737 1.25  0.0 0.0
2015-07-02-19 36 02.672	  31.0268432 121.43973737 1.25  0.0 0.0
2015-07-02-19 36 02.774	  31.0268432 121.43973737 1.25  0.0 0.0
2015-07-02-19 36 02.885	  31.0268432 121.43973737 1.25  0.0 0.0
2015-07-02-19 36 02.989	  31.0268432 121.43973737 1.25  0.0 0.0
2015-07-02-19 36 03.093	  31.0268432 121.43973737 1.25  0.0 0.0
2015-07-02-19 36 03.195	  31.0268432 121.43973737 1.25  0.0 0.0
2015-07-02-19 36 03.297	  31.0268432 121.43973737 1.25  0.0 0.0
2015-07-02-19 36 03.399	  31.0268432 121.43973737 1.25  0.0 0.0
2015-07-02-19 36 03.504	  31.0268432 121.43973737 1.25  0.0 0.0
2015-07-02-19 36 03.606	  31.0268432 121.43973737 1.25  0.0 0.0
2015-07-02-19 36 03.708	  31.0268432 121.43973737 1.25  0.0 0.0
2015-07-02-19 36 03.812	  31.0268432 121.43973737 1.25  0.0 0.0
2015-07-02-19 36 03.914	  31.0268432 121.43973737 1.25  0.0 0.0
2015-07-02-19 36 04.016	  31.0268432 121.43973737 1.25  0.0 0.0
2015-07-02-19 36 04.130	  31.02686444 121.43972847 1.25  0.0 0.0
2015-07-02-19 36 04.232	  31.02686444 121.43972847 1.25  0.0 0.0
2015-07-02-19 36 04.333	  31.02686444 121.43972847 1.25  0.0 0.0
2015-07-02-19 36 04.439	  31.02686444 121.43972847 1.25  0.0 0.0
2015-07-02-19 36 04.543	  31.02686444 121.43972847 1.25  0.0 0.0
2015-07-02-19 36 04.647	  31.02686444 121.43972847 1.25  0.0 0.0
2015-07-02-19 36 04.770	  31.02686444 121.43972847 1.25  0.0 0.0
2015-07-02-19 36 04.874	  31.02686444 121.43972847 1.25  0.0 0.0
2015-07-02-19 36 04.976	  31.02686444 121.43972847 1.25  0.0 0.0
2015-07-02-19 36 05.088	  31.02686444 121.43972847 1.25  0.0 0.0
2015-07-02-19 36 05.190	  31.02686444 121.43972847 1.25  0.0 0.0
2015-07-02-19 36 05.295	  31.02686444 121.43972847 1.25  0.0 0.0
2015-07-02-19 36 05.417	  31.02686444 121.43972847 1.25  0.0 0.0
2015-07-02-19 36 05.518	  31.02686444 121.43972847 1.25  0.0 0.0
2015-07-02-19 36 05.621	  31.02686444 121.43972847 1.25  0.0 0.0
2015-07-02-19 36 05.726	  31.02686444 121.43972847 1.25  0.0 0.0
2015-07-02-19 36 05.839	  31.02686444 121.43972847 1.25  0.0 0.0
2015-07-02-19 36 05.941	  31.02686444 121.43972847 1.25  0.0 0.0
2015-07-02-19 36 06.043	  31.0268858 121.43971791 1.25  0.0 0.0
2015-07-02-19 36 06.226	  31.0268858 121.43971791 1.25  0.0 0.0
2015-07-02-19 36 06.328	  31.0268858 121.43971791 1.25  0.0 0.0
2015-07-02-19 36 06.430	  31.0268858 121.43971791 1.25  0.0 0.0
2015-07-02-19 36 06.533	  31.0268858 121.43971791 1.25  0.0 0.0
2015-07-02-19 36 06.636	  31.0268858 121.43971791 1.25  0.0 0.0
2015-07-02-19 36 06.747	  31.0268858 121.43971791 1.25  0.0 0.0
2015-07-02-19 36 06.848	  31.0268858 121.43971791 1.25  0.0 0.0
2015-07-02-19 36 06.949	  31.0268858 121.43971791 1.25  0.0 0.0
2015-07-02-19 36 07.055	  31.0268858 121.43971791 1.25  0.0 0.0
2015-07-02-19 36 07.159	  31.0268858 121.43971791 1.25  0.0 0.0
2015-07-02-19 36 07.261	  31.0268858 121.43971791 1.25  0.0 0.0
2015-07-02-19 36 07.393	  31.0268858 121.43971791 1.25  0.0 0.0
2015-07-02-19 36 07.495	  31.0268858 121.43971791 1.25  0.0 0.0
2015-07-02-19 36 07.605	  31.0268858 121.43971791 1.25  0.0 0.0
2015-07-02-19 36 07.710	  31.0268858 121.43971791 1.25  0.0 0.0
2015-07-02-19 36 07.816	  31.0268858 121.43971791 1.25  0.0 0.0
2015-07-02-19 36 08.002	  31.0268858 121.43971791 1.25  0.0 0.0
2015-07-02-19 36 08.104	  31.02690643 121.43970643 1.25  0.0 0.0
2015-07-02-19 36 08.214	  31.02690643 121.43970643 1.25  0.0 0.0
2015-07-02-19 36 08.317	  31.02690643 121.43970643 1.25  0.0 0.0
2015-07-02-19 36 08.420	  31.02690643 121.43970643 1.25  0.0 0.0
2015-07-02-19 36 08.556	  31.02690643 121.43970643 1.25  0.0 0.0
2015-07-02-19 36 08.662	  31.02690643 121.43970643 1.25  0.0 0.0
2015-07-02-19 36 08.765	  31.02690643 121.43970643 1.25  0.0 0.0
2015-07-02-19 36 08.869	  31.02690643 121.43970643 1.25  0.0 0.0
2015-07-02-19 36 08.973	  31.02690643 121.43970643 1.25  0.0 0.0
2015-07-02-19 36 09.147	  31.02690643 121.43970643 1.25  0.0 0.0
2015-07-02-19 36 09.250	  31.02690643 121.43970643 1.25  0.0 0.0
2015-07-02-19 36 09.352	  31.02690643 121.43970643 1.25  0.0 0.0
2015-07-02-19 36 09.460	  31.02690643 121.43970643 1.25  0.0 0.0
2015-07-02-19 36 09.567	  31.02690643 121.43970643 1.25  0.0 0.0
2015-07-02-19 36 09.701	  31.02690643 121.43970643 1.25  0.0 0.0
2015-07-02-19 36 09.805	  31.02690643 121.43970643 1.25  0.0 0.0
2015-07-02-19 36 09.919	  31.02690643 121.43970643 1.25  0.0 0.0
2015-07-02-19 36 10.021	  31.02690643 121.43970643 1.25  0.0 0.0
2015-07-02-19 36 10.122	  31.02692568 121.43969782 1.25  0.0 0.0
2015-07-02-19 36 10.268	  31.02692568 121.43969782 1.25  0.0 0.0
2015-07-02-19 36 10.372	  31.02692568 121.43969782 1.25  0.0 0.0
2015-07-02-19 36 10.501	  31.02692568 121.43969782 1.25  0.0 0.0
2015-07-02-19 36 10.603	  31.02692568 121.43969782 1.25  0.0 0.0
2015-07-02-19 36 10.725	  31.02692568 121.43969782 1.25  0.0 0.0
2015-07-02-19 36 10.827	  31.02692568 121.43969782 1.25  0.0 0.0
2015-07-02-19 36 10.929	  31.02692568 121.43969782 1.25  0.0 0.0
2015-07-02-19 36 11.033	  31.02692568 121.43969782 1.25  0.0 0.0
2015-07-02-19 36 11.146	  31.02692568 121.43969782 1.25  0.0 0.0
2015-07-02-19 36 11.249	  31.02692568 121.43969782 1.25  0.0 0.0
2015-07-02-19 36 11.350	  31.02692568 121.43969782 1.25  0.0 0.0
2015-07-02-19 36 11.452	  31.02692568 121.43969782 1.25  0.0 0.0
2015-07-02-19 36 11.555	  31.02692568 121.43969782 1.25  0.0 0.0
2015-07-02-19 36 11.660	  31.02692568 121.43969782 1.25  0.0 0.0
2015-07-02-19 36 11.799	  31.02692568 121.43969782 1.25  0.0 0.0
2015-07-02-19 36 11.900	  31.02692568 121.43969782 1.25  0.0 0.0
2015-07-02-19 36 12.004	  31.02692568 121.43969782 1.25  0.0 0.0
2015-07-02-19 36 12.106	  31.02694532 121.4396902 1.25  0.0 0.0
2015-07-02-19 36 12.210	  31.02694532 121.4396902 1.25  0.0 0.0
2015-07-02-19 36 12.313	  31.02694532 121.4396902 1.25  0.0 0.0
2015-07-02-19 36 12.422	  31.02694532 121.4396902 1.25  0.0 0.0
2015-07-02-19 36 12.534	  31.02694532 121.4396902 1.25  0.0 0.0
2015-07-02-19 36 12.636	  31.02694532 121.4396902 1.25  0.0 0.0
2015-07-02-19 36 12.743	  31.02694532 121.4396902 1.25  0.0 0.0
2015-07-02-19 36 12.853	  31.02694532 121.4396902 1.25  0.0 0.0
2015-07-02-19 36 12.966	  31.02694532 121.4396902 1.25  0.0 0.0
2015-07-02-19 36 13.069	  31.02694532 121.4396902 1.25  0.0 0.0
2015-07-02-19 36 13.171	  31.02694532 121.4396902 1.25  0.0 0.0
2015-07-02-19 36 13.275	  31.02694532 121.4396902 1.25  0.0 0.0
2015-07-02-19 36 13.393	  31.02694532 121.4396902 1.25  0.0 0.0
2015-07-02-19 36 13.494	  31.02694532 121.4396902 1.25  0.0 0.0
2015-07-02-19 36 13.599	  31.02694532 121.4396902 1.25  0.0 0.0
2015-07-02-19 36 13.701	  31.02694532 121.4396902 1.25  0.0 0.0
2015-07-02-19 36 13.803	  31.02694532 121.4396902 1.25  0.0 0.0
2015-07-02-19 36 13.905	  31.02694532 121.4396902 1.25  0.0 0.0
2015-07-02-19 36 14.015	  31.02694532 121.4396902 1.25  0.0 0.0
2015-07-02-19 36 14.118	  31.02696532 121.43968291 1.25  0.0 0.0
2015-07-02-19 36 14.226	  31.02696532 121.43968291 1.25  0.0 0.0
2015-07-02-19 36 14.330	  31.02696532 121.43968291 1.25  0.0 0.0
2015-07-02-19 36 14.434	  31.02696532 121.43968291 1.25  0.0 0.0
2015-07-02-19 36 14.536	  31.02696532 121.43968291 1.25  0.0 0.0
2015-07-02-19 36 14.644	  31.02696532 121.43968291 1.25  0.0 0.0
2015-07-02-19 36 14.751	  31.02696532 121.43968291 1.25  0.0 0.0
2015-07-02-19 36 14.864	  31.02696532 121.43968291 1.25  0.0 0.0
2015-07-02-19 36 14.966	  31.02696532 121.43968291 1.25  0.0 0.0
2015-07-02-19 36 15.075	  31.02696532 121.43968291 1.25  0.0 0.0
2015-07-02-19 36 15.178	  31.02696532 121.43968291 1.25  0.0 0.0
2015-07-02-19 36 15.280	  31.02696532 121.43968291 1.25  0.0 0.0
2015-07-02-19 36 15.382	  31.02696532 121.43968291 1.25  0.0 0.0
2015-07-02-19 36 15.489	  31.02696532 121.43968291 1.25  0.0 0.0
2015-07-02-19 36 15.592	  31.02696532 121.43968291 1.25  0.0 0.0
2015-07-02-19 36 15.700	  31.02696532 121.43968291 1.25  0.0 0.0
2015-07-02-19 36 15.814	  31.02696532 121.43968291 1.25  0.0 0.0
2015-07-02-19 36 15.918	  31.02696532 121.43968291 1.25  0.0 0.0
2015-07-02-19 36 16.027	  31.02696532 121.43968291 1.25  0.0 0.0
2015-07-02-19 36 16.131	  31.02698457 121.43967719 1.25  0.0 0.0
2015-07-02-19 36 16.236	  31.02698457 121.43967719 1.25  0.0 0.0
2015-07-02-19 36 16.339	  31.02698457 121.43967719 1.25  0.0 0.0
2015-07-02-19 36 16.457	  31.02698457 121.43967719 1.25  0.0 0.0
2015-07-02-19 36 16.558	  31.02698457 121.43967719 1.25  0.0 0.0
2015-07-02-19 36 16.664	  31.02698457 121.43967719 1.25  0.0 0.0
2015-07-02-19 36 16.766	  31.02698457 121.43967719 1.25  0.0 0.0
2015-07-02-19 36 16.880	  31.02698457 121.43967719 1.25  0.0 0.0
2015-07-02-19 36 16.983	  31.02698457 121.43967719 1.25  0.0 0.0
2015-07-02-19 36 17.085	  31.02698457 121.43967719 1.25  0.0 0.0
2015-07-02-19 36 17.186	  31.02698457 121.43967719 1.25  0.0 0.0
2015-07-02-19 36 17.292	  31.02698457 121.43967719 1.25  0.0 0.0
2015-07-02-19 36 17.394	  31.02698457 121.43967719 1.25  0.0 0.0
2015-07-02-19 36 17.507	  31.02698457 121.43967719 1.25  0.0 0.0
2015-07-02-19 36 17.610	  31.02698457 121.43967719 1.25  0.0 0.0
2015-07-02-19 36 17.712	  31.02698457 121.43967719 1.25  0.0 0.0
2015-07-02-19 36 17.814	  31.02698457 121.43967719 1.25  0.0 0.0
2015-07-02-19 36 17.923	  31.02698457 121.43967719 1.25  0.0 0.0
2015-07-02-19 36 18.029	  31.02698457 121.43967719 1.25  0.0 0.0
2015-07-02-19 36 18.147	  31.02700299 121.43966807 1.25  0.0 0.0
2015-07-02-19 36 18.248	  31.02700299 121.43966807 1.25  0.0 0.0
2015-07-02-19 36 18.352	  31.02700299 121.43966807 1.25  0.0 0.0
2015-07-02-19 36 18.455	  31.02700299 121.43966807 1.25  0.0 0.0
2015-07-02-19 36 18.574	  31.02700299 121.43966807 1.25  0.0 0.0
2015-07-02-19 36 18.676	  31.02700299 121.43966807 1.25  0.0 0.0
2015-07-02-19 36 18.778	  31.02700299 121.43966807 1.25  0.0 0.0
2015-07-02-19 36 18.882	  31.02700299 121.43966807 1.25  0.0 0.0
2015-07-02-19 36 18.997	  31.02700299 121.43966807 1.25  0.0 0.0
2015-07-02-19 36 19.099	  31.02700299 121.43966807 1.25  0.0 0.0
2015-07-02-19 36 19.202	  31.02700299 121.43966807 1.25  0.0 0.0
2015-07-02-19 36 19.305	  31.02700299 121.43966807 1.25  0.0 0.0
2015-07-02-19 36 19.419	  31.02700299 121.43966807 1.25  0.0 0.0
2015-07-02-19 36 19.523	  31.02700299 121.43966807 1.25  0.0 0.0
2015-07-02-19 36 19.630	  31.02700299 121.43966807 1.25  0.0 0.0
2015-07-02-19 36 19.733	  31.02700299 121.43966807 1.25  0.0 0.0
2015-07-02-19 36 19.839	  31.02700299 121.43966807 1.25  0.0 0.0
2015-07-02-19 36 19.940	  31.02700299 121.43966807 1.25  0.0 0.0
2015-07-02-19 36 20.050	  31.0270212 121.43965766 1.25  0.0 0.0
2015-07-02-19 36 20.152	  31.0270212 121.43965766 1.25  0.0 0.0
2015-07-02-19 36 20.258	  31.0270212 121.43965766 1.25  0.0 0.0
2015-07-02-19 36 20.361	  31.0270212 121.43965766 1.25  0.0 0.0
2015-07-02-19 36 20.473	  31.0270212 121.43965766 1.25  0.0 0.0
2015-07-02-19 36 20.585	  31.0270212 121.43965766 1.25  0.0 0.0
2015-07-02-19 36 20.686	  31.0270212 121.43965766 1.25  0.0 0.0
2015-07-02-19 36 20.792	  31.0270212 121.43965766 1.25  0.0 0.0
2015-07-02-19 36 20.894	  31.0270212 121.43965766 1.25  0.0 0.0
2015-07-02-19 36 21.000	  31.0270212 121.43965766 1.25  0.0 0.0
2015-07-02-19 36 21.103	  31.0270212 121.43965766 1.25  0.0 0.0
2015-07-02-19 36 21.214	  31.0270212 121.43965766 1.25  0.0 0.0
2015-07-02-19 36 21.317	  31.0270212 121.43965766 1.25  0.0 0.0
2015-07-02-19 36 21.428	  31.0270212 121.43965766 1.25  0.0 0.0
2015-07-02-19 36 21.532	  31.0270212 121.43965766 1.25  0.0 0.0
2015-07-02-19 36 21.644	  31.0270212 121.43965766 1.25  0.0 0.0
2015-07-02-19 36 21.745	  31.0270212 121.43965766 1.25  0.0 0.0
2015-07-02-19 36 21.854	  31.0270212 121.43965766 1.25  0.0 0.0
2015-07-02-19 36 21.957	  31.0270212 121.43965766 1.25  0.0 0.0
2015-07-02-19 36 22.067	  31.02704165 121.43964991 1.25  0.0 0.0
2015-07-02-19 36 22.171	  31.02704165 121.43964991 1.25  0.0 0.0
2015-07-02-19 36 22.277	  31.02704165 121.43964991 1.25  0.0 0.0
2015-07-02-19 36 22.378	  31.02704165 121.43964991 1.25  0.0 0.0
2015-07-02-19 36 22.488	  31.02704165 121.43964991 1.25  0.0 0.0
2015-07-02-19 36 22.590	  31.02704165 121.43964991 1.25  0.0 0.0
2015-07-02-19 36 22.696	  31.02704165 121.43964991 1.25  0.0 0.0
2015-07-02-19 36 22.802	  31.02704165 121.43964991 1.25  0.0 0.0
2015-07-02-19 36 22.921	  31.02704165 121.43964991 1.25  0.0 0.0
2015-07-02-19 36 23.025	  31.02704165 121.43964991 1.25  0.0 0.0
2015-07-02-19 36 23.207	  31.02704165 121.43964991 1.25  0.0 0.0
2015-07-02-19 36 23.309	  31.02704165 121.43964991 1.25  0.0 0.0
2015-07-02-19 36 23.425	  31.02704165 121.43964991 1.25  0.0 0.0
2015-07-02-19 36 23.528	  31.02704165 121.43964991 1.25  0.0 0.0
2015-07-02-19 36 23.696	  31.02704165 121.43964991 1.25  0.0 0.0
2015-07-02-19 36 23.798	  31.02704165 121.43964991 1.25  0.0 0.0
2015-07-02-19 36 23.915	  31.02704165 121.43964991 1.25  0.0 0.0
2015-07-02-19 36 24.018	  31.02704165 121.43964991 1.25  0.0 0.0
2015-07-02-19 36 24.180	  31.02706242 121.43964106 1.25  0.0 0.0
2015-07-02-19 36 24.282	  31.02706242 121.43964106 1.25  0.0 0.0
2015-07-02-19 36 24.419	  31.02706242 121.43964106 1.25  0.0 0.0
2015-07-02-19 36 24.525	  31.02706242 121.43964106 1.25  0.0 0.0
2015-07-02-19 36 24.695	  31.02706242 121.43964106 1.25  0.0 0.0
2015-07-02-19 36 24.797	  31.02706242 121.43964106 1.25  0.0 0.0
2015-07-02-19 36 24.934	  31.02706242 121.43964106 1.25  0.0 0.0
2015-07-02-19 36 25.040	  31.02706242 121.43964106 1.25  0.0 0.0
2015-07-02-19 36 25.205	  31.02706242 121.43964106 1.25  0.0 0.0
2015-07-02-19 36 25.308	  31.02706242 121.43964106 1.25  0.0 0.0
2015-07-02-19 36 25.449	  31.02706242 121.43964106 1.25  0.0 0.0
2015-07-02-19 36 25.551	  31.02706242 121.43964106 1.25  0.0 0.0
2015-07-02-19 36 25.654	  31.02706242 121.43964106 1.25  0.0 0.0
2015-07-02-19 36 25.812	  31.02706242 121.43964106 1.25  0.0 0.0
2015-07-02-19 36 25.921	  31.02706242 121.43964106 1.25  0.0 0.0
2015-07-02-19 36 26.027	  31.02708199 121.4396323 1.25  0.0 0.0
2015-07-02-19 36 26.175	  31.02708199 121.4396323 1.25  0.0 0.0
2015-07-02-19 36 26.277	  31.02708199 121.4396323 1.25  0.0 0.0
2015-07-02-19 36 26.420	  31.02708199 121.4396323 1.25  0.0 0.0
2015-07-02-19 36 26.522	  31.02708199 121.4396323 1.25  0.0 0.0
2015-07-02-19 36 26.640	  31.02708199 121.4396323 1.25  0.0 0.0
2015-07-02-19 36 26.742	  31.02708199 121.4396323 1.25  0.0 0.0
2015-07-02-19 36 26.852	  31.02708199 121.4396323 1.25  0.0 0.0
2015-07-02-19 36 26.963	  31.02708199 121.4396323 1.25  0.0 0.0
2015-07-02-19 36 27.067	  31.02708199 121.4396323 1.25  0.0 0.0
2015-07-02-19 36 27.174	  31.02708199 121.4396323 1.25  0.0 0.0
2015-07-02-19 36 27.276	  31.02708199 121.4396323 1.25  0.0 0.0
2015-07-02-19 36 27.380	  31.02708199 121.4396323 1.25  0.0 0.0
2015-07-02-19 36 27.485	  31.02708199 121.4396323 1.25  0.0 0.0
2015-07-02-19 36 27.597	  31.02708199 121.4396323 1.25  0.0 0.0
2015-07-02-19 36 27.701	  31.02708199 121.4396323 1.25  0.0 0.0
2015-07-02-19 36 27.808	  31.02708199 121.4396323 1.25  0.0 0.0
2015-07-02-19 36 27.909	  31.02708199 121.4396323 1.25  0.0 0.0
2015-07-02-19 36 28.020	  31.02708199 121.4396323 1.25  0.0 0.0
2015-07-02-19 36 28.124	  31.02710153 121.43962315 1.25  0.0 0.0
2015-07-02-19 36 28.241	  31.02710153 121.43962315 1.25  0.0 0.0
2015-07-02-19 36 28.342	  31.02710153 121.43962315 1.25  0.0 0.0
2015-07-02-19 36 28.499	  31.02710153 121.43962315 1.25  0.0 0.0
2015-07-02-19 36 28.605	  31.02710153 121.43962315 1.25  0.0 0.0
2015-07-02-19 36 28.707	  31.02710153 121.43962315 1.25  0.0 0.0
2015-07-02-19 36 28.814	  31.02710153 121.43962315 1.25  0.0 0.0
2015-07-02-19 36 28.918	  31.02710153 121.43962315 1.25  0.0 0.0
2015-07-02-19 36 29.070	  31.02710153 121.43962315 1.25  0.0 0.0
2015-07-02-19 36 29.173	  31.02710153 121.43962315 1.25  0.0 0.0
2015-07-02-19 36 29.324	  31.02710153 121.43962315 1.25  0.0 0.0
2015-07-02-19 36 29.428	  31.02710153 121.43962315 1.25  0.0 0.0
2015-07-02-19 36 29.530	  31.02710153 121.43962315 1.25  0.0 0.0
2015-07-02-19 36 29.684	  31.02710153 121.43962315 1.25  0.0 0.0
2015-07-02-19 36 29.786	  31.02710153 121.43962315 1.25  0.0 0.0
2015-07-02-19 36 29.953	  31.02710153 121.43962315 1.25  0.0 0.0
2015-07-02-19 36 30.056	  31.02712251 121.43961514 1.25  0.0 0.0
2015-07-02-19 36 30.159	  31.02712251 121.43961514 1.25  0.0 0.0
2015-07-02-19 36 30.307	  31.02712251 121.43961514 1.25  0.0 0.0
2015-07-02-19 36 30.411	  31.02712251 121.43961514 1.25  0.0 0.0
2015-07-02-19 36 30.585	  31.02712251 121.43961514 1.25  0.0 0.0
2015-07-02-19 36 30.689	  31.02712251 121.43961514 1.25  0.0 0.0
2015-07-02-19 36 30.793	  31.02712251 121.43961514 1.25  0.0 0.0
2015-07-02-19 36 30.903	  31.02712251 121.43961514 1.25  0.0 0.0
2015-07-02-19 36 31.007	  31.02712251 121.43961514 1.25  0.0 0.0
2015-07-02-19 36 31.196	  31.02712251 121.43961514 1.25  0.0 0.0
2015-07-02-19 36 31.297	  31.02712251 121.43961514 1.25  0.0 0.0
2015-07-02-19 36 31.441	  31.02712251 121.43961514 1.25  0.0 0.0
2015-07-02-19 36 31.546	  31.02712251 121.43961514 1.25  0.0 0.0
2015-07-02-19 36 31.648	  31.02712251 121.43961514 1.25  0.0 0.0
2015-07-02-19 36 31.764	  31.02712251 121.43961514 1.25  0.0 0.0
2015-07-02-19 36 31.867	  31.02712251 121.43961514 1.25  0.0 0.0
2015-07-02-19 36 32.013	  31.02712251 121.43961514 1.25  0.0 0.0
2015-07-02-19 36 32.121	  31.02714323 121.43960674 1.25  0.0 0.0
2015-07-02-19 36 32.223	  31.02714323 121.43960674 1.25  0.0 0.0
2015-07-02-19 36 32.376	  31.02714323 121.43960674 1.25  0.0 0.0
2015-07-02-19 36 32.481	  31.02714323 121.43960674 1.25  0.0 0.0
2015-07-02-19 36 32.663	  31.02714323 121.43960674 1.25  0.0 0.0
2015-07-02-19 36 32.769	  31.02714323 121.43960674 1.25  0.0 0.0
2015-07-02-19 36 32.874	  31.02714323 121.43960674 1.25  0.0 0.0
2015-07-02-19 36 33.048	  31.02714323 121.43960674 1.25  0.0 0.0
2015-07-02-19 36 33.150	  31.02714323 121.43960674 1.25  0.0 0.0
2015-07-02-19 36 33.295	  31.02714323 121.43960674 1.25  0.0 0.0
2015-07-02-19 36 33.413	  31.02714323 121.43960674 1.25  0.0 0.0
2015-07-02-19 36 33.516	  31.02714323 121.43960674 1.25  0.0 0.0
2015-07-02-19 36 33.658	  31.02714323 121.43960674 1.25  0.0 0.0
2015-07-02-19 36 33.767	  31.02714323 121.43960674 1.25  0.0 0.0
2015-07-02-19 36 33.923	  31.02714323 121.43960674 1.25  0.0 0.0
2015-07-02-19 36 34.032	  31.02714323 121.43960674 1.25  0.0 0.0
2015-07-02-19 36 34.134	  31.02716396 121.43960015 1.25  0.0 0.0
2015-07-02-19 36 34.288	  31.02716396 121.43960015 1.25  0.0 0.0
2015-07-02-19 36 34.390	  31.02716396 121.43960015 1.25  0.0 0.0
2015-07-02-19 36 34.543	  31.02716396 121.43960015 1.25  0.0 0.0
2015-07-02-19 36 34.659	  31.02716396 121.43960015 1.25  0.0 0.0
2015-07-02-19 36 34.761	  31.02716396 121.43960015 1.25  0.0 0.0
2015-07-02-19 36 34.935	  31.02716396 121.43960015 1.25  0.0 0.0
2015-07-02-19 36 35.042	  31.02716396 121.43960015 1.25  0.0 0.0
2015-07-02-19 36 35.162	  31.02716396 121.43960015 1.25  0.0 0.0
2015-07-02-19 36 35.269	  31.02716396 121.43960015 1.25  0.0 0.0
2015-07-02-19 36 35.371	  31.02716396 121.43960015 1.25  0.0 0.0
2015-07-02-19 36 35.545	  31.02716396 121.43960015 1.25  0.0 0.0
2015-07-02-19 36 35.648	  31.02716396 121.43960015 1.25  0.0 0.0
2015-07-02-19 36 35.792	  31.02716396 121.43960015 1.25  0.0 0.0
2015-07-02-19 36 35.895	  31.02716396 121.43960015 1.25  0.0 0.0
2015-07-02-19 36 36.042	  31.02716396 121.43960015 1.25  0.0 0.0
2015-07-02-19 36 36.144	  31.02718383 121.43959271 1.25  0.0 0.0
2015-07-02-19 36 36.248	  31.02718383 121.43959271 1.25  0.0 0.0
2015-07-02-19 36 36.357	  31.02718383 121.43959271 1.25  0.0 0.0
2015-07-02-19 36 36.461	  31.02718383 121.43959271 1.25  0.0 0.0
2015-07-02-19 36 36.642	  31.02718383 121.43959271 1.25  0.0 0.0
2015-07-02-19 36 36.746	  31.02718383 121.43959271 1.25  0.0 0.0
2015-07-02-19 36 36.850	  31.02718383 121.43959271 1.25  0.0 0.0
2015-07-02-19 36 37.011	  31.02718383 121.43959271 1.25  0.0 0.0
2015-07-02-19 36 37.114	  31.02718383 121.43959271 1.25  0.0 0.0
2015-07-02-19 36 37.216	  31.02718383 121.43959271 1.25  0.0 0.0
2015-07-02-19 36 37.335	  31.02718383 121.43959271 1.25  0.0 0.0
2015-07-02-19 36 37.443	  31.02718383 121.43959271 1.25  0.0 0.0
2015-07-02-19 36 37.553	  31.02718383 121.43959271 1.25  0.0 0.0
2015-07-02-19 36 37.660	  31.02718383 121.43959271 1.25  0.0 0.0
2015-07-02-19 36 37.763	  31.02718383 121.43959271 1.25  0.0 0.0
2015-07-02-19 36 37.914	  31.02718383 121.43959271 1.25  0.0 0.0
2015-07-02-19 36 38.016	  31.02718383 121.43959271 1.25  0.0 0.0
2015-07-02-19 36 38.121	  31.02720425 121.43958454 1.25  0.0 0.0
2015-07-02-19 36 38.259	  31.02720425 121.43958454 1.25  0.0 0.0
2015-07-02-19 36 38.364	  31.02720425 121.43958454 1.25  0.0 0.0
2015-07-02-19 36 38.475	  31.02720425 121.43958454 1.25  0.0 0.0
2015-07-02-19 36 38.627	  31.02720425 121.43958454 1.25  0.0 0.0
2015-07-02-19 36 38.732	  31.02720425 121.43958454 1.25  0.0 0.0
2015-07-02-19 36 38.834	  31.02720425 121.43958454 1.25  0.0 0.0
2015-07-02-19 36 38.953	  31.02720425 121.43958454 1.25  0.0 0.0
2015-07-02-19 36 39.056	  31.02720425 121.43958454 1.25  0.0 0.0
2015-07-02-19 36 39.158	  31.02720425 121.43958454 1.25  0.0 0.0
2015-07-02-19 36 39.278	  31.02720425 121.43958454 1.25  0.0 0.0
2015-07-02-19 36 39.380	  31.02720425 121.43958454 1.25  0.0 0.0
2015-07-02-19 36 39.485	  31.02720425 121.43958454 1.25  0.0 0.0
2015-07-02-19 36 39.636	  31.02720425 121.43958454 1.25  0.0 0.0
2015-07-02-19 36 39.742	  31.02720425 121.43958454 1.25  0.0 0.0
2015-07-02-19 36 39.845	  31.02720425 121.43958454 1.25  0.0 0.0
2015-07-02-19 36 40.007	  31.02720425 121.43958454 1.25  0.0 0.0
2015-07-02-19 36 40.113	  31.02722558 121.43957559 1.25  0.0 0.0
2015-07-02-19 36 40.217	  31.02722558 121.43957559 1.25  0.0 0.0
2015-07-02-19 36 40.350	  31.02722558 121.43957559 1.25  0.0 0.0
2015-07-02-19 36 40.464	  31.02722558 121.43957559 1.25  0.0 0.0
2015-07-02-19 36 40.576	  31.02722558 121.43957559 1.25  0.0 0.0
2015-07-02-19 36 40.749	  31.02722558 121.43957559 1.25  0.0 0.0
2015-07-02-19 36 40.855	  31.02722558 121.43957559 1.25  0.0 0.0
2015-07-02-19 36 40.974	  31.02722558 121.43957559 1.25  0.0 0.0
2015-07-02-19 36 41.076	  31.02722558 121.43957559 1.25  0.0 0.0
2015-07-02-19 36 41.179	  31.02722558 121.43957559 1.25  0.0 0.0
2015-07-02-19 36 41.340	  31.02722558 121.43957559 1.25  0.0 0.0
2015-07-02-19 36 41.494	  31.02722558 121.43957559 1.25  0.0 0.0
2015-07-02-19 36 41.599	  31.02722558 121.43957559 1.25  0.0 0.0
2015-07-02-19 36 41.701	  31.02722558 121.43957559 1.25  0.0 0.0
2015-07-02-19 36 41.838	  31.02722558 121.43957559 1.25  0.0 0.0
2015-07-02-19 36 41.943	  31.02722558 121.43957559 1.25  0.0 0.0
2015-07-02-19 36 42.095	  31.02724671 121.439568 1.25  0.0 0.0
2015-07-02-19 36 42.219	  31.02724671 121.439568 1.25  0.0 0.0
2015-07-02-19 36 42.321	  31.02724671 121.439568 1.25  0.0 0.0
2015-07-02-19 36 42.423	  31.02724671 121.439568 1.25  0.0 0.0
2015-07-02-19 36 42.570	  31.02724671 121.439568 1.25  0.0 0.0
2015-07-02-19 36 42.689	  31.02724671 121.439568 1.25  0.0 0.0
2015-07-02-19 36 42.793	  31.02724671 121.439568 1.25  0.0 0.0
2015-07-02-19 36 42.897	  31.02724671 121.439568 1.25  0.0 0.0
2015-07-02-19 36 43.017	  31.02724671 121.439568 1.25  0.0 0.0
2015-07-02-19 36 43.143	  31.02724671 121.439568 1.25  0.0 0.0
2015-07-02-19 36 43.250	  31.02724671 121.439568 1.25  0.0 0.0
2015-07-02-19 36 43.352	  31.02724671 121.439568 1.25  0.0 0.0
2015-07-02-19 36 43.522	  31.02724671 121.439568 1.25  0.0 0.0
2015-07-02-19 36 43.625	  31.02724671 121.439568 1.25  0.0 0.0
2015-07-02-19 36 43.749	  31.02724671 121.439568 1.25  0.0 0.0
2015-07-02-19 36 43.854	  31.02724671 121.439568 1.25  0.0 0.0
2015-07-02-19 36 44.027	  31.02724671 121.439568 1.25  0.0 0.0
2015-07-02-19 36 44.149	  31.02726771 121.43956161 1.25  0.0 0.0
2015-07-02-19 36 44.255	  31.02726771 121.43956161 1.25  0.0 0.0
2015-07-02-19 36 44.357	  31.02726771 121.43956161 1.25  0.0 0.0
2015-07-02-19 36 44.489	  31.02726771 121.43956161 1.25  0.0 0.0
2015-07-02-19 36 44.620	  31.02726771 121.43956161 1.25  0.0 0.0
2015-07-02-19 36 44.735	  31.02726771 121.43956161 1.25  0.0 0.0
2015-07-02-19 36 44.839	  31.02726771 121.43956161 1.25  0.0 0.0
2015-07-02-19 36 44.958	  31.02726771 121.43956161 1.25  0.0 0.0
2015-07-02-19 36 45.066	  31.02726771 121.43956161 1.25  0.0 0.0
2015-07-02-19 36 45.192	  31.02726771 121.43956161 1.25  0.0 0.0
2015-07-02-19 36 45.311	  31.02726771 121.43956161 1.25  0.0 0.0
2015-07-02-19 36 45.415	  31.02726771 121.43956161 1.25  0.0 0.0
2015-07-02-19 36 45.519	  31.02726771 121.43956161 1.25  0.0 0.0
2015-07-02-19 36 45.672	  31.02726771 121.43956161 1.25  0.0 0.0
2015-07-02-19 36 45.809	  31.02726771 121.43956161 1.25  0.0 0.0
2015-07-02-19 36 45.920	  31.02726771 121.43956161 1.25  0.0 0.0
2015-07-02-19 36 46.068	  31.02728843 121.43955574 1.25  0.0 0.0
2015-07-02-19 36 46.177	  31.02728843 121.43955574 1.25  0.0 0.0
2015-07-02-19 36 46.279	  31.02728843 121.43955574 1.25  0.0 0.0
2015-07-02-19 36 46.406	  31.02728843 121.43955574 1.25  0.0 0.0
2015-07-02-19 36 46.542	  31.02728843 121.43955574 1.25  0.0 0.0
2015-07-02-19 36 46.644	  31.02728843 121.43955574 1.25  0.0 0.0
2015-07-02-19 36 46.745	  31.02728843 121.43955574 1.25  0.0 0.0
2015-07-02-19 36 46.915	  31.02728843 121.43955574 1.25  0.0 0.0
2015-07-02-19 36 47.047	  31.02728843 121.43955574 1.25  0.0 0.0
2015-07-02-19 36 47.153	  31.02728843 121.43955574 1.25  0.0 0.0
2015-07-02-19 36 47.255	  31.02728843 121.43955574 1.25  0.0 0.0
2015-07-02-19 36 47.399	  31.02728843 121.43955574 1.25  0.0 0.0
2015-07-02-19 36 47.559	  31.02728843 121.43955574 1.25  0.0 0.0
2015-07-02-19 36 47.665	  31.02728843 121.43955574 1.25  0.0 0.0
2015-07-02-19 36 47.767	  31.02728843 121.43955574 1.25  0.0 0.0
2015-07-02-19 36 47.908	  31.02728843 121.43955574 1.25  0.0 0.0
2015-07-02-19 36 48.041	  31.02728843 121.43955574 1.25  0.0 0.0
2015-07-02-19 36 48.147	  31.0273107 121.43955007 1.25  0.0 0.0
2015-07-02-19 36 48.249	  31.0273107 121.43955007 1.25  0.0 0.0
2015-07-02-19 36 48.393	  31.0273107 121.43955007 1.25  0.0 0.0
2015-07-02-19 36 48.537	  31.0273107 121.43955007 1.25  0.0 0.0
2015-07-02-19 36 48.644	  31.0273107 121.43955007 1.25  0.0 0.0
2015-07-02-19 36 48.747	  31.0273107 121.43955007 1.25  0.0 0.0
2015-07-02-19 36 48.878	  31.0273107 121.43955007 1.25  0.0 0.0
2015-07-02-19 36 49.047	  31.0273107 121.43955007 1.25  0.0 0.0
2015-07-02-19 36 49.151	  31.0273107 121.43955007 1.25  0.0 0.0
2015-07-02-19 36 49.254	  31.0273107 121.43955007 1.25  0.0 0.0
2015-07-02-19 36 49.394	  31.0273107 121.43955007 1.25  0.0 0.0
2015-07-02-19 36 49.511	  31.0273107 121.43955007 1.25  0.0 0.0
2015-07-02-19 36 49.619	  31.0273107 121.43955007 1.25  0.0 0.0
2015-07-02-19 36 49.723	  31.0273107 121.43955007 1.25  0.0 0.0
2015-07-02-19 36 49.854	  31.0273107 121.43955007 1.25  0.0 0.0
2015-07-02-19 36 50.001	  31.0273107 121.43955007 1.25  0.0 0.0
2015-07-02-19 36 50.106	  31.02733304 121.439544 1.25  0.0 0.0
2015-07-02-19 36 50.207	  31.02733304 121.439544 1.25  0.0 0.0
2015-07-02-19 36 50.356	  31.02733304 121.439544 1.25  0.0 0.0
2015-07-02-19 36 50.495	  31.02733304 121.439544 1.25  0.0 0.0
2015-07-02-19 36 50.598	  31.02733304 121.439544 1.25  0.0 0.0
2015-07-02-19 36 50.751	  31.02733304 121.439544 1.25  0.0 0.0
2015-07-02-19 36 50.891	  31.02733304 121.439544 1.25  0.0 0.0
2015-07-02-19 36 50.995	  31.02733304 121.439544 1.25  0.0 0.0
2015-07-02-19 36 51.144	  31.02733304 121.439544 1.25  0.0 0.0
2015-07-02-19 36 51.249	  31.02733304 121.439544 1.25  0.0 0.0
2015-07-02-19 36 51.353	  31.02733304 121.439544 1.25  0.0 0.0
2015-07-02-19 36 51.499	  31.02733304 121.439544 1.25  0.0 0.0
2015-07-02-19 36 51.641	  31.02733304 121.439544 1.25  0.0 0.0
2015-07-02-19 36 51.755	  31.02733304 121.439544 1.25  0.0 0.0
2015-07-02-19 36 51.858	  31.02733304 121.439544 1.25  0.0 0.0
2015-07-02-19 36 51.976	  31.02733304 121.439544 1.25  0.0 0.0
2015-07-02-19 36 52.143	  31.02735279 121.43953495 1.25  0.0 0.0
2015-07-02-19 36 52.279	  31.02735279 121.43953495 1.25  0.0 0.0
2015-07-02-19 36 52.395	  31.02735279 121.43953495 1.25  0.0 0.0
2015-07-02-19 36 52.498	  31.02735279 121.43953495 1.25  0.0 0.0
2015-07-02-19 36 52.632	  31.02735279 121.43953495 1.25  0.0 0.0
2015-07-02-19 36 52.750	  31.02735279 121.43953495 1.25  0.0 0.0
2015-07-02-19 36 52.888	  31.02735279 121.43953495 1.25  0.0 0.0
2015-07-02-19 36 52.991	  31.02735279 121.43953495 1.25  0.0 0.0
2015-07-02-19 36 53.093	  31.02735279 121.43953495 1.25  0.0 0.0
2015-07-02-19 36 53.228	  31.02735279 121.43953495 1.25  0.0 0.0
2015-07-02-19 36 53.331	  31.02735279 121.43953495 1.25  0.0 0.0
2015-07-02-19 36 53.471	  31.02735279 121.43953495 1.25  0.0 0.0
2015-07-02-19 36 53.656	  31.02735279 121.43953495 1.25  0.0 0.0
2015-07-02-19 36 53.759	  31.02735279 121.43953495 1.25  0.0 0.0
2015-07-02-19 36 53.865	  31.02735279 121.43953495 1.25  0.0 0.0
2015-07-02-19 36 54.049	  31.02737207 121.43952607 1.25  0.0 0.0
2015-07-02-19 36 54.170	  31.02737207 121.43952607 1.25  0.0 0.0
2015-07-02-19 36 54.287	  31.02737207 121.43952607 1.25  0.0 0.0
2015-07-02-19 36 54.392	  31.02737207 121.43952607 1.25  0.0 0.0
2015-07-02-19 36 54.494	  31.02737207 121.43952607 1.25  0.0 0.0
2015-07-02-19 36 54.644	  31.02737207 121.43952607 1.25  0.0 0.0
2015-07-02-19 36 54.797	  31.02737207 121.43952607 1.25  0.0 0.0
2015-07-02-19 36 54.940	  31.02737207 121.43952607 1.25  0.0 0.0
2015-07-02-19 36 55.047	  31.02737207 121.43952607 1.25  0.0 0.0
2015-07-02-19 36 55.154	  31.02737207 121.43952607 1.25  0.0 0.0
2015-07-02-19 36 55.275	  31.02737207 121.43952607 1.25  0.0 0.0
2015-07-02-19 36 55.445	  31.02737207 121.43952607 1.25  0.0 0.0
2015-07-02-19 36 55.583	  31.02737207 121.43952607 1.25  0.0 0.0
2015-07-02-19 36 55.696	  31.02737207 121.43952607 1.25  0.0 0.0
2015-07-02-19 36 55.797	  31.02737207 121.43952607 1.25  0.0 0.0
2015-07-02-19 36 55.934	  31.02737207 121.43952607 1.25  0.0 0.0
2015-07-02-19 36 56.044	  31.02737207 121.43952607 1.25  0.0 0.0
2015-07-02-19 36 56.150	  31.02739138 121.43951371 1.25  0.0 0.0
2015-07-02-19 36 56.253	  31.02739138 121.43951371 1.25  0.0 0.0
2015-07-02-19 36 56.394	  31.02739138 121.43951371 1.25  0.0 0.0
2015-07-02-19 36 56.539	  31.02739138 121.43951371 1.25  0.0 0.0
2015-07-02-19 36 56.647	  31.02739138 121.43951371 1.25  0.0 0.0
2015-07-02-19 36 56.754	  31.02739138 121.43951371 1.25  0.0 0.0
2015-07-02-19 36 56.900	  31.02739138 121.43951371 1.25  0.0 0.0
2015-07-02-19 36 57.028	  31.02739138 121.43951371 1.25  0.0 0.0
2015-07-02-19 36 57.190	  31.02739138 121.43951371 1.25  0.0 0.0
2015-07-02-19 36 57.341	  31.02739138 121.43951371 1.25  0.0 0.0
2015-07-02-19 36 57.480	  31.02739138 121.43951371 1.25  0.0 0.0
2015-07-02-19 36 57.638	  31.02739138 121.43951371 1.25  0.0 0.0
2015-07-02-19 36 57.756	  31.02739138 121.43951371 1.25  0.0 0.0
2015-07-02-19 36 57.908	  31.02739138 121.43951371 1.25  0.0 0.0
2015-07-02-19 36 58.077	  31.02741204 121.43950442 1.25  0.0 0.0
2015-07-02-19 36 58.196	  31.02741204 121.43950442 1.25  0.0 0.0
2015-07-02-19 36 58.346	  31.02741204 121.43950442 1.25  0.0 0.0
2015-07-02-19 36 58.500	  31.02741204 121.43950442 1.25  0.0 0.0
2015-07-02-19 36 58.669	  31.02741204 121.43950442 1.25  0.0 0.0
2015-07-02-19 36 58.810	  31.02741204 121.43950442 1.25  0.0 0.0
2015-07-02-19 36 58.948	  31.02741204 121.43950442 1.25  0.0 0.0
2015-07-02-19 36 59.095	  31.02741204 121.43950442 1.25  0.0 0.0
2015-07-02-19 36 59.230	  31.02741204 121.43950442 1.25  0.0 0.0
2015-07-02-19 36 59.359	  31.02741204 121.43950442 1.25  0.0 0.0
2015-07-02-19 36 59.525	  31.02741204 121.43950442 1.25  0.0 0.0
2015-07-02-19 36 59.675	  31.02741204 121.43950442 1.25  0.0 0.0
2015-07-02-19 36 59.826	  31.02741204 121.43950442 1.25  0.0 0.0
2015-07-02-19 36 59.928	  31.02741204 121.43950442 1.25  0.0 0.0
2015-07-02-19 37 00.030	  31.02743148 121.4394914 1.25  0.0 0.0
2015-07-02-19 37 00.168	  31.02743148 121.4394914 1.25  0.0 0.0
2015-07-02-19 37 00.307	  31.02743148 121.4394914 1.25  0.0 0.0
2015-07-02-19 37 00.441	  31.02743148 121.4394914 1.25  0.0 0.0
2015-07-02-19 37 00.556	  31.02743148 121.4394914 1.25  0.0 0.0
2015-07-02-19 37 00.722	  31.02743148 121.4394914 1.25  0.0 0.0
2015-07-02-19 37 00.849	  31.02743148 121.4394914 1.25  0.0 0.0
2015-07-02-19 37 00.986	  31.02743148 121.4394914 1.25  0.0 0.0
2015-07-02-19 37 01.146	  31.02743148 121.4394914 1.25  0.0 0.0
2015-07-02-19 37 01.250	  31.02743148 121.4394914 1.25  0.0 0.0
2015-07-02-19 37 01.353	  31.02743148 121.4394914 1.25  0.0 0.0
2015-07-02-19 37 01.500	  31.02743148 121.4394914 1.25  0.0 0.0
2015-07-02-19 37 01.644	  31.02743148 121.4394914 1.25  0.0 0.0
2015-07-02-19 37 01.781	  31.02743148 121.4394914 1.25  0.0 0.0
2015-07-02-19 37 01.899	  31.02743148 121.4394914 1.25  0.0 0.0
2015-07-02-19 37 02.039	  31.02745098 121.4394798 1.25  0.0 0.0
2015-07-02-19 37 02.163	  31.02745098 121.4394798 1.25  0.0 0.0
2015-07-02-19 37 02.305	  31.02745098 121.4394798 1.25  0.0 0.0
2015-07-02-19 37 02.413	  31.02745098 121.4394798 1.25  0.0 0.0
2015-07-02-19 37 02.518	  31.02745098 121.4394798 1.25  0.0 0.0
2015-07-02-19 37 02.633	  31.02745098 121.4394798 1.25  0.0 0.0
2015-07-02-19 37 02.764	  31.02745098 121.4394798 1.25  0.0 0.0
2015-07-02-19 37 02.868	  31.02745098 121.4394798 1.25  0.0 0.0
2015-07-02-19 37 02.973	  31.02745098 121.4394798 1.25  0.0 0.0
2015-07-02-19 37 03.075	  31.02745098 121.4394798 1.25  0.0 0.0
2015-07-02-19 37 03.177	  31.02745098 121.4394798 1.25  0.0 0.0
2015-07-02-19 37 03.312	  31.02745098 121.4394798 1.25  0.0 0.0
2015-07-02-19 37 03.473	  31.02745098 121.4394798 1.25  0.0 0.0
2015-07-02-19 37 03.626	  31.02745098 121.4394798 1.25  0.0 0.0
2015-07-02-19 37 03.743	  31.02745098 121.4394798 1.25  0.0 0.0
2015-07-02-19 37 03.890	  31.02745098 121.4394798 1.25  0.0 0.0
2015-07-02-19 37 04.045	  31.0274708 121.43947334 1.25  0.0 0.0
2015-07-02-19 37 04.171	  31.0274708 121.43947334 1.25  0.0 0.0
2015-07-02-19 37 04.273	  31.0274708 121.43947334 1.25  0.0 0.0
2015-07-02-19 37 04.375	  31.0274708 121.43947334 1.25  0.0 0.0
2015-07-02-19 37 04.487	  31.0274708 121.43947334 1.25  0.0 0.0
2015-07-02-19 37 04.596	  31.0274708 121.43947334 1.25  0.0 0.0
2015-07-02-19 37 04.715	  31.0274708 121.43947334 1.25  0.0 0.0
2015-07-02-19 37 04.853	  31.0274708 121.43947334 1.25  0.0 0.0
2015-07-02-19 37 04.963	  31.0274708 121.43947334 1.25  0.0 0.0
2015-07-02-19 37 05.070	  31.0274708 121.43947334 1.25  0.0 0.0
2015-07-02-19 37 05.176	  31.0274708 121.43947334 1.25  0.0 0.0
2015-07-02-19 37 05.279	  31.0274708 121.43947334 1.25  0.0 0.0
2015-07-02-19 37 05.385	  31.0274708 121.43947334 1.25  0.0 0.0
2015-07-02-19 37 05.488	  31.0274708 121.43947334 1.25  0.0 0.0
2015-07-02-19 37 05.590	  31.0274708 121.43947334 1.25  0.0 0.0
2015-07-02-19 37 05.692	  31.0274708 121.43947334 1.25  0.0 0.0
2015-07-02-19 37 05.801	  31.0274708 121.43947334 1.25  0.0 0.0
2015-07-02-19 37 05.916	  31.0274708 121.43947334 1.25  0.0 0.0
2015-07-02-19 37 06.021	  31.0274708 121.43947334 1.25  0.0 0.0
2015-07-02-19 37 06.124	  31.02748873 121.43946273 1.25  0.0 0.0
2015-07-02-19 37 06.232	  31.02748873 121.43946273 1.25  0.0 0.0
2015-07-02-19 37 06.335	  31.02748873 121.43946273 1.25  0.0 0.0
2015-07-02-19 37 06.451	  31.02748873 121.43946273 1.25  0.0 0.0
2015-07-02-19 37 06.569	  31.02748873 121.43946273 1.25  0.0 0.0
2015-07-02-19 37 06.709	  31.02748873 121.43946273 1.25  0.0 0.0
2015-07-02-19 37 06.851	  31.02748873 121.43946273 1.25  0.0 0.0
2015-07-02-19 37 07.004	  31.02748873 121.43946273 1.25  0.0 0.0
2015-07-02-19 37 07.151	  31.02748873 121.43946273 1.25  0.0 0.0
2015-07-02-19 37 07.268	  31.02748873 121.43946273 1.25  0.0 0.0
2015-07-02-19 37 07.386	  31.02748873 121.43946273 1.25  0.0 0.0
2015-07-02-19 37 07.504	  31.02748873 121.43946273 1.25  0.0 0.0
2015-07-02-19 37 07.637	  31.02748873 121.43946273 1.25  0.0 0.0
2015-07-02-19 37 07.798	  31.02748873 121.43946273 1.25  0.0 0.0
2015-07-02-19 37 07.918	  31.02748873 121.43946273 1.25  0.0 0.0
2015-07-02-19 37 08.035	  31.02750564 121.43945068 1.25  0.0 0.0
2015-07-02-19 37 08.162	  31.02750564 121.43945068 1.25  0.0 0.0
2015-07-02-19 37 08.294	  31.02750564 121.43945068 1.25  0.0 0.0
2015-07-02-19 37 08.413	  31.02750564 121.43945068 1.25  0.0 0.0
2015-07-02-19 37 08.554	  31.02750564 121.43945068 1.25  0.0 0.0
2015-07-02-19 37 08.698	  31.02750564 121.43945068 1.25  0.0 0.0
2015-07-02-19 37 08.827	  31.02750564 121.43945068 1.25  0.0 0.0
2015-07-02-19 37 09.001	  31.02750564 121.43945068 1.25  0.0 0.0
2015-07-02-19 37 09.133	  31.02750564 121.43945068 1.25  0.0 0.0
2015-07-02-19 37 09.280	  31.02750564 121.43945068 1.25  0.0 0.0
2015-07-02-19 37 09.420	  31.02750564 121.43945068 1.25  0.0 0.0
2015-07-02-19 37 09.581	  31.02750564 121.43945068 1.25  0.0 0.0
2015-07-02-19 37 09.699	  31.02750564 121.43945068 1.25  0.0 0.0
2015-07-02-19 37 09.847	  31.02750564 121.43945068 1.25  0.0 0.0
2015-07-02-19 37 10.006	  31.02750564 121.43945068 1.25  0.0 0.0
2015-07-02-19 37 10.129	  31.02752344 121.43943954 1.25  0.0 0.0
2015-07-02-19 37 10.271	  31.02752344 121.43943954 1.25  0.0 0.0
2015-07-02-19 37 10.422	  31.02752344 121.43943954 1.25  0.0 0.0
2015-07-02-19 37 10.542	  31.02752344 121.43943954 1.25  0.0 0.0
2015-07-02-19 37 10.675	  31.02752344 121.43943954 1.25  0.0 0.0
2015-07-02-19 37 10.810	  31.02752344 121.43943954 1.25  0.0 0.0
2015-07-02-19 37 10.994	  31.02752344 121.43943954 1.25  0.0 0.0
2015-07-02-19 37 11.118	  31.02752344 121.43943954 1.25  0.0 0.0
2015-07-02-19 37 11.227	  31.02752344 121.43943954 1.25  0.0 0.0
2015-07-02-19 37 11.347	  31.02752344 121.43943954 1.25  0.0 0.0
2015-07-02-19 37 11.498	  31.02752344 121.43943954 1.25  0.0 0.0
2015-07-02-19 37 11.656	  31.02752344 121.43943954 1.25  0.0 0.0
2015-07-02-19 37 11.792	  31.02752344 121.43943954 1.25  0.0 0.0
2015-07-02-19 37 11.909	  31.02752344 121.43943954 1.25  0.0 0.0
2015-07-02-19 37 12.073	  31.02754274 121.43943038 1.25  0.0 0.0
2015-07-02-19 37 12.215	  31.02754274 121.43943038 1.25  0.0 0.0
2015-07-02-19 37 12.360	  31.02754274 121.43943038 1.25  0.0 0.0
2015-07-02-19 37 12.504	  31.02754274 121.43943038 1.25  0.0 0.0
2015-07-02-19 37 12.643	  31.02754274 121.43943038 1.25  0.0 0.0
2015-07-02-19 37 12.745	  31.02754274 121.43943038 1.25  0.0 0.0
2015-07-02-19 37 12.850	  31.02754274 121.43943038 1.25  0.0 0.0
2015-07-02-19 37 12.961	  31.02754274 121.43943038 1.25  0.0 0.0
2015-07-02-19 37 13.154	  31.02754274 121.43943038 1.25  0.0 0.0
2015-07-02-19 37 13.272	  31.02754274 121.43943038 1.25  0.0 0.0
2015-07-02-19 37 13.419	  31.02754274 121.43943038 1.25  0.0 0.0
2015-07-02-19 37 13.596	  31.02754274 121.43943038 1.25  0.0 0.0
2015-07-02-19 37 13.737	  31.02754274 121.43943038 1.25  0.0 0.0
2015-07-02-19 37 13.893	  31.02754274 121.43943038 1.25  0.0 0.0
2015-07-02-19 37 14.045	  31.02756293 121.43942113 1.25  0.0 0.0
2015-07-02-19 37 14.197	  31.02756293 121.43942113 1.25  0.0 0.0
2015-07-02-19 37 14.336	  31.02756293 121.43942113 1.25  0.0 0.0
2015-07-02-19 37 14.475	  31.02756293 121.43942113 1.25  0.0 0.0
2015-07-02-19 37 14.618	  31.02756293 121.43942113 1.25  0.0 0.0
2015-07-02-19 37 14.796	  31.02756293 121.43942113 1.25  0.0 0.0
2015-07-02-19 37 14.913	  31.02756293 121.43942113 1.25  0.0 0.0
2015-07-02-19 37 15.045	  31.02756293 121.43942113 1.25  0.0 0.0
2015-07-02-19 37 15.172	  31.02756293 121.43942113 1.25  0.0 0.0
2015-07-02-19 37 15.313	  31.02756293 121.43942113 1.25  0.0 0.0
2015-07-02-19 37 15.448	  31.02756293 121.43942113 1.25  0.0 0.0
2015-07-02-19 37 15.568	  31.02756293 121.43942113 1.25  0.0 0.0
2015-07-02-19 37 15.721	  31.02756293 121.43942113 1.25  0.0 0.0
2015-07-02-19 37 15.897	  31.02756293 121.43942113 1.25  0.0 0.0
2015-07-02-19 37 16.016	  31.02756293 121.43942113 1.25  0.0 0.0
2015-07-02-19 37 16.142	  31.02758267 121.43941323 1.25  0.0 0.0
2015-07-02-19 37 16.293	  31.02758267 121.43941323 1.25  0.0 0.0
2015-07-02-19 37 16.443	  31.02758267 121.43941323 1.25  0.0 0.0
2015-07-02-19 37 16.563	  31.02758267 121.43941323 1.25  0.0 0.0
2015-07-02-19 37 16.722	  31.02758267 121.43941323 1.25  0.0 0.0
2015-07-02-19 37 16.840	  31.02758267 121.43941323 1.25  0.0 0.0
2015-07-02-19 37 16.956	  31.02758267 121.43941323 1.25  0.0 0.0
2015-07-02-19 37 17.089	  31.02758267 121.43941323 1.25  0.0 0.0
2015-07-02-19 37 17.229	  31.02758267 121.43941323 1.25  0.0 0.0
2015-07-02-19 37 17.390	  31.02758267 121.43941323 1.25  0.0 0.0
2015-07-02-19 37 17.508	  31.02758267 121.43941323 1.25  0.0 0.0
2015-07-02-19 37 17.645	  31.02758267 121.43941323 1.25  0.0 0.0
2015-07-02-19 37 17.806	  31.02758267 121.43941323 1.25  0.0 0.0
2015-07-02-19 37 17.945	  31.02758267 121.43941323 1.25  0.0 0.0
2015-07-02-19 37 18.083	  31.02760392 121.43940619 1.25  0.0 0.0
2015-07-02-19 37 18.217	  31.02760392 121.43940619 1.25  0.0 0.0
2015-07-02-19 37 18.333	  31.02760392 121.43940619 1.25  0.0 0.0
2015-07-02-19 37 18.453	  31.02760392 121.43940619 1.25  0.0 0.0
2015-07-02-19 37 18.574	  31.02760392 121.43940619 1.25  0.0 0.0
2015-07-02-19 37 18.731	  31.02760392 121.43940619 1.25  0.0 0.0
2015-07-02-19 37 18.882	  31.02760392 121.43940619 1.25  0.0 0.0
2015-07-02-19 37 19.024	  31.02760392 121.43940619 1.25  0.0 0.0
2015-07-02-19 37 19.212	  31.02760392 121.43940619 1.25  0.0 0.0
2015-07-02-19 37 19.352	  31.02760392 121.43940619 1.25  0.0 0.0
2015-07-02-19 37 19.493	  31.02760392 121.43940619 1.25  0.0 0.0
2015-07-02-19 37 19.656	  31.02760392 121.43940619 1.25  0.0 0.0
2015-07-02-19 37 19.774	  31.02760392 121.43940619 1.25  0.0 0.0
2015-07-02-19 37 19.944	  31.02760392 121.43940619 1.25  0.0 0.0
2015-07-02-19 37 20.084	  31.02762513 121.43939622 1.25  0.0 0.0
2015-07-02-19 37 20.232	  31.02762513 121.43939622 1.25  0.0 0.0
2015-07-02-19 37 20.399	  31.02762513 121.43939622 1.25  0.0 0.0
2015-07-02-19 37 20.518	  31.02762513 121.43939622 1.25  0.0 0.0
2015-07-02-19 37 20.652	  31.02762513 121.43939622 1.25  0.0 0.0
2015-07-02-19 37 20.771	  31.02762513 121.43939622 1.25  0.0 0.0
2015-07-02-19 37 20.916	  31.02762513 121.43939622 1.25  0.0 0.0
2015-07-02-19 37 21.068	  31.02762513 121.43939622 1.25  0.0 0.0
2015-07-02-19 37 21.209	  31.02762513 121.43939622 1.25  0.0 0.0
2015-07-02-19 37 21.314	  31.02762513 121.43939622 1.25  0.0 0.0
2015-07-02-19 37 21.446	  31.02762513 121.43939622 1.25  0.0 0.0
2015-07-02-19 37 21.601	  31.02762513 121.43939622 1.25  0.0 0.0
2015-07-02-19 37 21.718	  31.02762513 121.43939622 1.25  0.0 0.0
2015-07-02-19 37 21.865	  31.02762513 121.43939622 1.25  0.0 0.0
2015-07-02-19 37 21.996	  31.02762513 121.43939622 1.25  0.0 0.0
2015-07-02-19 37 22.147	  31.02764703 121.43938768 1.25  0.0 0.0
2015-07-02-19 37 22.275	  31.02764703 121.43938768 1.25  0.0 0.0
2015-07-02-19 37 22.407	  31.02764703 121.43938768 1.25  0.0 0.0
2015-07-02-19 37 22.528	  31.02764703 121.43938768 1.25  0.0 0.0
2015-07-02-19 37 22.686	  31.02764703 121.43938768 1.25  0.0 0.0
2015-07-02-19 37 22.841	  31.02764703 121.43938768 1.25  0.0 0.0
2015-07-02-19 37 22.959	  31.02764703 121.43938768 1.25  0.0 0.0
2015-07-02-19 37 23.078	  31.02764703 121.43938768 1.25  0.0 0.0
2015-07-02-19 37 23.194	  31.02764703 121.43938768 1.25  0.0 0.0
2015-07-02-19 37 23.333	  31.02764703 121.43938768 1.25  0.0 0.0
2015-07-02-19 37 23.453	  31.02764703 121.43938768 1.25  0.0 0.0
2015-07-02-19 37 23.580	  31.02764703 121.43938768 1.25  0.0 0.0
2015-07-02-19 37 23.725	  31.02764703 121.43938768 1.25  0.0 0.0
2015-07-02-19 37 23.845	  31.02764703 121.43938768 1.25  0.0 0.0
2015-07-02-19 37 23.974	  31.02764703 121.43938768 1.25  0.0 0.0
2015-07-02-19 37 24.120	  31.02766697 121.43937678 1.25  0.0 0.0
2015-07-02-19 37 24.259	  31.02766697 121.43937678 1.25  0.0 0.0
2015-07-02-19 37 24.396	  31.02766697 121.43937678 1.25  0.0 0.0
2015-07-02-19 37 24.512	  31.02766697 121.43937678 1.25  0.0 0.0
2015-07-02-19 37 24.660	  31.02766697 121.43937678 1.25  0.0 0.0
2015-07-02-19 37 24.829	  31.02766697 121.43937678 1.25  0.0 0.0
2015-07-02-19 37 24.944	  31.02766697 121.43937678 1.25  0.0 0.0
2015-07-02-19 37 25.096	  31.02766697 121.43937678 1.25  0.0 0.0
2015-07-02-19 37 25.232	  31.02766697 121.43937678 1.25  0.0 0.0
2015-07-02-19 37 25.403	  31.02766697 121.43937678 1.25  0.0 0.0
2015-07-02-19 37 25.519	  31.02766697 121.43937678 1.25  0.0 0.0
2015-07-02-19 37 25.671	  31.02766697 121.43937678 1.25  0.0 0.0
2015-07-02-19 37 25.802	  31.02766697 121.43937678 1.25  0.0 0.0
2015-07-02-19 37 25.922	  31.02766697 121.43937678 1.25  0.0 0.0
2015-07-02-19 37 26.065	  31.02768727 121.43936463 1.25  0.0 0.0
2015-07-02-19 37 26.209	  31.02768727 121.43936463 1.25  0.0 0.0
2015-07-02-19 37 26.349	  31.02768727 121.43936463 1.25  0.0 0.0
2015-07-02-19 37 26.493	  31.02768727 121.43936463 1.25  0.0 0.0
2015-07-02-19 37 26.622	  31.02768727 121.43936463 1.25  0.0 0.0
2015-07-02-19 37 26.759	  31.02768727 121.43936463 1.25  0.0 0.0
2015-07-02-19 37 26.906	  31.02768727 121.43936463 1.25  0.0 0.0
2015-07-02-19 37 27.012	  31.02768727 121.43936463 1.25  0.0 0.0
2015-07-02-19 37 27.161	  31.02768727 121.43936463 1.25  0.0 0.0
2015-07-02-19 37 27.289	  31.02768727 121.43936463 1.25  0.0 0.0
2015-07-02-19 37 27.437	  31.02768727 121.43936463 1.25  0.0 0.0
2015-07-02-19 37 27.576	  31.02768727 121.43936463 1.25  0.0 0.0
2015-07-02-19 37 27.694	  31.02768727 121.43936463 1.25  0.0 0.0
2015-07-02-19 37 27.836	  31.02768727 121.43936463 1.25  0.0 0.0
2015-07-02-19 37 27.998	  31.02768727 121.43936463 1.25  0.0 0.0
2015-07-02-19 37 28.114	  31.027707 121.43935488 1.25  0.0 0.0
2015-07-02-19 37 28.233	  31.027707 121.43935488 1.25  0.0 0.0
2015-07-02-19 37 28.351	  31.027707 121.43935488 1.25  0.0 0.0
2015-07-02-19 37 28.553	  31.027707 121.43935488 1.25  0.0 0.0
2015-07-02-19 37 28.683	  31.027707 121.43935488 1.25  0.0 0.0
2015-07-02-19 37 28.819	  31.027707 121.43935488 1.25  0.0 0.0
2015-07-02-19 37 28.959	  31.027707 121.43935488 1.25  0.0 0.0
2015-07-02-19 37 29.148	  31.027707 121.43935488 1.25  0.0 0.0
2015-07-02-19 37 29.252	  31.027707 121.43935488 1.25  0.0 0.0
2015-07-02-19 37 29.399	  31.027707 121.43935488 1.25  0.0 0.0
2015-07-02-19 37 29.539	  31.027707 121.43935488 1.25  0.0 0.0
2015-07-02-19 37 29.675	  31.027707 121.43935488 1.25  0.0 0.0
2015-07-02-19 37 29.836	  31.027707 121.43935488 1.25  0.0 0.0
2015-07-02-19 37 29.951	  31.027707 121.43935488 1.25  0.0 0.0
2015-07-02-19 37 30.096	  31.02772676 121.43934762 1.25  0.0 0.0
2015-07-02-19 37 30.219	  31.02772676 121.43934762 1.25  0.0 0.0
2015-07-02-19 37 30.392	  31.02772676 121.43934762 1.25  0.0 0.0
2015-07-02-19 37 30.521	  31.02772676 121.43934762 1.25  0.0 0.0
2015-07-02-19 37 30.664	  31.02772676 121.43934762 1.25  0.0 0.0
2015-07-02-19 37 30.821	  31.02772676 121.43934762 1.25  0.0 0.0
2015-07-02-19 37 30.959	  31.02772676 121.43934762 1.25  0.0 0.0
2015-07-02-19 37 31.111	  31.02772676 121.43934762 1.25  0.0 0.0
2015-07-02-19 37 31.247	  31.02772676 121.43934762 1.25  0.0 0.0
2015-07-02-19 37 31.387	  31.02772676 121.43934762 1.25  0.0 0.0
2015-07-02-19 37 31.553	  31.02772676 121.43934762 1.25  0.0 0.0
2015-07-02-19 37 31.714	  31.02772676 121.43934762 1.25  0.0 0.0
2015-07-02-19 37 31.850	  31.02772676 121.43934762 1.25  0.0 0.0
2015-07-02-19 37 31.988	  31.02772676 121.43934762 1.25  0.0 0.0
2015-07-02-19 37 32.127	  31.0277457 121.43934014 1.25  0.0 0.0
