2015-07-07-16 21 45.314	  0.0 0.0 0.0  0.0 0.0
2015-07-07-16 21 45.416	  0.0 0.0 0.0  0.0 0.0
2015-07-07-16 21 45.518	  0.0 0.0 0.0  0.0 0.0
2015-07-07-16 21 45.620	  0.0 0.0 0.0  0.0 0.0
2015-07-07-16 21 45.721	  31.02653421 121.43991292 0.75  0.0 0.0
2015-07-07-16 21 45.823	  31.02653421 121.43991292 0.75  0.0 0.0
2015-07-07-16 21 45.925	  31.02653421 121.43991292 0.75  0.0 0.0
2015-07-07-16 21 46.027	  31.02653421 121.43991292 0.75  0.0 0.0
2015-07-07-16 21 46.130	  31.02653421 121.43991292 0.75  0.0 0.0
2015-07-07-16 21 46.232	  31.02653421 121.43991292 0.75  0.0 0.0
2015-07-07-16 21 46.334	  31.02653421 121.43991292 0.75  0.0 0.0
2015-07-07-16 21 46.436	  31.02653421 121.43991292 0.75  0.0 0.0
2015-07-07-16 21 46.538	  31.02653421 121.43991292 0.75  0.0 0.0
2015-07-07-16 21 46.639	  31.02653421 121.43991292 0.75  0.0 0.0
2015-07-07-16 21 46.742	  31.02653421 121.43991292 0.75  0.0 0.0
2015-07-07-16 21 46.844	  31.02653421 121.43991292 0.75  0.0 0.0
2015-07-07-16 21 46.945	  31.02653421 121.43991292 0.75  0.0 0.0
2015-07-07-16 21 47.047	  31.02653421 121.43991292 0.75  0.0 0.0
2015-07-07-16 21 47.148	  31.02653421 121.43991292 0.75  0.0 0.0
2015-07-07-16 21 47.251	  31.02653421 121.43991292 0.75  0.0 0.0
2015-07-07-16 21 47.353	  31.02653421 121.43991292 0.75  0.0 0.0
2015-07-07-16 21 47.454	  31.02653421 121.43991292 0.75  0.0 0.0
2015-07-07-16 21 47.556	  31.02653421 121.43991292 0.75  0.0 0.0
2015-07-07-16 21 47.659	  31.02653421 121.43991292 0.75  0.0 0.0
2015-07-07-16 21 47.761	  31.02653421 121.43991292 0.75  0.0 0.0
2015-07-07-16 21 47.862	  31.02656035 121.43990843 0.75  0.0 0.0
2015-07-07-16 21 47.964	  31.02656035 121.43990843 0.75  0.0 0.0
2015-07-07-16 21 48.066	  31.02656035 121.43990843 0.75  0.0 0.0
2015-07-07-16 21 48.171	  31.02656035 121.43990843 0.75  0.0 0.0
2015-07-07-16 21 48.273	  31.02656035 121.43990843 0.75  0.0 0.0
2015-07-07-16 21 48.384	  31.02656035 121.43990843 0.75  0.0 0.0
2015-07-07-16 21 48.485	  31.02656035 121.43990843 0.75  0.0 0.0
2015-07-07-16 21 48.586	  31.02656035 121.43990843 0.75  0.0 0.0
2015-07-07-16 21 48.688	  31.02656035 121.43990843 0.75  0.0 0.0
2015-07-07-16 21 48.789	  31.02656035 121.43990843 0.75  0.0 0.0
2015-07-07-16 21 48.893	  31.02656035 121.43990843 0.75  0.0 0.0
2015-07-07-16 21 48.999	  31.02656035 121.43990843 0.75  0.0 0.0
2015-07-07-16 21 49.103	  31.02656035 121.43990843 0.75  0.0 0.0
2015-07-07-16 21 49.213	  31.02656035 121.43990843 0.75  0.0 0.0
2015-07-07-16 21 49.319	  31.02656035 121.43990843 0.75  0.0 0.0
2015-07-07-16 21 49.442	  31.02656035 121.43990843 0.75  0.0 0.0
2015-07-07-16 21 49.544	  31.02656035 121.43990843 0.75  0.0 0.0
2015-07-07-16 21 49.645	  31.02656035 121.43990843 0.75  0.0 0.0
2015-07-07-16 21 49.748	  31.02656035 121.43990843 0.75  0.0 0.0
2015-07-07-16 21 49.853	  31.02656035 121.43990843 0.75  0.0 0.0
2015-07-07-16 21 49.964	  31.0265852 121.43989661 1.25  0.0 0.0
2015-07-07-16 21 50.065	  31.0265852 121.43989661 1.25  0.0 0.0
2015-07-07-16 21 50.167	  31.0265852 121.43989661 1.25  0.0 0.0
2015-07-07-16 21 50.269	  31.0265852 121.43989661 1.25  0.0 0.0
2015-07-07-16 21 50.370	  31.0265852 121.43989661 1.25  0.0 0.0
2015-07-07-16 21 50.473	  31.0265852 121.43989661 1.25  0.0 0.0
2015-07-07-16 21 50.596	  31.0265852 121.43989661 1.25  0.0 0.0
2015-07-07-16 21 50.743	  31.0265852 121.43989661 1.25  0.0 0.0
2015-07-07-16 21 50.845	  31.0265852 121.43989661 1.25  0.0 0.0
2015-07-07-16 21 50.950	  31.0265852 121.43989661 1.25  0.0 0.0
2015-07-07-16 21 51.054	  31.0265852 121.43989661 1.25  0.0 0.0
2015-07-07-16 21 51.157	  31.0265852 121.43989661 1.25  0.0 0.0
2015-07-07-16 21 51.267	  31.0265852 121.43989661 1.25  0.0 0.0
2015-07-07-16 21 51.380	  31.0265852 121.43989661 1.25  0.0 0.0
2015-07-07-16 21 51.481	  31.0265852 121.43989661 1.25  0.0 0.0
2015-07-07-16 21 51.583	  31.0265852 121.43989661 1.25  0.0 0.0
2015-07-07-16 21 51.685	  31.0265852 121.43989661 1.25  0.0 0.0
2015-07-07-16 21 51.788	  31.02661042 121.43988448 1.25  0.0 0.0
2015-07-07-16 21 51.899	  31.02661042 121.43988448 1.25  0.0 0.0
2015-07-07-16 21 52.001	  31.02661042 121.43988448 1.25  0.0 0.0
2015-07-07-16 21 52.103	  31.02661042 121.43988448 1.25  0.0 0.0
2015-07-07-16 21 52.207	  31.02661042 121.43988448 1.25  0.0 0.0
2015-07-07-16 21 52.313	  31.02661042 121.43988448 1.25  0.0 0.0
2015-07-07-16 21 52.419	  31.02661042 121.43988448 1.25  0.0 0.0
2015-07-07-16 21 52.524	  31.02661042 121.43988448 1.25  0.0 0.0
2015-07-07-16 21 52.631	  31.02661042 121.43988448 1.25  0.0 0.0
2015-07-07-16 21 52.742	  31.02661042 121.43988448 1.25  0.0 0.0
2015-07-07-16 21 52.843	  31.02661042 121.43988448 1.25  0.0 0.0
2015-07-07-16 21 52.944	  31.02661042 121.43988448 1.25  0.0 0.0
2015-07-07-16 21 53.046	  31.02661042 121.43988448 1.25  0.0 0.0
2015-07-07-16 21 53.147	  31.02661042 121.43988448 1.25  0.0 0.0
2015-07-07-16 21 53.248	  31.02661042 121.43988448 1.25  0.0 0.0
2015-07-07-16 21 53.359	  31.02661042 121.43988448 1.25  0.0 0.0
2015-07-07-16 21 53.461	  31.02661042 121.43988448 1.25  0.0 0.0
2015-07-07-16 21 53.564	  31.02661042 121.43988448 1.25  0.0 0.0
2015-07-07-16 21 53.666	  31.02661042 121.43988448 1.25  0.0 0.0
2015-07-07-16 21 53.770	  31.02663409 121.43987302 1.25  0.0 0.0
2015-07-07-16 21 53.878	  31.02663409 121.43987302 1.25  0.0 0.0
2015-07-07-16 21 53.981	  31.02663409 121.43987302 1.25  0.0 0.0
2015-07-07-16 21 54.084	  31.02663409 121.43987302 1.25  0.0 0.0
2015-07-07-16 21 54.187	  31.02663409 121.43987302 1.25  0.0 0.0
2015-07-07-16 21 54.289	  31.02663409 121.43987302 1.25  0.0 0.0
2015-07-07-16 21 54.395	  31.02663409 121.43987302 1.25  0.0 0.0
2015-07-07-16 21 54.499	  31.02663409 121.43987302 1.25  0.0 0.0
2015-07-07-16 21 54.611	  31.02663409 121.43987302 1.25  0.0 0.0
2015-07-07-16 21 54.712	  31.02663409 121.43987302 1.25  0.0 0.0
2015-07-07-16 21 54.817	  31.02663409 121.43987302 1.25  0.0 0.0
2015-07-07-16 21 54.919	  31.02663409 121.43987302 1.25  0.0 0.0
2015-07-07-16 21 55.023	  31.02663409 121.43987302 1.25  0.0 0.0
2015-07-07-16 21 55.128	  31.02663409 121.43987302 1.25  0.0 0.0
2015-07-07-16 21 55.229	  31.02663409 121.43987302 1.25  0.0 0.0
2015-07-07-16 21 55.331	  31.02663409 121.43987302 1.25  0.0 0.0
2015-07-07-16 21 55.434	  31.02663409 121.43987302 1.25  0.0 0.0
2015-07-07-16 21 55.538	  31.02663409 121.43987302 1.25  0.0 0.0
2015-07-07-16 21 55.645	  31.02663409 121.43987302 1.25  0.0 0.0
2015-07-07-16 21 55.750	  31.02663409 121.43987302 1.25  0.0 0.0
2015-07-07-16 21 55.852	  31.02665597 121.43986022 1.25  0.0 0.0
2015-07-07-16 21 55.953	  31.02665597 121.43986022 1.25  0.0 0.0
2015-07-07-16 21 56.055	  31.02665597 121.43986022 1.25  0.0 0.0
2015-07-07-16 21 56.156	  31.02665597 121.43986022 1.25  0.0 0.0
2015-07-07-16 21 56.258	  31.02665597 121.43986022 1.25  0.0 0.0
2015-07-07-16 21 56.361	  31.02665597 121.43986022 1.25  0.0 0.0
2015-07-07-16 21 56.471	  31.02665597 121.43986022 1.25  0.0 0.0
2015-07-07-16 21 56.573	  31.02665597 121.43986022 1.25  0.0 0.0
2015-07-07-16 21 56.675	  31.02665597 121.43986022 1.25  0.0 0.0
2015-07-07-16 21 56.777	  31.02665597 121.43986022 1.25  0.0 0.0
2015-07-07-16 21 56.884	  31.02665597 121.43986022 1.25  0.0 0.0
2015-07-07-16 21 56.997	  31.02665597 121.43986022 1.25  0.0 0.0
2015-07-07-16 21 57.098	  31.02665597 121.43986022 1.25  0.0 0.0
2015-07-07-16 21 57.200	  31.02665597 121.43986022 1.25  0.0 0.0
2015-07-07-16 21 57.303	  31.02665597 121.43986022 1.25  0.0 0.0
2015-07-07-16 21 57.406	  31.02665597 121.43986022 1.25  0.0 0.0
2015-07-07-16 21 57.511	  31.02665597 121.43986022 1.25  0.0 0.0
2015-07-07-16 21 57.614	  31.02665597 121.43986022 1.25  0.0 0.0
2015-07-07-16 21 57.716	  31.02665597 121.43986022 1.25  0.0 0.0
2015-07-07-16 21 57.819	  31.02665597 121.43986022 1.25  0.0 0.0
2015-07-07-16 21 57.924	  31.02667771 121.43984708 1.25  0.0 0.0
2015-07-07-16 21 58.025	  31.02667771 121.43984708 1.25  0.0 0.0
2015-07-07-16 21 58.126	  31.02667771 121.43984708 1.25  0.0 0.0
2015-07-07-16 21 58.228	  31.02667771 121.43984708 1.25  0.0 0.0
2015-07-07-16 21 58.330	  31.02667771 121.43984708 1.25  0.0 0.0
2015-07-07-16 21 58.433	  31.02667771 121.43984708 1.25  0.0 0.0
2015-07-07-16 21 58.541	  31.02667771 121.43984708 1.25  0.0 0.0
2015-07-07-16 21 58.643	  31.02667771 121.43984708 1.25  0.0 0.0
2015-07-07-16 21 58.744	  31.02667771 121.43984708 1.25  0.0 0.0
2015-07-07-16 21 58.850	  31.02667771 121.43984708 1.25  0.0 0.0
2015-07-07-16 21 58.955	  31.02667771 121.43984708 1.25  0.0 0.0
2015-07-07-16 21 59.056	  31.02667771 121.43984708 1.25  0.0 0.0
2015-07-07-16 21 59.157	  31.02667771 121.43984708 1.25  0.0 0.0
2015-07-07-16 21 59.259	  31.02667771 121.43984708 1.25  0.0 0.0
2015-07-07-16 21 59.362	  31.02667771 121.43984708 1.25  0.0 0.0
2015-07-07-16 21 59.470	  31.02667771 121.43984708 1.25  0.0 0.0
2015-07-07-16 21 59.573	  31.02667771 121.43984708 1.25  0.0 0.0
2015-07-07-16 21 59.675	  31.02667771 121.43984708 1.25  0.0 0.0
2015-07-07-16 21 59.780	  31.02669943 121.43983351 1.25  0.0 0.0
2015-07-07-16 21 59.905	  31.02669943 121.43983351 1.25  0.0 0.0
2015-07-07-16 22 00.007	  31.02669943 121.43983351 1.25  0.0 0.0
2015-07-07-16 22 00.108	  31.02669943 121.43983351 1.25  0.0 0.0
2015-07-07-16 22 00.214	  31.02669943 121.43983351 1.25  0.0 0.0
2015-07-07-16 22 00.321	  31.02669943 121.43983351 1.25  0.0 0.0
2015-07-07-16 22 00.422	  31.02669943 121.43983351 1.25  0.0 0.0
2015-07-07-16 22 00.523	  31.02669943 121.43983351 1.25  0.0 0.0
2015-07-07-16 22 00.628	  31.02669943 121.43983351 1.25  0.0 0.0
2015-07-07-16 22 00.740	  31.02669943 121.43983351 1.25  0.0 0.0
2015-07-07-16 22 00.841	  31.02669943 121.43983351 1.25  0.0 0.0
2015-07-07-16 22 00.943	  31.02669943 121.43983351 1.25  0.0 0.0
2015-07-07-16 22 01.045	  31.02669943 121.43983351 1.25  0.0 0.0
2015-07-07-16 22 01.146	  31.02669943 121.43983351 1.25  0.0 0.0
2015-07-07-16 22 01.248	  31.02669943 121.43983351 1.25  0.0 0.0
2015-07-07-16 22 01.361	  31.02669943 121.43983351 1.25  0.0 0.0
2015-07-07-16 22 01.463	  31.02669943 121.43983351 1.25  0.0 0.0
2015-07-07-16 22 01.564	  31.02669943 121.43983351 1.25  0.0 0.0
2015-07-07-16 22 01.666	  31.02669943 121.43983351 1.25  0.0 0.0
2015-07-07-16 22 01.776	  31.02672088 121.43982601 1.25  0.0 0.0
2015-07-07-16 22 01.878	  31.02672088 121.43982601 1.25  0.0 0.0
2015-07-07-16 22 01.982	  31.02672088 121.43982601 1.25  0.0 0.0
2015-07-07-16 22 02.088	  31.02672088 121.43982601 1.25  0.0 0.0
2015-07-07-16 22 02.204	  31.02672088 121.43982601 1.25  0.0 0.0
2015-07-07-16 22 02.306	  31.02672088 121.43982601 1.25  0.0 0.0
2015-07-07-16 22 02.407	  31.02672088 121.43982601 1.25  0.0 0.0
2015-07-07-16 22 02.508	  31.02672088 121.43982601 1.25  0.0 0.0
2015-07-07-16 22 02.613	  31.02672088 121.43982601 1.25  0.0 0.0
2015-07-07-16 22 02.717	  31.02672088 121.43982601 1.25  0.0 0.0
2015-07-07-16 22 02.822	  31.02672088 121.43982601 1.25  0.0 0.0
2015-07-07-16 22 02.924	  31.02672088 121.43982601 1.25  0.0 0.0
2015-07-07-16 22 03.032	  31.02672088 121.43982601 1.25  0.0 0.0
2015-07-07-16 22 03.135	  31.02672088 121.43982601 1.25  0.0 0.0
2015-07-07-16 22 03.243	  31.02672088 121.43982601 1.25  0.0 0.0
2015-07-07-16 22 03.347	  31.02672088 121.43982601 1.25  0.0 0.0
2015-07-07-16 22 03.460	  31.02672088 121.43982601 1.25  0.0 0.0
2015-07-07-16 22 03.562	  31.02672088 121.43982601 1.25  0.0 0.0
2015-07-07-16 22 03.665	  31.02672088 121.43982601 1.25  0.0 0.0
2015-07-07-16 22 03.767	  31.02672088 121.43982601 1.25  0.0 0.0
2015-07-07-16 22 03.882	  31.02673961 121.43981901 1.25  0.0 0.0
2015-07-07-16 22 03.985	  31.02673961 121.43981901 1.25  0.0 0.0
2015-07-07-16 22 04.088	  31.02673961 121.43981901 1.25  0.0 0.0
2015-07-07-16 22 04.192	  31.02673961 121.43981901 1.25  0.0 0.0
2015-07-07-16 22 04.300	  31.02673961 121.43981901 1.25  0.0 0.0
2015-07-07-16 22 04.401	  31.02673961 121.43981901 1.25  0.0 0.0
2015-07-07-16 22 04.503	  31.02673961 121.43981901 1.25  0.0 0.0
2015-07-07-16 22 04.605	  31.02673961 121.43981901 1.25  0.0 0.0
2015-07-07-16 22 04.712	  31.02673961 121.43981901 1.25  0.0 0.0
2015-07-07-16 22 04.814	  31.02673961 121.43981901 1.25  0.0 0.0
2015-07-07-16 22 04.915	  31.02673961 121.43981901 1.25  0.0 0.0
2015-07-07-16 22 05.018	  31.02673961 121.43981901 1.25  0.0 0.0
2015-07-07-16 22 05.128	  31.02673961 121.43981901 1.25  0.0 0.0
2015-07-07-16 22 05.232	  31.02673961 121.43981901 1.25  0.0 0.0
2015-07-07-16 22 05.335	  31.02673961 121.43981901 1.25  0.0 0.0
2015-07-07-16 22 05.443	  31.02673961 121.43981901 1.25  0.0 0.0
2015-07-07-16 22 05.546	  31.02673961 121.43981901 1.25  0.0 0.0
2015-07-07-16 22 05.650	  31.02673961 121.43981901 1.25  0.0 0.0
2015-07-07-16 22 05.755	  31.02673961 121.43981901 1.25  0.0 0.0
2015-07-07-16 22 05.870	  31.02675647 121.43981107 1.25  0.0 0.0
2015-07-07-16 22 05.975	  31.02675647 121.43981107 1.25  0.0 0.0
2015-07-07-16 22 06.078	  31.02675647 121.43981107 1.25  0.0 0.0
2015-07-07-16 22 06.180	  31.02675647 121.43981107 1.25  0.0 0.0
2015-07-07-16 22 06.349	  31.02675647 121.43981107 1.25  0.0 0.0
2015-07-07-16 22 06.450	  31.02675647 121.43981107 1.25  0.0 0.0
2015-07-07-16 22 06.552	  31.02675647 121.43981107 1.25  0.0 0.0
2015-07-07-16 22 06.657	  31.02675647 121.43981107 1.25  0.0 0.0
2015-07-07-16 22 06.760	  31.02675647 121.43981107 1.25  0.0 0.0
2015-07-07-16 22 06.862	  31.02675647 121.43981107 1.25  0.0 0.0
2015-07-07-16 22 06.963	  31.02675647 121.43981107 1.25  0.0 0.0
2015-07-07-16 22 07.065	  31.02675647 121.43981107 1.25  0.0 0.0
2015-07-07-16 22 07.168	  31.02675647 121.43981107 1.25  0.0 0.0
2015-07-07-16 22 07.270	  31.02675647 121.43981107 1.25  0.0 0.0
2015-07-07-16 22 07.375	  31.02675647 121.43981107 1.25  0.0 0.0
2015-07-07-16 22 07.476	  31.02675647 121.43981107 1.25  0.0 0.0
2015-07-07-16 22 07.580	  31.02675647 121.43981107 1.25  0.0 0.0
2015-07-07-16 22 07.684	  31.02675647 121.43981107 1.25  0.0 0.0
2015-07-07-16 22 07.787	  31.02675647 121.43981107 1.25  0.0 0.0
2015-07-07-16 22 07.890	  31.02677316 121.43980209 1.25  0.0 0.0
2015-07-07-16 22 07.994	  31.02677316 121.43980209 1.25  0.0 0.0
2015-07-07-16 22 08.096	  31.02677316 121.43980209 1.25  0.0 0.0
2015-07-07-16 22 08.197	  31.02677316 121.43980209 1.25  0.0 0.0
2015-07-07-16 22 08.299	  31.02677316 121.43980209 1.25  0.0 0.0
2015-07-07-16 22 08.403	  31.02677316 121.43980209 1.25  0.0 0.0
2015-07-07-16 22 08.508	  31.02677316 121.43980209 1.25  0.0 0.0
2015-07-07-16 22 08.613	  31.02677316 121.43980209 1.25  0.0 0.0
2015-07-07-16 22 08.714	  31.02677316 121.43980209 1.25  0.0 0.0
2015-07-07-16 22 08.815	  31.02677316 121.43980209 1.25  0.0 0.0
2015-07-07-16 22 08.916	  31.02677316 121.43980209 1.25  0.0 0.0
2015-07-07-16 22 09.024	  31.02677316 121.43980209 1.25  0.0 0.0
2015-07-07-16 22 09.130	  31.02677316 121.43980209 1.25  0.0 0.0
2015-07-07-16 22 09.243	  31.02677316 121.43980209 1.25  0.0 0.0
2015-07-07-16 22 09.345	  31.02677316 121.43980209 1.25  0.0 0.0
2015-07-07-16 22 09.448	  31.02677316 121.43980209 1.25  0.0 0.0
2015-07-07-16 22 09.553	  31.02677316 121.43980209 1.25  0.0 0.0
2015-07-07-16 22 09.660	  31.02677316 121.43980209 1.25  0.0 0.0
2015-07-07-16 22 09.764	  31.02679186 121.43979151 1.25  0.0 0.0
2015-07-07-16 22 09.870	  31.02679186 121.43979151 1.25  0.0 0.0
2015-07-07-16 22 09.973	  31.02679186 121.43979151 1.25  0.0 0.0
2015-07-07-16 22 10.075	  31.02679186 121.43979151 1.25  0.0 0.0
2015-07-07-16 22 10.181	  31.02679186 121.43979151 1.25  0.0 0.0
2015-07-07-16 22 10.283	  31.02679186 121.43979151 1.25  0.0 0.0
2015-07-07-16 22 10.387	  31.02679186 121.43979151 1.25  0.0 0.0
2015-07-07-16 22 10.495	  31.02679186 121.43979151 1.25  0.0 0.0
2015-07-07-16 22 10.597	  31.02679186 121.43979151 1.25  0.0 0.0
2015-07-07-16 22 10.698	  31.02679186 121.43979151 1.25  0.0 0.0
2015-07-07-16 22 10.806	  31.02679186 121.43979151 1.25  0.0 0.0
2015-07-07-16 22 10.911	  31.02679186 121.43979151 1.25  0.0 0.0
2015-07-07-16 22 11.015	  31.02679186 121.43979151 1.25  0.0 0.0
2015-07-07-16 22 11.116	  31.02679186 121.43979151 1.25  0.0 0.0
2015-07-07-16 22 11.218	  31.02679186 121.43979151 1.25  0.0 0.0
2015-07-07-16 22 11.326	  31.02679186 121.43979151 1.25  0.0 0.0
2015-07-07-16 22 11.428	  31.02679186 121.43979151 1.25  0.0 0.0
2015-07-07-16 22 11.529	  31.02679186 121.43979151 1.25  0.0 0.0
2015-07-07-16 22 11.635	  31.02679186 121.43979151 1.25  0.0 0.0
2015-07-07-16 22 11.736	  31.02679186 121.43979151 1.25  0.0 0.0
2015-07-07-16 22 11.839	  31.02681309 121.43978854 1.25  0.0 0.0
2015-07-07-16 22 11.946	  31.02681309 121.43978854 1.25  0.0 0.0
2015-07-07-16 22 12.049	  31.02681309 121.43978854 1.25  0.0 0.0
2015-07-07-16 22 12.151	  31.02681309 121.43978854 1.25  0.0 0.0
2015-07-07-16 22 12.267	  31.02681309 121.43978854 1.25  0.0 0.0
2015-07-07-16 22 12.370	  31.02681309 121.43978854 1.25  0.0 0.0
2015-07-07-16 22 12.471	  31.02681309 121.43978854 1.25  0.0 0.0
2015-07-07-16 22 12.579	  31.02681309 121.43978854 1.25  0.0 0.0
2015-07-07-16 22 12.682	  31.02681309 121.43978854 1.25  0.0 0.0
2015-07-07-16 22 12.784	  31.02681309 121.43978854 1.25  0.0 0.0
2015-07-07-16 22 12.889	  31.02681309 121.43978854 1.25  0.0 0.0
2015-07-07-16 22 12.994	  31.02681309 121.43978854 1.25  0.0 0.0
2015-07-07-16 22 13.100	  31.02681309 121.43978854 1.25  0.0 0.0
2015-07-07-16 22 13.210	  31.02681309 121.43978854 1.25  0.0 0.0
2015-07-07-16 22 13.313	  31.02681309 121.43978854 1.25  0.0 0.0
2015-07-07-16 22 13.420	  31.02681309 121.43978854 1.25  0.0 0.0
2015-07-07-16 22 13.524	  31.02681309 121.43978854 1.25  0.0 0.0
2015-07-07-16 22 13.626	  31.02681309 121.43978854 1.25  0.0 0.0
2015-07-07-16 22 13.729	  31.02681309 121.43978854 1.25  0.0 0.0
2015-07-07-16 22 13.840	  31.02681309 121.43978854 1.25  0.0 0.0
2015-07-07-16 22 13.943	  31.02683611 121.43978368 1.25  0.0 0.0
2015-07-07-16 22 14.047	  31.02683611 121.43978368 1.25  0.0 0.0
2015-07-07-16 22 14.164	  31.02683611 121.43978368 1.25  0.0 0.0
2015-07-07-16 22 14.267	  31.02683611 121.43978368 1.25  0.0 0.0
2015-07-07-16 22 14.369	  31.02683611 121.43978368 1.25  0.0 0.0
2015-07-07-16 22 14.479	  31.02683611 121.43978368 1.25  0.0 0.0
2015-07-07-16 22 14.582	  31.02683611 121.43978368 1.25  0.0 0.0
2015-07-07-16 22 14.690	  31.02683611 121.43978368 1.25  0.0 0.0
2015-07-07-16 22 14.833	  31.02683611 121.43978368 1.25  0.0 0.0
2015-07-07-16 22 14.934	  31.02683611 121.43978368 1.25  0.0 0.0
2015-07-07-16 22 15.037	  31.02683611 121.43978368 1.25  0.0 0.0
2015-07-07-16 22 15.157	  31.02683611 121.43978368 1.25  0.0 0.0
2015-07-07-16 22 15.259	  31.02683611 121.43978368 1.25  0.0 0.0
2015-07-07-16 22 15.362	  31.02683611 121.43978368 1.25  0.0 0.0
2015-07-07-16 22 15.473	  31.02683611 121.43978368 1.25  0.0 0.0
2015-07-07-16 22 15.575	  31.02683611 121.43978368 1.25  0.0 0.0
2015-07-07-16 22 15.678	  31.02683611 121.43978368 1.25  0.0 0.0
2015-07-07-16 22 15.786	  31.02686136 121.43977356 1.25  0.0 0.0
2015-07-07-16 22 15.907	  31.02686136 121.43977356 1.25  0.0 0.0
2015-07-07-16 22 16.008	  31.02686136 121.43977356 1.25  0.0 0.0
2015-07-07-16 22 16.109	  31.02686136 121.43977356 1.25  0.0 0.0
2015-07-07-16 22 16.217	  31.02686136 121.43977356 1.25  0.0 0.0
2015-07-07-16 22 16.319	  31.02686136 121.43977356 1.25  0.0 0.0
2015-07-07-16 22 16.425	  31.02686136 121.43977356 1.25  0.0 0.0
2015-07-07-16 22 16.532	  31.02686136 121.43977356 1.25  0.0 0.0
2015-07-07-16 22 16.634	  31.02686136 121.43977356 1.25  0.0 0.0
2015-07-07-16 22 16.736	  31.02686136 121.43977356 1.25  0.0 0.0
2015-07-07-16 22 16.897	  31.02686136 121.43977356 1.25  0.0 0.0
2015-07-07-16 22 16.999	  31.02686136 121.43977356 1.25  0.0 0.0
2015-07-07-16 22 17.106	  31.02686136 121.43977356 1.25  0.0 0.0
2015-07-07-16 22 17.212	  31.02686136 121.43977356 1.25  0.0 0.0
2015-07-07-16 22 17.316	  31.02686136 121.43977356 1.25  0.0 0.0
2015-07-07-16 22 17.429	  31.02686136 121.43977356 1.25  0.0 0.0
2015-07-07-16 22 17.532	  31.02686136 121.43977356 1.25  0.0 0.0
2015-07-07-16 22 17.633	  31.02686136 121.43977356 1.25  0.0 0.0
2015-07-07-16 22 17.779	  31.02689301 121.43975818 1.75  0.0 0.0
2015-07-07-16 22 17.881	  31.02689301 121.43975818 1.75  0.0 0.0
2015-07-07-16 22 17.983	  31.02689301 121.43975818 1.75  0.0 0.0
2015-07-07-16 22 18.122	  31.02689301 121.43975818 1.75  0.0 0.0
2015-07-07-16 22 18.230	  31.02689301 121.43975818 1.75  0.0 0.0
2015-07-07-16 22 18.343	  31.02689301 121.43975818 1.75  0.0 0.0
2015-07-07-16 22 18.444	  31.02689301 121.43975818 1.75  0.0 0.0
2015-07-07-16 22 18.546	  31.02689301 121.43975818 1.75  0.0 0.0
2015-07-07-16 22 18.691	  31.02689301 121.43975818 1.75  0.0 0.0
2015-07-07-16 22 18.795	  31.02689301 121.43975818 1.75  0.0 0.0
2015-07-07-16 22 18.902	  31.02689301 121.43975818 1.75  0.0 0.0
2015-07-07-16 22 19.004	  31.02689301 121.43975818 1.75  0.0 0.0
2015-07-07-16 22 19.105	  31.02689301 121.43975818 1.75  0.0 0.0
2015-07-07-16 22 19.247	  31.02689301 121.43975818 1.75  0.0 0.0
2015-07-07-16 22 19.351	  31.02689301 121.43975818 1.75  0.0 0.0
2015-07-07-16 22 19.463	  31.02689301 121.43975818 1.75  0.0 0.0
2015-07-07-16 22 19.566	  31.02689301 121.43975818 1.75  0.0 0.0
2015-07-07-16 22 19.667	  31.02689301 121.43975818 1.75  0.0 0.0
2015-07-07-16 22 19.821	  31.02689301 121.43975818 1.75  0.0 0.0
2015-07-07-16 22 19.923	  31.02689301 121.43975818 1.75  0.0 0.0
2015-07-07-16 22 20.030	  31.02689301 121.43975818 1.75  0.0 0.0
2015-07-07-16 22 20.132	  31.02689301 121.43975818 1.75  0.0 0.0
2015-07-07-16 22 20.234	  31.02689301 121.43975818 1.75  0.0 0.0
2015-07-07-16 22 20.367	  31.02692206 121.43974438 1.5  0.0 0.0
2015-07-07-16 22 20.469	  31.02692206 121.43974438 1.5  0.0 0.0
2015-07-07-16 22 20.583	  31.02692206 121.43974438 1.5  0.0 0.0
2015-07-07-16 22 20.687	  31.02692206 121.43974438 1.5  0.0 0.0
2015-07-07-16 22 20.802	  31.02692206 121.43974438 1.5  0.0 0.0
2015-07-07-16 22 20.904	  31.02692206 121.43974438 1.5  0.0 0.0
2015-07-07-16 22 21.006	  31.02692206 121.43974438 1.5  0.0 0.0
2015-07-07-16 22 21.124	  31.02692206 121.43974438 1.5  0.0 0.0
2015-07-07-16 22 21.249	  31.02692206 121.43974438 1.5  0.0 0.0
2015-07-07-16 22 21.351	  31.02692206 121.43974438 1.5  0.0 0.0
2015-07-07-16 22 21.457	  31.02692206 121.43974438 1.5  0.0 0.0
2015-07-07-16 22 21.561	  31.02692206 121.43974438 1.5  0.0 0.0
2015-07-07-16 22 21.664	  31.02692206 121.43974438 1.5  0.0 0.0
2015-07-07-16 22 21.766	  31.02692206 121.43974438 1.5  0.0 0.0
2015-07-07-16 22 21.868	  31.02692206 121.43974438 1.5  0.0 0.0
2015-07-07-16 22 22.001	  31.02694815 121.43973123 1.5  0.0 0.0
2015-07-07-16 22 22.104	  31.02694815 121.43973123 1.5  0.0 0.0
2015-07-07-16 22 22.247	  31.02694815 121.43973123 1.5  0.0 0.0
2015-07-07-16 22 22.349	  31.02694815 121.43973123 1.5  0.0 0.0
2015-07-07-16 22 22.465	  31.02694815 121.43973123 1.5  0.0 0.0
2015-07-07-16 22 22.566	  31.02694815 121.43973123 1.5  0.0 0.0
2015-07-07-16 22 22.668	  31.02694815 121.43973123 1.5  0.0 0.0
2015-07-07-16 22 22.771	  31.02694815 121.43973123 1.5  0.0 0.0
2015-07-07-16 22 22.876	  31.02694815 121.43973123 1.5  0.0 0.0
2015-07-07-16 22 23.013	  31.02694815 121.43973123 1.5  0.0 0.0
2015-07-07-16 22 23.115	  31.02694815 121.43973123 1.5  0.0 0.0
2015-07-07-16 22 23.256	  31.02694815 121.43973123 1.5  0.0 0.0
2015-07-07-16 22 23.361	  31.02694815 121.43973123 1.5  0.0 0.0
2015-07-07-16 22 23.547	  31.02694815 121.43973123 1.5  0.0 0.0
2015-07-07-16 22 23.650	  31.02694815 121.43973123 1.5  0.0 0.0
2015-07-07-16 22 23.781	  31.02694815 121.43973123 1.5  0.0 0.0
2015-07-07-16 22 23.883	  31.02697377 121.43972229 1.5  0.0 0.0
2015-07-07-16 22 23.989	  31.02697377 121.43972229 1.5  0.0 0.0
2015-07-07-16 22 24.093	  31.02697377 121.43972229 1.5  0.0 0.0
2015-07-07-16 22 24.203	  31.02697377 121.43972229 1.5  0.0 0.0
2015-07-07-16 22 24.305	  31.02697377 121.43972229 1.5  0.0 0.0
2015-07-07-16 22 24.410	  31.02697377 121.43972229 1.5  0.0 0.0
2015-07-07-16 22 24.512	  31.02697377 121.43972229 1.5  0.0 0.0
2015-07-07-16 22 24.629	  31.02697377 121.43972229 1.5  0.0 0.0
2015-07-07-16 22 24.731	  31.02697377 121.43972229 1.5  0.0 0.0
2015-07-07-16 22 24.834	  31.02697377 121.43972229 1.5  0.0 0.0
2015-07-07-16 22 24.936	  31.02697377 121.43972229 1.5  0.0 0.0
2015-07-07-16 22 25.040	  31.02697377 121.43972229 1.5  0.0 0.0
2015-07-07-16 22 25.145	  31.02697377 121.43972229 1.5  0.0 0.0
2015-07-07-16 22 25.259	  31.02697377 121.43972229 1.5  0.0 0.0
2015-07-07-16 22 25.362	  31.02697377 121.43972229 1.5  0.0 0.0
2015-07-07-16 22 25.468	  31.02697377 121.43972229 1.5  0.0 0.0
2015-07-07-16 22 25.570	  31.02697377 121.43972229 1.5  0.0 0.0
2015-07-07-16 22 25.675	  31.02697377 121.43972229 1.5  0.0 0.0
2015-07-07-16 22 25.778	  31.02699698 121.43971388 1.5  0.0 0.0
2015-07-07-16 22 25.887	  31.02699698 121.43971388 1.5  0.0 0.0
2015-07-07-16 22 25.991	  31.02699698 121.43971388 1.5  0.0 0.0
2015-07-07-16 22 26.100	  31.02699698 121.43971388 1.5  0.0 0.0
2015-07-07-16 22 26.203	  31.02699698 121.43971388 1.5  0.0 0.0
2015-07-07-16 22 26.359	  31.02699698 121.43971388 1.5  0.0 0.0
2015-07-07-16 22 26.462	  31.02699698 121.43971388 1.5  0.0 0.0
2015-07-07-16 22 26.615	  31.02699698 121.43971388 1.5  0.0 0.0
2015-07-07-16 22 26.717	  31.02699698 121.43971388 1.5  0.0 0.0
2015-07-07-16 22 26.820	  31.02699698 121.43971388 1.5  0.0 0.0
2015-07-07-16 22 26.921	  31.02699698 121.43971388 1.5  0.0 0.0
2015-07-07-16 22 27.023	  31.02699698 121.43971388 1.5  0.0 0.0
2015-07-07-16 22 27.124	  31.02699698 121.43971388 1.5  0.0 0.0
2015-07-07-16 22 27.240	  31.02699698 121.43971388 1.5  0.0 0.0
2015-07-07-16 22 27.342	  31.02699698 121.43971388 1.5  0.0 0.0
2015-07-07-16 22 27.490	  31.02699698 121.43971388 1.5  0.0 0.0
2015-07-07-16 22 27.596	  31.02699698 121.43971388 1.5  0.0 0.0
2015-07-07-16 22 27.766	  31.02699698 121.43971388 1.5  0.0 0.0
2015-07-07-16 22 27.867	  31.02699698 121.43971388 1.5  0.0 0.0
2015-07-07-16 22 28.017	  31.02699698 121.43971388 1.5  0.0 0.0
2015-07-07-16 22 28.124	  31.02699698 121.43971388 1.5  0.0 0.0
2015-07-07-16 22 28.296	  31.02702091 121.43970386 1.5  0.0 0.0
2015-07-07-16 22 28.400	  31.02702091 121.43970386 1.5  0.0 0.0
2015-07-07-16 22 28.542	  31.02702091 121.43970386 1.5  0.0 0.0
2015-07-07-16 22 28.647	  31.02702091 121.43970386 1.5  0.0 0.0
2015-07-07-16 22 28.797	  31.02702091 121.43970386 1.5  0.0 0.0
2015-07-07-16 22 28.898	  31.02702091 121.43970386 1.5  0.0 0.0
2015-07-07-16 22 29.000	  31.02702091 121.43970386 1.5  0.0 0.0
2015-07-07-16 22 29.104	  31.02702091 121.43970386 1.5  0.0 0.0
2015-07-07-16 22 29.206	  31.02702091 121.43970386 1.5  0.0 0.0
2015-07-07-16 22 29.310	  31.02702091 121.43970386 1.5  0.0 0.0
2015-07-07-16 22 29.414	  31.02702091 121.43970386 1.5  0.0 0.0
2015-07-07-16 22 29.530	  31.02702091 121.43970386 1.5  0.0 0.0
2015-07-07-16 22 29.632	  31.02702091 121.43970386 1.5  0.0 0.0
2015-07-07-16 22 29.736	  31.02704455 121.43969452 1.5  0.0 0.0
2015-07-07-16 22 29.849	  31.02704455 121.43969452 1.5  0.0 0.0
2015-07-07-16 22 29.982	  31.02704455 121.43969452 1.5  0.0 0.0
2015-07-07-16 22 30.089	  31.02704455 121.43969452 1.5  0.0 0.0
2015-07-07-16 22 30.251	  31.02704455 121.43969452 1.5  0.0 0.0
2015-07-07-16 22 30.354	  31.02704455 121.43969452 1.5  0.0 0.0
2015-07-07-16 22 30.472	  31.02704455 121.43969452 1.5  0.0 0.0
2015-07-07-16 22 30.575	  31.02704455 121.43969452 1.5  0.0 0.0
2015-07-07-16 22 30.716	  31.02704455 121.43969452 1.5  0.0 0.0
2015-07-07-16 22 30.825	  31.02704455 121.43969452 1.5  0.0 0.0
2015-07-07-16 22 30.927	  31.02704455 121.43969452 1.5  0.0 0.0
2015-07-07-16 22 31.031	  31.02704455 121.43969452 1.5  0.0 0.0
2015-07-07-16 22 31.136	  31.02704455 121.43969452 1.5  0.0 0.0
2015-07-07-16 22 31.248	  31.02704455 121.43969452 1.5  0.0 0.0
2015-07-07-16 22 31.352	  31.02704455 121.43969452 1.5  0.0 0.0
2015-07-07-16 22 31.455	  31.02704455 121.43969452 1.5  0.0 0.0
2015-07-07-16 22 31.618	  31.02704455 121.43969452 1.5  0.0 0.0
2015-07-07-16 22 31.723	  31.02704455 121.43969452 1.5  0.0 0.0
2015-07-07-16 22 31.824	  31.02706946 121.43968709 1.5  0.0 0.0
2015-07-07-16 22 31.927	  31.02706946 121.43968709 1.5  0.0 0.0
2015-07-07-16 22 32.032	  31.02706946 121.43968709 1.5  0.0 0.0
2015-07-07-16 22 32.184	  31.02706946 121.43968709 1.5  0.0 0.0
2015-07-07-16 22 32.290	  31.02706946 121.43968709 1.5  0.0 0.0
2015-07-07-16 22 32.391	  31.02706946 121.43968709 1.5  0.0 0.0
2015-07-07-16 22 32.495	  31.02706946 121.43968709 1.5  0.0 0.0
2015-07-07-16 22 32.598	  31.02706946 121.43968709 1.5  0.0 0.0
2015-07-07-16 22 32.739	  31.02706946 121.43968709 1.5  0.0 0.0
2015-07-07-16 22 32.863	  31.02706946 121.43968709 1.5  0.0 0.0
2015-07-07-16 22 32.966	  31.02706946 121.43968709 1.5  0.0 0.0
2015-07-07-16 22 33.115	  31.02706946 121.43968709 1.5  0.0 0.0
2015-07-07-16 22 33.220	  31.02706946 121.43968709 1.5  0.0 0.0
2015-07-07-16 22 33.396	  31.02706946 121.43968709 1.5  0.0 0.0
2015-07-07-16 22 33.500	  31.02706946 121.43968709 1.5  0.0 0.0
2015-07-07-16 22 33.601	  31.02706946 121.43968709 1.5  0.0 0.0
2015-07-07-16 22 33.717	  31.02706946 121.43968709 1.5  0.0 0.0
2015-07-07-16 22 33.828	  31.02709512 121.43967625 1.5  0.0 0.0
2015-07-07-16 22 33.944	  31.02709512 121.43967625 1.5  0.0 0.0
2015-07-07-16 22 34.049	  31.02709512 121.43967625 1.5  0.0 0.0
2015-07-07-16 22 34.150	  31.02709512 121.43967625 1.5  0.0 0.0
2015-07-07-16 22 34.287	  31.02709512 121.43967625 1.5  0.0 0.0
2015-07-07-16 22 34.389	  31.02709512 121.43967625 1.5  0.0 0.0
2015-07-07-16 22 34.535	  31.02709512 121.43967625 1.5  0.0 0.0
2015-07-07-16 22 34.638	  31.02709512 121.43967625 1.5  0.0 0.0
2015-07-07-16 22 34.746	  31.02709512 121.43967625 1.5  0.0 0.0
2015-07-07-16 22 34.896	  31.02709512 121.43967625 1.5  0.0 0.0
2015-07-07-16 22 34.998	  31.02709512 121.43967625 1.5  0.0 0.0
2015-07-07-16 22 35.127	  31.02709512 121.43967625 1.5  0.0 0.0
2015-07-07-16 22 35.231	  31.02709512 121.43967625 1.5  0.0 0.0
2015-07-07-16 22 35.336	  31.02709512 121.43967625 1.5  0.0 0.0
2015-07-07-16 22 35.460	  31.02709512 121.43967625 1.5  0.0 0.0
2015-07-07-16 22 35.561	  31.02709512 121.43967625 1.5  0.0 0.0
2015-07-07-16 22 35.677	  31.02709512 121.43967625 1.5  0.0 0.0
2015-07-07-16 22 35.790	  31.02711953 121.43966329 1.5  0.0 0.0
2015-07-07-16 22 35.892	  31.02711953 121.43966329 1.5  0.0 0.0
2015-07-07-16 22 36.028	  31.02711953 121.43966329 1.5  0.0 0.0
2015-07-07-16 22 36.137	  31.02711953 121.43966329 1.5  0.0 0.0
2015-07-07-16 22 36.238	  31.02711953 121.43966329 1.5  0.0 0.0
2015-07-07-16 22 36.362	  31.02711953 121.43966329 1.5  0.0 0.0
2015-07-07-16 22 36.465	  31.02711953 121.43966329 1.5  0.0 0.0
2015-07-07-16 22 36.601	  31.02711953 121.43966329 1.5  0.0 0.0
2015-07-07-16 22 36.715	  31.02711953 121.43966329 1.5  0.0 0.0
2015-07-07-16 22 36.817	  31.02711953 121.43966329 1.5  0.0 0.0
2015-07-07-16 22 36.961	  31.02711953 121.43966329 1.5  0.0 0.0
2015-07-07-16 22 37.067	  31.02711953 121.43966329 1.5  0.0 0.0
2015-07-07-16 22 37.171	  31.02711953 121.43966329 1.5  0.0 0.0
2015-07-07-16 22 37.286	  31.02711953 121.43966329 1.5  0.0 0.0
2015-07-07-16 22 37.388	  31.02711953 121.43966329 1.5  0.0 0.0
2015-07-07-16 22 37.525	  31.02711953 121.43966329 1.5  0.0 0.0
2015-07-07-16 22 37.632	  31.02711953 121.43966329 1.5  0.0 0.0
2015-07-07-16 22 37.733	  31.02714252 121.4396505 1.5  0.0 0.0
2015-07-07-16 22 37.914	  31.02714252 121.4396505 1.5  0.0 0.0
2015-07-07-16 22 38.016	  31.02714252 121.4396505 1.5  0.0 0.0
2015-07-07-16 22 38.149	  31.02714252 121.4396505 1.5  0.0 0.0
2015-07-07-16 22 38.256	  31.02714252 121.4396505 1.5  0.0 0.0
2015-07-07-16 22 38.358	  31.02714252 121.4396505 1.5  0.0 0.0
2015-07-07-16 22 38.477	  31.02714252 121.4396505 1.5  0.0 0.0
2015-07-07-16 22 38.620	  31.02714252 121.4396505 1.5  0.0 0.0
2015-07-07-16 22 38.727	  31.02714252 121.4396505 1.5  0.0 0.0
2015-07-07-16 22 38.909	  31.02714252 121.4396505 1.5  0.0 0.0
2015-07-07-16 22 39.047	  31.02714252 121.4396505 1.5  0.0 0.0
2015-07-07-16 22 39.199	  31.02714252 121.4396505 1.5  0.0 0.0
2015-07-07-16 22 39.300	  31.02714252 121.4396505 1.5  0.0 0.0
2015-07-07-16 22 39.454	  31.02714252 121.4396505 1.5  0.0 0.0
2015-07-07-16 22 39.602	  31.02714252 121.4396505 1.5  0.0 0.0
2015-07-07-16 22 39.756	  31.02716631 121.43963253 1.5  0.0 0.0
2015-07-07-16 22 39.872	  31.02716631 121.43963253 1.5  0.0 0.0
2015-07-07-16 22 40.038	  31.02716631 121.43963253 1.5  0.0 0.0
2015-07-07-16 22 40.158	  31.02716631 121.43963253 1.5  0.0 0.0
2015-07-07-16 22 40.311	  31.02716631 121.43963253 1.5  0.0 0.0
2015-07-07-16 22 40.431	  31.02716631 121.43963253 1.5  0.0 0.0
2015-07-07-16 22 40.575	  31.02716631 121.43963253 1.5  0.0 0.0
2015-07-07-16 22 40.693	  31.02716631 121.43963253 1.5  0.0 0.0
2015-07-07-16 22 40.854	  31.02716631 121.43963253 1.5  0.0 0.0
2015-07-07-16 22 40.973	  31.02716631 121.43963253 1.5  0.0 0.0
2015-07-07-16 22 41.113	  31.02716631 121.43963253 1.5  0.0 0.0
2015-07-07-16 22 41.232	  31.02716631 121.43963253 1.5  0.0 0.0
2015-07-07-16 22 41.368	  31.02716631 121.43963253 1.5  0.0 0.0
2015-07-07-16 22 41.485	  31.02716631 121.43963253 1.5  0.0 0.0
2015-07-07-16 22 41.623	  31.02716631 121.43963253 1.5  0.0 0.0
2015-07-07-16 22 41.766	  31.02718924 121.43961709 1.5  0.0 0.0
2015-07-07-16 22 41.927	  31.02718924 121.43961709 1.5  0.0 0.0
2015-07-07-16 22 42.064	  31.02718924 121.43961709 1.5  0.0 0.0
2015-07-07-16 22 42.213	  31.02718924 121.43961709 1.5  0.0 0.0
2015-07-07-16 22 42.374	  31.02718924 121.43961709 1.5  0.0 0.0
2015-07-07-16 22 42.490	  31.02718924 121.43961709 1.5  0.0 0.0
2015-07-07-16 22 42.649	  31.02718924 121.43961709 1.5  0.0 0.0
2015-07-07-16 22 42.765	  31.02718924 121.43961709 1.5  0.0 0.0
2015-07-07-16 22 42.902	  31.02718924 121.43961709 1.5  0.0 0.0
2015-07-07-16 22 43.055	  31.02718924 121.43961709 1.5  0.0 0.0
2015-07-07-16 22 43.209	  31.02718924 121.43961709 1.5  0.0 0.0
2015-07-07-16 22 43.363	  31.02718924 121.43961709 1.5  0.0 0.0
2015-07-07-16 22 43.478	  31.02718924 121.43961709 1.5  0.0 0.0
2015-07-07-16 22 43.648	  31.02718924 121.43961709 1.5  0.0 0.0
2015-07-07-16 22 43.793	  31.02721497 121.43960649 1.5  0.0 0.0
2015-07-07-16 22 43.911	  31.02721497 121.43960649 1.5  0.0 0.0
2015-07-07-16 22 44.060	  31.02721497 121.43960649 1.5  0.0 0.0
2015-07-07-16 22 44.225	  31.02721497 121.43960649 1.5  0.0 0.0
2015-07-07-16 22 44.349	  31.02721497 121.43960649 1.5  0.0 0.0
2015-07-07-16 22 44.467	  31.02721497 121.43960649 1.5  0.0 0.0
2015-07-07-16 22 44.652	  31.02721497 121.43960649 1.5  0.0 0.0
2015-07-07-16 22 44.755	  31.02721497 121.43960649 1.5  0.0 0.0
2015-07-07-16 22 44.897	  31.02721497 121.43960649 1.5  0.0 0.0
2015-07-07-16 22 45.012	  31.02721497 121.43960649 1.5  0.0 0.0
2015-07-07-16 22 45.129	  31.02721497 121.43960649 1.5  0.0 0.0
2015-07-07-16 22 45.255	  31.02721497 121.43960649 1.5  0.0 0.0
2015-07-07-16 22 45.402	  31.02721497 121.43960649 1.5  0.0 0.0
2015-07-07-16 22 45.546	  31.02721497 121.43960649 1.5  0.0 0.0
2015-07-07-16 22 45.693	  31.02724231 121.43960019 1.5  0.0 0.0
2015-07-07-16 22 45.863	  31.02724231 121.43960019 1.5  0.0 0.0
2015-07-07-16 22 45.982	  31.02724231 121.43960019 1.5  0.0 0.0
2015-07-07-16 22 46.120	  31.02724231 121.43960019 1.5  0.0 0.0
2015-07-07-16 22 46.279	  31.02724231 121.43960019 1.5  0.0 0.0
2015-07-07-16 22 46.436	  31.02724231 121.43960019 1.5  0.0 0.0
2015-07-07-16 22 46.574	  31.02724231 121.43960019 1.5  0.0 0.0
2015-07-07-16 22 46.755	  31.02724231 121.43960019 1.5  0.0 0.0
2015-07-07-16 22 46.875	  31.02724231 121.43960019 1.5  0.0 0.0
2015-07-07-16 22 47.043	  31.02724231 121.43960019 1.5  0.0 0.0
2015-07-07-16 22 47.255	  31.02724231 121.43960019 1.5  0.0 0.0
2015-07-07-16 22 47.359	  31.02724231 121.43960019 1.5  0.0 0.0
2015-07-07-16 22 47.461	  31.02724231 121.43960019 1.5  0.0 0.0
2015-07-07-16 22 47.589	  31.02724231 121.43960019 1.5  0.0 0.0
2015-07-07-16 22 47.694	  31.02726889 121.43959356 1.5  0.0 0.0
2015-07-07-16 22 47.862	  31.02726889 121.43959356 1.5  0.0 0.0
2015-07-07-16 22 47.967	  31.02726889 121.43959356 1.5  0.0 0.0
2015-07-07-16 22 48.069	  31.02726889 121.43959356 1.5  0.0 0.0
2015-07-07-16 22 48.198	  31.02726889 121.43959356 1.5  0.0 0.0
2015-07-07-16 22 48.302	  31.02726889 121.43959356 1.5  0.0 0.0
2015-07-07-16 22 48.417	  31.02726889 121.43959356 1.5  0.0 0.0
2015-07-07-16 22 48.526	  31.02726889 121.43959356 1.5  0.0 0.0
2015-07-07-16 22 48.629	  31.02726889 121.43959356 1.5  0.0 0.0
2015-07-07-16 22 48.780	  31.02726889 121.43959356 1.5  0.0 0.0
2015-07-07-16 22 48.932	  31.02726889 121.43959356 1.5  0.0 0.0
2015-07-07-16 22 49.036	  31.02726889 121.43959356 1.5  0.0 0.0
2015-07-07-16 22 49.142	  31.02726889 121.43959356 1.5  0.0 0.0
2015-07-07-16 22 49.293	  31.02726889 121.43959356 1.5  0.0 0.0
2015-07-07-16 22 49.398	  31.02726889 121.43959356 1.5  0.0 0.0
2015-07-07-16 22 49.503	  31.02726889 121.43959356 1.5  0.0 0.0
2015-07-07-16 22 49.664	  31.02726889 121.43959356 1.5  0.0 0.0
2015-07-07-16 22 49.769	  31.0272947 121.43958567 1.5  0.0 0.0
2015-07-07-16 22 49.898	  31.0272947 121.43958567 1.5  0.0 0.0
2015-07-07-16 22 50.016	  31.0272947 121.43958567 1.5  0.0 0.0
2015-07-07-16 22 50.117	  31.0272947 121.43958567 1.5  0.0 0.0
2015-07-07-16 22 50.219	  31.0272947 121.43958567 1.5  0.0 0.0
2015-07-07-16 22 50.337	  31.0272947 121.43958567 1.5  0.0 0.0
2015-07-07-16 22 50.439	  31.0272947 121.43958567 1.5  0.0 0.0
2015-07-07-16 22 50.543	  31.0272947 121.43958567 1.5  0.0 0.0
2015-07-07-16 22 50.697	  31.0272947 121.43958567 1.5  0.0 0.0
2015-07-07-16 22 50.799	  31.0272947 121.43958567 1.5  0.0 0.0
2015-07-07-16 22 50.901	  31.0272947 121.43958567 1.5  0.0 0.0
2015-07-07-16 22 51.042	  31.0272947 121.43958567 1.5  0.0 0.0
2015-07-07-16 22 51.148	  31.0272947 121.43958567 1.5  0.0 0.0
2015-07-07-16 22 51.252	  31.0272947 121.43958567 1.5  0.0 0.0
2015-07-07-16 22 51.370	  31.0272947 121.43958567 1.5  0.0 0.0
2015-07-07-16 22 51.473	  31.0272947 121.43958567 1.5  0.0 0.0
2015-07-07-16 22 51.576	  31.0272947 121.43958567 1.5  0.0 0.0
2015-07-07-16 22 51.695	  31.0272947 121.43958567 1.5  0.0 0.0
2015-07-07-16 22 51.796	  31.02731873 121.43957544 1.25  0.0 0.0
2015-07-07-16 22 51.899	  31.02731873 121.43957544 1.25  0.0 0.0
2015-07-07-16 22 52.034	  31.02731873 121.43957544 1.25  0.0 0.0
2015-07-07-16 22 52.136	  31.02731873 121.43957544 1.25  0.0 0.0
2015-07-07-16 22 52.246	  31.02731873 121.43957544 1.25  0.0 0.0
2015-07-07-16 22 52.353	  31.02731873 121.43957544 1.25  0.0 0.0
2015-07-07-16 22 52.468	  31.02731873 121.43957544 1.25  0.0 0.0
2015-07-07-16 22 52.603	  31.02731873 121.43957544 1.25  0.0 0.0
2015-07-07-16 22 52.705	  31.02731873 121.43957544 1.25  0.0 0.0
2015-07-07-16 22 52.807	  31.02731873 121.43957544 1.25  0.0 0.0
2015-07-07-16 22 52.970	  31.02731873 121.43957544 1.25  0.0 0.0
2015-07-07-16 22 53.080	  31.02731873 121.43957544 1.25  0.0 0.0
2015-07-07-16 22 53.183	  31.02731873 121.43957544 1.25  0.0 0.0
2015-07-07-16 22 53.349	  31.02731873 121.43957544 1.25  0.0 0.0
2015-07-07-16 22 53.465	  31.02731873 121.43957544 1.25  0.0 0.0
2015-07-07-16 22 53.567	  31.02731873 121.43957544 1.25  0.0 0.0
2015-07-07-16 22 53.670	  31.02731873 121.43957544 1.25  0.0 0.0
2015-07-07-16 22 53.818	  31.02734586 121.4395667 1.25  0.0 0.0
2015-07-07-16 22 53.958	  31.02734586 121.4395667 1.25  0.0 0.0
2015-07-07-16 22 54.121	  31.02734586 121.4395667 1.25  0.0 0.0
2015-07-07-16 22 54.260	  31.02734586 121.4395667 1.25  0.0 0.0
2015-07-07-16 22 54.402	  31.02734586 121.4395667 1.25  0.0 0.0
2015-07-07-16 22 54.574	  31.02734586 121.4395667 1.25  0.0 0.0
2015-07-07-16 22 54.690	  31.02734586 121.4395667 1.25  0.0 0.0
2015-07-07-16 22 54.848	  31.02734586 121.4395667 1.25  0.0 0.0
2015-07-07-16 22 54.971	  31.02734586 121.4395667 1.25  0.0 0.0
2015-07-07-16 22 55.097	  31.02734586 121.4395667 1.25  0.0 0.0
2015-07-07-16 22 55.243	  31.02734586 121.4395667 1.25  0.0 0.0
2015-07-07-16 22 55.383	  31.02734586 121.4395667 1.25  0.0 0.0
2015-07-07-16 22 55.524	  31.02734586 121.4395667 1.25  0.0 0.0
2015-07-07-16 22 55.701	  31.02734586 121.4395667 1.25  0.0 0.0
2015-07-07-16 22 55.870	  31.02737014 121.43955517 1.25  0.0 0.0
2015-07-07-16 22 56.017	  31.02737014 121.43955517 1.25  0.0 0.0
2015-07-07-16 22 56.162	  31.02737014 121.43955517 1.25  0.0 0.0
2015-07-07-16 22 56.345	  31.02737014 121.43955517 1.25  0.0 0.0
2015-07-07-16 22 56.460	  31.02737014 121.43955517 1.25  0.0 0.0
2015-07-07-16 22 56.589	  31.02737014 121.43955517 1.25  0.0 0.0
2015-07-07-16 22 56.730	  31.02737014 121.43955517 1.25  0.0 0.0
2015-07-07-16 22 56.865	  31.02737014 121.43955517 1.25  0.0 0.0
2015-07-07-16 22 57.008	  31.02737014 121.43955517 1.25  0.0 0.0
2015-07-07-16 22 57.179	  31.02737014 121.43955517 1.25  0.0 0.0
2015-07-07-16 22 57.327	  31.02737014 121.43955517 1.25  0.0 0.0
2015-07-07-16 22 57.482	  31.02737014 121.43955517 1.25  0.0 0.0
2015-07-07-16 22 57.589	  31.02737014 121.43955517 1.25  0.0 0.0
2015-07-07-16 22 57.695	  31.02739158 121.43953781 1.25  0.0 0.0
2015-07-07-16 22 57.862	  31.02739158 121.43953781 1.25  0.0 0.0
2015-07-07-16 22 57.976	  31.02739158 121.43953781 1.25  0.0 0.0
2015-07-07-16 22 58.113	  31.02739158 121.43953781 1.25  0.0 0.0
2015-07-07-16 22 58.223	  31.02739158 121.43953781 1.25  0.0 0.0
2015-07-07-16 22 58.330	  31.02739158 121.43953781 1.25  0.0 0.0
2015-07-07-16 22 58.486	  31.02739158 121.43953781 1.25  0.0 0.0
2015-07-07-16 22 58.627	  31.02739158 121.43953781 1.25  0.0 0.0
2015-07-07-16 22 58.780	  31.02739158 121.43953781 1.25  0.0 0.0
2015-07-07-16 22 58.897	  31.02739158 121.43953781 1.25  0.0 0.0
2015-07-07-16 22 58.999	  31.02739158 121.43953781 1.25  0.0 0.0
2015-07-07-16 22 59.137	  31.02739158 121.43953781 1.25  0.0 0.0
2015-07-07-16 22 59.286	  31.02739158 121.43953781 1.25  0.0 0.0
2015-07-07-16 22 59.440	  31.02739158 121.43953781 1.25  0.0 0.0
2015-07-07-16 22 59.548	  31.02739158 121.43953781 1.25  0.0 0.0
2015-07-07-16 22 59.651	  31.02739158 121.43953781 1.25  0.0 0.0
2015-07-07-16 22 59.806	  31.02741249 121.43952445 1.25  0.0 0.0
2015-07-07-16 22 59.925	  31.02741249 121.43952445 1.25  0.0 0.0
2015-07-07-16 23 00.099	  31.02741249 121.43952445 1.25  0.0 0.0
2015-07-07-16 23 00.214	  31.02741249 121.43952445 1.25  0.0 0.0
2015-07-07-16 23 00.316	  31.02741249 121.43952445 1.25  0.0 0.0
2015-07-07-16 23 00.426	  31.02741249 121.43952445 1.25  0.0 0.0
2015-07-07-16 23 00.598	  31.02741249 121.43952445 1.25  0.0 0.0
2015-07-07-16 23 00.712	  31.02741249 121.43952445 1.25  0.0 0.0
2015-07-07-16 23 00.863	  31.02741249 121.43952445 1.25  0.0 0.0
2015-07-07-16 23 00.998	  31.02741249 121.43952445 1.25  0.0 0.0
2015-07-07-16 23 01.155	  31.02741249 121.43952445 1.25  0.0 0.0
2015-07-07-16 23 01.295	  31.02741249 121.43952445 1.25  0.0 0.0
2015-07-07-16 23 01.427	  31.02741249 121.43952445 1.25  0.0 0.0
2015-07-07-16 23 01.597	  31.02741249 121.43952445 1.25  0.0 0.0
2015-07-07-16 23 01.736	  31.02743465 121.43951352 1.25  0.0 0.0
2015-07-07-16 23 01.855	  31.02743465 121.43951352 1.25  0.0 0.0
2015-07-07-16 23 01.995	  31.02743465 121.43951352 1.25  0.0 0.0
2015-07-07-16 23 02.147	  31.02743465 121.43951352 1.25  0.0 0.0
2015-07-07-16 23 02.291	  31.02743465 121.43951352 1.25  0.0 0.0
2015-07-07-16 23 02.429	  31.02743465 121.43951352 1.25  0.0 0.0
2015-07-07-16 23 02.544	  31.02743465 121.43951352 1.25  0.0 0.0
2015-07-07-16 23 02.660	  31.02743465 121.43951352 1.25  0.0 0.0
2015-07-07-16 23 02.798	  31.02743465 121.43951352 1.25  0.0 0.0
2015-07-07-16 23 02.916	  31.02743465 121.43951352 1.25  0.0 0.0
2015-07-07-16 23 03.050	  31.02743465 121.43951352 1.25  0.0 0.0
2015-07-07-16 23 03.207	  31.02743465 121.43951352 1.25  0.0 0.0
2015-07-07-16 23 03.345	  31.02743465 121.43951352 1.25  0.0 0.0
2015-07-07-16 23 03.460	  31.02743465 121.43951352 1.25  0.0 0.0
2015-07-07-16 23 03.597	  31.02743465 121.43951352 1.25  0.0 0.0
2015-07-07-16 23 03.712	  31.02743465 121.43951352 1.25  0.0 0.0
2015-07-07-16 23 03.884	  31.02745421 121.43949615 1.25  0.0 0.0
2015-07-07-16 23 04.022	  31.02745421 121.43949615 1.25  0.0 0.0
2015-07-07-16 23 04.149	  31.02745421 121.43949615 1.25  0.0 0.0
2015-07-07-16 23 04.263	  31.02745421 121.43949615 1.25  0.0 0.0
2015-07-07-16 23 04.412	  31.02745421 121.43949615 1.25  0.0 0.0
2015-07-07-16 23 04.568	  31.02745421 121.43949615 1.25  0.0 0.0
2015-07-07-16 23 04.748	  31.02745421 121.43949615 1.25  0.0 0.0
2015-07-07-16 23 04.863	  31.02745421 121.43949615 1.25  0.0 0.0
2015-07-07-16 23 04.985	  31.02745421 121.43949615 1.25  0.0 0.0
2015-07-07-16 23 05.127	  31.02745421 121.43949615 1.25  0.0 0.0
2015-07-07-16 23 05.290	  31.02745421 121.43949615 1.25  0.0 0.0
2015-07-07-16 23 05.407	  31.02745421 121.43949615 1.25  0.0 0.0
2015-07-07-16 23 05.552	  31.02745421 121.43949615 1.25  0.0 0.0
2015-07-07-16 23 05.707	  31.02745421 121.43949615 1.25  0.0 0.0
2015-07-07-16 23 05.850	  31.02747628 121.43948045 1.5  0.0 0.0
2015-07-07-16 23 05.988	  31.02747628 121.43948045 1.5  0.0 0.0
2015-07-07-16 23 06.126	  31.02747628 121.43948045 1.5  0.0 0.0
2015-07-07-16 23 06.303	  31.02747628 121.43948045 1.5  0.0 0.0
2015-07-07-16 23 06.451	  31.02747628 121.43948045 1.5  0.0 0.0
2015-07-07-16 23 06.602	  31.02747628 121.43948045 1.5  0.0 0.0
2015-07-07-16 23 06.747	  31.02747628 121.43948045 1.5  0.0 0.0
2015-07-07-16 23 06.874	  31.02747628 121.43948045 1.5  0.0 0.0
2015-07-07-16 23 07.017	  31.02747628 121.43948045 1.5  0.0 0.0
2015-07-07-16 23 07.133	  31.02747628 121.43948045 1.5  0.0 0.0
2015-07-07-16 23 07.269	  31.02747628 121.43948045 1.5  0.0 0.0
2015-07-07-16 23 07.407	  31.02747628 121.43948045 1.5  0.0 0.0
2015-07-07-16 23 07.553	  31.02747628 121.43948045 1.5  0.0 0.0
2015-07-07-16 23 07.731	  31.02747628 121.43948045 1.5  0.0 0.0
2015-07-07-16 23 07.868	  31.02749802 121.43947097 1.25  0.0 0.0
2015-07-07-16 23 07.983	  31.02749802 121.43947097 1.25  0.0 0.0
2015-07-07-16 23 08.097	  31.02749802 121.43947097 1.25  0.0 0.0
2015-07-07-16 23 08.258	  31.02749802 121.43947097 1.25  0.0 0.0
2015-07-07-16 23 08.372	  31.02749802 121.43947097 1.25  0.0 0.0
2015-07-07-16 23 08.488	  31.02749802 121.43947097 1.25  0.0 0.0
2015-07-07-16 23 08.651	  31.02749802 121.43947097 1.25  0.0 0.0
2015-07-07-16 23 08.792	  31.02749802 121.43947097 1.25  0.0 0.0
2015-07-07-16 23 08.909	  31.02749802 121.43947097 1.25  0.0 0.0
2015-07-07-16 23 09.047	  31.02749802 121.43947097 1.25  0.0 0.0
2015-07-07-16 23 09.203	  31.02749802 121.43947097 1.25  0.0 0.0
2015-07-07-16 23 09.353	  31.02749802 121.43947097 1.25  0.0 0.0
2015-07-07-16 23 09.471	  31.02749802 121.43947097 1.25  0.0 0.0
2015-07-07-16 23 09.616	  31.02749802 121.43947097 1.25  0.0 0.0
2015-07-07-16 23 09.756	  31.02749802 121.43947097 1.25  0.0 0.0
2015-07-07-16 23 09.873	  31.02751928 121.43946037 1.25  0.0 0.0
2015-07-07-16 23 10.008	  31.02751928 121.43946037 1.25  0.0 0.0
2015-07-07-16 23 10.151	  31.02751928 121.43946037 1.25  0.0 0.0
2015-07-07-16 23 10.304	  31.02751928 121.43946037 1.25  0.0 0.0
2015-07-07-16 23 10.456	  31.02751928 121.43946037 1.25  0.0 0.0
2015-07-07-16 23 10.574	  31.02751928 121.43946037 1.25  0.0 0.0
2015-07-07-16 23 10.688	  31.02751928 121.43946037 1.25  0.0 0.0
2015-07-07-16 23 10.846	  31.02751928 121.43946037 1.25  0.0 0.0
2015-07-07-16 23 11.004	  31.02751928 121.43946037 1.25  0.0 0.0
2015-07-07-16 23 11.148	  31.02751928 121.43946037 1.25  0.0 0.0
2015-07-07-16 23 11.266	  31.02751928 121.43946037 1.25  0.0 0.0
2015-07-07-16 23 11.416	  31.02751928 121.43946037 1.25  0.0 0.0
2015-07-07-16 23 11.532	  31.02751928 121.43946037 1.25  0.0 0.0
2015-07-07-16 23 11.702	  31.02751928 121.43946037 1.25  0.0 0.0
2015-07-07-16 23 11.855	  31.02754124 121.43944607 1.25  0.0 0.0
2015-07-07-16 23 11.982	  31.02754124 121.43944607 1.25  0.0 0.0
2015-07-07-16 23 12.127	  31.02754124 121.43944607 1.25  0.0 0.0
2015-07-07-16 23 12.266	  31.02754124 121.43944607 1.25  0.0 0.0
2015-07-07-16 23 12.415	  31.02754124 121.43944607 1.25  0.0 0.0
2015-07-07-16 23 12.555	  31.02754124 121.43944607 1.25  0.0 0.0
2015-07-07-16 23 12.692	  31.02754124 121.43944607 1.25  0.0 0.0
2015-07-07-16 23 12.807	  31.02754124 121.43944607 1.25  0.0 0.0
2015-07-07-16 23 12.923	  31.02754124 121.43944607 1.25  0.0 0.0
2015-07-07-16 23 13.076	  31.02754124 121.43944607 1.25  0.0 0.0
2015-07-07-16 23 13.197	  31.02754124 121.43944607 1.25  0.0 0.0
2015-07-07-16 23 13.350	  31.02754124 121.43944607 1.25  0.0 0.0
2015-07-07-16 23 13.468	  31.02754124 121.43944607 1.25  0.0 0.0
2015-07-07-16 23 13.601	  31.02754124 121.43944607 1.25  0.0 0.0
2015-07-07-16 23 13.754	  31.02754124 121.43944607 1.25  0.0 0.0
2015-07-07-16 23 13.897	  31.02756574 121.4394353 1.5  0.0 0.0
2015-07-07-16 23 14.038	  31.02756574 121.4394353 1.5  0.0 0.0
2015-07-07-16 23 14.173	  31.02756574 121.4394353 1.5  0.0 0.0
2015-07-07-16 23 14.292	  31.02756574 121.4394353 1.5  0.0 0.0
2015-07-07-16 23 14.446	  31.02756574 121.4394353 1.5  0.0 0.0
2015-07-07-16 23 14.568	  31.02756574 121.4394353 1.5  0.0 0.0
2015-07-07-16 23 14.698	  31.02756574 121.4394353 1.5  0.0 0.0
2015-07-07-16 23 14.847	  31.02756574 121.4394353 1.5  0.0 0.0
2015-07-07-16 23 15.007	  31.02756574 121.4394353 1.5  0.0 0.0
2015-07-07-16 23 15.123	  31.02756574 121.4394353 1.5  0.0 0.0
2015-07-07-16 23 15.240	  31.02756574 121.4394353 1.5  0.0 0.0
2015-07-07-16 23 15.364	  31.02756574 121.4394353 1.5  0.0 0.0
2015-07-07-16 23 15.515	  31.02756574 121.4394353 1.5  0.0 0.0
2015-07-07-16 23 15.658	  31.02756574 121.4394353 1.5  0.0 0.0
2015-07-07-16 23 15.840	  31.02759392 121.43942711 1.5  0.0 0.0
2015-07-07-16 23 15.962	  31.02759392 121.43942711 1.5  0.0 0.0
2015-07-07-16 23 16.100	  31.02759392 121.43942711 1.5  0.0 0.0
2015-07-07-16 23 16.250	  31.02759392 121.43942711 1.5  0.0 0.0
2015-07-07-16 23 16.391	  31.02759392 121.43942711 1.5  0.0 0.0
2015-07-07-16 23 16.549	  31.02759392 121.43942711 1.5  0.0 0.0
2015-07-07-16 23 16.667	  31.02759392 121.43942711 1.5  0.0 0.0
2015-07-07-16 23 16.795	  31.02759392 121.43942711 1.5  0.0 0.0
2015-07-07-16 23 16.959	  31.02759392 121.43942711 1.5  0.0 0.0
2015-07-07-16 23 17.078	  31.02759392 121.43942711 1.5  0.0 0.0
2015-07-07-16 23 17.213	  31.02759392 121.43942711 1.5  0.0 0.0
2015-07-07-16 23 17.331	  31.02759392 121.43942711 1.5  0.0 0.0
2015-07-07-16 23 17.480	  31.02759392 121.43942711 1.5  0.0 0.0
2015-07-07-16 23 17.585	  31.02759392 121.43942711 1.5  0.0 0.0
2015-07-07-16 23 17.700	  31.02759392 121.43942711 1.5  0.0 0.0
2015-07-07-16 23 17.858	  31.02762206 121.43941898 1.5  0.0 0.0
2015-07-07-16 23 17.988	  31.02762206 121.43941898 1.5  0.0 0.0
2015-07-07-16 23 18.126	  31.02762206 121.43941898 1.5  0.0 0.0
2015-07-07-16 23 18.228	  31.02762206 121.43941898 1.5  0.0 0.0
2015-07-07-16 23 18.369	  31.02762206 121.43941898 1.5  0.0 0.0
2015-07-07-16 23 18.518	  31.02762206 121.43941898 1.5  0.0 0.0
2015-07-07-16 23 18.665	  31.02762206 121.43941898 1.5  0.0 0.0
2015-07-07-16 23 18.802	  31.02762206 121.43941898 1.5  0.0 0.0
2015-07-07-16 23 18.905	  31.02762206 121.43941898 1.5  0.0 0.0
2015-07-07-16 23 19.010	  31.02762206 121.43941898 1.5  0.0 0.0
2015-07-07-16 23 19.158	  31.02762206 121.43941898 1.5  0.0 0.0
2015-07-07-16 23 19.278	  31.02762206 121.43941898 1.5  0.0 0.0
2015-07-07-16 23 19.424	  31.02762206 121.43941898 1.5  0.0 0.0
2015-07-07-16 23 19.527	  31.02762206 121.43941898 1.5  0.0 0.0
2015-07-07-16 23 19.642	  31.02762206 121.43941898 1.5  0.0 0.0
2015-07-07-16 23 19.750	  31.02764781 121.43941128 1.25  0.0 0.0
2015-07-07-16 23 19.872	  31.02764781 121.43941128 1.25  0.0 0.0
2015-07-07-16 23 20.007	  31.02764781 121.43941128 1.25  0.0 0.0
2015-07-07-16 23 20.149	  31.02764781 121.43941128 1.25  0.0 0.0
2015-07-07-16 23 20.251	  31.02764781 121.43941128 1.25  0.0 0.0
2015-07-07-16 23 20.355	  31.02764781 121.43941128 1.25  0.0 0.0
2015-07-07-16 23 20.459	  31.02764781 121.43941128 1.25  0.0 0.0
2015-07-07-16 23 20.562	  31.02764781 121.43941128 1.25  0.0 0.0
2015-07-07-16 23 20.668	  31.02764781 121.43941128 1.25  0.0 0.0
2015-07-07-16 23 20.821	  31.02764781 121.43941128 1.25  0.0 0.0
2015-07-07-16 23 20.936	  31.02764781 121.43941128 1.25  0.0 0.0
2015-07-07-16 23 21.077	  31.02764781 121.43941128 1.25  0.0 0.0
2015-07-07-16 23 21.205	  31.02764781 121.43941128 1.25  0.0 0.0
2015-07-07-16 23 21.326	  31.02764781 121.43941128 1.25  0.0 0.0
2015-07-07-16 23 21.435	  31.02764781 121.43941128 1.25  0.0 0.0
2015-07-07-16 23 21.585	  31.02764781 121.43941128 1.25  0.0 0.0
2015-07-07-16 23 21.746	  31.02767189 121.43940374 1.25  0.0 0.0
2015-07-07-16 23 21.894	  31.02767189 121.43940374 1.25  0.0 0.0
2015-07-07-16 23 21.997	  31.02767189 121.43940374 1.25  0.0 0.0
2015-07-07-16 23 22.144	  31.02767189 121.43940374 1.25  0.0 0.0
2015-07-07-16 23 22.276	  31.02767189 121.43940374 1.25  0.0 0.0
2015-07-07-16 23 22.419	  31.02767189 121.43940374 1.25  0.0 0.0
2015-07-07-16 23 22.572	  31.02767189 121.43940374 1.25  0.0 0.0
2015-07-07-16 23 22.751	  31.02767189 121.43940374 1.25  0.0 0.0
2015-07-07-16 23 22.868	  31.02767189 121.43940374 1.25  0.0 0.0
2015-07-07-16 23 22.973	  31.02767189 121.43940374 1.25  0.0 0.0
2015-07-07-16 23 23.106	  31.02767189 121.43940374 1.25  0.0 0.0
2015-07-07-16 23 23.252	  31.02767189 121.43940374 1.25  0.0 0.0
2015-07-07-16 23 23.381	  31.02767189 121.43940374 1.25  0.0 0.0
2015-07-07-16 23 23.500	  31.02767189 121.43940374 1.25  0.0 0.0
2015-07-07-16 23 23.652	  31.02767189 121.43940374 1.25  0.0 0.0
2015-07-07-16 23 23.790	  31.02769701 121.43939518 1.25  0.0 0.0
2015-07-07-16 23 23.895	  31.02769701 121.43939518 1.25  0.0 0.0
2015-07-07-16 23 24.040	  31.02769701 121.43939518 1.25  0.0 0.0
2015-07-07-16 23 24.183	  31.02769701 121.43939518 1.25  0.0 0.0
2015-07-07-16 23 24.327	  31.02769701 121.43939518 1.25  0.0 0.0
2015-07-07-16 23 24.433	  31.02769701 121.43939518 1.25  0.0 0.0
2015-07-07-16 23 24.548	  31.02769701 121.43939518 1.25  0.0 0.0
2015-07-07-16 23 24.666	  31.02769701 121.43939518 1.25  0.0 0.0
2015-07-07-16 23 24.837	  31.02769701 121.43939518 1.25  0.0 0.0
2015-07-07-16 23 24.978	  31.02769701 121.43939518 1.25  0.0 0.0
2015-07-07-16 23 25.134	  31.02769701 121.43939518 1.25  0.0 0.0
2015-07-07-16 23 25.248	  31.02769701 121.43939518 1.25  0.0 0.0
2015-07-07-16 23 25.355	  31.02769701 121.43939518 1.25  0.0 0.0
2015-07-07-16 23 25.473	  31.02769701 121.43939518 1.25  0.0 0.0
2015-07-07-16 23 25.602	  31.02769701 121.43939518 1.25  0.0 0.0
2015-07-07-16 23 25.786	  31.02772295 121.43938756 1.5  0.0 0.0
2015-07-07-16 23 25.926	  31.02772295 121.43938756 1.5  0.0 0.0
2015-07-07-16 23 26.044	  31.02772295 121.43938756 1.5  0.0 0.0
2015-07-07-16 23 26.188	  31.02772295 121.43938756 1.5  0.0 0.0
2015-07-07-16 23 26.331	  31.02772295 121.43938756 1.5  0.0 0.0
2015-07-07-16 23 26.451	  31.02772295 121.43938756 1.5  0.0 0.0
2015-07-07-16 23 26.568	  31.02772295 121.43938756 1.5  0.0 0.0
2015-07-07-16 23 26.707	  31.02772295 121.43938756 1.5  0.0 0.0
2015-07-07-16 23 26.851	  31.02772295 121.43938756 1.5  0.0 0.0
2015-07-07-16 23 26.982	  31.02772295 121.43938756 1.5  0.0 0.0
2015-07-07-16 23 27.134	  31.02772295 121.43938756 1.5  0.0 0.0
2015-07-07-16 23 27.292	  31.02772295 121.43938756 1.5  0.0 0.0
2015-07-07-16 23 27.407	  31.02772295 121.43938756 1.5  0.0 0.0
2015-07-07-16 23 27.523	  31.02772295 121.43938756 1.5  0.0 0.0
2015-07-07-16 23 27.632	  31.02772295 121.43938756 1.5  0.0 0.0
2015-07-07-16 23 27.739	  31.02774789 121.43938001 1.25  0.0 0.0
2015-07-07-16 23 27.883	  31.02774789 121.43938001 1.25  0.0 0.0
2015-07-07-16 23 28.027	  31.02774789 121.43938001 1.25  0.0 0.0
2015-07-07-16 23 28.162	  31.02774789 121.43938001 1.25  0.0 0.0
2015-07-07-16 23 28.334	  31.02774789 121.43938001 1.25  0.0 0.0
2015-07-07-16 23 28.453	  31.02774789 121.43938001 1.25  0.0 0.0
2015-07-07-16 23 28.578	  31.02774789 121.43938001 1.25  0.0 0.0
2015-07-07-16 23 28.717	  31.02774789 121.43938001 1.25  0.0 0.0
2015-07-07-16 23 28.865	  31.02774789 121.43938001 1.25  0.0 0.0
2015-07-07-16 23 29.044	  31.02774789 121.43938001 1.25  0.0 0.0
2015-07-07-16 23 29.182	  31.02774789 121.43938001 1.25  0.0 0.0
2015-07-07-16 23 29.320	  31.02774789 121.43938001 1.25  0.0 0.0
2015-07-07-16 23 29.450	  31.02774789 121.43938001 1.25  0.0 0.0
2015-07-07-16 23 29.569	  31.02774789 121.43938001 1.25  0.0 0.0
2015-07-07-16 23 29.708	  31.02774789 121.43938001 1.25  0.0 0.0
2015-07-07-16 23 29.891	  31.02777078 121.43936978 1.25  0.0 0.0
2015-07-07-16 23 30.012	  31.02777078 121.43936978 1.25  0.0 0.0
2015-07-07-16 23 30.156	  31.02777078 121.43936978 1.25  0.0 0.0
2015-07-07-16 23 30.300	  31.02777078 121.43936978 1.25  0.0 0.0
2015-07-07-16 23 30.462	  31.02777078 121.43936978 1.25  0.0 0.0
2015-07-07-16 23 30.597	  31.02777078 121.43936978 1.25  0.0 0.0
2015-07-07-16 23 30.747	  31.02777078 121.43936978 1.25  0.0 0.0
2015-07-07-16 23 30.867	  31.02777078 121.43936978 1.25  0.0 0.0
2015-07-07-16 23 30.984	  31.02777078 121.43936978 1.25  0.0 0.0
2015-07-07-16 23 31.102	  31.02777078 121.43936978 1.25  0.0 0.0
2015-07-07-16 23 31.246	  31.02777078 121.43936978 1.25  0.0 0.0
2015-07-07-16 23 31.361	  31.02777078 121.43936978 1.25  0.0 0.0
2015-07-07-16 23 31.507	  31.02777078 121.43936978 1.25  0.0 0.0
2015-07-07-16 23 31.696	  31.02777078 121.43936978 1.25  0.0 0.0
2015-07-07-16 23 31.859	  31.02779115 121.43936304 1.25  0.0 0.0
2015-07-07-16 23 32.014	  31.02779115 121.43936304 1.25  0.0 0.0
2015-07-07-16 23 32.134	  31.02779115 121.43936304 1.25  0.0 0.0
2015-07-07-16 23 32.309	  31.02779115 121.43936304 1.25  0.0 0.0
2015-07-07-16 23 32.464	  31.02779115 121.43936304 1.25  0.0 0.0
2015-07-07-16 23 32.649	  31.02779115 121.43936304 1.25  0.0 0.0
2015-07-07-16 23 32.802	  31.02779115 121.43936304 1.25  0.0 0.0
2015-07-07-16 23 32.947	  31.02779115 121.43936304 1.25  0.0 0.0
2015-07-07-16 23 33.082	  31.02779115 121.43936304 1.25  0.0 0.0
2015-07-07-16 23 33.262	  31.02779115 121.43936304 1.25  0.0 0.0
2015-07-07-16 23 33.394	  31.02779115 121.43936304 1.25  0.0 0.0
2015-07-07-16 23 33.558	  31.02779115 121.43936304 1.25  0.0 0.0
2015-07-07-16 23 33.681	  31.02779115 121.43936304 1.25  0.0 0.0
2015-07-07-16 23 33.839	  31.02781366 121.43935444 1.25  0.0 0.0
2015-07-07-16 23 33.973	  31.02781366 121.43935444 1.25  0.0 0.0
2015-07-07-16 23 34.103	  31.02781366 121.43935444 1.25  0.0 0.0
2015-07-07-16 23 34.247	  31.02781366 121.43935444 1.25  0.0 0.0
2015-07-07-16 23 34.395	  31.02781366 121.43935444 1.25  0.0 0.0
2015-07-07-16 23 34.536	  31.02781366 121.43935444 1.25  0.0 0.0
2015-07-07-16 23 34.656	  31.02781366 121.43935444 1.25  0.0 0.0
2015-07-07-16 23 34.829	  31.02781366 121.43935444 1.25  0.0 0.0
2015-07-07-16 23 34.945	  31.02781366 121.43935444 1.25  0.0 0.0
2015-07-07-16 23 35.081	  31.02781366 121.43935444 1.25  0.0 0.0
2015-07-07-16 23 35.268	  31.02781366 121.43935444 1.25  0.0 0.0
