2015-07-07-16 23 45.273	  0.0 0.0 0.0  0.0 0.0
2015-07-07-16 23 45.375	  0.0 0.0 0.0  0.0 0.0
2015-07-07-16 23 45.477	  0.0 0.0 0.0  0.0 0.0
2015-07-07-16 23 45.580	  0.0 0.0 0.0  0.0 0.0
2015-07-07-16 23 45.685	  31.027830259999998 121.43935576 0.75  0.0 0.0
2015-07-07-16 23 45.807	  31.027830259999998 121.43935576 0.75  0.0 0.0
2015-07-07-16 23 45.909	  31.027830259999998 121.43935576 0.75  0.0 0.0
2015-07-07-16 23 46.014	  31.027830259999998 121.43935576 0.75  0.0 0.0
2015-07-07-16 23 46.116	  31.027830259999998 121.43935576 0.75  0.0 0.0
2015-07-07-16 23 46.218	  31.027830259999998 121.43935576 0.75  0.0 0.0
2015-07-07-16 23 46.320	  31.027830259999998 121.43935576 0.75  0.0 0.0
2015-07-07-16 23 46.421	  31.027830259999998 121.43935576 0.75  0.0 0.0
2015-07-07-16 23 46.523	  31.027830259999998 121.43935576 0.75  0.0 0.0
2015-07-07-16 23 46.628	  31.027830259999998 121.43935576 0.75  0.0 0.0
2015-07-07-16 23 46.729	  31.027830259999998 121.43935576 0.75  0.0 0.0
2015-07-07-16 23 46.831	  31.027830259999998 121.43935576 0.75  0.0 0.0
2015-07-07-16 23 46.933	  31.027830259999998 121.43935576 0.75  0.0 0.0
2015-07-07-16 23 47.035	  31.027830259999998 121.43935576 0.75  0.0 0.0
2015-07-07-16 23 47.137	  31.027830259999998 121.43935576 0.75  0.0 0.0
2015-07-07-16 23 47.238	  31.027830259999998 121.43935576 0.75  0.0 0.0
2015-07-07-16 23 47.340	  31.027830259999998 121.43935576 0.75  0.0 0.0
2015-07-07-16 23 47.443	  31.027830259999998 121.43935576 0.75  0.0 0.0
2015-07-07-16 23 47.545	  31.027830259999998 121.43935576 0.75  0.0 0.0
2015-07-07-16 23 47.646	  31.027830259999998 121.43935576 0.75  0.0 0.0
2015-07-07-16 23 47.749	  31.027830259999998 121.43935576 0.75  0.0 0.0
2015-07-07-16 23 47.850	  31.027830259999998 121.43935576 0.75  0.0 0.0
2015-07-07-16 23 47.952	  31.02779916 121.43937289 1.5  0.0 0.0
2015-07-07-16 23 48.054	  31.02779916 121.43937289 1.5  0.0 0.0
2015-07-07-16 23 48.156	  31.02779916 121.43937289 1.5  0.0 0.0
2015-07-07-16 23 48.258	  31.02779916 121.43937289 1.5  0.0 0.0
2015-07-07-16 23 48.360	  31.02779916 121.43937289 1.5  0.0 0.0
2015-07-07-16 23 48.463	  31.02779916 121.43937289 1.5  0.0 0.0
2015-07-07-16 23 48.566	  31.02779916 121.43937289 1.5  0.0 0.0
2015-07-07-16 23 48.669	  31.02779916 121.43937289 1.5  0.0 0.0
2015-07-07-16 23 48.773	  31.02779916 121.43937289 1.5  0.0 0.0
2015-07-07-16 23 48.876	  31.02779916 121.43937289 1.5  0.0 0.0
2015-07-07-16 23 48.980	  31.02779916 121.43937289 1.5  0.0 0.0
2015-07-07-16 23 49.083	  31.02779916 121.43937289 1.5  0.0 0.0
2015-07-07-16 23 49.185	  31.02779916 121.43937289 1.5  0.0 0.0
2015-07-07-16 23 49.287	  31.02779916 121.43937289 1.5  0.0 0.0
2015-07-07-16 23 49.389	  31.02779916 121.43937289 1.5  0.0 0.0
2015-07-07-16 23 49.496	  31.02779916 121.43937289 1.5  0.0 0.0
2015-07-07-16 23 49.599	  31.02779916 121.43937289 1.5  0.0 0.0
2015-07-07-16 23 49.700	  31.02779916 121.43937289 1.5  0.0 0.0
2015-07-07-16 23 49.801	  31.02779916 121.43937289 1.5  0.0 0.0
2015-07-07-16 23 49.902	  31.0277731 121.43938507 1.5  0.0 0.0
2015-07-07-16 23 50.005	  31.0277731 121.43938507 1.5  0.0 0.0
2015-07-07-16 23 50.107	  31.0277731 121.43938507 1.5  0.0 0.0
2015-07-07-16 23 50.209	  31.0277731 121.43938507 1.5  0.0 0.0
2015-07-07-16 23 50.319	  31.0277731 121.43938507 1.5  0.0 0.0
2015-07-07-16 23 50.425	  31.0277731 121.43938507 1.5  0.0 0.0
2015-07-07-16 23 50.546	  31.0277731 121.43938507 1.5  0.0 0.0
2015-07-07-16 23 50.648	  31.0277731 121.43938507 1.5  0.0 0.0
2015-07-07-16 23 50.753	  31.0277731 121.43938507 1.5  0.0 0.0
2015-07-07-16 23 50.864	  31.0277731 121.43938507 1.5  0.0 0.0
2015-07-07-16 23 50.965	  31.0277731 121.43938507 1.5  0.0 0.0
2015-07-07-16 23 51.067	  31.0277731 121.43938507 1.5  0.0 0.0
2015-07-07-16 23 51.170	  31.0277731 121.43938507 1.5  0.0 0.0
2015-07-07-16 23 51.272	  31.0277731 121.43938507 1.5  0.0 0.0
2015-07-07-16 23 51.375	  31.0277731 121.43938507 1.5  0.0 0.0
2015-07-07-16 23 51.476	  31.0277731 121.43938507 1.5  0.0 0.0
2015-07-07-16 23 51.581	  31.0277731 121.43938507 1.5  0.0 0.0
2015-07-07-16 23 51.687	  31.0277731 121.43938507 1.5  0.0 0.0
2015-07-07-16 23 51.796	  31.02774728 121.43939657 1.5  0.0 0.0
2015-07-07-16 23 51.898	  31.02774728 121.43939657 1.5  0.0 0.0
2015-07-07-16 23 52.000	  31.02774728 121.43939657 1.5  0.0 0.0
2015-07-07-16 23 52.103	  31.02774728 121.43939657 1.5  0.0 0.0
2015-07-07-16 23 52.209	  31.02774728 121.43939657 1.5  0.0 0.0
2015-07-07-16 23 52.313	  31.02774728 121.43939657 1.5  0.0 0.0
2015-07-07-16 23 52.417	  31.02774728 121.43939657 1.5  0.0 0.0
2015-07-07-16 23 52.518	  31.02774728 121.43939657 1.5  0.0 0.0
2015-07-07-16 23 52.619	  31.02774728 121.43939657 1.5  0.0 0.0
2015-07-07-16 23 52.721	  31.02774728 121.43939657 1.5  0.0 0.0
2015-07-07-16 23 52.832	  31.02774728 121.43939657 1.5  0.0 0.0
2015-07-07-16 23 52.934	  31.02774728 121.43939657 1.5  0.0 0.0
2015-07-07-16 23 53.039	  31.02774728 121.43939657 1.5  0.0 0.0
2015-07-07-16 23 53.143	  31.02774728 121.43939657 1.5  0.0 0.0
2015-07-07-16 23 53.248	  31.02774728 121.43939657 1.5  0.0 0.0
2015-07-07-16 23 53.355	  31.02774728 121.43939657 1.5  0.0 0.0
2015-07-07-16 23 53.461	  31.02774728 121.43939657 1.5  0.0 0.0
2015-07-07-16 23 53.567	  31.02774728 121.43939657 1.5  0.0 0.0
2015-07-07-16 23 53.683	  31.02774728 121.43939657 1.5  0.0 0.0
2015-07-07-16 23 53.784	  31.02772345 121.43941088 1.5  0.0 0.0
2015-07-07-16 23 53.885	  31.02772345 121.43941088 1.5  0.0 0.0
2015-07-07-16 23 53.987	  31.02772345 121.43941088 1.5  0.0 0.0
2015-07-07-16 23 54.090	  31.02772345 121.43941088 1.5  0.0 0.0
2015-07-07-16 23 54.196	  31.02772345 121.43941088 1.5  0.0 0.0
2015-07-07-16 23 54.307	  31.02772345 121.43941088 1.5  0.0 0.0
2015-07-07-16 23 54.409	  31.02772345 121.43941088 1.5  0.0 0.0
2015-07-07-16 23 54.510	  31.02772345 121.43941088 1.5  0.0 0.0
2015-07-07-16 23 54.613	  31.02772345 121.43941088 1.5  0.0 0.0
2015-07-07-16 23 54.715	  31.02772345 121.43941088 1.5  0.0 0.0
2015-07-07-16 23 54.820	  31.02772345 121.43941088 1.5  0.0 0.0
2015-07-07-16 23 54.926	  31.02772345 121.43941088 1.5  0.0 0.0
2015-07-07-16 23 55.029	  31.02772345 121.43941088 1.5  0.0 0.0
2015-07-07-16 23 55.137	  31.02772345 121.43941088 1.5  0.0 0.0
2015-07-07-16 23 55.242	  31.02772345 121.43941088 1.5  0.0 0.0
2015-07-07-16 23 55.347	  31.02772345 121.43941088 1.5  0.0 0.0
2015-07-07-16 23 55.449	  31.02772345 121.43941088 1.5  0.0 0.0
2015-07-07-16 23 55.550	  31.02772345 121.43941088 1.5  0.0 0.0
2015-07-07-16 23 55.652	  31.02772345 121.43941088 1.5  0.0 0.0
2015-07-07-16 23 55.756	  31.02772345 121.43941088 1.5  0.0 0.0
2015-07-07-16 23 55.860	  31.02772345 121.43941088 1.5  0.0 0.0
2015-07-07-16 23 55.969	  31.02769986 121.43942188 1.5  0.0 0.0
2015-07-07-16 23 56.071	  31.02769986 121.43942188 1.5  0.0 0.0
2015-07-07-16 23 56.173	  31.02769986 121.43942188 1.5  0.0 0.0
2015-07-07-16 23 56.278	  31.02769986 121.43942188 1.5  0.0 0.0
2015-07-07-16 23 56.383	  31.02769986 121.43942188 1.5  0.0 0.0
2015-07-07-16 23 56.489	  31.02769986 121.43942188 1.5  0.0 0.0
2015-07-07-16 23 56.594	  31.02769986 121.43942188 1.5  0.0 0.0
2015-07-07-16 23 56.700	  31.02769986 121.43942188 1.5  0.0 0.0
2015-07-07-16 23 56.802	  31.02769986 121.43942188 1.5  0.0 0.0
2015-07-07-16 23 56.903	  31.02769986 121.43942188 1.5  0.0 0.0
2015-07-07-16 23 57.005	  31.02769986 121.43942188 1.5  0.0 0.0
2015-07-07-16 23 57.107	  31.02769986 121.43942188 1.5  0.0 0.0
2015-07-07-16 23 57.218	  31.02769986 121.43942188 1.5  0.0 0.0
2015-07-07-16 23 57.320	  31.02769986 121.43942188 1.5  0.0 0.0
2015-07-07-16 23 57.426	  31.02769986 121.43942188 1.5  0.0 0.0
2015-07-07-16 23 57.529	  31.02769986 121.43942188 1.5  0.0 0.0
2015-07-07-16 23 57.641	  31.02769986 121.43942188 1.5  0.0 0.0
2015-07-07-16 23 57.752	  31.02769986 121.43942188 1.5  0.0 0.0
2015-07-07-16 23 57.853	  31.02767658 121.43943181 1.5  0.0 0.0
2015-07-07-16 23 57.954	  31.02767658 121.43943181 1.5  0.0 0.0
2015-07-07-16 23 58.056	  31.02767658 121.43943181 1.5  0.0 0.0
2015-07-07-16 23 58.157	  31.02767658 121.43943181 1.5  0.0 0.0
2015-07-07-16 23 58.260	  31.02767658 121.43943181 1.5  0.0 0.0
2015-07-07-16 23 58.362	  31.02767658 121.43943181 1.5  0.0 0.0
2015-07-07-16 23 58.466	  31.02767658 121.43943181 1.5  0.0 0.0
2015-07-07-16 23 58.571	  31.02767658 121.43943181 1.5  0.0 0.0
2015-07-07-16 23 58.678	  31.02767658 121.43943181 1.5  0.0 0.0
2015-07-07-16 23 58.783	  31.02767658 121.43943181 1.5  0.0 0.0
2015-07-07-16 23 58.885	  31.02767658 121.43943181 1.5  0.0 0.0
2015-07-07-16 23 58.987	  31.02767658 121.43943181 1.5  0.0 0.0
2015-07-07-16 23 59.091	  31.02767658 121.43943181 1.5  0.0 0.0
2015-07-07-16 23 59.195	  31.02767658 121.43943181 1.5  0.0 0.0
2015-07-07-16 23 59.296	  31.02767658 121.43943181 1.5  0.0 0.0
2015-07-07-16 23 59.398	  31.02767658 121.43943181 1.5  0.0 0.0
2015-07-07-16 23 59.499	  31.02767658 121.43943181 1.5  0.0 0.0
2015-07-07-16 23 59.601	  31.02767658 121.43943181 1.5  0.0 0.0
2015-07-07-16 23 59.704	  31.02767658 121.43943181 1.5  0.0 0.0
2015-07-07-16 23 59.806	  31.02765351 121.43944151 1.5  0.0 0.0
2015-07-07-16 23 59.908	  31.02765351 121.43944151 1.5  0.0 0.0
2015-07-07-16 24 00.034	  31.02765351 121.43944151 1.5  0.0 0.0
2015-07-07-16 24 00.143	  31.02765351 121.43944151 1.5  0.0 0.0
2015-07-07-16 24 00.244	  31.02765351 121.43944151 1.5  0.0 0.0
2015-07-07-16 24 00.346	  31.02765351 121.43944151 1.5  0.0 0.0
2015-07-07-16 24 00.447	  31.02765351 121.43944151 1.5  0.0 0.0
2015-07-07-16 24 00.557	  31.02765351 121.43944151 1.5  0.0 0.0
2015-07-07-16 24 00.661	  31.02765351 121.43944151 1.5  0.0 0.0
2015-07-07-16 24 00.774	  31.02765351 121.43944151 1.5  0.0 0.0
2015-07-07-16 24 00.876	  31.02765351 121.43944151 1.5  0.0 0.0
2015-07-07-16 24 00.977	  31.02765351 121.43944151 1.5  0.0 0.0
2015-07-07-16 24 01.081	  31.02765351 121.43944151 1.5  0.0 0.0
2015-07-07-16 24 01.194	  31.02765351 121.43944151 1.5  0.0 0.0
2015-07-07-16 24 01.296	  31.02765351 121.43944151 1.5  0.0 0.0
2015-07-07-16 24 01.397	  31.02765351 121.43944151 1.5  0.0 0.0
2015-07-07-16 24 01.499	  31.02765351 121.43944151 1.5  0.0 0.0
2015-07-07-16 24 01.604	  31.02765351 121.43944151 1.5  0.0 0.0
2015-07-07-16 24 01.707	  31.02765351 121.43944151 1.5  0.0 0.0
2015-07-07-16 24 01.812	  31.0276311 121.43945267 1.5  0.0 0.0
2015-07-07-16 24 01.913	  31.0276311 121.43945267 1.5  0.0 0.0
2015-07-07-16 24 02.016	  31.0276311 121.43945267 1.5  0.0 0.0
2015-07-07-16 24 02.118	  31.0276311 121.43945267 1.5  0.0 0.0
2015-07-07-16 24 02.219	  31.0276311 121.43945267 1.5  0.0 0.0
2015-07-07-16 24 02.322	  31.0276311 121.43945267 1.5  0.0 0.0
2015-07-07-16 24 02.428	  31.0276311 121.43945267 1.5  0.0 0.0
2015-07-07-16 24 02.530	  31.0276311 121.43945267 1.5  0.0 0.0
2015-07-07-16 24 02.632	  31.0276311 121.43945267 1.5  0.0 0.0
2015-07-07-16 24 02.737	  31.0276311 121.43945267 1.5  0.0 0.0
2015-07-07-16 24 02.910	  31.0276311 121.43945267 1.5  0.0 0.0
2015-07-07-16 24 03.012	  31.0276311 121.43945267 1.5  0.0 0.0
2015-07-07-16 24 03.114	  31.0276311 121.43945267 1.5  0.0 0.0
2015-07-07-16 24 03.219	  31.0276311 121.43945267 1.5  0.0 0.0
2015-07-07-16 24 03.328	  31.0276311 121.43945267 1.5  0.0 0.0
2015-07-07-16 24 03.430	  31.0276311 121.43945267 1.5  0.0 0.0
2015-07-07-16 24 03.533	  31.0276311 121.43945267 1.5  0.0 0.0
2015-07-07-16 24 03.636	  31.0276311 121.43945267 1.5  0.0 0.0
2015-07-07-16 24 03.746	  31.0276311 121.43945267 1.5  0.0 0.0
2015-07-07-16 24 03.848	  31.02760792 121.43946474 1.5  0.0 0.0
2015-07-07-16 24 03.949	  31.02760792 121.43946474 1.5  0.0 0.0
2015-07-07-16 24 04.051	  31.02760792 121.43946474 1.5  0.0 0.0
2015-07-07-16 24 04.160	  31.02760792 121.43946474 1.5  0.0 0.0
2015-07-07-16 24 04.263	  31.02760792 121.43946474 1.5  0.0 0.0
2015-07-07-16 24 04.368	  31.02760792 121.43946474 1.5  0.0 0.0
2015-07-07-16 24 04.474	  31.02760792 121.43946474 1.5  0.0 0.0
2015-07-07-16 24 04.585	  31.02760792 121.43946474 1.5  0.0 0.0
2015-07-07-16 24 04.686	  31.02760792 121.43946474 1.5  0.0 0.0
2015-07-07-16 24 04.787	  31.02760792 121.43946474 1.5  0.0 0.0
2015-07-07-16 24 04.890	  31.02760792 121.43946474 1.5  0.0 0.0
2015-07-07-16 24 05.001	  31.02760792 121.43946474 1.5  0.0 0.0
2015-07-07-16 24 05.103	  31.02760792 121.43946474 1.5  0.0 0.0
2015-07-07-16 24 05.204	  31.02760792 121.43946474 1.5  0.0 0.0
2015-07-07-16 24 05.307	  31.02760792 121.43946474 1.5  0.0 0.0
2015-07-07-16 24 05.411	  31.02760792 121.43946474 1.5  0.0 0.0
2015-07-07-16 24 05.512	  31.02760792 121.43946474 1.5  0.0 0.0
2015-07-07-16 24 05.616	  31.02760792 121.43946474 1.5  0.0 0.0
2015-07-07-16 24 05.727	  31.02760792 121.43946474 1.5  0.0 0.0
2015-07-07-16 24 05.829	  31.02758573 121.43947479 1.5  0.0 0.0
2015-07-07-16 24 05.935	  31.02758573 121.43947479 1.5  0.0 0.0
2015-07-07-16 24 06.046	  31.02758573 121.43947479 1.5  0.0 0.0
2015-07-07-16 24 06.149	  31.02758573 121.43947479 1.5  0.0 0.0
2015-07-07-16 24 06.253	  31.02758573 121.43947479 1.5  0.0 0.0
2015-07-07-16 24 06.361	  31.02758573 121.43947479 1.5  0.0 0.0
2015-07-07-16 24 06.463	  31.02758573 121.43947479 1.5  0.0 0.0
2015-07-07-16 24 06.565	  31.02758573 121.43947479 1.5  0.0 0.0
2015-07-07-16 24 06.668	  31.02758573 121.43947479 1.5  0.0 0.0
2015-07-07-16 24 06.772	  31.02758573 121.43947479 1.5  0.0 0.0
2015-07-07-16 24 06.874	  31.02758573 121.43947479 1.5  0.0 0.0
2015-07-07-16 24 06.979	  31.02758573 121.43947479 1.5  0.0 0.0
2015-07-07-16 24 07.081	  31.02758573 121.43947479 1.5  0.0 0.0
2015-07-07-16 24 07.186	  31.02758573 121.43947479 1.5  0.0 0.0
2015-07-07-16 24 07.290	  31.02758573 121.43947479 1.5  0.0 0.0
2015-07-07-16 24 07.395	  31.02758573 121.43947479 1.5  0.0 0.0
2015-07-07-16 24 07.498	  31.02758573 121.43947479 1.5  0.0 0.0
2015-07-07-16 24 07.602	  31.02758573 121.43947479 1.5  0.0 0.0
2015-07-07-16 24 07.706	  31.02758573 121.43947479 1.5  0.0 0.0
2015-07-07-16 24 07.808	  31.02756276 121.4394837 1.5  0.0 0.0
2015-07-07-16 24 07.909	  31.02756276 121.4394837 1.5  0.0 0.0
2015-07-07-16 24 08.014	  31.02756276 121.4394837 1.5  0.0 0.0
2015-07-07-16 24 08.120	  31.02756276 121.4394837 1.5  0.0 0.0
2015-07-07-16 24 08.221	  31.02756276 121.4394837 1.5  0.0 0.0
2015-07-07-16 24 08.323	  31.02756276 121.4394837 1.5  0.0 0.0
2015-07-07-16 24 08.427	  31.02756276 121.4394837 1.5  0.0 0.0
2015-07-07-16 24 08.531	  31.02756276 121.4394837 1.5  0.0 0.0
2015-07-07-16 24 08.635	  31.02756276 121.4394837 1.5  0.0 0.0
2015-07-07-16 24 08.754	  31.02756276 121.4394837 1.5  0.0 0.0
2015-07-07-16 24 08.857	  31.02756276 121.4394837 1.5  0.0 0.0
2015-07-07-16 24 08.958	  31.02756276 121.4394837 1.5  0.0 0.0
2015-07-07-16 24 09.061	  31.02756276 121.4394837 1.5  0.0 0.0
2015-07-07-16 24 09.166	  31.02756276 121.4394837 1.5  0.0 0.0
2015-07-07-16 24 09.270	  31.02756276 121.4394837 1.5  0.0 0.0
2015-07-07-16 24 09.385	  31.02756276 121.4394837 1.5  0.0 0.0
2015-07-07-16 24 09.489	  31.02756276 121.4394837 1.5  0.0 0.0
2015-07-07-16 24 09.591	  31.02756276 121.4394837 1.5  0.0 0.0
2015-07-07-16 24 09.693	  31.02756276 121.4394837 1.5  0.0 0.0
2015-07-07-16 24 09.797	  31.02754042 121.43949402 1.5  0.0 0.0
2015-07-07-16 24 09.899	  31.02754042 121.43949402 1.5  0.0 0.0
2015-07-07-16 24 10.012	  31.02754042 121.43949402 1.5  0.0 0.0
2015-07-07-16 24 10.114	  31.02754042 121.43949402 1.5  0.0 0.0
2015-07-07-16 24 10.216	  31.02754042 121.43949402 1.5  0.0 0.0
2015-07-07-16 24 10.323	  31.02754042 121.43949402 1.5  0.0 0.0
2015-07-07-16 24 10.425	  31.02754042 121.43949402 1.5  0.0 0.0
2015-07-07-16 24 10.526	  31.02754042 121.43949402 1.5  0.0 0.0
2015-07-07-16 24 10.631	  31.02754042 121.43949402 1.5  0.0 0.0
2015-07-07-16 24 10.734	  31.02754042 121.43949402 1.5  0.0 0.0
2015-07-07-16 24 10.835	  31.02754042 121.43949402 1.5  0.0 0.0
2015-07-07-16 24 10.937	  31.02754042 121.43949402 1.5  0.0 0.0
2015-07-07-16 24 11.041	  31.02754042 121.43949402 1.5  0.0 0.0
2015-07-07-16 24 11.143	  31.02754042 121.43949402 1.5  0.0 0.0
2015-07-07-16 24 11.249	  31.02754042 121.43949402 1.5  0.0 0.0
2015-07-07-16 24 11.364	  31.02754042 121.43949402 1.5  0.0 0.0
2015-07-07-16 24 11.466	  31.02754042 121.43949402 1.5  0.0 0.0
2015-07-07-16 24 11.568	  31.02754042 121.43949402 1.5  0.0 0.0
2015-07-07-16 24 11.678	  31.02754042 121.43949402 1.5  0.0 0.0
2015-07-07-16 24 11.780	  31.02754042 121.43949402 1.5  0.0 0.0
2015-07-07-16 24 11.883	  31.02754042 121.43949402 1.5  0.0 0.0
2015-07-07-16 24 11.993	  31.02754042 121.43949402 1.5  0.0 0.0
2015-07-07-16 24 12.095	  31.02754042 121.43949402 1.5  0.0 0.0
2015-07-07-16 24 12.197	  31.02754042 121.43949402 1.5  0.0 0.0
2015-07-07-16 24 12.307	  31.02751844 121.43950622 1.5  0.0 0.0
2015-07-07-16 24 12.412	  31.02751844 121.43950622 1.5  0.0 0.0
2015-07-07-16 24 12.514	  31.02751844 121.43950622 1.5  0.0 0.0
2015-07-07-16 24 12.621	  31.02751844 121.43950622 1.5  0.0 0.0
2015-07-07-16 24 12.723	  31.02751844 121.43950622 1.5  0.0 0.0
2015-07-07-16 24 12.831	  31.02751844 121.43950622 1.5  0.0 0.0
2015-07-07-16 24 12.940	  31.02751844 121.43950622 1.5  0.0 0.0
2015-07-07-16 24 13.041	  31.02751844 121.43950622 1.5  0.0 0.0
2015-07-07-16 24 13.143	  31.02751844 121.43950622 1.5  0.0 0.0
2015-07-07-16 24 13.250	  31.02751844 121.43950622 1.5  0.0 0.0
2015-07-07-16 24 13.354	  31.02751844 121.43950622 1.5  0.0 0.0
2015-07-07-16 24 13.460	  31.02751844 121.43950622 1.5  0.0 0.0
2015-07-07-16 24 13.573	  31.02751844 121.43950622 1.5  0.0 0.0
2015-07-07-16 24 13.675	  31.02751844 121.43950622 1.5  0.0 0.0
2015-07-07-16 24 13.776	  31.02751844 121.43950622 1.5  0.0 0.0
2015-07-07-16 24 13.882	  31.02749639 121.43951722 1.5  0.0 0.0
2015-07-07-16 24 13.983	  31.02749639 121.43951722 1.5  0.0 0.0
2015-07-07-16 24 14.084	  31.02749639 121.43951722 1.5  0.0 0.0
2015-07-07-16 24 14.189	  31.02749639 121.43951722 1.5  0.0 0.0
2015-07-07-16 24 14.290	  31.02749639 121.43951722 1.5  0.0 0.0
2015-07-07-16 24 14.396	  31.02749639 121.43951722 1.5  0.0 0.0
2015-07-07-16 24 14.507	  31.02749639 121.43951722 1.5  0.0 0.0
2015-07-07-16 24 14.608	  31.02749639 121.43951722 1.5  0.0 0.0
2015-07-07-16 24 14.710	  31.02749639 121.43951722 1.5  0.0 0.0
2015-07-07-16 24 14.823	  31.02749639 121.43951722 1.5  0.0 0.0
2015-07-07-16 24 14.925	  31.02749639 121.43951722 1.5  0.0 0.0
2015-07-07-16 24 15.026	  31.02749639 121.43951722 1.5  0.0 0.0
2015-07-07-16 24 15.136	  31.02749639 121.43951722 1.5  0.0 0.0
2015-07-07-16 24 15.238	  31.02749639 121.43951722 1.5  0.0 0.0
2015-07-07-16 24 15.339	  31.02749639 121.43951722 1.5  0.0 0.0
2015-07-07-16 24 15.447	  31.02749639 121.43951722 1.5  0.0 0.0
2015-07-07-16 24 15.550	  31.02749639 121.43951722 1.5  0.0 0.0
2015-07-07-16 24 15.656	  31.02749639 121.43951722 1.5  0.0 0.0
2015-07-07-16 24 15.769	  31.02747296 121.43952614 1.5  0.0 0.0
2015-07-07-16 24 15.871	  31.02747296 121.43952614 1.5  0.0 0.0
2015-07-07-16 24 15.972	  31.02747296 121.43952614 1.5  0.0 0.0
2015-07-07-16 24 16.074	  31.02747296 121.43952614 1.5  0.0 0.0
2015-07-07-16 24 16.191	  31.02747296 121.43952614 1.5  0.0 0.0
2015-07-07-16 24 16.293	  31.02747296 121.43952614 1.5  0.0 0.0
2015-07-07-16 24 16.394	  31.02747296 121.43952614 1.5  0.0 0.0
2015-07-07-16 24 16.502	  31.02747296 121.43952614 1.5  0.0 0.0
2015-07-07-16 24 16.606	  31.02747296 121.43952614 1.5  0.0 0.0
2015-07-07-16 24 16.710	  31.02747296 121.43952614 1.5  0.0 0.0
2015-07-07-16 24 16.828	  31.02747296 121.43952614 1.5  0.0 0.0
2015-07-07-16 24 16.930	  31.02747296 121.43952614 1.5  0.0 0.0
2015-07-07-16 24 17.032	  31.02747296 121.43952614 1.5  0.0 0.0
2015-07-07-16 24 17.139	  31.02747296 121.43952614 1.5  0.0 0.0
2015-07-07-16 24 17.241	  31.02747296 121.43952614 1.5  0.0 0.0
2015-07-07-16 24 17.347	  31.02747296 121.43952614 1.5  0.0 0.0
2015-07-07-16 24 17.455	  31.02747296 121.43952614 1.5  0.0 0.0
2015-07-07-16 24 17.557	  31.02747296 121.43952614 1.5  0.0 0.0
2015-07-07-16 24 17.662	  31.02747296 121.43952614 1.5  0.0 0.0
2015-07-07-16 24 17.820	  31.02744981 121.43953531 1.5  0.0 0.0
2015-07-07-16 24 17.923	  31.02744981 121.43953531 1.5  0.0 0.0
2015-07-07-16 24 18.027	  31.02744981 121.43953531 1.5  0.0 0.0
2015-07-07-16 24 18.130	  31.02744981 121.43953531 1.5  0.0 0.0
2015-07-07-16 24 18.239	  31.02744981 121.43953531 1.5  0.0 0.0
2015-07-07-16 24 18.404	  31.02744981 121.43953531 1.5  0.0 0.0
2015-07-07-16 24 18.508	  31.02744981 121.43953531 1.5  0.0 0.0
2015-07-07-16 24 18.612	  31.02744981 121.43953531 1.5  0.0 0.0
2015-07-07-16 24 18.717	  31.02744981 121.43953531 1.5  0.0 0.0
2015-07-07-16 24 18.821	  31.02744981 121.43953531 1.5  0.0 0.0
2015-07-07-16 24 19.001	  31.02744981 121.43953531 1.5  0.0 0.0
2015-07-07-16 24 19.102	  31.02744981 121.43953531 1.5  0.0 0.0
2015-07-07-16 24 19.204	  31.02744981 121.43953531 1.5  0.0 0.0
2015-07-07-16 24 19.311	  31.02744981 121.43953531 1.5  0.0 0.0
2015-07-07-16 24 19.420	  31.02744981 121.43953531 1.5  0.0 0.0
2015-07-07-16 24 19.539	  31.02744981 121.43953531 1.5  0.0 0.0
2015-07-07-16 24 19.642	  31.02744981 121.43953531 1.5  0.0 0.0
2015-07-07-16 24 19.762	  31.02744981 121.43953531 1.5  0.0 0.0
2015-07-07-16 24 19.865	  31.02744981 121.43953531 1.5  0.0 0.0
2015-07-07-16 24 19.967	  31.0274264 121.439543 1.25  0.0 0.0
2015-07-07-16 24 20.079	  31.0274264 121.439543 1.25  0.0 0.0
2015-07-07-16 24 20.184	  31.0274264 121.439543 1.25  0.0 0.0
2015-07-07-16 24 20.298	  31.0274264 121.439543 1.25  0.0 0.0
2015-07-07-16 24 20.402	  31.0274264 121.439543 1.25  0.0 0.0
2015-07-07-16 24 20.504	  31.0274264 121.439543 1.25  0.0 0.0
2015-07-07-16 24 20.637	  31.0274264 121.439543 1.25  0.0 0.0
2015-07-07-16 24 20.745	  31.0274264 121.439543 1.25  0.0 0.0
2015-07-07-16 24 20.859	  31.0274264 121.439543 1.25  0.0 0.0
2015-07-07-16 24 20.960	  31.0274264 121.439543 1.25  0.0 0.0
2015-07-07-16 24 21.063	  31.0274264 121.439543 1.25  0.0 0.0
2015-07-07-16 24 21.167	  31.0274264 121.439543 1.25  0.0 0.0
2015-07-07-16 24 21.269	  31.0274264 121.439543 1.25  0.0 0.0
2015-07-07-16 24 21.372	  31.0274264 121.439543 1.25  0.0 0.0
2015-07-07-16 24 21.543	  31.0274264 121.439543 1.25  0.0 0.0
2015-07-07-16 24 21.646	  31.0274264 121.439543 1.25  0.0 0.0
2015-07-07-16 24 21.756	  31.0274264 121.439543 1.25  0.0 0.0
2015-07-07-16 24 21.858	  31.02740396 121.43955075 1.25  0.0 0.0
2015-07-07-16 24 21.961	  31.02740396 121.43955075 1.25  0.0 0.0
2015-07-07-16 24 22.063	  31.02740396 121.43955075 1.25  0.0 0.0
2015-07-07-16 24 22.165	  31.02740396 121.43955075 1.25  0.0 0.0
2015-07-07-16 24 22.312	  31.02740396 121.43955075 1.25  0.0 0.0
2015-07-07-16 24 22.416	  31.02740396 121.43955075 1.25  0.0 0.0
2015-07-07-16 24 22.523	  31.02740396 121.43955075 1.25  0.0 0.0
2015-07-07-16 24 22.626	  31.02740396 121.43955075 1.25  0.0 0.0
2015-07-07-16 24 22.729	  31.02740396 121.43955075 1.25  0.0 0.0
2015-07-07-16 24 22.830	  31.02740396 121.43955075 1.25  0.0 0.0
2015-07-07-16 24 22.932	  31.02740396 121.43955075 1.25  0.0 0.0
2015-07-07-16 24 23.035	  31.02740396 121.43955075 1.25  0.0 0.0
2015-07-07-16 24 23.138	  31.02740396 121.43955075 1.25  0.0 0.0
2015-07-07-16 24 23.296	  31.02740396 121.43955075 1.25  0.0 0.0
2015-07-07-16 24 23.398	  31.02740396 121.43955075 1.25  0.0 0.0
2015-07-07-16 24 23.502	  31.02740396 121.43955075 1.25  0.0 0.0
2015-07-07-16 24 23.605	  31.02740396 121.43955075 1.25  0.0 0.0
2015-07-07-16 24 23.721	  31.02740396 121.43955075 1.25  0.0 0.0
2015-07-07-16 24 23.822	  31.02738071 121.43956016 1.25  0.0 0.0
2015-07-07-16 24 23.924	  31.02738071 121.43956016 1.25  0.0 0.0
2015-07-07-16 24 24.027	  31.02738071 121.43956016 1.25  0.0 0.0
2015-07-07-16 24 24.129	  31.02738071 121.43956016 1.25  0.0 0.0
2015-07-07-16 24 24.233	  31.02738071 121.43956016 1.25  0.0 0.0
2015-07-07-16 24 24.336	  31.02738071 121.43956016 1.25  0.0 0.0
2015-07-07-16 24 24.437	  31.02738071 121.43956016 1.25  0.0 0.0
2015-07-07-16 24 24.539	  31.02738071 121.43956016 1.25  0.0 0.0
2015-07-07-16 24 24.645	  31.02738071 121.43956016 1.25  0.0 0.0
2015-07-07-16 24 24.756	  31.02738071 121.43956016 1.25  0.0 0.0
2015-07-07-16 24 24.857	  31.02738071 121.43956016 1.25  0.0 0.0
2015-07-07-16 24 24.961	  31.02738071 121.43956016 1.25  0.0 0.0
2015-07-07-16 24 25.064	  31.02738071 121.43956016 1.25  0.0 0.0
2015-07-07-16 24 25.174	  31.02738071 121.43956016 1.25  0.0 0.0
2015-07-07-16 24 25.278	  31.02738071 121.43956016 1.25  0.0 0.0
2015-07-07-16 24 25.384	  31.02738071 121.43956016 1.25  0.0 0.0
2015-07-07-16 24 25.487	  31.02738071 121.43956016 1.25  0.0 0.0
2015-07-07-16 24 25.594	  31.02738071 121.43956016 1.25  0.0 0.0
2015-07-07-16 24 25.697	  31.02738071 121.43956016 1.25  0.0 0.0
2015-07-07-16 24 25.814	  31.02735737 121.43956863 1.25  0.0 0.0
2015-07-07-16 24 25.918	  31.02735737 121.43956863 1.25  0.0 0.0
2015-07-07-16 24 26.021	  31.02735737 121.43956863 1.25  0.0 0.0
2015-07-07-16 24 26.179	  31.02735737 121.43956863 1.25  0.0 0.0
2015-07-07-16 24 26.283	  31.02735737 121.43956863 1.25  0.0 0.0
2015-07-07-16 24 26.422	  31.02735737 121.43956863 1.25  0.0 0.0
2015-07-07-16 24 26.523	  31.02735737 121.43956863 1.25  0.0 0.0
2015-07-07-16 24 26.635	  31.02735737 121.43956863 1.25  0.0 0.0
2015-07-07-16 24 26.737	  31.02735737 121.43956863 1.25  0.0 0.0
2015-07-07-16 24 26.861	  31.02735737 121.43956863 1.25  0.0 0.0
2015-07-07-16 24 26.963	  31.02735737 121.43956863 1.25  0.0 0.0
2015-07-07-16 24 27.065	  31.02735737 121.43956863 1.25  0.0 0.0
2015-07-07-16 24 27.170	  31.02735737 121.43956863 1.25  0.0 0.0
2015-07-07-16 24 27.283	  31.02735737 121.43956863 1.25  0.0 0.0
2015-07-07-16 24 27.387	  31.02735737 121.43956863 1.25  0.0 0.0
2015-07-07-16 24 27.492	  31.02735737 121.43956863 1.25  0.0 0.0
2015-07-07-16 24 27.595	  31.02735737 121.43956863 1.25  0.0 0.0
2015-07-07-16 24 27.700	  31.02735737 121.43956863 1.25  0.0 0.0
2015-07-07-16 24 27.811	  31.02733431 121.43957472 1.25  0.0 0.0
2015-07-07-16 24 27.920	  31.02733431 121.43957472 1.25  0.0 0.0
2015-07-07-16 24 28.024	  31.02733431 121.43957472 1.25  0.0 0.0
2015-07-07-16 24 28.131	  31.02733431 121.43957472 1.25  0.0 0.0
2015-07-07-16 24 28.233	  31.02733431 121.43957472 1.25  0.0 0.0
2015-07-07-16 24 28.348	  31.02733431 121.43957472 1.25  0.0 0.0
2015-07-07-16 24 28.457	  31.02733431 121.43957472 1.25  0.0 0.0
2015-07-07-16 24 28.571	  31.02733431 121.43957472 1.25  0.0 0.0
2015-07-07-16 24 28.675	  31.02733431 121.43957472 1.25  0.0 0.0
2015-07-07-16 24 28.785	  31.02733431 121.43957472 1.25  0.0 0.0
2015-07-07-16 24 28.889	  31.02733431 121.43957472 1.25  0.0 0.0
2015-07-07-16 24 28.998	  31.02733431 121.43957472 1.25  0.0 0.0
2015-07-07-16 24 29.106	  31.02733431 121.43957472 1.25  0.0 0.0
2015-07-07-16 24 29.218	  31.02733431 121.43957472 1.25  0.0 0.0
2015-07-07-16 24 29.320	  31.02733431 121.43957472 1.25  0.0 0.0
2015-07-07-16 24 29.422	  31.02733431 121.43957472 1.25  0.0 0.0
2015-07-07-16 24 29.528	  31.02733431 121.43957472 1.25  0.0 0.0
2015-07-07-16 24 29.640	  31.02733431 121.43957472 1.25  0.0 0.0
2015-07-07-16 24 29.742	  31.02731091 121.4395859 1.25  0.0 0.0
2015-07-07-16 24 29.855	  31.02731091 121.4395859 1.25  0.0 0.0
2015-07-07-16 24 29.958	  31.02731091 121.4395859 1.25  0.0 0.0
2015-07-07-16 24 30.066	  31.02731091 121.4395859 1.25  0.0 0.0
2015-07-07-16 24 30.169	  31.02731091 121.4395859 1.25  0.0 0.0
2015-07-07-16 24 30.281	  31.02731091 121.4395859 1.25  0.0 0.0
2015-07-07-16 24 30.382	  31.02731091 121.4395859 1.25  0.0 0.0
2015-07-07-16 24 30.485	  31.02731091 121.4395859 1.25  0.0 0.0
2015-07-07-16 24 30.587	  31.02731091 121.4395859 1.25  0.0 0.0
2015-07-07-16 24 30.696	  31.02731091 121.4395859 1.25  0.0 0.0
2015-07-07-16 24 30.798	  31.02731091 121.4395859 1.25  0.0 0.0
2015-07-07-16 24 30.904	  31.02731091 121.4395859 1.25  0.0 0.0
2015-07-07-16 24 31.006	  31.02731091 121.4395859 1.25  0.0 0.0
2015-07-07-16 24 31.109	  31.02731091 121.4395859 1.25  0.0 0.0
2015-07-07-16 24 31.260	  31.02731091 121.4395859 1.25  0.0 0.0
2015-07-07-16 24 31.363	  31.02731091 121.4395859 1.25  0.0 0.0
2015-07-07-16 24 31.536	  31.02731091 121.4395859 1.25  0.0 0.0
2015-07-07-16 24 31.637	  31.02731091 121.4395859 1.25  0.0 0.0
2015-07-07-16 24 31.769	  31.02728717 121.43959643 1.25  0.0 0.0
2015-07-07-16 24 31.875	  31.02728717 121.43959643 1.25  0.0 0.0
2015-07-07-16 24 31.977	  31.02728717 121.43959643 1.25  0.0 0.0
2015-07-07-16 24 32.084	  31.02728717 121.43959643 1.25  0.0 0.0
2015-07-07-16 24 32.187	  31.02728717 121.43959643 1.25  0.0 0.0
2015-07-07-16 24 32.349	  31.02728717 121.43959643 1.25  0.0 0.0
2015-07-07-16 24 32.452	  31.02728717 121.43959643 1.25  0.0 0.0
2015-07-07-16 24 32.596	  31.02728717 121.43959643 1.25  0.0 0.0
2015-07-07-16 24 32.700	  31.02728717 121.43959643 1.25  0.0 0.0
2015-07-07-16 24 32.808	  31.02728717 121.43959643 1.25  0.0 0.0
2015-07-07-16 24 32.911	  31.02728717 121.43959643 1.25  0.0 0.0
2015-07-07-16 24 33.019	  31.02728717 121.43959643 1.25  0.0 0.0
2015-07-07-16 24 33.124	  31.02728717 121.43959643 1.25  0.0 0.0
2015-07-07-16 24 33.238	  31.02728717 121.43959643 1.25  0.0 0.0
2015-07-07-16 24 33.339	  31.02728717 121.43959643 1.25  0.0 0.0
2015-07-07-16 24 33.475	  31.02728717 121.43959643 1.25  0.0 0.0
2015-07-07-16 24 33.583	  31.02728717 121.43959643 1.25  0.0 0.0
2015-07-07-16 24 33.753	  31.02726356 121.43960956 1.25  0.0 0.0
2015-07-07-16 24 33.857	  31.02726356 121.43960956 1.25  0.0 0.0
2015-07-07-16 24 33.959	  31.02726356 121.43960956 1.25  0.0 0.0
2015-07-07-16 24 34.093	  31.02726356 121.43960956 1.25  0.0 0.0
2015-07-07-16 24 34.203	  31.02726356 121.43960956 1.25  0.0 0.0
2015-07-07-16 24 34.379	  31.02726356 121.43960956 1.25  0.0 0.0
2015-07-07-16 24 34.481	  31.02726356 121.43960956 1.25  0.0 0.0
2015-07-07-16 24 34.598	  31.02726356 121.43960956 1.25  0.0 0.0
2015-07-07-16 24 34.705	  31.02726356 121.43960956 1.25  0.0 0.0
2015-07-07-16 24 34.864	  31.02726356 121.43960956 1.25  0.0 0.0
2015-07-07-16 24 34.967	  31.02726356 121.43960956 1.25  0.0 0.0
2015-07-07-16 24 35.074	  31.02726356 121.43960956 1.25  0.0 0.0
2015-07-07-16 24 35.181	  31.02726356 121.43960956 1.25  0.0 0.0
2015-07-07-16 24 35.375	  31.02726356 121.43960956 1.25  0.0 0.0
2015-07-07-16 24 35.477	  31.02726356 121.43960956 1.25  0.0 0.0
2015-07-07-16 24 35.595	  31.02726356 121.43960956 1.25  0.0 0.0
2015-07-07-16 24 35.698	  31.02726356 121.43960956 1.25  0.0 0.0
2015-07-07-16 24 35.804	  31.02723979 121.43962345 1.25  0.0 0.0
2015-07-07-16 24 35.920	  31.02723979 121.43962345 1.25  0.0 0.0
2015-07-07-16 24 36.023	  31.02723979 121.43962345 1.25  0.0 0.0
2015-07-07-16 24 36.140	  31.02723979 121.43962345 1.25  0.0 0.0
2015-07-07-16 24 36.245	  31.02723979 121.43962345 1.25  0.0 0.0
2015-07-07-16 24 36.405	  31.02723979 121.43962345 1.25  0.0 0.0
2015-07-07-16 24 36.514	  31.02723979 121.43962345 1.25  0.0 0.0
2015-07-07-16 24 36.623	  31.02723979 121.43962345 1.25  0.0 0.0
2015-07-07-16 24 36.739	  31.02723979 121.43962345 1.25  0.0 0.0
2015-07-07-16 24 36.843	  31.02723979 121.43962345 1.25  0.0 0.0
2015-07-07-16 24 36.962	  31.02723979 121.43962345 1.25  0.0 0.0
2015-07-07-16 24 37.064	  31.02723979 121.43962345 1.25  0.0 0.0
2015-07-07-16 24 37.167	  31.02723979 121.43962345 1.25  0.0 0.0
2015-07-07-16 24 37.282	  31.02723979 121.43962345 1.25  0.0 0.0
2015-07-07-16 24 37.384	  31.02723979 121.43962345 1.25  0.0 0.0
2015-07-07-16 24 37.500	  31.02723979 121.43962345 1.25  0.0 0.0
2015-07-07-16 24 37.602	  31.02723979 121.43962345 1.25  0.0 0.0
2015-07-07-16 24 37.704	  31.02723979 121.43962345 1.25  0.0 0.0
2015-07-07-16 24 37.811	  31.02721653 121.43963481 1.25  0.0 0.0
2015-07-07-16 24 37.914	  31.02721653 121.43963481 1.25  0.0 0.0
2015-07-07-16 24 38.050	  31.02721653 121.43963481 1.25  0.0 0.0
2015-07-07-16 24 38.164	  31.02721653 121.43963481 1.25  0.0 0.0
2015-07-07-16 24 38.265	  31.02721653 121.43963481 1.25  0.0 0.0
2015-07-07-16 24 38.399	  31.02721653 121.43963481 1.25  0.0 0.0
2015-07-07-16 24 38.514	  31.02721653 121.43963481 1.25  0.0 0.0
2015-07-07-16 24 38.617	  31.02721653 121.43963481 1.25  0.0 0.0
2015-07-07-16 24 38.731	  31.02721653 121.43963481 1.25  0.0 0.0
2015-07-07-16 24 38.837	  31.02721653 121.43963481 1.25  0.0 0.0
2015-07-07-16 24 38.940	  31.02721653 121.43963481 1.25  0.0 0.0
2015-07-07-16 24 39.089	  31.02721653 121.43963481 1.25  0.0 0.0
2015-07-07-16 24 39.195	  31.02721653 121.43963481 1.25  0.0 0.0
2015-07-07-16 24 39.297	  31.02721653 121.43963481 1.25  0.0 0.0
2015-07-07-16 24 39.458	  31.02721653 121.43963481 1.25  0.0 0.0
2015-07-07-16 24 39.586	  31.02721653 121.43963481 1.25  0.0 0.0
2015-07-07-16 24 39.728	  31.02721653 121.43963481 1.25  0.0 0.0
2015-07-07-16 24 39.834	  31.02719278 121.43964563 1.25  0.0 0.0
2015-07-07-16 24 39.953	  31.02719278 121.43964563 1.25  0.0 0.0
2015-07-07-16 24 40.121	  31.02719278 121.43964563 1.25  0.0 0.0
2015-07-07-16 24 40.268	  31.02719278 121.43964563 1.25  0.0 0.0
2015-07-07-16 24 40.406	  31.02719278 121.43964563 1.25  0.0 0.0
2015-07-07-16 24 40.509	  31.02719278 121.43964563 1.25  0.0 0.0
2015-07-07-16 24 40.649	  31.02719278 121.43964563 1.25  0.0 0.0
2015-07-07-16 24 40.798	  31.02719278 121.43964563 1.25  0.0 0.0
2015-07-07-16 24 40.931	  31.02719278 121.43964563 1.25  0.0 0.0
2015-07-07-16 24 41.075	  31.02719278 121.43964563 1.25  0.0 0.0
2015-07-07-16 24 41.180	  31.02719278 121.43964563 1.25  0.0 0.0
2015-07-07-16 24 41.339	  31.02719278 121.43964563 1.25  0.0 0.0
2015-07-07-16 24 41.456	  31.02719278 121.43964563 1.25  0.0 0.0
2015-07-07-16 24 41.586	  31.02719278 121.43964563 1.25  0.0 0.0
2015-07-07-16 24 41.689	  31.02719278 121.43964563 1.25  0.0 0.0
2015-07-07-16 24 41.858	  31.02716893 121.43965593 1.25  0.0 0.0
2015-07-07-16 24 41.981	  31.02716893 121.43965593 1.25  0.0 0.0
2015-07-07-16 24 42.118	  31.02716893 121.43965593 1.25  0.0 0.0
2015-07-07-16 24 42.224	  31.02716893 121.43965593 1.25  0.0 0.0
2015-07-07-16 24 42.392	  31.02716893 121.43965593 1.25  0.0 0.0
2015-07-07-16 24 42.513	  31.02716893 121.43965593 1.25  0.0 0.0
2015-07-07-16 24 42.649	  31.02716893 121.43965593 1.25  0.0 0.0
2015-07-07-16 24 42.807	  31.02716893 121.43965593 1.25  0.0 0.0
2015-07-07-16 24 42.910	  31.02716893 121.43965593 1.25  0.0 0.0
2015-07-07-16 24 43.056	  31.02716893 121.43965593 1.25  0.0 0.0
2015-07-07-16 24 43.206	  31.02716893 121.43965593 1.25  0.0 0.0
2015-07-07-16 24 43.387	  31.02716893 121.43965593 1.25  0.0 0.0
2015-07-07-16 24 43.543	  31.02716893 121.43965593 1.25  0.0 0.0
2015-07-07-16 24 43.648	  31.02716893 121.43965593 1.25  0.0 0.0
2015-07-07-16 24 43.797	  31.0271453 121.43966732 1.25  0.0 0.0
2015-07-07-16 24 43.912	  31.0271453 121.43966732 1.25  0.0 0.0
2015-07-07-16 24 44.035	  31.0271453 121.43966732 1.25  0.0 0.0
2015-07-07-16 24 44.196	  31.0271453 121.43966732 1.25  0.0 0.0
2015-07-07-16 24 44.299	  31.0271453 121.43966732 1.25  0.0 0.0
2015-07-07-16 24 44.443	  31.0271453 121.43966732 1.25  0.0 0.0
2015-07-07-16 24 44.602	  31.0271453 121.43966732 1.25  0.0 0.0
2015-07-07-16 24 44.716	  31.0271453 121.43966732 1.25  0.0 0.0
2015-07-07-16 24 44.830	  31.0271453 121.43966732 1.25  0.0 0.0
2015-07-07-16 24 44.934	  31.0271453 121.43966732 1.25  0.0 0.0
2015-07-07-16 24 45.088	  31.0271453 121.43966732 1.25  0.0 0.0
2015-07-07-16 24 45.243	  31.0271453 121.43966732 1.25  0.0 0.0
2015-07-07-16 24 45.413	  31.0271453 121.43966732 1.25  0.0 0.0
2015-07-07-16 24 45.571	  31.0271453 121.43966732 1.25  0.0 0.0
2015-07-07-16 24 45.676	  31.0271453 121.43966732 1.25  0.0 0.0
2015-07-07-16 24 45.801	  31.0271224 121.43967879 1.25  0.0 0.0
2015-07-07-16 24 45.917	  31.0271224 121.43967879 1.25  0.0 0.0
2015-07-07-16 24 46.056	  31.0271224 121.43967879 1.25  0.0 0.0
2015-07-07-16 24 46.224	  31.0271224 121.43967879 1.25  0.0 0.0
2015-07-07-16 24 46.326	  31.0271224 121.43967879 1.25  0.0 0.0
2015-07-07-16 24 46.430	  31.0271224 121.43967879 1.25  0.0 0.0
2015-07-07-16 24 46.597	  31.0271224 121.43967879 1.25  0.0 0.0
2015-07-07-16 24 46.712	  31.0271224 121.43967879 1.25  0.0 0.0
2015-07-07-16 24 46.837	  31.0271224 121.43967879 1.25  0.0 0.0
2015-07-07-16 24 46.982	  31.0271224 121.43967879 1.25  0.0 0.0
2015-07-07-16 24 47.098	  31.0271224 121.43967879 1.25  0.0 0.0
2015-07-07-16 24 47.249	  31.0271224 121.43967879 1.25  0.0 0.0
2015-07-07-16 24 47.394	  31.0271224 121.43967879 1.25  0.0 0.0
2015-07-07-16 24 47.553	  31.0271224 121.43967879 1.25  0.0 0.0
2015-07-07-16 24 47.689	  31.0271224 121.43967879 1.25  0.0 0.0
2015-07-07-16 24 47.851	  31.0270998 121.43968579 1.25  0.0 0.0
2015-07-07-16 24 47.978	  31.0270998 121.43968579 1.25  0.0 0.0
2015-07-07-16 24 48.104	  31.0270998 121.43968579 1.25  0.0 0.0
2015-07-07-16 24 48.230	  31.0270998 121.43968579 1.25  0.0 0.0
2015-07-07-16 24 48.367	  31.0270998 121.43968579 1.25  0.0 0.0
2015-07-07-16 24 48.531	  31.0270998 121.43968579 1.25  0.0 0.0
2015-07-07-16 24 48.673	  31.0270998 121.43968579 1.25  0.0 0.0
2015-07-07-16 24 48.789	  31.0270998 121.43968579 1.25  0.0 0.0
2015-07-07-16 24 48.931	  31.0270998 121.43968579 1.25  0.0 0.0
2015-07-07-16 24 49.076	  31.0270998 121.43968579 1.25  0.0 0.0
2015-07-07-16 24 49.218	  31.0270998 121.43968579 1.25  0.0 0.0
2015-07-07-16 24 49.366	  31.0270998 121.43968579 1.25  0.0 0.0
2015-07-07-16 24 49.481	  31.0270998 121.43968579 1.25  0.0 0.0
2015-07-07-16 24 49.623	  31.0270998 121.43968579 1.25  0.0 0.0
2015-07-07-16 24 49.778	  31.02707741 121.4396948 1.25  0.0 0.0
2015-07-07-16 24 49.938	  31.02707741 121.4396948 1.25  0.0 0.0
2015-07-07-16 24 50.065	  31.02707741 121.4396948 1.25  0.0 0.0
2015-07-07-16 24 50.198	  31.02707741 121.4396948 1.25  0.0 0.0
2015-07-07-16 24 50.351	  31.02707741 121.4396948 1.25  0.0 0.0
2015-07-07-16 24 50.467	  31.02707741 121.4396948 1.25  0.0 0.0
2015-07-07-16 24 50.589	  31.02707741 121.4396948 1.25  0.0 0.0
2015-07-07-16 24 50.733	  31.02707741 121.4396948 1.25  0.0 0.0
2015-07-07-16 24 50.856	  31.02707741 121.4396948 1.25  0.0 0.0
2015-07-07-16 24 50.987	  31.02707741 121.4396948 1.25  0.0 0.0
2015-07-07-16 24 51.139	  31.02707741 121.4396948 1.25  0.0 0.0
2015-07-07-16 24 51.257	  31.02707741 121.4396948 1.25  0.0 0.0
2015-07-07-16 24 51.404	  31.02707741 121.4396948 1.25  0.0 0.0
2015-07-07-16 24 51.548	  31.02707741 121.4396948 1.25  0.0 0.0
2015-07-07-16 24 51.687	  31.02707741 121.4396948 1.25  0.0 0.0
2015-07-07-16 24 51.805	  31.02705552 121.4397094 1.25  0.0 0.0
2015-07-07-16 24 51.946	  31.02705552 121.4397094 1.25  0.0 0.0
2015-07-07-16 24 52.054	  31.02705552 121.4397094 1.25  0.0 0.0
2015-07-07-16 24 52.198	  31.02705552 121.4397094 1.25  0.0 0.0
2015-07-07-16 24 52.342	  31.02705552 121.4397094 1.25  0.0 0.0
2015-07-07-16 24 52.458	  31.02705552 121.4397094 1.25  0.0 0.0
2015-07-07-16 24 52.593	  31.02705552 121.4397094 1.25  0.0 0.0
2015-07-07-16 24 52.769	  31.02705552 121.4397094 1.25  0.0 0.0
2015-07-07-16 24 52.910	  31.02705552 121.4397094 1.25  0.0 0.0
2015-07-07-16 24 53.048	  31.02705552 121.4397094 1.25  0.0 0.0
2015-07-07-16 24 53.188	  31.02705552 121.4397094 1.25  0.0 0.0
2015-07-07-16 24 53.341	  31.02705552 121.4397094 1.25  0.0 0.0
2015-07-07-16 24 53.457	  31.02705552 121.4397094 1.25  0.0 0.0
2015-07-07-16 24 53.577	  31.02705552 121.4397094 1.25  0.0 0.0
2015-07-07-16 24 53.718	  31.02705552 121.4397094 1.25  0.0 0.0
2015-07-07-16 24 53.848	  31.02703243 121.43972232 1.25  0.0 0.0
2015-07-07-16 24 53.967	  31.02703243 121.43972232 1.25  0.0 0.0
2015-07-07-16 24 54.123	  31.02703243 121.43972232 1.25  0.0 0.0
2015-07-07-16 24 54.262	  31.02703243 121.43972232 1.25  0.0 0.0
2015-07-07-16 24 54.440	  31.02703243 121.43972232 1.25  0.0 0.0
2015-07-07-16 24 54.584	  31.02703243 121.43972232 1.25  0.0 0.0
2015-07-07-16 24 54.701	  31.02703243 121.43972232 1.25  0.0 0.0
2015-07-07-16 24 54.857	  31.02703243 121.43972232 1.25  0.0 0.0
2015-07-07-16 24 54.986	  31.02703243 121.43972232 1.25  0.0 0.0
2015-07-07-16 24 55.135	  31.02703243 121.43972232 1.25  0.0 0.0
2015-07-07-16 24 55.256	  31.02703243 121.43972232 1.25  0.0 0.0
2015-07-07-16 24 55.385	  31.02703243 121.43972232 1.25  0.0 0.0
2015-07-07-16 24 55.502	  31.02703243 121.43972232 1.25  0.0 0.0
2015-07-07-16 24 55.619	  31.02703243 121.43972232 1.25  0.0 0.0
2015-07-07-16 24 55.737	  31.02700837 121.43973262 1.25  0.0 0.0
2015-07-07-16 24 55.896	  31.02700837 121.43973262 1.25  0.0 0.0
2015-07-07-16 24 56.040	  31.02700837 121.43973262 1.25  0.0 0.0
2015-07-07-16 24 56.171	  31.02700837 121.43973262 1.25  0.0 0.0
2015-07-07-16 24 56.313	  31.02700837 121.43973262 1.25  0.0 0.0
2015-07-07-16 24 56.448	  31.02700837 121.43973262 1.25  0.0 0.0
2015-07-07-16 24 56.615	  31.02700837 121.43973262 1.25  0.0 0.0
2015-07-07-16 24 56.760	  31.02700837 121.43973262 1.25  0.0 0.0
2015-07-07-16 24 56.880	  31.02700837 121.43973262 1.25  0.0 0.0
2015-07-07-16 24 57.014	  31.02700837 121.43973262 1.25  0.0 0.0
2015-07-07-16 24 57.133	  31.02700837 121.43973262 1.25  0.0 0.0
2015-07-07-16 24 57.241	  31.02700837 121.43973262 1.25  0.0 0.0
2015-07-07-16 24 57.345	  31.02700837 121.43973262 1.25  0.0 0.0
2015-07-07-16 24 57.489	  31.02700837 121.43973262 1.25  0.0 0.0
2015-07-07-16 24 57.654	  31.02700837 121.43973262 1.25  0.0 0.0
2015-07-07-16 24 57.795	  31.02698367 121.4397467 1.5  0.0 0.0
2015-07-07-16 24 57.912	  31.02698367 121.4397467 1.5  0.0 0.0
2015-07-07-16 24 58.056	  31.02698367 121.4397467 1.5  0.0 0.0
2015-07-07-16 24 58.197	  31.02698367 121.4397467 1.5  0.0 0.0
2015-07-07-16 24 58.313	  31.02698367 121.4397467 1.5  0.0 0.0
2015-07-07-16 24 58.453	  31.02698367 121.4397467 1.5  0.0 0.0
2015-07-07-16 24 58.578	  31.02698367 121.4397467 1.5  0.0 0.0
2015-07-07-16 24 58.719	  31.02698367 121.4397467 1.5  0.0 0.0
2015-07-07-16 24 58.876	  31.02698367 121.4397467 1.5  0.0 0.0
2015-07-07-16 24 58.992	  31.02698367 121.4397467 1.5  0.0 0.0
2015-07-07-16 24 59.128	  31.02698367 121.4397467 1.5  0.0 0.0
2015-07-07-16 24 59.257	  31.02698367 121.4397467 1.5  0.0 0.0
2015-07-07-16 24 59.410	  31.02698367 121.4397467 1.5  0.0 0.0
2015-07-07-16 24 59.527	  31.02698367 121.4397467 1.5  0.0 0.0
2015-07-07-16 24 59.704	  31.02698367 121.4397467 1.5  0.0 0.0
2015-07-07-16 24 59.873	  31.02695776 121.43975741 1.5  0.0 0.0
2015-07-07-16 24 59.994	  31.02695776 121.43975741 1.5  0.0 0.0
2015-07-07-16 25 00.132	  31.02695776 121.43975741 1.5  0.0 0.0
2015-07-07-16 25 00.246	  31.02695776 121.43975741 1.5  0.0 0.0
2015-07-07-16 25 00.403	  31.02695776 121.43975741 1.5  0.0 0.0
2015-07-07-16 25 00.554	  31.02695776 121.43975741 1.5  0.0 0.0
2015-07-07-16 25 00.705	  31.02695776 121.43975741 1.5  0.0 0.0
2015-07-07-16 25 00.821	  31.02695776 121.43975741 1.5  0.0 0.0
2015-07-07-16 25 00.943	  31.02695776 121.43975741 1.5  0.0 0.0
2015-07-07-16 25 01.069	  31.02695776 121.43975741 1.5  0.0 0.0
2015-07-07-16 25 01.247	  31.02695776 121.43975741 1.5  0.0 0.0
2015-07-07-16 25 01.382	  31.02695776 121.43975741 1.5  0.0 0.0
2015-07-07-16 25 01.526	  31.02695776 121.43975741 1.5  0.0 0.0
2015-07-07-16 25 01.666	  31.02695776 121.43975741 1.5  0.0 0.0
2015-07-07-16 25 01.803	  31.0269336 121.43976513 1.25  0.0 0.0
2015-07-07-16 25 01.945	  31.0269336 121.43976513 1.25  0.0 0.0
2015-07-07-16 25 02.061	  31.0269336 121.43976513 1.25  0.0 0.0
2015-07-07-16 25 02.206	  31.0269336 121.43976513 1.25  0.0 0.0
2015-07-07-16 25 02.353	  31.0269336 121.43976513 1.25  0.0 0.0
2015-07-07-16 25 02.483	  31.0269336 121.43976513 1.25  0.0 0.0
2015-07-07-16 25 02.653	  31.0269336 121.43976513 1.25  0.0 0.0
2015-07-07-16 25 02.786	  31.0269336 121.43976513 1.25  0.0 0.0
2015-07-07-16 25 02.949	  31.0269336 121.43976513 1.25  0.0 0.0
2015-07-07-16 25 03.064	  31.0269336 121.43976513 1.25  0.0 0.0
2015-07-07-16 25 03.181	  31.0269336 121.43976513 1.25  0.0 0.0
2015-07-07-16 25 03.321	  31.0269336 121.43976513 1.25  0.0 0.0
2015-07-07-16 25 03.461	  31.0269336 121.43976513 1.25  0.0 0.0
2015-07-07-16 25 03.605	  31.0269336 121.43976513 1.25  0.0 0.0
2015-07-07-16 25 03.746	  31.0269336 121.43976513 1.25  0.0 0.0
2015-07-07-16 25 03.889	  31.02690973 121.43977232 1.25  0.0 0.0
2015-07-07-16 25 04.005	  31.02690973 121.43977232 1.25  0.0 0.0
2015-07-07-16 25 04.108	  31.02690973 121.43977232 1.25  0.0 0.0
2015-07-07-16 25 04.212	  31.02690973 121.43977232 1.25  0.0 0.0
2015-07-07-16 25 04.383	  31.02690973 121.43977232 1.25  0.0 0.0
2015-07-07-16 25 04.524	  31.02690973 121.43977232 1.25  0.0 0.0
2015-07-07-16 25 04.660	  31.02690973 121.43977232 1.25  0.0 0.0
2015-07-07-16 25 04.842	  31.02690973 121.43977232 1.25  0.0 0.0
2015-07-07-16 25 04.956	  31.02690973 121.43977232 1.25  0.0 0.0
2015-07-07-16 25 05.058	  31.02690973 121.43977232 1.25  0.0 0.0
2015-07-07-16 25 05.161	  31.02690973 121.43977232 1.25  0.0 0.0
2015-07-07-16 25 05.298	  31.02690973 121.43977232 1.25  0.0 0.0
2015-07-07-16 25 05.449	  31.02690973 121.43977232 1.25  0.0 0.0
2015-07-07-16 25 05.585	  31.02690973 121.43977232 1.25  0.0 0.0
2015-07-07-16 25 05.749	  31.02688718 121.43978634 1.5  0.0 0.0
2015-07-07-16 25 05.866	  31.02688718 121.43978634 1.5  0.0 0.0
2015-07-07-16 25 05.993	  31.02688718 121.43978634 1.5  0.0 0.0
2015-07-07-16 25 06.099	  31.02688718 121.43978634 1.5  0.0 0.0
2015-07-07-16 25 06.270	  31.02688718 121.43978634 1.5  0.0 0.0
2015-07-07-16 25 06.420	  31.02688718 121.43978634 1.5  0.0 0.0
2015-07-07-16 25 06.564	  31.02688718 121.43978634 1.5  0.0 0.0
2015-07-07-16 25 06.755	  31.02688718 121.43978634 1.5  0.0 0.0
2015-07-07-16 25 06.878	  31.02688718 121.43978634 1.5  0.0 0.0
2015-07-07-16 25 07.007	  31.02688718 121.43978634 1.5  0.0 0.0
2015-07-07-16 25 07.150	  31.02688718 121.43978634 1.5  0.0 0.0
2015-07-07-16 25 07.266	  31.02688718 121.43978634 1.5  0.0 0.0
2015-07-07-16 25 07.373	  31.02688718 121.43978634 1.5  0.0 0.0
2015-07-07-16 25 07.477	  31.02688718 121.43978634 1.5  0.0 0.0
2015-07-07-16 25 07.671	  31.02688718 121.43978634 1.5  0.0 0.0
2015-07-07-16 25 07.796	  31.02686496 121.43980238 1.5  0.0 0.0
2015-07-07-16 25 07.911	  31.02686496 121.43980238 1.5  0.0 0.0
2015-07-07-16 25 08.032	  31.02686496 121.43980238 1.5  0.0 0.0
2015-07-07-16 25 08.156	  31.02686496 121.43980238 1.5  0.0 0.0
2015-07-07-16 25 08.292	  31.02686496 121.43980238 1.5  0.0 0.0
2015-07-07-16 25 08.407	  31.02686496 121.43980238 1.5  0.0 0.0
2015-07-07-16 25 08.522	  31.02686496 121.43980238 1.5  0.0 0.0
2015-07-07-16 25 08.683	  31.02686496 121.43980238 1.5  0.0 0.0
2015-07-07-16 25 08.798	  31.02686496 121.43980238 1.5  0.0 0.0
2015-07-07-16 25 08.937	  31.02686496 121.43980238 1.5  0.0 0.0
2015-07-07-16 25 09.096	  31.02686496 121.43980238 1.5  0.0 0.0
2015-07-07-16 25 09.198	  31.02686496 121.43980238 1.5  0.0 0.0
2015-07-07-16 25 09.300	  31.02686496 121.43980238 1.5  0.0 0.0
2015-07-07-16 25 09.437	  31.02686496 121.43980238 1.5  0.0 0.0
2015-07-07-16 25 09.554	  31.02686496 121.43980238 1.5  0.0 0.0
2015-07-07-16 25 09.670	  31.02686496 121.43980238 1.5  0.0 0.0
2015-07-07-16 25 09.820	  31.02686496 121.43980238 1.5  0.0 0.0
2015-07-07-16 25 09.959	  31.02684165 121.43981385 1.5  0.0 0.0
2015-07-07-16 25 10.069	  31.02684165 121.43981385 1.5  0.0 0.0
2015-07-07-16 25 10.173	  31.02684165 121.43981385 1.5  0.0 0.0
2015-07-07-16 25 10.288	  31.02684165 121.43981385 1.5  0.0 0.0
2015-07-07-16 25 10.435	  31.02684165 121.43981385 1.5  0.0 0.0
2015-07-07-16 25 10.591	  31.02684165 121.43981385 1.5  0.0 0.0
2015-07-07-16 25 10.708	  31.02684165 121.43981385 1.5  0.0 0.0
2015-07-07-16 25 10.867	  31.02684165 121.43981385 1.5  0.0 0.0
2015-07-07-16 25 11.044	  31.02684165 121.43981385 1.5  0.0 0.0
2015-07-07-16 25 11.163	  31.02684165 121.43981385 1.5  0.0 0.0
2015-07-07-16 25 11.277	  31.02684165 121.43981385 1.5  0.0 0.0
2015-07-07-16 25 11.426	  31.02684165 121.43981385 1.5  0.0 0.0
2015-07-07-16 25 11.547	  31.02684165 121.43981385 1.5  0.0 0.0
2015-07-07-16 25 11.703	  31.02684165 121.43981385 1.5  0.0 0.0
2015-07-07-16 25 11.848	  31.0268185 121.43982147 1.5  0.0 0.0
2015-07-07-16 25 11.976	  31.0268185 121.43982147 1.5  0.0 0.0
2015-07-07-16 25 12.093	  31.0268185 121.43982147 1.5  0.0 0.0
2015-07-07-16 25 12.219	  31.0268185 121.43982147 1.5  0.0 0.0
2015-07-07-16 25 12.369	  31.0268185 121.43982147 1.5  0.0 0.0
2015-07-07-16 25 12.512	  31.0268185 121.43982147 1.5  0.0 0.0
2015-07-07-16 25 12.654	  31.0268185 121.43982147 1.5  0.0 0.0
2015-07-07-16 25 12.789	  31.0268185 121.43982147 1.5  0.0 0.0
2015-07-07-16 25 12.936	  31.0268185 121.43982147 1.5  0.0 0.0
2015-07-07-16 25 13.052	  31.0268185 121.43982147 1.5  0.0 0.0
2015-07-07-16 25 13.195	  31.0268185 121.43982147 1.5  0.0 0.0
2015-07-07-16 25 13.366	  31.0268185 121.43982147 1.5  0.0 0.0
2015-07-07-16 25 13.541	  31.0268185 121.43982147 1.5  0.0 0.0
2015-07-07-16 25 13.656	  31.0268185 121.43982147 1.5  0.0 0.0
2015-07-07-16 25 13.770	  31.02679482 121.439829 1.25  0.0 0.0
2015-07-07-16 25 13.926	  31.02679482 121.439829 1.25  0.0 0.0
2015-07-07-16 25 14.065	  31.02679482 121.439829 1.25  0.0 0.0
2015-07-07-16 25 14.196	  31.02679482 121.439829 1.25  0.0 0.0
2015-07-07-16 25 14.338	  31.02679482 121.439829 1.25  0.0 0.0
2015-07-07-16 25 14.486	  31.02679482 121.439829 1.25  0.0 0.0
2015-07-07-16 25 14.604	  31.02679482 121.439829 1.25  0.0 0.0
2015-07-07-16 25 14.748	  31.02679482 121.439829 1.25  0.0 0.0
2015-07-07-16 25 14.870	  31.02679482 121.439829 1.25  0.0 0.0
2015-07-07-16 25 15.014	  31.02679482 121.439829 1.25  0.0 0.0
2015-07-07-16 25 15.178	  31.02679482 121.439829 1.25  0.0 0.0
2015-07-07-16 25 15.281	  31.02679482 121.439829 1.25  0.0 0.0
2015-07-07-16 25 15.404	  31.02679482 121.439829 1.25  0.0 0.0
2015-07-07-16 25 15.556	  31.02679482 121.439829 1.25  0.0 0.0
2015-07-07-16 25 15.710	  31.02679482 121.439829 1.25  0.0 0.0
2015-07-07-16 25 15.814	  31.02677189 121.43984002 1.5  0.0 0.0
2015-07-07-16 25 15.922	  31.02677189 121.43984002 1.5  0.0 0.0
2015-07-07-16 25 16.080	  31.02677189 121.43984002 1.5  0.0 0.0
2015-07-07-16 25 16.218	  31.02677189 121.43984002 1.5  0.0 0.0
2015-07-07-16 25 16.324	  31.02677189 121.43984002 1.5  0.0 0.0
2015-07-07-16 25 16.490	  31.02677189 121.43984002 1.5  0.0 0.0
2015-07-07-16 25 16.607	  31.02677189 121.43984002 1.5  0.0 0.0
2015-07-07-16 25 16.738	  31.02677189 121.43984002 1.5  0.0 0.0
2015-07-07-16 25 16.872	  31.02677189 121.43984002 1.5  0.0 0.0
2015-07-07-16 25 17.033	  31.02677189 121.43984002 1.5  0.0 0.0
2015-07-07-16 25 17.178	  31.02677189 121.43984002 1.5  0.0 0.0
2015-07-07-16 25 17.283	  31.02677189 121.43984002 1.5  0.0 0.0
2015-07-07-16 25 17.416	  31.02677189 121.43984002 1.5  0.0 0.0
2015-07-07-16 25 17.561	  31.02677189 121.43984002 1.5  0.0 0.0
2015-07-07-16 25 17.718	  31.02677189 121.43984002 1.5  0.0 0.0
2015-07-07-16 25 17.820	  31.02677189 121.43984002 1.5  0.0 0.0
2015-07-07-16 25 17.922	  31.02674876 121.43985099 1.5  0.0 0.0
2015-07-07-16 25 18.048	  31.02674876 121.43985099 1.5  0.0 0.0
2015-07-07-16 25 18.175	  31.02674876 121.43985099 1.5  0.0 0.0
2015-07-07-16 25 18.300	  31.02674876 121.43985099 1.5  0.0 0.0
2015-07-07-16 25 18.484	  31.02674876 121.43985099 1.5  0.0 0.0
2015-07-07-16 25 18.628	  31.02674876 121.43985099 1.5  0.0 0.0
2015-07-07-16 25 18.773	  31.02674876 121.43985099 1.5  0.0 0.0
2015-07-07-16 25 18.935	  31.02674876 121.43985099 1.5  0.0 0.0
2015-07-07-16 25 19.040	  31.02674876 121.43985099 1.5  0.0 0.0
2015-07-07-16 25 19.142	  31.02674876 121.43985099 1.5  0.0 0.0
2015-07-07-16 25 19.244	  31.02674876 121.43985099 1.5  0.0 0.0
2015-07-07-16 25 19.346	  31.02674876 121.43985099 1.5  0.0 0.0
2015-07-07-16 25 19.449	  31.02674876 121.43985099 1.5  0.0 0.0
2015-07-07-16 25 19.555	  31.02674876 121.43985099 1.5  0.0 0.0
2015-07-07-16 25 19.701	  31.02674876 121.43985099 1.5  0.0 0.0
2015-07-07-16 25 19.825	  31.02672539 121.43986025 1.5  0.0 0.0
2015-07-07-16 25 19.989	  31.02672539 121.43986025 1.5  0.0 0.0
2015-07-07-16 25 20.106	  31.02672539 121.43986025 1.5  0.0 0.0
2015-07-07-16 25 20.261	  31.02672539 121.43986025 1.5  0.0 0.0
2015-07-07-16 25 20.410	  31.02672539 121.43986025 1.5  0.0 0.0
2015-07-07-16 25 20.514	  31.02672539 121.43986025 1.5  0.0 0.0
2015-07-07-16 25 20.615	  31.02672539 121.43986025 1.5  0.0 0.0
2015-07-07-16 25 20.720	  31.02672539 121.43986025 1.5  0.0 0.0
2015-07-07-16 25 20.872	  31.02672539 121.43986025 1.5  0.0 0.0
2015-07-07-16 25 20.990	  31.02672539 121.43986025 1.5  0.0 0.0
2015-07-07-16 25 21.108	  31.02672539 121.43986025 1.5  0.0 0.0
2015-07-07-16 25 21.245	  31.02672539 121.43986025 1.5  0.0 0.0
2015-07-07-16 25 21.396	  31.02672539 121.43986025 1.5  0.0 0.0
2015-07-07-16 25 21.513	  31.02672539 121.43986025 1.5  0.0 0.0
2015-07-07-16 25 21.617	  31.02672539 121.43986025 1.5  0.0 0.0
2015-07-07-16 25 21.721	  31.02672539 121.43986025 1.5  0.0 0.0
2015-07-07-16 25 21.866	  31.02670368 121.43987031 1.25  0.0 0.0
2015-07-07-16 25 21.983	  31.02670368 121.43987031 1.25  0.0 0.0
2015-07-07-16 25 22.127	  31.02670368 121.43987031 1.25  0.0 0.0
2015-07-07-16 25 22.269	  31.02670368 121.43987031 1.25  0.0 0.0
2015-07-07-16 25 22.405	  31.02670368 121.43987031 1.25  0.0 0.0
2015-07-07-16 25 22.549	  31.02670368 121.43987031 1.25  0.0 0.0
2015-07-07-16 25 22.652	  31.02670368 121.43987031 1.25  0.0 0.0
2015-07-07-16 25 22.762	  31.02670368 121.43987031 1.25  0.0 0.0
2015-07-07-16 25 22.905	  31.02670368 121.43987031 1.25  0.0 0.0
2015-07-07-16 25 23.020	  31.02670368 121.43987031 1.25  0.0 0.0
2015-07-07-16 25 23.161	  31.02670368 121.43987031 1.25  0.0 0.0
2015-07-07-16 25 23.280	  31.02670368 121.43987031 1.25  0.0 0.0
2015-07-07-16 25 23.420	  31.02670368 121.43987031 1.25  0.0 0.0
2015-07-07-16 25 23.596	  31.02670368 121.43987031 1.25  0.0 0.0
2015-07-07-16 25 23.712	  31.02670368 121.43987031 1.25  0.0 0.0
2015-07-07-16 25 23.865	  31.02667987 121.43987902 1.25  0.0 0.0
2015-07-07-16 25 23.982	  31.02667987 121.43987902 1.25  0.0 0.0
2015-07-07-16 25 24.089	  31.02667987 121.43987902 1.25  0.0 0.0
2015-07-07-16 25 24.249	  31.02667987 121.43987902 1.25  0.0 0.0
2015-07-07-16 25 24.381	  31.02667987 121.43987902 1.25  0.0 0.0
2015-07-07-16 25 24.547	  31.02667987 121.43987902 1.25  0.0 0.0
2015-07-07-16 25 24.664	  31.02667987 121.43987902 1.25  0.0 0.0
2015-07-07-16 25 24.808	  31.02667987 121.43987902 1.25  0.0 0.0
2015-07-07-16 25 24.946	  31.02667987 121.43987902 1.25  0.0 0.0
2015-07-07-16 25 25.054	  31.02667987 121.43987902 1.25  0.0 0.0
2015-07-07-16 25 25.158	  31.02667987 121.43987902 1.25  0.0 0.0
2015-07-07-16 25 25.269	  31.02667987 121.43987902 1.25  0.0 0.0
2015-07-07-16 25 25.377	  31.02667987 121.43987902 1.25  0.0 0.0
2015-07-07-16 25 25.508	  31.02667987 121.43987902 1.25  0.0 0.0
2015-07-07-16 25 25.655	  31.02667987 121.43987902 1.25  0.0 0.0
2015-07-07-16 25 25.829	  31.02667987 121.43987902 1.25  0.0 0.0
2015-07-07-16 25 25.949	  31.02665528 121.4398903 1.25  0.0 0.0
2015-07-07-16 25 26.068	  31.02665528 121.4398903 1.25  0.0 0.0
2015-07-07-16 25 26.209	  31.02665528 121.4398903 1.25  0.0 0.0
2015-07-07-16 25 26.315	  31.02665528 121.4398903 1.25  0.0 0.0
2015-07-07-16 25 26.454	  31.02665528 121.4398903 1.25  0.0 0.0
2015-07-07-16 25 26.597	  31.02665528 121.4398903 1.25  0.0 0.0
2015-07-07-16 25 26.752	  31.02665528 121.4398903 1.25  0.0 0.0
2015-07-07-16 25 26.897	  31.02665528 121.4398903 1.25  0.0 0.0
2015-07-07-16 25 27.033	  31.02665528 121.4398903 1.25  0.0 0.0
2015-07-07-16 25 27.165	  31.02665528 121.4398903 1.25  0.0 0.0
2015-07-07-16 25 27.283	  31.02665528 121.4398903 1.25  0.0 0.0
2015-07-07-16 25 27.409	  31.02665528 121.4398903 1.25  0.0 0.0
