2015-07-20-18 23 00.953	  0.0 0.0 0.0  0.0 0.0
2015-07-20-18 23 01.055	  0.0 0.0 0.0  0.0 0.0
2015-07-20-18 23 01.158	  0.0 0.0 0.0  0.0 0.0
2015-07-20-18 23 01.260	  0.0 0.0 0.0  0.0 0.0
2015-07-20-18 23 01.363	  0.0 0.0 0.0  0.0 0.0
2015-07-20-18 23 01.465	  0.0 0.0 0.0  0.0 0.0
2015-07-20-18 23 01.567	  0.0 0.0 0.0  0.0 0.0
2015-07-20-18 23 01.669	  0.0 0.0 0.0  0.0 0.0
2015-07-20-18 23 01.770	  0.0 0.0 0.0  0.0 0.0
2015-07-20-18 23 01.873	  0.0 0.0 0.0  0.0 0.0
2015-07-20-18 23 01.975	  0.0 0.0 0.0  0.0 0.0
2015-07-20-18 23 02.078	  0.0 0.0 0.0  0.0 0.0
2015-07-20-18 23 02.179	  0.0 0.0 0.0  0.0 0.0
2015-07-20-18 23 02.281	  0.0 0.0 0.0  0.0 0.0
2015-07-20-18 23 02.383	  0.0 0.0 0.0  0.0 0.0
2015-07-20-18 23 02.485	  0.0 0.0 0.0  0.0 0.0
2015-07-20-18 23 02.588	  0.0 0.0 0.0  0.0 0.0
2015-07-20-18 23 02.689	  0.0 0.0 0.0  0.0 0.0
2015-07-20-18 23 02.790	  0.0 0.0 0.0  0.0 0.0
2015-07-20-18 23 02.892	  0.0 0.0 0.0  0.0 0.0
2015-07-20-18 23 02.994	  0.0 0.0 0.0  0.0 0.0
2015-07-20-18 23 03.095	  0.0 0.0 0.0  0.0 0.0
2015-07-20-18 23 03.198	  0.0 0.0 0.0  0.0 0.0
2015-07-20-18 23 03.300	  0.0 0.0 0.0  0.0 0.0
2015-07-20-18 23 03.401	  0.0 0.0 0.0  0.0 0.0
2015-07-20-18 23 03.503	  0.0 0.0 0.0  0.0 0.0
2015-07-20-18 23 03.606	  0.0 0.0 0.0  0.0 0.0
2015-07-20-18 23 03.707	  0.0 0.0 0.0  0.0 0.0
2015-07-20-18 23 03.809	  0.0 0.0 0.0  0.0 0.0
2015-07-20-18 23 03.910	  0.0 0.0 0.0  0.0 0.0
2015-07-20-18 23 04.013	  0.0 0.0 0.0  0.0 0.0
2015-07-20-18 23 04.118	  0.0 0.0 0.0  0.0 0.0
2015-07-20-18 23 04.222	  0.0 0.0 0.0  0.0 0.0
2015-07-20-18 23 04.324	  0.0 0.0 0.0  0.0 0.0
2015-07-20-18 23 04.429	  0.0 0.0 0.0  0.0 0.0
2015-07-20-18 23 04.534	  0.0 0.0 0.0  0.0 0.0
2015-07-20-18 23 04.638	  0.0 0.0 0.0  0.0 0.0
2015-07-20-18 23 04.740	  0.0 0.0 0.0  0.0 0.0
2015-07-20-18 23 04.846	  0.0 0.0 0.0  0.0 0.0
2015-07-20-18 23 04.950	  0.0 0.0 0.0  0.0 0.0
2015-07-20-18 23 05.064	  0.0 0.0 0.0  0.0 0.0
2015-07-20-18 23 05.167	  0.0 0.0 0.0  0.0 0.0
2015-07-20-18 23 05.268	  0.0 0.0 0.0  0.0 0.0
2015-07-20-18 23 05.371	  0.0 0.0 0.0  0.0 0.0
2015-07-20-18 23 05.476	  0.0 0.0 0.0  0.0 0.0
2015-07-20-18 23 05.580	  0.0 0.0 0.0  0.0 0.0
2015-07-20-18 23 05.684	  0.0 0.0 0.0  0.0 0.0
2015-07-20-18 23 05.787	  0.0 0.0 0.0  0.0 0.0
2015-07-20-18 23 05.893	  0.0 0.0 0.0  0.0 0.0
2015-07-20-18 23 05.995	  0.0 0.0 0.0  0.0 0.0
2015-07-20-18 23 06.098	  0.0 0.0 0.0  0.0 0.0
2015-07-20-18 23 06.200	  0.0 0.0 0.0  0.0 0.0
2015-07-20-18 23 06.303	  0.0 0.0 0.0  0.0 0.0
2015-07-20-18 23 06.407	  0.0 0.0 0.0  0.0 0.0
2015-07-20-18 23 06.510	  0.0 0.0 0.0  0.0 0.0
2015-07-20-18 23 06.617	  0.0 0.0 0.0  0.0 0.0
2015-07-20-18 23 06.721	  0.0 0.0 0.0  0.0 0.0
2015-07-20-18 23 06.826	  0.0 0.0 0.0  0.0 0.0
2015-07-20-18 23 06.932	  0.0 0.0 0.0  0.0 0.0
2015-07-20-18 23 07.043	  0.0 0.0 0.0  0.0 0.0
2015-07-20-18 23 07.148	  0.0 0.0 0.0  0.0 0.0
2015-07-20-18 23 07.251	  0.0 0.0 0.0  0.0 0.0
2015-07-20-18 23 07.355	  0.0 0.0 0.0  0.0 0.0
2015-07-20-18 23 07.461	  0.0 0.0 0.0  0.0 0.0
2015-07-20-18 23 07.566	  0.0 0.0 0.0  0.0 0.0
2015-07-20-18 23 07.670	  0.0 0.0 0.0  0.0 0.0
2015-07-20-18 23 07.776	  0.0 0.0 0.0  0.0 0.0
2015-07-20-18 23 07.886	  0.0 0.0 0.0  0.0 0.0
2015-07-20-18 23 07.987	  0.0 0.0 0.0  0.0 0.0
2015-07-20-18 23 08.088	  0.0 0.0 0.0  0.0 0.0
2015-07-20-18 23 08.190	  0.0 0.0 0.0  0.0 0.0
2015-07-20-18 23 08.291	  31.02660336 121.4398254 0.0  0.0 0.0
2015-07-20-18 23 08.395	  31.02660336 121.4398254 0.0  0.0 0.0
2015-07-20-18 23 08.501	  31.02660336 121.4398254 0.0  0.0 0.0
2015-07-20-18 23 08.618	  31.02660336 121.4398254 0.0  0.0 0.0
2015-07-20-18 23 08.719	  31.02660336 121.4398254 0.0  0.0 0.0
2015-07-20-18 23 08.821	  31.02660336 121.4398254 0.0  0.0 0.0
2015-07-20-18 23 08.923	  31.02660336 121.4398254 0.0  0.0 0.0
2015-07-20-18 23 09.030	  31.02660336 121.4398254 0.0  0.0 0.0
2015-07-20-18 23 09.133	  31.02660336 121.4398254 0.0  0.0 0.0
2015-07-20-18 23 09.238	  31.02660336 121.4398254 0.0  0.0 0.0
2015-07-20-18 23 09.351	  31.02660336 121.4398254 0.0  0.0 0.0
2015-07-20-18 23 09.453	  31.02660336 121.4398254 0.0  0.0 0.0
2015-07-20-18 23 09.558	  31.02660336 121.4398254 0.0  0.0 0.0
2015-07-20-18 23 09.664	  31.02660336 121.4398254 0.0  0.0 0.0
2015-07-20-18 23 09.767	  31.02660336 121.4398254 0.0  0.0 0.0
2015-07-20-18 23 09.873	  31.02660336 121.4398254 0.0  0.0 0.0
2015-07-20-18 23 09.986	  31.02660336 121.4398254 0.0  0.0 0.0
2015-07-20-18 23 10.088	  31.02660336 121.4398254 0.0  0.0 0.0
2015-07-20-18 23 10.190	  31.02660336 121.4398254 0.0  0.0 0.0
2015-07-20-18 23 10.294	  31.02660336 121.4398254 0.0  0.0 0.0
2015-07-20-18 23 10.399	  31.02660336 121.4398254 0.0  0.0 0.0
2015-07-20-18 23 10.501	  31.02660336 121.4398254 0.0  0.0 0.0
2015-07-20-18 23 10.603	  31.02660336 121.4398254 0.0  0.0 0.0
2015-07-20-18 23 10.708	  31.02660336 121.4398254 0.0  0.0 0.0
2015-07-20-18 23 10.814	  31.02660336 121.4398254 0.0  0.0 0.0
2015-07-20-18 23 10.918	  31.02660336 121.4398254 0.0  0.0 0.0
2015-07-20-18 23 11.032	  31.02660336 121.4398254 0.0  0.0 0.0
2015-07-20-18 23 11.133	  31.02660336 121.4398254 0.0  0.0 0.0
2015-07-20-18 23 11.238	  31.02660336 121.4398254 0.0  0.0 0.0
2015-07-20-18 23 11.340	  31.02660336 121.4398254 0.0  0.0 0.0
2015-07-20-18 23 11.463	  31.02660336 121.4398254 0.0  0.0 0.0
2015-07-20-18 23 11.565	  31.02660336 121.4398254 0.0  0.0 0.0
2015-07-20-18 23 11.668	  31.02660336 121.4398254 0.0  0.0 0.0
2015-07-20-18 23 11.771	  31.02660336 121.4398254 0.0  0.0 0.0
2015-07-20-18 23 11.876	  31.02660336 121.4398254 0.0  0.0 0.0
2015-07-20-18 23 11.980	  31.02660336 121.4398254 0.0  0.0 0.0
2015-07-20-18 23 12.089	  31.02660336 121.4398254 0.0  0.0 0.0
2015-07-20-18 23 12.194	  31.02660336 121.4398254 0.0  0.0 0.0
2015-07-20-18 23 12.296	  31.02660336 121.4398254 0.0  0.0 0.0
2015-07-20-18 23 12.400	  31.02660336 121.4398254 0.0  0.0 0.0
2015-07-20-18 23 12.504	  31.02660336 121.4398254 0.0  0.0 0.0
2015-07-20-18 23 12.610	  31.02660336 121.4398254 0.0  0.0 0.0
2015-07-20-18 23 12.714	  31.02660336 121.4398254 0.0  0.0 0.0
2015-07-20-18 23 12.820	  31.02660336 121.4398254 0.0  0.0 0.0
2015-07-20-18 23 12.923	  31.02660336 121.4398254 0.0  0.0 0.0
2015-07-20-18 23 13.027	  31.02660336 121.4398254 0.0  0.0 0.0
2015-07-20-18 23 13.131	  31.02660336 121.4398254 0.0  0.0 0.0
2015-07-20-18 23 13.239	  31.02660336 121.4398254 0.0  0.0 0.0
2015-07-20-18 23 13.347	  31.02660336 121.4398254 0.0  0.0 0.0
2015-07-20-18 23 13.448	  31.02660336 121.4398254 0.0  0.0 0.0
2015-07-20-18 23 13.549	  31.02660336 121.4398254 0.0  0.0 0.0
2015-07-20-18 23 13.652	  31.02660336 121.4398254 0.0  0.0 0.0
2015-07-20-18 23 13.756	  31.02660336 121.4398254 0.0  0.0 0.0
2015-07-20-18 23 13.858	  31.02660336 121.4398254 0.0  0.0 0.0
2015-07-20-18 23 13.959	  31.02660336 121.4398254 0.0  0.0 0.0
2015-07-20-18 23 14.062	  31.02660336 121.4398254 0.0  0.0 0.0
2015-07-20-18 23 14.165	  31.02660336 121.4398254 0.0  0.0 0.0
2015-07-20-18 23 14.279	  31.02660336 121.4398254 0.0  0.0 0.0
2015-07-20-18 23 14.381	  31.02660336 121.4398254 0.0  0.0 0.0
2015-07-20-18 23 14.482	  31.02660336 121.4398254 0.0  0.0 0.0
2015-07-20-18 23 14.586	  31.02660336 121.4398254 0.0  0.0 0.0
2015-07-20-18 23 14.691	  31.02660336 121.4398254 0.0  0.0 0.0
2015-07-20-18 23 14.801	  31.02660336 121.4398254 0.0  0.0 0.0
2015-07-20-18 23 14.903	  31.02660336 121.4398254 0.0  0.0 0.0
2015-07-20-18 23 15.005	  31.02660336 121.4398254 0.0  0.0 0.0
2015-07-20-18 23 15.111	  31.02660336 121.4398254 0.0  0.0 0.0
2015-07-20-18 23 15.216	  31.02660336 121.4398254 0.0  0.0 0.0
2015-07-20-18 23 15.325	  31.02660336 121.4398254 0.0  0.0 0.0
2015-07-20-18 23 15.428	  31.02660336 121.4398254 0.0  0.0 0.0
2015-07-20-18 23 15.531	  31.02660336 121.4398254 0.0  0.0 0.0
2015-07-20-18 23 15.639	  31.02660336 121.4398254 0.0  0.0 0.0
2015-07-20-18 23 15.744	  31.02660336 121.4398254 0.0  0.0 0.0
2015-07-20-18 23 15.856	  31.02660336 121.4398254 0.0  0.0 0.0
2015-07-20-18 23 15.958	  31.02660336 121.4398254 0.0  0.0 0.0
2015-07-20-18 23 16.060	  31.02660336 121.4398254 0.0  0.0 0.0
2015-07-20-18 23 16.162	  31.02660336 121.4398254 0.0  0.0 0.0
2015-07-20-18 23 16.265	  31.02660336 121.4398254 0.0  0.0 0.0
2015-07-20-18 23 16.404	  31.02660336 121.4398254 0.0  0.0 0.0
2015-07-20-18 23 16.505	  31.02660336 121.4398254 0.0  0.0 0.0
2015-07-20-18 23 16.617	  31.02660336 121.4398254 0.0  0.0 0.0
2015-07-20-18 23 16.719	  31.02660336 121.4398254 0.0  0.0 0.0
2015-07-20-18 23 16.821	  31.02660336 121.4398254 0.0  0.0 0.0
2015-07-20-18 23 16.924	  31.02660336 121.4398254 0.0  0.0 0.0
2015-07-20-18 23 17.033	  31.02660336 121.4398254 0.0  0.0 0.0
2015-07-20-18 23 17.141	  31.02660336 121.4398254 0.0  0.0 0.0
2015-07-20-18 23 17.242	  31.02660336 121.4398254 0.0  0.0 0.0
2015-07-20-18 23 17.344	  31.02660336 121.4398254 0.0  0.0 0.0
2015-07-20-18 23 17.446	  31.02660336 121.4398254 0.0  0.0 0.0
2015-07-20-18 23 17.550	  31.02660336 121.4398254 0.0  0.0 0.0
2015-07-20-18 23 17.653	  31.02660336 121.4398254 0.0  0.0 0.0
2015-07-20-18 23 17.757	  31.02660336 121.4398254 0.0  0.0 0.0
2015-07-20-18 23 17.862	  31.02660336 121.4398254 0.0  0.0 0.0
2015-07-20-18 23 17.967	  31.02660336 121.4398254 0.0  0.0 0.0
2015-07-20-18 23 18.068	  31.02660336 121.4398254 0.0  0.0 0.0
2015-07-20-18 23 18.169	  31.02660336 121.4398254 0.0  0.0 0.0
2015-07-20-18 23 18.271	  31.02660336 121.4398254 0.0  0.0 0.0
2015-07-20-18 23 18.376	  31.02660336 121.4398254 0.0  0.0 0.0
2015-07-20-18 23 18.479	  31.02660336 121.4398254 0.0  0.0 0.0
2015-07-20-18 23 18.584	  31.02660336 121.4398254 0.0  0.0 0.0
2015-07-20-18 23 18.689	  31.02660336 121.4398254 0.0  0.0 0.0
2015-07-20-18 23 18.793	  31.02660336 121.4398254 0.0  0.0 0.0
2015-07-20-18 23 18.895	  31.02660336 121.4398254 0.0  0.0 0.0
2015-07-20-18 23 18.997	  31.02660336 121.4398254 0.0  0.0 0.0
2015-07-20-18 23 19.099	  31.02660336 121.4398254 0.0  0.0 0.0
2015-07-20-18 23 19.204	  31.02660336 121.4398254 0.0  0.0 0.0
2015-07-20-18 23 19.310	  31.02660336 121.4398254 0.0  0.0 0.0
2015-07-20-18 23 19.416	  31.02660336 121.4398254 0.0  0.0 0.0
2015-07-20-18 23 19.519	  31.02660336 121.4398254 0.0  0.0 0.0
2015-07-20-18 23 19.624	  31.02660336 121.4398254 0.0  0.0 0.0
2015-07-20-18 23 19.728	  31.02660336 121.4398254 0.0  0.0 0.0
2015-07-20-18 23 19.834	  31.02660336 121.4398254 0.0  0.0 0.0
2015-07-20-18 23 19.940	  31.02660336 121.4398254 0.0  0.0 0.0
2015-07-20-18 23 20.051	  31.02660336 121.4398254 0.0  0.0 0.0
2015-07-20-18 23 20.153	  31.02660336 121.4398254 0.0  0.0 0.0
2015-07-20-18 23 20.255	  31.02660336 121.4398254 0.0  0.0 0.0
2015-07-20-18 23 20.357	  31.02660336 121.4398254 0.0  0.0 0.0
2015-07-20-18 23 20.504	  31.02660336 121.4398254 0.0  0.0 0.0
2015-07-20-18 23 20.606	  31.02660336 121.4398254 0.0  0.0 0.0
2015-07-20-18 23 20.708	  31.02660336 121.4398254 0.0  0.0 0.0
2015-07-20-18 23 20.811	  31.02660336 121.4398254 0.0  0.0 0.0
2015-07-20-18 23 20.924	  31.02660336 121.4398254 0.0  0.0 0.0
2015-07-20-18 23 21.026	  31.02660336 121.4398254 0.0  0.0 0.0
2015-07-20-18 23 21.128	  31.02660336 121.4398254 0.0  0.0 0.0
2015-07-20-18 23 21.231	  31.02660336 121.4398254 0.0  0.0 0.0
2015-07-20-18 23 21.337	  31.02660336 121.4398254 0.0  0.0 0.0
2015-07-20-18 23 21.440	  31.02660336 121.4398254 0.0  0.0 0.0
2015-07-20-18 23 21.550	  31.02660336 121.4398254 0.0  0.0 0.0
2015-07-20-18 23 21.653	  31.02660336 121.4398254 0.0  0.0 0.0
2015-07-20-18 23 21.755	  31.02660336 121.4398254 0.0  0.0 0.0
2015-07-20-18 23 21.857	  31.02660336 121.4398254 0.0  0.0 0.0
2015-07-20-18 23 21.968	  31.02660336 121.4398254 0.0  0.0 0.0
2015-07-20-18 23 22.070	  31.02660336 121.4398254 0.0  0.0 0.0
2015-07-20-18 23 22.175	  31.02660336 121.4398254 0.0  0.0 0.0
2015-07-20-18 23 22.281	  31.02660336 121.4398254 0.0  0.0 0.0
2015-07-20-18 23 22.393	  31.02660336 121.4398254 0.0  0.0 0.0
2015-07-20-18 23 22.494	  31.02660336 121.4398254 0.0  0.0 0.0
2015-07-20-18 23 22.595	  31.02660336 121.4398254 0.0  0.0 0.0
2015-07-20-18 23 22.701	  31.02660336 121.4398254 0.0  0.0 0.0
2015-07-20-18 23 22.848	  31.02660336 121.4398254 0.0  0.0 0.0
2015-07-20-18 23 22.949	  31.02660336 121.4398254 0.0  0.0 0.0
2015-07-20-18 23 23.050	  31.02660336 121.4398254 0.0  0.0 0.0
2015-07-20-18 23 23.153	  31.02660336 121.4398254 0.0  0.0 0.0
2015-07-20-18 23 23.265	  31.02662763 121.43980447 0.75  0.0 0.0
2015-07-20-18 23 23.366	  31.02662763 121.43980447 0.75  0.0 0.0
2015-07-20-18 23 23.468	  31.02662763 121.43980447 0.75  0.0 0.0
2015-07-20-18 23 23.570	  31.02662763 121.43980447 0.75  0.0 0.0
2015-07-20-18 23 23.682	  31.02662763 121.43980447 0.75  0.0 0.0
2015-07-20-18 23 23.784	  31.02662763 121.43980447 0.75  0.0 0.0
2015-07-20-18 23 23.886	  31.02662763 121.43980447 0.75  0.0 0.0
2015-07-20-18 23 23.988	  31.02662763 121.43980447 0.75  0.0 0.0
2015-07-20-18 23 24.090	  31.02662763 121.43980447 0.75  0.0 0.0
2015-07-20-18 23 24.192	  31.02662763 121.43980447 0.75  0.0 0.0
2015-07-20-18 23 24.299	  31.02659844 121.43980065 0.5  0.0 0.0
2015-07-20-18 23 24.402	  31.02659844 121.43980065 0.5  0.0 0.0
2015-07-20-18 23 24.505	  31.02659844 121.43980065 0.5  0.0 0.0
2015-07-20-18 23 24.607	  31.02659844 121.43980065 0.5  0.0 0.0
2015-07-20-18 23 24.711	  31.02659844 121.43980065 0.5  0.0 0.0
2015-07-20-18 23 24.812	  31.02659844 121.43980065 0.5  0.0 0.0
2015-07-20-18 23 24.913	  31.02659844 121.43980065 0.5  0.0 0.0
2015-07-20-18 23 25.015	  31.02659844 121.43980065 0.5  0.0 0.0
2015-07-20-18 23 25.118	  31.02659844 121.43980065 0.5  0.0 0.0
2015-07-20-18 23 25.221	  31.02659844 121.43980065 0.5  0.0 0.0
2015-07-20-18 23 25.324	  31.02662689 121.43978487 0.5  0.0 0.0
2015-07-20-18 23 25.425	  31.02662689 121.43978487 0.5  0.0 0.0
2015-07-20-18 23 25.527	  31.02662689 121.43978487 0.5  0.0 0.0
2015-07-20-18 23 25.629	  31.02662689 121.43978487 0.5  0.0 0.0
2015-07-20-18 23 25.735	  31.02662689 121.43978487 0.5  0.0 0.0
2015-07-20-18 23 25.836	  31.02662689 121.43978487 0.5  0.0 0.0
2015-07-20-18 23 25.938	  31.02662689 121.43978487 0.5  0.0 0.0
2015-07-20-18 23 26.050	  31.02662689 121.43978487 0.5  0.0 0.0
2015-07-20-18 23 26.151	  31.02662689 121.43978487 0.5  0.0 0.0
2015-07-20-18 23 26.253	  31.02662689 121.43978487 0.5  0.0 0.0
2015-07-20-18 23 26.355	  31.02665592 121.43977577 0.5  0.0 0.0
2015-07-20-18 23 26.457	  31.02665592 121.43977577 0.5  0.0 0.0
2015-07-20-18 23 26.574	  31.02665592 121.43977577 0.5  0.0 0.0
2015-07-20-18 23 26.677	  31.02665592 121.43977577 0.5  0.0 0.0
2015-07-20-18 23 26.782	  31.02665592 121.43977577 0.5  0.0 0.0
2015-07-20-18 23 26.894	  31.02665592 121.43977577 0.5  0.0 0.0
2015-07-20-18 23 26.995	  31.02665592 121.43977577 0.5  0.0 0.0
2015-07-20-18 23 27.096	  31.02665592 121.43977577 0.5  0.0 0.0
2015-07-20-18 23 27.202	  31.02665592 121.43977577 0.5  0.0 0.0
2015-07-20-18 23 27.305	  31.02670841 121.4397661 0.5  0.0 0.0
2015-07-20-18 23 27.411	  31.02670841 121.4397661 0.5  0.0 0.0
2015-07-20-18 23 27.515	  31.02670841 121.4397661 0.5  0.0 0.0
2015-07-20-18 23 27.618	  31.02670841 121.4397661 0.5  0.0 0.0
2015-07-20-18 23 27.727	  31.02670841 121.4397661 0.5  0.0 0.0
2015-07-20-18 23 27.831	  31.02670841 121.4397661 0.5  0.0 0.0
2015-07-20-18 23 27.934	  31.02670841 121.4397661 0.5  0.0 0.0
2015-07-20-18 23 28.037	  31.02670841 121.4397661 0.5  0.0 0.0
2015-07-20-18 23 28.147	  31.02670841 121.4397661 0.5  0.0 0.0
2015-07-20-18 23 28.251	  31.02670841 121.4397661 0.5  0.0 0.0
2015-07-20-18 23 28.355	  31.02674012 121.43976341 1.0  0.0 0.0
2015-07-20-18 23 28.477	  31.02674012 121.43976341 1.0  0.0 0.0
2015-07-20-18 23 28.579	  31.02674012 121.43976341 1.0  0.0 0.0
2015-07-20-18 23 28.687	  31.02674012 121.43976341 1.0  0.0 0.0
2015-07-20-18 23 28.851	  31.02674012 121.43976341 1.0  0.0 0.0
2015-07-20-18 23 28.953	  31.02674012 121.43976341 1.0  0.0 0.0
2015-07-20-18 23 29.055	  31.02674012 121.43976341 1.0  0.0 0.0
2015-07-20-18 23 29.227	  31.02674012 121.43976341 1.0  0.0 0.0
2015-07-20-18 23 29.328	  31.02674012 121.43976341 1.0  0.0 0.0
2015-07-20-18 23 29.430	  31.02680861 121.43973238 1.0  0.0 0.0
2015-07-20-18 23 29.570	  31.02680861 121.43973238 1.0  0.0 0.0
2015-07-20-18 23 29.674	  31.02680861 121.43973238 1.0  0.0 0.0
2015-07-20-18 23 29.778	  31.02680861 121.43973238 1.0  0.0 0.0
2015-07-20-18 23 29.932	  31.02680861 121.43973238 1.0  0.0 0.0
2015-07-20-18 23 30.035	  31.02680861 121.43973238 1.0  0.0 0.0
2015-07-20-18 23 30.145	  31.02680861 121.43973238 1.0  0.0 0.0
2015-07-20-18 23 30.248	  31.02680861 121.43973238 1.0  0.0 0.0
2015-07-20-18 23 30.351	  31.02683128 121.43972529 1.25  0.0 0.0
2015-07-20-18 23 30.481	  31.02683128 121.43972529 1.25  0.0 0.0
2015-07-20-18 23 30.584	  31.02683128 121.43972529 1.25  0.0 0.0
2015-07-20-18 23 30.686	  31.02683128 121.43972529 1.25  0.0 0.0
2015-07-20-18 23 30.826	  31.02683128 121.43972529 1.25  0.0 0.0
2015-07-20-18 23 30.934	  31.02683128 121.43972529 1.25  0.0 0.0
2015-07-20-18 23 31.052	  31.02683128 121.43972529 1.25  0.0 0.0
2015-07-20-18 23 31.154	  31.02683128 121.43972529 1.25  0.0 0.0
2015-07-20-18 23 31.258	  31.02683128 121.43972529 1.25  0.0 0.0
2015-07-20-18 23 31.439	  31.02685069 121.43972965 1.25  0.0 0.0
2015-07-20-18 23 31.561	  31.02685069 121.43972965 1.25  0.0 0.0
2015-07-20-18 23 31.663	  31.02685069 121.43972965 1.25  0.0 0.0
2015-07-20-18 23 31.775	  31.02685069 121.43972965 1.25  0.0 0.0
2015-07-20-18 23 31.878	  31.02685069 121.43972965 1.25  0.0 0.0
2015-07-20-18 23 31.980	  31.02685069 121.43972965 1.25  0.0 0.0
2015-07-20-18 23 32.152	  31.02685069 121.43972965 1.25  0.0 0.0
2015-07-20-18 23 32.253	  31.02685069 121.43972965 1.25  0.0 0.0
2015-07-20-18 23 32.358	  31.02685069 121.43972965 1.25  0.0 0.0
2015-07-20-18 23 32.511	  31.02685069 121.43972965 1.25  0.0 0.0
2015-07-20-18 23 32.613	  31.02685069 121.43972965 1.25  0.0 0.0
2015-07-20-18 23 32.723	  31.02685069 121.43972965 1.25  0.0 0.0
2015-07-20-18 23 32.825	  31.02685069 121.43972965 1.25  0.0 0.0
2015-07-20-18 23 32.927	  31.02685069 121.43972965 1.25  0.0 0.0
2015-07-20-18 23 33.050	  31.02685069 121.43972965 1.25  0.0 0.0
2015-07-20-18 23 33.158	  31.02685069 121.43972965 1.25  0.0 0.0
2015-07-20-18 23 33.269	  31.02688109 121.43971327 1.25  0.0 0.0
2015-07-20-18 23 33.416	  31.02688109 121.43971327 1.25  0.0 0.0
2015-07-20-18 23 33.518	  31.02688109 121.43971327 1.25  0.0 0.0
2015-07-20-18 23 33.623	  31.02688109 121.43971327 1.25  0.0 0.0
2015-07-20-18 23 33.728	  31.02688109 121.43971327 1.25  0.0 0.0
2015-07-20-18 23 33.836	  31.02688109 121.43971327 1.25  0.0 0.0
2015-07-20-18 23 34.002	  31.02688109 121.43971327 1.25  0.0 0.0
2015-07-20-18 23 34.103	  31.02688109 121.43971327 1.25  0.0 0.0
2015-07-20-18 23 34.209	  31.02688109 121.43971327 1.25  0.0 0.0
2015-07-20-18 23 34.311	  31.02688109 121.43971327 1.25  0.0 0.0
2015-07-20-18 23 34.412	  31.02688109 121.43971327 1.25  0.0 0.0
2015-07-20-18 23 34.558	  31.02688109 121.43971327 1.25  0.0 0.0
2015-07-20-18 23 34.660	  31.02688109 121.43971327 1.25  0.0 0.0
2015-07-20-18 23 34.805	  31.02688109 121.43971327 1.25  0.0 0.0
2015-07-20-18 23 34.907	  31.02688109 121.43971327 1.25  0.0 0.0
2015-07-20-18 23 35.011	  31.02688109 121.43971327 1.25  0.0 0.0
2015-07-20-18 23 35.114	  31.02688109 121.43971327 1.25  0.0 0.0
2015-07-20-18 23 35.217	  31.02688109 121.43971327 1.25  0.0 0.0
2015-07-20-18 23 35.326	  31.02690578 121.43969908 1.25  0.0 0.0
2015-07-20-18 23 35.429	  31.02690578 121.43969908 1.25  0.0 0.0
2015-07-20-18 23 35.531	  31.02690578 121.43969908 1.25  0.0 0.0
2015-07-20-18 23 35.688	  31.02690578 121.43969908 1.25  0.0 0.0
2015-07-20-18 23 35.790	  31.02690578 121.43969908 1.25  0.0 0.0
2015-07-20-18 23 35.898	  31.02690578 121.43969908 1.25  0.0 0.0
2015-07-20-18 23 36.002	  31.02690578 121.43969908 1.25  0.0 0.0
2015-07-20-18 23 36.110	  31.02690578 121.43969908 1.25  0.0 0.0
2015-07-20-18 23 36.304	  31.02690578 121.43969908 1.25  0.0 0.0
2015-07-20-18 23 36.409	  31.02690578 121.43969908 1.25  0.0 0.0
2015-07-20-18 23 36.528	  31.02690578 121.43969908 1.25  0.0 0.0
2015-07-20-18 23 36.646	  31.02690578 121.43969908 1.25  0.0 0.0
2015-07-20-18 23 36.748	  31.02690578 121.43969908 1.25  0.0 0.0
2015-07-20-18 23 36.908	  31.02690578 121.43969908 1.25  0.0 0.0
2015-07-20-18 23 37.010	  31.02690578 121.43969908 1.25  0.0 0.0
2015-07-20-18 23 37.126	  31.02690578 121.43969908 1.25  0.0 0.0
2015-07-20-18 23 37.228	  31.02690578 121.43969908 1.25  0.0 0.0
2015-07-20-18 23 37.368	  31.02690578 121.43969908 1.25  0.0 0.0
2015-07-20-18 23 37.474	  31.02692706 121.43968847 1.25  0.0 0.0
2015-07-20-18 23 37.606	  31.02692706 121.43968847 1.25  0.0 0.0
2015-07-20-18 23 37.709	  31.02692706 121.43968847 1.25  0.0 0.0
2015-07-20-18 23 37.850	  31.02692706 121.43968847 1.25  0.0 0.0
2015-07-20-18 23 37.957	  31.02692706 121.43968847 1.25  0.0 0.0
2015-07-20-18 23 38.122	  31.02692706 121.43968847 1.25  0.0 0.0
2015-07-20-18 23 38.230	  31.02692706 121.43968847 1.25  0.0 0.0
2015-07-20-18 23 38.404	  31.02692706 121.43968847 1.25  0.0 0.0
2015-07-20-18 23 38.506	  31.02692706 121.43968847 1.25  0.0 0.0
2015-07-20-18 23 38.641	  31.02692706 121.43968847 1.25  0.0 0.0
2015-07-20-18 23 38.748	  31.02692706 121.43968847 1.25  0.0 0.0
2015-07-20-18 23 38.920	  31.02692706 121.43968847 1.25  0.0 0.0
2015-07-20-18 23 39.023	  31.02692706 121.43968847 1.25  0.0 0.0
2015-07-20-18 23 39.137	  31.02692706 121.43968847 1.25  0.0 0.0
2015-07-20-18 23 39.242	  31.02692706 121.43968847 1.25  0.0 0.0
2015-07-20-18 23 39.405	  31.02695166 121.43967742 1.25  0.0 0.0
2015-07-20-18 23 39.506	  31.02695166 121.43967742 1.25  0.0 0.0
2015-07-20-18 23 39.644	  31.02695166 121.43967742 1.25  0.0 0.0
2015-07-20-18 23 39.749	  31.02695166 121.43967742 1.25  0.0 0.0
2015-07-20-18 23 39.907	  31.02695166 121.43967742 1.25  0.0 0.0
2015-07-20-18 23 40.010	  31.02695166 121.43967742 1.25  0.0 0.0
2015-07-20-18 23 40.130	  31.02695166 121.43967742 1.25  0.0 0.0
2015-07-20-18 23 40.233	  31.02695166 121.43967742 1.25  0.0 0.0
2015-07-20-18 23 40.391	  31.02695166 121.43967742 1.25  0.0 0.0
2015-07-20-18 23 40.492	  31.02695166 121.43967742 1.25  0.0 0.0
2015-07-20-18 23 40.630	  31.02695166 121.43967742 1.25  0.0 0.0
2015-07-20-18 23 40.733	  31.02695166 121.43967742 1.25  0.0 0.0
2015-07-20-18 23 40.899	  31.02695166 121.43967742 1.25  0.0 0.0
2015-07-20-18 23 41.003	  31.02695166 121.43967742 1.25  0.0 0.0
2015-07-20-18 23 41.123	  31.02695166 121.43967742 1.25  0.0 0.0
2015-07-20-18 23 41.226	  31.0269755 121.43966641 1.25  0.0 0.0
2015-07-20-18 23 41.376	  31.0269755 121.43966641 1.25  0.0 0.0
2015-07-20-18 23 41.477	  31.0269755 121.43966641 1.25  0.0 0.0
2015-07-20-18 23 41.628	  31.0269755 121.43966641 1.25  0.0 0.0
2015-07-20-18 23 41.747	  31.0269755 121.43966641 1.25  0.0 0.0
2015-07-20-18 23 41.849	  31.0269755 121.43966641 1.25  0.0 0.0
2015-07-20-18 23 41.954	  31.0269755 121.43966641 1.25  0.0 0.0
2015-07-20-18 23 42.057	  31.0269755 121.43966641 1.25  0.0 0.0
2015-07-20-18 23 42.161	  31.0269755 121.43966641 1.25  0.0 0.0
2015-07-20-18 23 42.265	  31.0269755 121.43966641 1.25  0.0 0.0
2015-07-20-18 23 42.371	  31.0269755 121.43966641 1.25  0.0 0.0
2015-07-20-18 23 42.473	  31.0269755 121.43966641 1.25  0.0 0.0
2015-07-20-18 23 42.575	  31.0269755 121.43966641 1.25  0.0 0.0
2015-07-20-18 23 42.679	  31.0269755 121.43966641 1.25  0.0 0.0
2015-07-20-18 23 42.806	  31.0269755 121.43966641 1.25  0.0 0.0
2015-07-20-18 23 42.908	  31.0269755 121.43966641 1.25  0.0 0.0
2015-07-20-18 23 43.026	  31.0269755 121.43966641 1.25  0.0 0.0
2015-07-20-18 23 43.127	  31.0269755 121.43966641 1.25  0.0 0.0
2015-07-20-18 23 43.231	  31.0269755 121.43966641 1.25  0.0 0.0
2015-07-20-18 23 43.336	  31.02699916 121.43966083 1.25  0.0 0.0
2015-07-20-18 23 43.437	  31.02699916 121.43966083 1.25  0.0 0.0
2015-07-20-18 23 43.539	  31.02699916 121.43966083 1.25  0.0 0.0
2015-07-20-18 23 43.641	  31.02699916 121.43966083 1.25  0.0 0.0
2015-07-20-18 23 43.742	  31.02699916 121.43966083 1.25  0.0 0.0
2015-07-20-18 23 43.845	  31.02699916 121.43966083 1.25  0.0 0.0
2015-07-20-18 23 43.950	  31.02699916 121.43966083 1.25  0.0 0.0
2015-07-20-18 23 44.054	  31.02699916 121.43966083 1.25  0.0 0.0
2015-07-20-18 23 44.177	  31.02699916 121.43966083 1.25  0.0 0.0
2015-07-20-18 23 44.282	  31.02699916 121.43966083 1.25  0.0 0.0
2015-07-20-18 23 44.409	  31.02699916 121.43966083 1.25  0.0 0.0
2015-07-20-18 23 44.510	  31.02699916 121.43966083 1.25  0.0 0.0
2015-07-20-18 23 44.625	  31.02699916 121.43966083 1.25  0.0 0.0
2015-07-20-18 23 44.727	  31.02699916 121.43966083 1.25  0.0 0.0
2015-07-20-18 23 44.835	  31.02699916 121.43966083 1.25  0.0 0.0
2015-07-20-18 23 44.939	  31.02699916 121.43966083 1.25  0.0 0.0
2015-07-20-18 23 45.044	  31.02699916 121.43966083 1.25  0.0 0.0
2015-07-20-18 23 45.164	  31.02699916 121.43966083 1.25  0.0 0.0
2015-07-20-18 23 45.266	  31.02701933 121.43965482 1.25  0.0 0.0
2015-07-20-18 23 45.404	  31.02701933 121.43965482 1.25  0.0 0.0
2015-07-20-18 23 45.506	  31.02701933 121.43965482 1.25  0.0 0.0
2015-07-20-18 23 45.645	  31.02701933 121.43965482 1.25  0.0 0.0
2015-07-20-18 23 45.747	  31.02701933 121.43965482 1.25  0.0 0.0
2015-07-20-18 23 45.889	  31.02701933 121.43965482 1.25  0.0 0.0
2015-07-20-18 23 45.991	  31.02701933 121.43965482 1.25  0.0 0.0
2015-07-20-18 23 46.093	  31.02701933 121.43965482 1.25  0.0 0.0
2015-07-20-18 23 46.196	  31.02701933 121.43965482 1.25  0.0 0.0
2015-07-20-18 23 46.297	  31.02701933 121.43965482 1.25  0.0 0.0
2015-07-20-18 23 46.400	  31.02701933 121.43965482 1.25  0.0 0.0
2015-07-20-18 23 46.503	  31.02701933 121.43965482 1.25  0.0 0.0
2015-07-20-18 23 46.606	  31.02701933 121.43965482 1.25  0.0 0.0
2015-07-20-18 23 46.708	  31.02701933 121.43965482 1.25  0.0 0.0
2015-07-20-18 23 46.812	  31.02701933 121.43965482 1.25  0.0 0.0
2015-07-20-18 23 46.929	  31.02701933 121.43965482 1.25  0.0 0.0
2015-07-20-18 23 47.031	  31.02701933 121.43965482 1.25  0.0 0.0
2015-07-20-18 23 47.188	  31.02701933 121.43965482 1.25  0.0 0.0
2015-07-20-18 23 47.290	  31.02704075 121.43965136 1.25  0.0 0.0
2015-07-20-18 23 47.393	  31.02704075 121.43965136 1.25  0.0 0.0
2015-07-20-18 23 47.500	  31.02704075 121.43965136 1.25  0.0 0.0
2015-07-20-18 23 47.602	  31.02704075 121.43965136 1.25  0.0 0.0
2015-07-20-18 23 47.761	  31.02704075 121.43965136 1.25  0.0 0.0
2015-07-20-18 23 47.863	  31.02704075 121.43965136 1.25  0.0 0.0
2015-07-20-18 23 47.964	  31.02704075 121.43965136 1.25  0.0 0.0
2015-07-20-18 23 48.066	  31.02704075 121.43965136 1.25  0.0 0.0
2015-07-20-18 23 48.169	  31.02704075 121.43965136 1.25  0.0 0.0
2015-07-20-18 23 48.283	  31.02704075 121.43965136 1.25  0.0 0.0
2015-07-20-18 23 48.384	  31.02704075 121.43965136 1.25  0.0 0.0
2015-07-20-18 23 48.505	  31.02704075 121.43965136 1.25  0.0 0.0
2015-07-20-18 23 48.607	  31.02704075 121.43965136 1.25  0.0 0.0
2015-07-20-18 23 48.709	  31.02704075 121.43965136 1.25  0.0 0.0
2015-07-20-18 23 48.813	  31.02704075 121.43965136 1.25  0.0 0.0
2015-07-20-18 23 48.917	  31.02704075 121.43965136 1.25  0.0 0.0
2015-07-20-18 23 49.030	  31.02704075 121.43965136 1.25  0.0 0.0
2015-07-20-18 23 49.133	  31.02704075 121.43965136 1.25  0.0 0.0
2015-07-20-18 23 49.276	  31.02706362 121.4396475 1.25  0.0 0.0
2015-07-20-18 23 49.397	  31.02706362 121.4396475 1.25  0.0 0.0
2015-07-20-18 23 49.499	  31.02706362 121.4396475 1.25  0.0 0.0
2015-07-20-18 23 49.601	  31.02706362 121.4396475 1.25  0.0 0.0
2015-07-20-18 23 49.706	  31.02706362 121.4396475 1.25  0.0 0.0
2015-07-20-18 23 49.817	  31.02706362 121.4396475 1.25  0.0 0.0
2015-07-20-18 23 49.920	  31.02706362 121.4396475 1.25  0.0 0.0
2015-07-20-18 23 50.058	  31.02706362 121.4396475 1.25  0.0 0.0
2015-07-20-18 23 50.161	  31.02706362 121.4396475 1.25  0.0 0.0
2015-07-20-18 23 50.266	  31.02706362 121.4396475 1.25  0.0 0.0
2015-07-20-18 23 50.369	  31.02706362 121.4396475 1.25  0.0 0.0
2015-07-20-18 23 50.471	  31.02706362 121.4396475 1.25  0.0 0.0
2015-07-20-18 23 50.578	  31.02706362 121.4396475 1.25  0.0 0.0
2015-07-20-18 23 50.681	  31.02706362 121.4396475 1.25  0.0 0.0
2015-07-20-18 23 50.853	  31.02706362 121.4396475 1.25  0.0 0.0
2015-07-20-18 23 50.957	  31.02706362 121.4396475 1.25  0.0 0.0
2015-07-20-18 23 51.064	  31.02706362 121.4396475 1.25  0.0 0.0
2015-07-20-18 23 51.178	  31.02706362 121.4396475 1.25  0.0 0.0
2015-07-20-18 23 51.281	  31.0270858 121.43963898 1.25  0.0 0.0
2015-07-20-18 23 51.424	  31.0270858 121.43963898 1.25  0.0 0.0
2015-07-20-18 23 51.565	  31.0270858 121.43963898 1.25  0.0 0.0
2015-07-20-18 23 51.709	  31.0270858 121.43963898 1.25  0.0 0.0
2015-07-20-18 23 51.857	  31.0270858 121.43963898 1.25  0.0 0.0
2015-07-20-18 23 52.004	  31.0270858 121.43963898 1.25  0.0 0.0
2015-07-20-18 23 52.173	  31.0270858 121.43963898 1.25  0.0 0.0
2015-07-20-18 23 52.275	  31.0270858 121.43963898 1.25  0.0 0.0
2015-07-20-18 23 52.414	  31.0270858 121.43963898 1.25  0.0 0.0
2015-07-20-18 23 52.517	  31.0270858 121.43963898 1.25  0.0 0.0
2015-07-20-18 23 52.620	  31.0270858 121.43963898 1.25  0.0 0.0
2015-07-20-18 23 52.726	  31.0270858 121.43963898 1.25  0.0 0.0
2015-07-20-18 23 52.829	  31.0270858 121.43963898 1.25  0.0 0.0
2015-07-20-18 23 53.008	  31.0270858 121.43963898 1.25  0.0 0.0
2015-07-20-18 23 53.113	  31.0270858 121.43963898 1.25  0.0 0.0
2015-07-20-18 23 53.217	  31.0270858 121.43963898 1.25  0.0 0.0
2015-07-20-18 23 53.377	  31.02710748 121.43962654 1.25  0.0 0.0
2015-07-20-18 23 53.479	  31.02710748 121.43962654 1.25  0.0 0.0
2015-07-20-18 23 53.582	  31.02710748 121.43962654 1.25  0.0 0.0
2015-07-20-18 23 53.697	  31.02710748 121.43962654 1.25  0.0 0.0
2015-07-20-18 23 53.798	  31.02710748 121.43962654 1.25  0.0 0.0
2015-07-20-18 23 53.914	  31.02710748 121.43962654 1.25  0.0 0.0
2015-07-20-18 23 54.015	  31.02710748 121.43962654 1.25  0.0 0.0
2015-07-20-18 23 54.117	  31.02710748 121.43962654 1.25  0.0 0.0
2015-07-20-18 23 54.223	  31.02710748 121.43962654 1.25  0.0 0.0
2015-07-20-18 23 54.325	  31.02710748 121.43962654 1.25  0.0 0.0
2015-07-20-18 23 54.478	  31.02710748 121.43962654 1.25  0.0 0.0
2015-07-20-18 23 54.581	  31.02710748 121.43962654 1.25  0.0 0.0
2015-07-20-18 23 54.685	  31.02710748 121.43962654 1.25  0.0 0.0
2015-07-20-18 23 54.796	  31.02710748 121.43962654 1.25  0.0 0.0
2015-07-20-18 23 54.898	  31.02710748 121.43962654 1.25  0.0 0.0
2015-07-20-18 23 55.045	  31.02710748 121.43962654 1.25  0.0 0.0
2015-07-20-18 23 55.155	  31.02710748 121.43962654 1.25  0.0 0.0
2015-07-20-18 23 55.258	  31.02713095 121.43961812 1.25  0.0 0.0
2015-07-20-18 23 55.409	  31.02713095 121.43961812 1.25  0.0 0.0
2015-07-20-18 23 55.512	  31.02713095 121.43961812 1.25  0.0 0.0
2015-07-20-18 23 55.615	  31.02713095 121.43961812 1.25  0.0 0.0
2015-07-20-18 23 55.781	  31.02713095 121.43961812 1.25  0.0 0.0
2015-07-20-18 23 55.884	  31.02713095 121.43961812 1.25  0.0 0.0
2015-07-20-18 23 55.987	  31.02713095 121.43961812 1.25  0.0 0.0
2015-07-20-18 23 56.155	  31.02713095 121.43961812 1.25  0.0 0.0
2015-07-20-18 23 56.256	  31.02713095 121.43961812 1.25  0.0 0.0
2015-07-20-18 23 56.374	  31.02713095 121.43961812 1.25  0.0 0.0
2015-07-20-18 23 56.483	  31.02713095 121.43961812 1.25  0.0 0.0
2015-07-20-18 23 56.587	  31.02713095 121.43961812 1.25  0.0 0.0
2015-07-20-18 23 56.747	  31.02713095 121.43961812 1.25  0.0 0.0
2015-07-20-18 23 56.886	  31.02713095 121.43961812 1.25  0.0 0.0
2015-07-20-18 23 56.992	  31.02713095 121.43961812 1.25  0.0 0.0
2015-07-20-18 23 57.149	  31.02713095 121.43961812 1.25  0.0 0.0
2015-07-20-18 23 57.255	  31.02715297 121.43960801 1.25  0.0 0.0
2015-07-20-18 23 57.398	  31.02715297 121.43960801 1.25  0.0 0.0
2015-07-20-18 23 57.500	  31.02715297 121.43960801 1.25  0.0 0.0
2015-07-20-18 23 57.638	  31.02715297 121.43960801 1.25  0.0 0.0
2015-07-20-18 23 57.740	  31.02715297 121.43960801 1.25  0.0 0.0
2015-07-20-18 23 57.844	  31.02715297 121.43960801 1.25  0.0 0.0
2015-07-20-18 23 57.996	  31.02715297 121.43960801 1.25  0.0 0.0
2015-07-20-18 23 58.131	  31.02715297 121.43960801 1.25  0.0 0.0
2015-07-20-18 23 58.234	  31.02715297 121.43960801 1.25  0.0 0.0
2015-07-20-18 23 58.403	  31.02715297 121.43960801 1.25  0.0 0.0
2015-07-20-18 23 58.538	  31.02715297 121.43960801 1.25  0.0 0.0
2015-07-20-18 23 58.641	  31.02715297 121.43960801 1.25  0.0 0.0
2015-07-20-18 23 58.800	  31.02715297 121.43960801 1.25  0.0 0.0
2015-07-20-18 23 58.919	  31.02715297 121.43960801 1.25  0.0 0.0
2015-07-20-18 23 59.078	  31.02715297 121.43960801 1.25  0.0 0.0
2015-07-20-18 23 59.183	  31.02715297 121.43960801 1.25  0.0 0.0
2015-07-20-18 23 59.368	  31.02717352 121.43959441 1.25  0.0 0.0
2015-07-20-18 23 59.483	  31.02717352 121.43959441 1.25  0.0 0.0
2015-07-20-18 23 59.618	  31.02717352 121.43959441 1.25  0.0 0.0
2015-07-20-18 23 59.726	  31.02717352 121.43959441 1.25  0.0 0.0
2015-07-20-18 23 59.897	  31.02717352 121.43959441 1.25  0.0 0.0
2015-07-20-18 24 00.017	  31.02717352 121.43959441 1.25  0.0 0.0
2015-07-20-18 24 00.120	  31.02717352 121.43959441 1.25  0.0 0.0
2015-07-20-18 24 00.277	  31.02717352 121.43959441 1.25  0.0 0.0
2015-07-20-18 24 00.396	  31.02717352 121.43959441 1.25  0.0 0.0
2015-07-20-18 24 00.510	  31.02717352 121.43959441 1.25  0.0 0.0
2015-07-20-18 24 00.614	  31.02717352 121.43959441 1.25  0.0 0.0
2015-07-20-18 24 00.801	  31.02717352 121.43959441 1.25  0.0 0.0
2015-07-20-18 24 00.939	  31.02717352 121.43959441 1.25  0.0 0.0
2015-07-20-18 24 01.041	  31.02717352 121.43959441 1.25  0.0 0.0
2015-07-20-18 24 01.171	  31.02717352 121.43959441 1.25  0.0 0.0
2015-07-20-18 24 01.358	  31.02719174 121.43957939 1.25  0.0 0.0
2015-07-20-18 24 01.493	  31.02719174 121.43957939 1.25  0.0 0.0
2015-07-20-18 24 01.595	  31.02719174 121.43957939 1.25  0.0 0.0
2015-07-20-18 24 01.748	  31.02719174 121.43957939 1.25  0.0 0.0
2015-07-20-18 24 01.864	  31.02719174 121.43957939 1.25  0.0 0.0
2015-07-20-18 24 02.001	  31.02719174 121.43957939 1.25  0.0 0.0
2015-07-20-18 24 02.111	  31.02719174 121.43957939 1.25  0.0 0.0
2015-07-20-18 24 02.228	  31.02719174 121.43957939 1.25  0.0 0.0
2015-07-20-18 24 02.364	  31.02719174 121.43957939 1.25  0.0 0.0
2015-07-20-18 24 02.479	  31.02719174 121.43957939 1.25  0.0 0.0
2015-07-20-18 24 02.581	  31.02719174 121.43957939 1.25  0.0 0.0
2015-07-20-18 24 02.724	  31.02719174 121.43957939 1.25  0.0 0.0
2015-07-20-18 24 02.867	  31.02719174 121.43957939 1.25  0.0 0.0
2015-07-20-18 24 03.013	  31.02719174 121.43957939 1.25  0.0 0.0
2015-07-20-18 24 03.156	  31.02719174 121.43957939 1.25  0.0 0.0
2015-07-20-18 24 03.302	  31.02721011 121.43957038 1.25  0.0 0.0
2015-07-20-18 24 03.448	  31.02721011 121.43957038 1.25  0.0 0.0
2015-07-20-18 24 03.585	  31.02721011 121.43957038 1.25  0.0 0.0
2015-07-20-18 24 03.751	  31.02721011 121.43957038 1.25  0.0 0.0
2015-07-20-18 24 03.870	  31.02721011 121.43957038 1.25  0.0 0.0
2015-07-20-18 24 03.999	  31.02721011 121.43957038 1.25  0.0 0.0
2015-07-20-18 24 04.116	  31.02721011 121.43957038 1.25  0.0 0.0
2015-07-20-18 24 04.255	  31.02721011 121.43957038 1.25  0.0 0.0
2015-07-20-18 24 04.408	  31.02721011 121.43957038 1.25  0.0 0.0
2015-07-20-18 24 04.523	  31.02721011 121.43957038 1.25  0.0 0.0
2015-07-20-18 24 04.650	  31.02721011 121.43957038 1.25  0.0 0.0
2015-07-20-18 24 04.812	  31.02721011 121.43957038 1.25  0.0 0.0
2015-07-20-18 24 04.970	  31.02721011 121.43957038 1.25  0.0 0.0
2015-07-20-18 24 05.117	  31.02721011 121.43957038 1.25  0.0 0.0
2015-07-20-18 24 05.291	  31.02722989 121.43956418 1.25  0.0 0.0
2015-07-20-18 24 05.423	  31.02722989 121.43956418 1.25  0.0 0.0
2015-07-20-18 24 05.577	  31.02722989 121.43956418 1.25  0.0 0.0
2015-07-20-18 24 05.692	  31.02722989 121.43956418 1.25  0.0 0.0
2015-07-20-18 24 05.847	  31.02722989 121.43956418 1.25  0.0 0.0
2015-07-20-18 24 05.985	  31.02722989 121.43956418 1.25  0.0 0.0
2015-07-20-18 24 06.137	  31.02722989 121.43956418 1.25  0.0 0.0
2015-07-20-18 24 06.251	  31.02722989 121.43956418 1.25  0.0 0.0
2015-07-20-18 24 06.384	  31.02722989 121.43956418 1.25  0.0 0.0
2015-07-20-18 24 06.526	  31.02722989 121.43956418 1.25  0.0 0.0
2015-07-20-18 24 06.656	  31.02722989 121.43956418 1.25  0.0 0.0
2015-07-20-18 24 06.789	  31.02722989 121.43956418 1.25  0.0 0.0
2015-07-20-18 24 06.905	  31.02722989 121.43956418 1.25  0.0 0.0
2015-07-20-18 24 07.035	  31.02722989 121.43956418 1.25  0.0 0.0
2015-07-20-18 24 07.170	  31.02722989 121.43956418 1.25  0.0 0.0
2015-07-20-18 24 07.340	  31.02725021 121.43955709 1.25  0.0 0.0
2015-07-20-18 24 07.460	  31.02725021 121.43955709 1.25  0.0 0.0
2015-07-20-18 24 07.587	  31.02725021 121.43955709 1.25  0.0 0.0
2015-07-20-18 24 07.734	  31.02725021 121.43955709 1.25  0.0 0.0
2015-07-20-18 24 07.922	  31.02725021 121.43955709 1.25  0.0 0.0
2015-07-20-18 24 08.038	  31.02725021 121.43955709 1.25  0.0 0.0
2015-07-20-18 24 08.141	  31.02725021 121.43955709 1.25  0.0 0.0
2015-07-20-18 24 08.245	  31.02725021 121.43955709 1.25  0.0 0.0
2015-07-20-18 24 08.398	  31.02725021 121.43955709 1.25  0.0 0.0
2015-07-20-18 24 08.499	  31.02725021 121.43955709 1.25  0.0 0.0
2015-07-20-18 24 08.651	  31.02725021 121.43955709 1.25  0.0 0.0
2015-07-20-18 24 08.797	  31.02725021 121.43955709 1.25  0.0 0.0
2015-07-20-18 24 08.939	  31.02725021 121.43955709 1.25  0.0 0.0
2015-07-20-18 24 09.043	  31.02725021 121.43955709 1.25  0.0 0.0
2015-07-20-18 24 09.147	  31.02725021 121.43955709 1.25  0.0 0.0
2015-07-20-18 24 09.291	  31.02727152 121.4395479 1.25  0.0 0.0
2015-07-20-18 24 09.395	  31.02727152 121.4395479 1.25  0.0 0.0
2015-07-20-18 24 09.497	  31.02727152 121.4395479 1.25  0.0 0.0
2015-07-20-18 24 09.649	  31.02727152 121.4395479 1.25  0.0 0.0
2015-07-20-18 24 09.804	  31.02727152 121.4395479 1.25  0.0 0.0
2015-07-20-18 24 09.909	  31.02727152 121.4395479 1.25  0.0 0.0
2015-07-20-18 24 10.012	  31.02727152 121.4395479 1.25  0.0 0.0
2015-07-20-18 24 10.127	  31.02727152 121.4395479 1.25  0.0 0.0
2015-07-20-18 24 10.279	  31.02727152 121.4395479 1.25  0.0 0.0
2015-07-20-18 24 10.389	  31.02727152 121.4395479 1.25  0.0 0.0
2015-07-20-18 24 10.493	  31.02727152 121.4395479 1.25  0.0 0.0
2015-07-20-18 24 10.624	  31.02727152 121.4395479 1.25  0.0 0.0
2015-07-20-18 24 10.799	  31.02727152 121.4395479 1.25  0.0 0.0
2015-07-20-18 24 10.901	  31.02727152 121.4395479 1.25  0.0 0.0
2015-07-20-18 24 11.004	  31.02727152 121.4395479 1.25  0.0 0.0
2015-07-20-18 24 11.149	  31.02727152 121.4395479 1.25  0.0 0.0
2015-07-20-18 24 11.298	  31.02729299 121.43953863 1.25  0.0 0.0
2015-07-20-18 24 11.400	  31.02729299 121.43953863 1.25  0.0 0.0
2015-07-20-18 24 11.501	  31.02729299 121.43953863 1.25  0.0 0.0
2015-07-20-18 24 11.642	  31.02729299 121.43953863 1.25  0.0 0.0
2015-07-20-18 24 11.788	  31.02729299 121.43953863 1.25  0.0 0.0
2015-07-20-18 24 11.889	  31.02729299 121.43953863 1.25  0.0 0.0
2015-07-20-18 24 11.992	  31.02729299 121.43953863 1.25  0.0 0.0
2015-07-20-18 24 12.113	  31.02729299 121.43953863 1.25  0.0 0.0
2015-07-20-18 24 12.306	  31.02729299 121.43953863 1.25  0.0 0.0
2015-07-20-18 24 12.413	  31.02729299 121.43953863 1.25  0.0 0.0
2015-07-20-18 24 12.515	  31.02729299 121.43953863 1.25  0.0 0.0
2015-07-20-18 24 12.681	  31.02729299 121.43953863 1.25  0.0 0.0
2015-07-20-18 24 12.815	  31.02729299 121.43953863 1.25  0.0 0.0
2015-07-20-18 24 12.916	  31.02729299 121.43953863 1.25  0.0 0.0
2015-07-20-18 24 13.057	  31.02729299 121.43953863 1.25  0.0 0.0
2015-07-20-18 24 13.159	  31.02729299 121.43953863 1.25  0.0 0.0
2015-07-20-18 24 13.275	  31.0273136 121.43953081 1.25  0.0 0.0
2015-07-20-18 24 13.404	  31.0273136 121.43953081 1.25  0.0 0.0
2015-07-20-18 24 13.540	  31.0273136 121.43953081 1.25  0.0 0.0
2015-07-20-18 24 13.698	  31.0273136 121.43953081 1.25  0.0 0.0
2015-07-20-18 24 13.803	  31.0273136 121.43953081 1.25  0.0 0.0
2015-07-20-18 24 13.905	  31.0273136 121.43953081 1.25  0.0 0.0
2015-07-20-18 24 14.048	  31.0273136 121.43953081 1.25  0.0 0.0
2015-07-20-18 24 14.187	  31.0273136 121.43953081 1.25  0.0 0.0
2015-07-20-18 24 14.306	  31.0273136 121.43953081 1.25  0.0 0.0
2015-07-20-18 24 14.451	  31.0273136 121.43953081 1.25  0.0 0.0
2015-07-20-18 24 14.553	  31.0273136 121.43953081 1.25  0.0 0.0
2015-07-20-18 24 14.655	  31.0273136 121.43953081 1.25  0.0 0.0
2015-07-20-18 24 14.858	  31.0273136 121.43953081 1.25  0.0 0.0
2015-07-20-18 24 14.997	  31.0273136 121.43953081 1.25  0.0 0.0
2015-07-20-18 24 15.116	  31.0273136 121.43953081 1.25  0.0 0.0
2015-07-20-18 24 15.218	  31.0273136 121.43953081 1.25  0.0 0.0
2015-07-20-18 24 15.325	  31.02733502 121.43952114 1.25  0.0 0.0
2015-07-20-18 24 15.442	  31.02733502 121.43952114 1.25  0.0 0.0
2015-07-20-18 24 15.577	  31.02733502 121.43952114 1.25  0.0 0.0
2015-07-20-18 24 15.749	  31.02733502 121.43952114 1.25  0.0 0.0
2015-07-20-18 24 15.866	  31.02733502 121.43952114 1.25  0.0 0.0
2015-07-20-18 24 15.982	  31.02733502 121.43952114 1.25  0.0 0.0
2015-07-20-18 24 16.100	  31.02733502 121.43952114 1.25  0.0 0.0
2015-07-20-18 24 16.229	  31.02733502 121.43952114 1.25  0.0 0.0
2015-07-20-18 24 16.377	  31.02733502 121.43952114 1.25  0.0 0.0
2015-07-20-18 24 16.515	  31.02733502 121.43952114 1.25  0.0 0.0
2015-07-20-18 24 16.645	  31.02733502 121.43952114 1.25  0.0 0.0
2015-07-20-18 24 16.779	  31.02733502 121.43952114 1.25  0.0 0.0
2015-07-20-18 24 16.920	  31.02733502 121.43952114 1.25  0.0 0.0
2015-07-20-18 24 17.059	  31.02733502 121.43952114 1.25  0.0 0.0
2015-07-20-18 24 17.203	  31.02735614 121.4395083 1.25  0.0 0.0
2015-07-20-18 24 17.403	  31.02735614 121.4395083 1.25  0.0 0.0
2015-07-20-18 24 17.518	  31.02735614 121.4395083 1.25  0.0 0.0
2015-07-20-18 24 17.632	  31.02735614 121.4395083 1.25  0.0 0.0
2015-07-20-18 24 17.764	  31.02735614 121.4395083 1.25  0.0 0.0
2015-07-20-18 24 17.905	  31.02735614 121.4395083 1.25  0.0 0.0
2015-07-20-18 24 18.033	  31.02735614 121.4395083 1.25  0.0 0.0
2015-07-20-18 24 18.235	  31.02735614 121.4395083 1.25  0.0 0.0
2015-07-20-18 24 18.404	  31.02735614 121.4395083 1.25  0.0 0.0
2015-07-20-18 24 18.522	  31.02735614 121.4395083 1.25  0.0 0.0
2015-07-20-18 24 18.661	  31.02735614 121.4395083 1.25  0.0 0.0
2015-07-20-18 24 18.800	  31.02735614 121.4395083 1.25  0.0 0.0
2015-07-20-18 24 18.951	  31.02735614 121.4395083 1.25  0.0 0.0
2015-07-20-18 24 19.089	  31.02735614 121.4395083 1.25  0.0 0.0
2015-07-20-18 24 19.232	  31.02735614 121.4395083 1.25  0.0 0.0
2015-07-20-18 24 19.375	  31.0273767 121.43949284 1.25  0.0 0.0
2015-07-20-18 24 19.489	  31.0273767 121.43949284 1.25  0.0 0.0
2015-07-20-18 24 19.648	  31.0273767 121.43949284 1.25  0.0 0.0
2015-07-20-18 24 19.783	  31.0273767 121.43949284 1.25  0.0 0.0
2015-07-20-18 24 19.918	  31.0273767 121.43949284 1.25  0.0 0.0
2015-07-20-18 24 20.080	  31.0273767 121.43949284 1.25  0.0 0.0
2015-07-20-18 24 20.228	  31.0273767 121.43949284 1.25  0.0 0.0
2015-07-20-18 24 20.399	  31.0273767 121.43949284 1.25  0.0 0.0
2015-07-20-18 24 20.515	  31.0273767 121.43949284 1.25  0.0 0.0
2015-07-20-18 24 20.659	  31.0273767 121.43949284 1.25  0.0 0.0
2015-07-20-18 24 20.798	  31.0273767 121.43949284 1.25  0.0 0.0
2015-07-20-18 24 20.941	  31.0273767 121.43949284 1.25  0.0 0.0
2015-07-20-18 24 21.090	  31.0273767 121.43949284 1.25  0.0 0.0
2015-07-20-18 24 21.238	  31.0273767 121.43949284 1.25  0.0 0.0
2015-07-20-18 24 21.410	  31.02739868 121.4394819 1.25  0.0 0.0
2015-07-20-18 24 21.527	  31.02739868 121.4394819 1.25  0.0 0.0
2015-07-20-18 24 21.677	  31.02739868 121.4394819 1.25  0.0 0.0
2015-07-20-18 24 21.792	  31.02739868 121.4394819 1.25  0.0 0.0
2015-07-20-18 24 21.907	  31.02739868 121.4394819 1.25  0.0 0.0
2015-07-20-18 24 22.083	  31.02739868 121.4394819 1.25  0.0 0.0
2015-07-20-18 24 22.243	  31.02739868 121.4394819 1.25  0.0 0.0
2015-07-20-18 24 22.408	  31.02739868 121.4394819 1.25  0.0 0.0
2015-07-20-18 24 22.549	  31.02739868 121.4394819 1.25  0.0 0.0
2015-07-20-18 24 22.702	  31.02739868 121.4394819 1.25  0.0 0.0
2015-07-20-18 24 22.823	  31.02739868 121.4394819 1.25  0.0 0.0
2015-07-20-18 24 22.963	  31.02739868 121.4394819 1.25  0.0 0.0
2015-07-20-18 24 23.133	  31.02739868 121.4394819 1.25  0.0 0.0
2015-07-20-18 24 23.250	  31.02739868 121.4394819 1.25  0.0 0.0
2015-07-20-18 24 23.400	  31.02742041 121.43947795 1.25  0.0 0.0
2015-07-20-18 24 23.521	  31.02742041 121.43947795 1.25  0.0 0.0
2015-07-20-18 24 23.674	  31.02742041 121.43947795 1.25  0.0 0.0
2015-07-20-18 24 23.842	  31.02742041 121.43947795 1.25  0.0 0.0
2015-07-20-18 24 23.976	  31.02742041 121.43947795 1.25  0.0 0.0
2015-07-20-18 24 24.158	  31.02742041 121.43947795 1.25  0.0 0.0
2015-07-20-18 24 24.305	  31.02742041 121.43947795 1.25  0.0 0.0
2015-07-20-18 24 24.463	  31.02742041 121.43947795 1.25  0.0 0.0
2015-07-20-18 24 24.577	  31.02742041 121.43947795 1.25  0.0 0.0
2015-07-20-18 24 24.695	  31.02742041 121.43947795 1.25  0.0 0.0
2015-07-20-18 24 24.852	  31.02742041 121.43947795 1.25  0.0 0.0
2015-07-20-18 24 24.989	  31.02742041 121.43947795 1.25  0.0 0.0
2015-07-20-18 24 25.132	  31.02742041 121.43947795 1.25  0.0 0.0
2015-07-20-18 24 25.284	  31.02742041 121.43947795 1.25  0.0 0.0
2015-07-20-18 24 25.439	  31.02743974 121.43947117 1.25  0.0 0.0
2015-07-20-18 24 25.560	  31.02743974 121.43947117 1.25  0.0 0.0
2015-07-20-18 24 25.714	  31.02743974 121.43947117 1.25  0.0 0.0
2015-07-20-18 24 25.833	  31.02743974 121.43947117 1.25  0.0 0.0
2015-07-20-18 24 25.962	  31.02743974 121.43947117 1.25  0.0 0.0
2015-07-20-18 24 26.119	  31.02743974 121.43947117 1.25  0.0 0.0
2015-07-20-18 24 26.236	  31.02743974 121.43947117 1.25  0.0 0.0
2015-07-20-18 24 26.370	  31.02743974 121.43947117 1.25  0.0 0.0
2015-07-20-18 24 26.519	  31.02743974 121.43947117 1.25  0.0 0.0
2015-07-20-18 24 26.665	  31.02743974 121.43947117 1.25  0.0 0.0
2015-07-20-18 24 26.834	  31.02743974 121.43947117 1.25  0.0 0.0
2015-07-20-18 24 26.949	  31.02743974 121.43947117 1.25  0.0 0.0
2015-07-20-18 24 27.069	  31.02743974 121.43947117 1.25  0.0 0.0
2015-07-20-18 24 27.208	  31.02743974 121.43947117 1.25  0.0 0.0
2015-07-20-18 24 27.365	  31.02746162 121.43946526 1.25  0.0 0.0
2015-07-20-18 24 27.484	  31.02746162 121.43946526 1.25  0.0 0.0
2015-07-20-18 24 27.647	  31.02746162 121.43946526 1.25  0.0 0.0
2015-07-20-18 24 27.790	  31.02746162 121.43946526 1.25  0.0 0.0
2015-07-20-18 24 27.951	  31.02746162 121.43946526 1.25  0.0 0.0
2015-07-20-18 24 28.067	  31.02746162 121.43946526 1.25  0.0 0.0
2015-07-20-18 24 28.185	  31.02746162 121.43946526 1.25  0.0 0.0
2015-07-20-18 24 28.301	  31.02746162 121.43946526 1.25  0.0 0.0
2015-07-20-18 24 28.419	  31.02746162 121.43946526 1.25  0.0 0.0
2015-07-20-18 24 28.547	  31.02746162 121.43946526 1.25  0.0 0.0
2015-07-20-18 24 28.664	  31.02746162 121.43946526 1.25  0.0 0.0
2015-07-20-18 24 28.802	  31.02746162 121.43946526 1.25  0.0 0.0
2015-07-20-18 24 28.949	  31.02746162 121.43946526 1.25  0.0 0.0
2015-07-20-18 24 29.066	  31.02746162 121.43946526 1.25  0.0 0.0
2015-07-20-18 24 29.200	  31.02746162 121.43946526 1.25  0.0 0.0
2015-07-20-18 24 29.319	  31.02748632 121.43946256 1.25  0.0 0.0
2015-07-20-18 24 29.449	  31.02748632 121.43946256 1.25  0.0 0.0
2015-07-20-18 24 29.592	  31.02748632 121.43946256 1.25  0.0 0.0
2015-07-20-18 24 29.749	  31.02748632 121.43946256 1.25  0.0 0.0
2015-07-20-18 24 29.867	  31.02748632 121.43946256 1.25  0.0 0.0
2015-07-20-18 24 30.001	  31.02748632 121.43946256 1.25  0.0 0.0
2015-07-20-18 24 30.144	  31.02748632 121.43946256 1.25  0.0 0.0
2015-07-20-18 24 30.272	  31.02748632 121.43946256 1.25  0.0 0.0
2015-07-20-18 24 30.442	  31.02748632 121.43946256 1.25  0.0 0.0
2015-07-20-18 24 30.577	  31.02748632 121.43946256 1.25  0.0 0.0
2015-07-20-18 24 30.703	  31.02748632 121.43946256 1.25  0.0 0.0
2015-07-20-18 24 30.859	  31.02748632 121.43946256 1.25  0.0 0.0
2015-07-20-18 24 31.000	  31.02748632 121.43946256 1.25  0.0 0.0
2015-07-20-18 24 31.116	  31.02748632 121.43946256 1.25  0.0 0.0
2015-07-20-18 24 31.258	  31.02748632 121.43946256 1.25  0.0 0.0
2015-07-20-18 24 31.382	  31.02751049 121.43946251 1.25  0.0 0.0
2015-07-20-18 24 31.530	  31.02751049 121.43946251 1.25  0.0 0.0
2015-07-20-18 24 31.670	  31.02751049 121.43946251 1.25  0.0 0.0
2015-07-20-18 24 31.842	  31.02751049 121.43946251 1.25  0.0 0.0
2015-07-20-18 24 31.991	  31.02751049 121.43946251 1.25  0.0 0.0
2015-07-20-18 24 32.129	  31.02751049 121.43946251 1.25  0.0 0.0
2015-07-20-18 24 32.279	  31.02751049 121.43946251 1.25  0.0 0.0
2015-07-20-18 24 32.439	  31.02751049 121.43946251 1.25  0.0 0.0
2015-07-20-18 24 32.561	  31.02751049 121.43946251 1.25  0.0 0.0
2015-07-20-18 24 32.685	  31.02751049 121.43946251 1.25  0.0 0.0
2015-07-20-18 24 32.847	  31.02751049 121.43946251 1.25  0.0 0.0
2015-07-20-18 24 32.963	  31.02751049 121.43946251 1.25  0.0 0.0
2015-07-20-18 24 33.105	  31.02751049 121.43946251 1.25  0.0 0.0
2015-07-20-18 24 33.249	  31.02751049 121.43946251 1.25  0.0 0.0
2015-07-20-18 24 33.384	  31.02753424 121.43945706 1.25  0.0 0.0
2015-07-20-18 24 33.521	  31.02753424 121.43945706 1.25  0.0 0.0
2015-07-20-18 24 33.656	  31.02753424 121.43945706 1.25  0.0 0.0
2015-07-20-18 24 33.800	  31.02753424 121.43945706 1.25  0.0 0.0
2015-07-20-18 24 33.937	  31.02753424 121.43945706 1.25  0.0 0.0
2015-07-20-18 24 34.094	  31.02753424 121.43945706 1.25  0.0 0.0
2015-07-20-18 24 34.233	  31.02753424 121.43945706 1.25  0.0 0.0
2015-07-20-18 24 34.412	  31.02753424 121.43945706 1.25  0.0 0.0
2015-07-20-18 24 34.528	  31.02753424 121.43945706 1.25  0.0 0.0
2015-07-20-18 24 34.672	  31.02753424 121.43945706 1.25  0.0 0.0
2015-07-20-18 24 34.821	  31.02753424 121.43945706 1.25  0.0 0.0
2015-07-20-18 24 34.937	  31.02753424 121.43945706 1.25  0.0 0.0
2015-07-20-18 24 35.068	  31.02753424 121.43945706 1.25  0.0 0.0
2015-07-20-18 24 35.208	  31.02753424 121.43945706 1.25  0.0 0.0
2015-07-20-18 24 35.381	  31.02755897 121.43944901 1.25  0.0 0.0
2015-07-20-18 24 35.483	  31.02755897 121.43944901 1.25  0.0 0.0
2015-07-20-18 24 35.599	  31.02755897 121.43944901 1.25  0.0 0.0
2015-07-20-18 24 35.734	  31.02755897 121.43944901 1.25  0.0 0.0
2015-07-20-18 24 35.848	  31.02755897 121.43944901 1.25  0.0 0.0
2015-07-20-18 24 36.001	  31.02755897 121.43944901 1.25  0.0 0.0
2015-07-20-18 24 36.121	  31.02755897 121.43944901 1.25  0.0 0.0
2015-07-20-18 24 36.276	  31.02755897 121.43944901 1.25  0.0 0.0
2015-07-20-18 24 36.416	  31.02755897 121.43944901 1.25  0.0 0.0
2015-07-20-18 24 36.549	  31.02755897 121.43944901 1.25  0.0 0.0
2015-07-20-18 24 36.665	  31.02755897 121.43944901 1.25  0.0 0.0
2015-07-20-18 24 36.812	  31.02755897 121.43944901 1.25  0.0 0.0
2015-07-20-18 24 36.952	  31.02755897 121.43944901 1.25  0.0 0.0
2015-07-20-18 24 37.058	  31.02755897 121.43944901 1.25  0.0 0.0
2015-07-20-18 24 37.179	  31.02755897 121.43944901 1.25  0.0 0.0
2015-07-20-18 24 37.310	  31.02758151 121.43944004 1.25  0.0 0.0
2015-07-20-18 24 37.420	  31.02758151 121.43944004 1.25  0.0 0.0
2015-07-20-18 24 37.543	  31.02758151 121.43944004 1.25  0.0 0.0
2015-07-20-18 24 37.648	  31.02758151 121.43944004 1.25  0.0 0.0
2015-07-20-18 24 37.752	  31.02758151 121.43944004 1.25  0.0 0.0
2015-07-20-18 24 37.883	  31.02758151 121.43944004 1.25  0.0 0.0
2015-07-20-18 24 38.010	  31.02758151 121.43944004 1.25  0.0 0.0
2015-07-20-18 24 38.146	  31.02758151 121.43944004 1.25  0.0 0.0
2015-07-20-18 24 38.256	  31.02758151 121.43944004 1.25  0.0 0.0
2015-07-20-18 24 38.371	  31.02758151 121.43944004 1.25  0.0 0.0
2015-07-20-18 24 38.473	  31.02758151 121.43944004 1.25  0.0 0.0
2015-07-20-18 24 38.574	  31.02758151 121.43944004 1.25  0.0 0.0
2015-07-20-18 24 38.676	  31.02758151 121.43944004 1.25  0.0 0.0
2015-07-20-18 24 38.781	  31.02758151 121.43944004 1.25  0.0 0.0
2015-07-20-18 24 38.902	  31.02758151 121.43944004 1.25  0.0 0.0
2015-07-20-18 24 39.005	  31.02758151 121.43944004 1.25  0.0 0.0
2015-07-20-18 24 39.108	  31.02758151 121.43944004 1.25  0.0 0.0
2015-07-20-18 24 39.211	  31.02758151 121.43944004 1.25  0.0 0.0
2015-07-20-18 24 39.400	  31.02760148 121.43942422 1.25  0.0 0.0
2015-07-20-18 24 39.516	  31.02760148 121.43942422 1.25  0.0 0.0
2015-07-20-18 24 39.662	  31.02760148 121.43942422 1.25  0.0 0.0
2015-07-20-18 24 39.806	  31.02760148 121.43942422 1.25  0.0 0.0
2015-07-20-18 24 39.956	  31.02760148 121.43942422 1.25  0.0 0.0
2015-07-20-18 24 40.098	  31.02760148 121.43942422 1.25  0.0 0.0
2015-07-20-18 24 40.259	  31.02760148 121.43942422 1.25  0.0 0.0
2015-07-20-18 24 40.406	  31.02760148 121.43942422 1.25  0.0 0.0
2015-07-20-18 24 40.522	  31.02760148 121.43942422 1.25  0.0 0.0
2015-07-20-18 24 40.662	  31.02760148 121.43942422 1.25  0.0 0.0
2015-07-20-18 24 40.850	  31.02760148 121.43942422 1.25  0.0 0.0
2015-07-20-18 24 40.994	  31.02760148 121.43942422 1.25  0.0 0.0
2015-07-20-18 24 41.154	  31.02760148 121.43942422 1.25  0.0 0.0
2015-07-20-18 24 41.299	  31.02762346 121.43941348 1.25  0.0 0.0
2015-07-20-18 24 41.454	  31.02762346 121.43941348 1.25  0.0 0.0
2015-07-20-18 24 41.610	  31.02762346 121.43941348 1.25  0.0 0.0
2015-07-20-18 24 41.784	  31.02762346 121.43941348 1.25  0.0 0.0
2015-07-20-18 24 41.927	  31.02762346 121.43941348 1.25  0.0 0.0
2015-07-20-18 24 42.074	  31.02762346 121.43941348 1.25  0.0 0.0
2015-07-20-18 24 42.229	  31.02762346 121.43941348 1.25  0.0 0.0
2015-07-20-18 24 42.371	  31.02762346 121.43941348 1.25  0.0 0.0
2015-07-20-18 24 42.500	  31.02762346 121.43941348 1.25  0.0 0.0
2015-07-20-18 24 42.639	  31.02762346 121.43941348 1.25  0.0 0.0
2015-07-20-18 24 42.812	  31.02762346 121.43941348 1.25  0.0 0.0
2015-07-20-18 24 42.929	  31.02762346 121.43941348 1.25  0.0 0.0
2015-07-20-18 24 43.077	  31.02762346 121.43941348 1.25  0.0 0.0
2015-07-20-18 24 43.221	  31.02764626 121.43940159 1.25  0.0 0.0
2015-07-20-18 24 43.387	  31.02764626 121.43940159 1.25  0.0 0.0
2015-07-20-18 24 43.504	  31.02764626 121.43940159 1.25  0.0 0.0
2015-07-20-18 24 43.624	  31.02764626 121.43940159 1.25  0.0 0.0
2015-07-20-18 24 43.747	  31.02764626 121.43940159 1.25  0.0 0.0
2015-07-20-18 24 43.897	  31.02764626 121.43940159 1.25  0.0 0.0
2015-07-20-18 24 44.053	  31.02764626 121.43940159 1.25  0.0 0.0
2015-07-20-18 24 44.187	  31.02764626 121.43940159 1.25  0.0 0.0
2015-07-20-18 24 44.305	  31.02764626 121.43940159 1.25  0.0 0.0
2015-07-20-18 24 44.438	  31.02764626 121.43940159 1.25  0.0 0.0
2015-07-20-18 24 44.543	  31.02764626 121.43940159 1.25  0.0 0.0
2015-07-20-18 24 44.655	  31.02764626 121.43940159 1.25  0.0 0.0
2015-07-20-18 24 44.760	  31.02764626 121.43940159 1.25  0.0 0.0
2015-07-20-18 24 44.896	  31.02764626 121.43940159 1.25  0.0 0.0
2015-07-20-18 24 45.052	  31.02764626 121.43940159 1.25  0.0 0.0
2015-07-20-18 24 45.166	  31.02764626 121.43940159 1.25  0.0 0.0
2015-07-20-18 24 45.275	  31.0276697 121.43939406 1.25  0.0 0.0
2015-07-20-18 24 45.380	  31.0276697 121.43939406 1.25  0.0 0.0
2015-07-20-18 24 45.482	  31.0276697 121.43939406 1.25  0.0 0.0
2015-07-20-18 24 45.591	  31.0276697 121.43939406 1.25  0.0 0.0
2015-07-20-18 24 45.694	  31.0276697 121.43939406 1.25  0.0 0.0
2015-07-20-18 24 45.800	  31.0276697 121.43939406 1.25  0.0 0.0
2015-07-20-18 24 45.904	  31.0276697 121.43939406 1.25  0.0 0.0
2015-07-20-18 24 46.013	  31.0276697 121.43939406 1.25  0.0 0.0
2015-07-20-18 24 46.141	  31.0276697 121.43939406 1.25  0.0 0.0
2015-07-20-18 24 46.301	  31.0276697 121.43939406 1.25  0.0 0.0
2015-07-20-18 24 46.464	  31.0276697 121.43939406 1.25  0.0 0.0
2015-07-20-18 24 46.568	  31.0276697 121.43939406 1.25  0.0 0.0
