2015-06-25-21 36 50.362	  0.0 0.0 0.0  0.0 0.0
2015-06-25-21 36 50.864	  0.0 0.0 0.0  0.0 0.0
2015-06-25-21 36 51.366	  31.02771224 121.43935563 1.0  0.0 0.0
2015-06-25-21 36 51.868	  31.02771224 121.43935563 1.0  0.0 0.0
2015-06-25-21 36 52.382	  31.02771224 121.43935563 1.0  0.0 0.0
2015-06-25-21 36 52.884	  31.02768419 121.43936837 1.25  0.0 0.0
2015-06-25-21 36 53.387	  31.02768419 121.43936837 1.25  0.0 0.0
2015-06-25-21 36 53.889	  31.02768419 121.43936837 1.25  0.0 0.0
2015-06-25-21 36 54.392	  31.02768419 121.43936837 1.25  0.0 0.0
2015-06-25-21 36 54.899	  31.02765553 121.43938307 1.5  0.0 0.0
2015-06-25-21 36 55.404	  31.02765553 121.43938307 1.5  0.0 0.0
2015-06-25-21 36 55.909	  31.02765553 121.43938307 1.5  0.0 0.0
2015-06-25-21 36 56.416	  31.02765553 121.43938307 1.5  0.0 0.0
2015-06-25-21 36 56.920	  31.02765553 121.43938307 1.5  0.0 0.0
2015-06-25-21 36 57.425	  31.02762571 121.43939868 1.5  0.0 0.0
2015-06-25-21 36 57.926	  31.02762571 121.43939868 1.5  0.0 0.0
2015-06-25-21 36 58.433	  31.02762571 121.43939868 1.5  0.0 0.0
2015-06-25-21 36 58.935	  31.02759489 121.43941427 1.5  0.0 0.0
2015-06-25-21 36 59.438	  31.02759489 121.43941427 1.5  0.0 0.0
2015-06-25-21 36 59.944	  31.02759489 121.43941427 1.5  0.0 0.0
2015-06-25-21 37 00.445	  31.02759489 121.43941427 1.5  0.0 0.0
2015-06-25-21 37 00.950	  31.02756612 121.43942937 1.5  0.0 0.0
2015-06-25-21 37 01.454	  31.02756612 121.43942937 1.5  0.0 0.0
2015-06-25-21 37 01.962	  31.02756612 121.43942937 1.5  0.0 0.0
2015-06-25-21 37 02.471	  31.02756612 121.43942937 1.5  0.0 0.0
2015-06-25-21 37 02.975	  31.02753913 121.43944362 1.5  0.0 0.0
2015-06-25-21 37 03.477	  31.02753913 121.43944362 1.5  0.0 0.0
2015-06-25-21 37 03.983	  31.02752299 121.43945384 1.5  0.0 0.0
2015-06-25-21 37 04.484	  31.02752299 121.43945384 1.5  0.0 0.0
2015-06-25-21 37 04.988	  31.02752299 121.43945384 1.5  0.0 0.0
2015-06-25-21 37 05.491	  31.02752299 121.43945384 1.5  0.0 0.0
2015-06-25-21 37 06.006	  31.0274934 121.43946839 1.5  0.0 0.0
2015-06-25-21 37 06.508	  31.0274934 121.43946839 1.5  0.0 0.0
2015-06-25-21 37 07.014	  31.0274934 121.43946839 1.5  0.0 0.0
2015-06-25-21 37 07.518	  31.0274934 121.43946839 1.5  0.0 0.0
2015-06-25-21 37 08.020	  31.02746372 121.43948151 1.5  0.0 0.0
2015-06-25-21 37 08.522	  31.02746372 121.43948151 1.5  0.0 0.0
2015-06-25-21 37 09.025	  31.02746372 121.43948151 1.5  0.0 0.0
2015-06-25-21 37 09.527	  31.02746372 121.43948151 1.5  0.0 0.0
2015-06-25-21 37 10.032	  31.02743523 121.4394954 1.75  0.0 0.0
2015-06-25-21 37 10.537	  31.02743523 121.4394954 1.75  0.0 0.0
2015-06-25-21 37 11.045	  31.02743523 121.4394954 1.75  0.0 0.0
2015-06-25-21 37 11.548	  31.02743523 121.4394954 1.75  0.0 0.0
2015-06-25-21 37 12.056	  31.02740728 121.43950818 1.75  0.0 0.0
2015-06-25-21 37 12.562	  31.02740728 121.43950818 1.75  0.0 0.0
2015-06-25-21 37 13.067	  31.02740728 121.43950818 1.75  0.0 0.0
2015-06-25-21 37 13.570	  31.02740728 121.43950818 1.75  0.0 0.0
2015-06-25-21 37 14.078	  31.02737788 121.43952071 1.75  0.0 0.0
2015-06-25-21 37 14.581	  31.02737788 121.43952071 1.75  0.0 0.0
2015-06-25-21 37 15.086	  31.02737788 121.43952071 1.75  0.0 0.0
2015-06-25-21 37 15.589	  31.02737788 121.43952071 1.75  0.0 0.0
2015-06-25-21 37 16.092	  31.02735024 121.43953091 1.75  0.0 0.0
2015-06-25-21 37 16.596	  31.02735024 121.43953091 1.75  0.0 0.0
2015-06-25-21 37 17.099	  31.02735024 121.43953091 1.75  0.0 0.0
2015-06-25-21 37 17.604	  31.02735024 121.43953091 1.75  0.0 0.0
2015-06-25-21 37 18.106	  31.02732178 121.43954437 1.75  0.0 0.0
2015-06-25-21 37 18.608	  31.02732178 121.43954437 1.75  0.0 0.0
2015-06-25-21 37 19.109	  31.02732178 121.43954437 1.75  0.0 0.0
2015-06-25-21 37 19.612	  31.02732178 121.43954437 1.75  0.0 0.0
2015-06-25-21 37 20.115	  31.02729322 121.43955976 1.75  0.0 0.0
2015-06-25-21 37 20.620	  31.02729322 121.43955976 1.75  0.0 0.0
2015-06-25-21 37 21.122	  31.02729322 121.43955976 1.75  0.0 0.0
2015-06-25-21 37 21.629	  31.02729322 121.43955976 1.75  0.0 0.0
2015-06-25-21 37 22.133	  31.02726475 121.4395762 1.75  0.0 0.0
2015-06-25-21 37 22.635	  31.02726475 121.4395762 1.75  0.0 0.0
2015-06-25-21 37 23.139	  31.02726475 121.4395762 1.75  0.0 0.0
2015-06-25-21 37 23.642	  31.02726475 121.4395762 1.75  0.0 0.0
2015-06-25-21 37 24.144	  31.02723659 121.43959178 1.75  0.0 0.0
2015-06-25-21 37 24.648	  31.02723659 121.43959178 1.75  0.0 0.0
2015-06-25-21 37 25.155	  31.02723659 121.43959178 1.75  0.0 0.0
2015-06-25-21 37 25.658	  31.02723659 121.43959178 1.75  0.0 0.0
2015-06-25-21 37 26.159	  31.02720794 121.43960618 1.75  0.0 0.0
2015-06-25-21 37 26.662	  31.02720794 121.43960618 1.75  0.0 0.0
2015-06-25-21 37 27.167	  31.02720794 121.43960618 1.75  0.0 0.0
2015-06-25-21 37 27.672	  31.02720794 121.43960618 1.75  0.0 0.0
2015-06-25-21 37 28.176	  31.02717865 121.43961951 1.75  0.0 0.0
2015-06-25-21 37 28.679	  31.02717865 121.43961951 1.75  0.0 0.0
2015-06-25-21 37 29.184	  31.02717865 121.43961951 1.75  0.0 0.0
2015-06-25-21 37 29.686	  31.02717865 121.43961951 1.75  0.0 0.0
2015-06-25-21 37 30.207	  31.02714959 121.43963119 1.75  0.0 0.0
2015-06-25-21 37 30.709	  31.02714959 121.43963119 1.75  0.0 0.0
2015-06-25-21 37 31.211	  31.02714959 121.43963119 1.75  0.0 0.0
2015-06-25-21 37 31.715	  31.02714959 121.43963119 1.75  0.0 0.0
2015-06-25-21 37 32.217	  31.02714959 121.43963119 1.75  0.0 0.0
2015-06-25-21 37 32.723	  31.02712076 121.43964396 1.75  0.0 0.0
2015-06-25-21 37 33.227	  31.02712076 121.43964396 1.75  0.0 0.0
2015-06-25-21 37 33.729	  31.02712076 121.43964396 1.75  0.0 0.0
2015-06-25-21 37 34.230	  31.02709304 121.43965633 1.75  0.0 0.0
2015-06-25-21 37 34.732	  31.02709304 121.43965633 1.75  0.0 0.0
2015-06-25-21 37 35.234	  31.02709304 121.43965633 1.75  0.0 0.0
2015-06-25-21 37 35.736	  31.02709304 121.43965633 1.75  0.0 0.0
2015-06-25-21 37 36.238	  31.02706627 121.43966907 1.75  0.0 0.0
2015-06-25-21 37 36.740	  31.02706627 121.43966907 1.75  0.0 0.0
2015-06-25-21 37 37.246	  31.02706627 121.43966907 1.75  0.0 0.0
2015-06-25-21 37 37.751	  31.02706627 121.43966907 1.75  0.0 0.0
2015-06-25-21 37 38.256	  31.02703926 121.43968195 1.75  0.0 0.0
2015-06-25-21 37 38.758	  31.02703926 121.43968195 1.75  0.0 0.0
2015-06-25-21 37 39.263	  31.02703926 121.43968195 1.75  0.0 0.0
2015-06-25-21 37 39.768	  31.02703926 121.43968195 1.75  0.0 0.0
2015-06-25-21 37 40.269	  31.02703926 121.43968195 1.75  0.0 0.0
2015-06-25-21 37 40.776	  31.02701127 121.43969472 1.75  0.0 0.0
2015-06-25-21 37 41.278	  31.02701127 121.43969472 1.75  0.0 0.0
2015-06-25-21 37 41.785	  31.02701127 121.43969472 1.75  0.0 0.0
2015-06-25-21 37 42.292	  31.02698248 121.43970688 1.75  0.0 0.0
2015-06-25-21 37 42.809	  31.02698248 121.43970688 1.75  0.0 0.0
2015-06-25-21 37 43.313	  31.02698248 121.43970688 1.75  0.0 0.0
2015-06-25-21 37 43.818	  31.02695338 121.43971877 1.75  0.0 0.0
2015-06-25-21 37 44.319	  31.02695338 121.43971877 1.75  0.0 0.0
2015-06-25-21 37 44.826	  31.02695338 121.43971877 1.75  0.0 0.0
2015-06-25-21 37 45.329	  31.02695338 121.43971877 1.75  0.0 0.0
2015-06-25-21 37 45.851	  31.02692419 121.43973186 1.75  0.0 0.0
2015-06-25-21 37 46.356	  31.02692419 121.43973186 1.75  0.0 0.0
2015-06-25-21 37 46.861	  31.02692419 121.43973186 1.75  0.0 0.0
2015-06-25-21 37 47.374	  31.02692419 121.43973186 1.75  0.0 0.0
2015-06-25-21 37 47.875	  31.02689465 121.43974509 1.75  0.0 0.0
2015-06-25-21 37 48.409	  31.02689465 121.43974509 1.75  0.0 0.0
2015-06-25-21 37 48.914	  31.02689465 121.43974509 1.75  0.0 0.0
2015-06-25-21 37 49.433	  31.02689465 121.43974509 1.75  0.0 0.0
2015-06-25-21 37 49.938	  31.02689465 121.43974509 1.75  0.0 0.0
2015-06-25-21 37 50.446	  31.02686574 121.4397594 1.75  0.0 0.0
2015-06-25-21 37 50.953	  31.02686574 121.4397594 1.75  0.0 0.0
2015-06-25-21 37 51.454	  31.02686574 121.4397594 1.75  0.0 0.0
2015-06-25-21 37 51.970	  31.02683636 121.43977333 1.75  0.0 0.0
2015-06-25-21 37 52.471	  31.02683636 121.43977333 1.75  0.0 0.0
2015-06-25-21 37 52.984	  31.02683636 121.43977333 1.75  0.0 0.0
2015-06-25-21 37 53.487	  31.02683636 121.43977333 1.75  0.0 0.0
2015-06-25-21 37 54.004	  31.02680807 121.43978664 1.75  0.0 0.0
2015-06-25-21 37 54.506	  31.02680807 121.43978664 1.75  0.0 0.0
2015-06-25-21 37 55.018	  31.02680807 121.43978664 1.75  0.0 0.0
2015-06-25-21 37 55.519	  31.02680807 121.43978664 1.75  0.0 0.0
2015-06-25-21 37 56.023	  31.02677975 121.43980042 1.75  0.0 0.0
2015-06-25-21 37 56.527	  31.02677975 121.43980042 1.75  0.0 0.0
2015-06-25-21 37 57.031	  31.02677975 121.43980042 1.75  0.0 0.0
2015-06-25-21 37 57.534	  31.02677975 121.43980042 1.75  0.0 0.0
2015-06-25-21 37 58.042	  31.02675181 121.43981566 1.75  0.0 0.0
2015-06-25-21 37 58.544	  31.02675181 121.43981566 1.75  0.0 0.0
2015-06-25-21 37 59.051	  31.02675181 121.43981566 1.75  0.0 0.0
2015-06-25-21 37 59.553	  31.02675181 121.43981566 1.75  0.0 0.0
2015-06-25-21 38 00.055	  31.02672279 121.43982974 1.75  0.0 0.0
2015-06-25-21 38 00.558	  31.02672279 121.43982974 1.75  0.0 0.0
2015-06-25-21 38 01.070	  31.02672279 121.43982974 1.75  0.0 0.0
2015-06-25-21 38 01.576	  31.02672279 121.43982974 1.75  0.0 0.0
2015-06-25-21 38 02.083	  31.02669379 121.43984277 1.75  0.0 0.0
2015-06-25-21 38 02.600	  31.02669379 121.43984277 1.75  0.0 0.0
2015-06-25-21 38 03.105	  31.02669379 121.43984277 1.75  0.0 0.0
2015-06-25-21 38 03.622	  31.02669379 121.43984277 1.75  0.0 0.0
2015-06-25-21 38 04.126	  31.02666373 121.43985456 1.75  0.0 0.0
2015-06-25-21 38 04.632	  31.02666373 121.43985456 1.75  0.0 0.0
2015-06-25-21 38 05.137	  31.02666373 121.43985456 1.75  0.0 0.0
2015-06-25-21 38 05.648	  31.02666373 121.43985456 1.75  0.0 0.0
2015-06-25-21 38 06.153	  31.02663165 121.43986373 1.75  0.0 0.0
2015-06-25-21 38 06.655	  31.02663165 121.43986373 1.75  0.0 0.0
2015-06-25-21 38 07.162	  31.02663165 121.43986373 1.75  0.0 0.0
2015-06-25-21 38 07.667	  31.02663165 121.43986373 1.75  0.0 0.0
2015-06-25-21 38 08.180	  31.0266004 121.43987518 1.75  0.0 0.0
2015-06-25-21 38 08.686	  31.0266004 121.43987518 1.75  0.0 0.0
2015-06-25-21 38 09.197	  31.0266004 121.43987518 1.75  0.0 0.0
2015-06-25-21 38 09.703	  31.0266004 121.43987518 1.75  0.0 0.0
