2015-07-02-19 54 59.937	  0.0 0.0 0.0  0.0 0.0
2015-07-02-19 55 00.039	  0.0 0.0 0.0  0.0 0.0
2015-07-02-19 55 00.140	  0.0 0.0 0.0  0.0 0.0
2015-07-02-19 55 00.245	  0.0 0.0 0.0  0.0 0.0
2015-07-02-19 55 00.350	  0.0 0.0 0.0  0.0 0.0
2015-07-02-19 55 00.452	  0.0 0.0 0.0  0.0 0.0
2015-07-02-19 55 00.555	  0.0 0.0 0.0  0.0 0.0
2015-07-02-19 55 00.656	  0.0 0.0 0.0  0.0 0.0
2015-07-02-19 55 00.758	  0.0 0.0 0.0  0.0 0.0
2015-07-02-19 55 00.860	  0.0 0.0 0.0  0.0 0.0
2015-07-02-19 55 00.962	  0.0 0.0 0.0  0.0 0.0
2015-07-02-19 55 01.064	  0.0 0.0 0.0  0.0 0.0
2015-07-02-19 55 01.166	  0.0 0.0 0.0  0.0 0.0
2015-07-02-19 55 01.267	  0.0 0.0 0.0  0.0 0.0
2015-07-02-19 55 01.368	  31.02761659 121.43939166 0.0  0.0 0.0
2015-07-02-19 55 01.471	  31.02761659 121.43939166 0.0  0.0 0.0
2015-07-02-19 55 01.573	  31.02761659 121.43939166 0.0  0.0 0.0
2015-07-02-19 55 01.674	  31.02761659 121.43939166 0.0  0.0 0.0
2015-07-02-19 55 01.776	  31.02761659 121.43939166 0.0  0.0 0.0
2015-07-02-19 55 01.878	  31.02761659 121.43939166 0.0  0.0 0.0
2015-07-02-19 55 01.981	  31.02761659 121.43939166 0.0  0.0 0.0
2015-07-02-19 55 02.082	  31.02761659 121.43939166 0.0  0.0 0.0
2015-07-02-19 55 02.184	  31.02761659 121.43939166 0.0  0.0 0.0
2015-07-02-19 55 02.285	  31.02761659 121.43939166 0.0  0.0 0.0
2015-07-02-19 55 02.387	  31.02761659 121.43939166 0.0  0.0 0.0
2015-07-02-19 55 02.490	  31.02761659 121.43939166 0.0  0.0 0.0
2015-07-02-19 55 02.592	  31.02761659 121.43939166 0.0  0.0 0.0
2015-07-02-19 55 02.694	  31.02761659 121.43939166 0.0  0.0 0.0
2015-07-02-19 55 02.796	  31.02761659 121.43939166 0.0  0.0 0.0
2015-07-02-19 55 02.898	  31.02761659 121.43939166 0.0  0.0 0.0
2015-07-02-19 55 03.006	  31.02761659 121.43939166 0.0  0.0 0.0
2015-07-02-19 55 03.107	  31.02761659 121.43939166 0.0  0.0 0.0
2015-07-02-19 55 03.212	  31.02761659 121.43939166 0.0  0.0 0.0
2015-07-02-19 55 03.316	  31.02761659 121.43939166 0.0  0.0 0.0
2015-07-02-19 55 03.418	  31.02761659 121.43939166 0.0  0.0 0.0
2015-07-02-19 55 03.520	  31.02761659 121.43939166 0.0  0.0 0.0
2015-07-02-19 55 03.622	  31.02761659 121.43939166 0.0  0.0 0.0
2015-07-02-19 55 03.726	  31.02761659 121.43939166 0.0  0.0 0.0
2015-07-02-19 55 03.829	  31.02761659 121.43939166 0.0  0.0 0.0
2015-07-02-19 55 03.932	  31.02761659 121.43939166 0.0  0.0 0.0
2015-07-02-19 55 04.035	  31.02761659 121.43939166 0.0  0.0 0.0
2015-07-02-19 55 04.136	  31.02761659 121.43939166 0.0  0.0 0.0
2015-07-02-19 55 04.244	  31.02761659 121.43939166 0.0  0.0 0.0
2015-07-02-19 55 04.348	  31.02761659 121.43939166 0.0  0.0 0.0
2015-07-02-19 55 04.459	  31.02761659 121.43939166 0.0  0.0 0.0
2015-07-02-19 55 04.572	  31.0275953 121.43939178 1.0  0.0 0.0
2015-07-02-19 55 04.673	  31.0275953 121.43939178 1.0  0.0 0.0
2015-07-02-19 55 04.774	  31.0275953 121.43939178 1.0  0.0 0.0
2015-07-02-19 55 04.876	  31.0275953 121.43939178 1.0  0.0 0.0
2015-07-02-19 55 04.978	  31.0275953 121.43939178 1.0  0.0 0.0
2015-07-02-19 55 05.084	  31.0275953 121.43939178 1.0  0.0 0.0
2015-07-02-19 55 05.193	  31.0275953 121.43939178 1.0  0.0 0.0
2015-07-02-19 55 05.298	  31.0275953 121.43939178 1.0  0.0 0.0
2015-07-02-19 55 05.400	  31.0275953 121.43939178 1.0  0.0 0.0
2015-07-02-19 55 05.508	  31.0275953 121.43939178 1.0  0.0 0.0
2015-07-02-19 55 05.610	  31.0275953 121.43939178 1.0  0.0 0.0
2015-07-02-19 55 05.711	  31.0275953 121.43939178 1.0  0.0 0.0
2015-07-02-19 55 05.813	  31.0275953 121.43939178 1.0  0.0 0.0
2015-07-02-19 55 05.915	  31.0275953 121.43939178 1.0  0.0 0.0
2015-07-02-19 55 06.020	  31.0275953 121.43939178 1.0  0.0 0.0
2015-07-02-19 55 06.123	  31.0275953 121.43939178 1.0  0.0 0.0
2015-07-02-19 55 06.228	  31.0275953 121.43939178 1.0  0.0 0.0
2015-07-02-19 55 06.333	  31.0275953 121.43939178 1.0  0.0 0.0
2015-07-02-19 55 06.440	  31.0275953 121.43939178 1.0  0.0 0.0
2015-07-02-19 55 06.548	  31.02757333 121.4394016 1.0  0.0 0.0
2015-07-02-19 55 06.650	  31.02757333 121.4394016 1.0  0.0 0.0
2015-07-02-19 55 06.751	  31.02757333 121.4394016 1.0  0.0 0.0
2015-07-02-19 55 06.852	  31.02757333 121.4394016 1.0  0.0 0.0
2015-07-02-19 55 06.957	  31.02757333 121.4394016 1.0  0.0 0.0
2015-07-02-19 55 07.063	  31.02757333 121.4394016 1.0  0.0 0.0
2015-07-02-19 55 07.179	  31.02757333 121.4394016 1.0  0.0 0.0
2015-07-02-19 55 07.280	  31.02757333 121.4394016 1.0  0.0 0.0
2015-07-02-19 55 07.381	  31.02757333 121.4394016 1.0  0.0 0.0
2015-07-02-19 55 07.483	  31.02757333 121.4394016 1.0  0.0 0.0
2015-07-02-19 55 07.594	  31.02757333 121.4394016 1.0  0.0 0.0
2015-07-02-19 55 07.697	  31.02757333 121.4394016 1.0  0.0 0.0
2015-07-02-19 55 07.800	  31.02757333 121.4394016 1.0  0.0 0.0
2015-07-02-19 55 07.902	  31.02757333 121.4394016 1.0  0.0 0.0
2015-07-02-19 55 08.005	  31.02757333 121.4394016 1.0  0.0 0.0
2015-07-02-19 55 08.109	  31.02757333 121.4394016 1.0  0.0 0.0
2015-07-02-19 55 08.214	  31.02757333 121.4394016 1.0  0.0 0.0
2015-07-02-19 55 08.319	  31.02757333 121.4394016 1.0  0.0 0.0
2015-07-02-19 55 08.428	  31.02757333 121.4394016 1.0  0.0 0.0
2015-07-02-19 55 08.529	  31.02754999 121.4394171 1.0  0.0 0.0
2015-07-02-19 55 08.632	  31.02754999 121.4394171 1.0  0.0 0.0
2015-07-02-19 55 08.736	  31.02754999 121.4394171 1.0  0.0 0.0
2015-07-02-19 55 08.840	  31.02754999 121.4394171 1.0  0.0 0.0
2015-07-02-19 55 08.946	  31.02754999 121.4394171 1.0  0.0 0.0
2015-07-02-19 55 09.052	  31.02754999 121.4394171 1.0  0.0 0.0
2015-07-02-19 55 09.153	  31.02754999 121.4394171 1.0  0.0 0.0
2015-07-02-19 55 09.255	  31.02754999 121.4394171 1.0  0.0 0.0
2015-07-02-19 55 09.358	  31.02754999 121.4394171 1.0  0.0 0.0
2015-07-02-19 55 09.464	  31.02754999 121.4394171 1.0  0.0 0.0
2015-07-02-19 55 09.567	  31.02754999 121.4394171 1.0  0.0 0.0
2015-07-02-19 55 09.669	  31.02754999 121.4394171 1.0  0.0 0.0
2015-07-02-19 55 09.770	  31.02754999 121.4394171 1.0  0.0 0.0
2015-07-02-19 55 09.874	  31.02754999 121.4394171 1.0  0.0 0.0
2015-07-02-19 55 09.978	  31.02754999 121.4394171 1.0  0.0 0.0
2015-07-02-19 55 10.080	  31.02754999 121.4394171 1.0  0.0 0.0
2015-07-02-19 55 10.186	  31.02754999 121.4394171 1.0  0.0 0.0
2015-07-02-19 55 10.292	  31.02754999 121.4394171 1.0  0.0 0.0
2015-07-02-19 55 10.397	  31.02754999 121.4394171 1.0  0.0 0.0
2015-07-02-19 55 10.501	  31.02754999 121.4394171 1.0  0.0 0.0
2015-07-02-19 55 10.604	  31.02752368 121.43943144 1.0  0.0 0.0
2015-07-02-19 55 10.705	  31.02752368 121.43943144 1.0  0.0 0.0
2015-07-02-19 55 10.808	  31.02752368 121.43943144 1.0  0.0 0.0
2015-07-02-19 55 10.910	  31.02752368 121.43943144 1.0  0.0 0.0
2015-07-02-19 55 11.028	  31.02752368 121.43943144 1.0  0.0 0.0
2015-07-02-19 55 11.129	  31.02752368 121.43943144 1.0  0.0 0.0
2015-07-02-19 55 11.234	  31.02752368 121.43943144 1.0  0.0 0.0
2015-07-02-19 55 11.342	  31.02752368 121.43943144 1.0  0.0 0.0
2015-07-02-19 55 11.451	  31.02752368 121.43943144 1.0  0.0 0.0
2015-07-02-19 55 11.566	  31.02752368 121.43943144 1.0  0.0 0.0
2015-07-02-19 55 11.668	  31.02752368 121.43943144 1.0  0.0 0.0
2015-07-02-19 55 11.770	  31.02752368 121.43943144 1.0  0.0 0.0
2015-07-02-19 55 11.873	  31.02752368 121.43943144 1.0  0.0 0.0
2015-07-02-19 55 11.978	  31.02752368 121.43943144 1.0  0.0 0.0
2015-07-02-19 55 12.091	  31.02752368 121.43943144 1.0  0.0 0.0
2015-07-02-19 55 12.193	  31.02752368 121.43943144 1.0  0.0 0.0
2015-07-02-19 55 12.295	  31.02752368 121.43943144 1.0  0.0 0.0
2015-07-02-19 55 12.397	  31.02752368 121.43943144 1.0  0.0 0.0
2015-07-02-19 55 12.503	  31.02752368 121.43943144 1.0  0.0 0.0
2015-07-02-19 55 12.656	  31.0275031 121.43944087 1.0  0.0 0.0
2015-07-02-19 55 12.758	  31.0275031 121.43944087 1.0  0.0 0.0
2015-07-02-19 55 12.861	  31.0275031 121.43944087 1.0  0.0 0.0
2015-07-02-19 55 12.966	  31.0275031 121.43944087 1.0  0.0 0.0
2015-07-02-19 55 13.072	  31.0275031 121.43944087 1.0  0.0 0.0
2015-07-02-19 55 13.188	  31.0275031 121.43944087 1.0  0.0 0.0
2015-07-02-19 55 13.291	  31.0275031 121.43944087 1.0  0.0 0.0
2015-07-02-19 55 13.394	  31.0275031 121.43944087 1.0  0.0 0.0
2015-07-02-19 55 13.498	  31.0275031 121.43944087 1.0  0.0 0.0
2015-07-02-19 55 13.604	  31.0275031 121.43944087 1.0  0.0 0.0
2015-07-02-19 55 13.706	  31.0275031 121.43944087 1.0  0.0 0.0
2015-07-02-19 55 13.809	  31.0275031 121.43944087 1.0  0.0 0.0
2015-07-02-19 55 13.911	  31.0275031 121.43944087 1.0  0.0 0.0
2015-07-02-19 55 14.016	  31.0275031 121.43944087 1.0  0.0 0.0
2015-07-02-19 55 14.120	  31.0275031 121.43944087 1.0  0.0 0.0
2015-07-02-19 55 14.222	  31.0275031 121.43944087 1.0  0.0 0.0
2015-07-02-19 55 14.324	  31.0275031 121.43944087 1.0  0.0 0.0
2015-07-02-19 55 14.425	  31.0275031 121.43944087 1.0  0.0 0.0
2015-07-02-19 55 14.530	  31.02747776 121.43945168 1.0  0.0 0.0
2015-07-02-19 55 14.631	  31.02747776 121.43945168 1.0  0.0 0.0
2015-07-02-19 55 14.733	  31.02747776 121.43945168 1.0  0.0 0.0
2015-07-02-19 55 14.835	  31.02747776 121.43945168 1.0  0.0 0.0
2015-07-02-19 55 14.940	  31.02747776 121.43945168 1.0  0.0 0.0
2015-07-02-19 55 15.052	  31.02747776 121.43945168 1.0  0.0 0.0
2015-07-02-19 55 15.154	  31.02747776 121.43945168 1.0  0.0 0.0
2015-07-02-19 55 15.256	  31.02747776 121.43945168 1.0  0.0 0.0
2015-07-02-19 55 15.364	  31.02747776 121.43945168 1.0  0.0 0.0
2015-07-02-19 55 15.469	  31.02747776 121.43945168 1.0  0.0 0.0
2015-07-02-19 55 15.571	  31.02747776 121.43945168 1.0  0.0 0.0
2015-07-02-19 55 15.674	  31.02747776 121.43945168 1.0  0.0 0.0
2015-07-02-19 55 15.776	  31.02747776 121.43945168 1.0  0.0 0.0
2015-07-02-19 55 15.882	  31.02747776 121.43945168 1.0  0.0 0.0
2015-07-02-19 55 15.987	  31.02747776 121.43945168 1.0  0.0 0.0
2015-07-02-19 55 16.094	  31.02747776 121.43945168 1.0  0.0 0.0
2015-07-02-19 55 16.204	  31.02747776 121.43945168 1.0  0.0 0.0
2015-07-02-19 55 16.305	  31.02747776 121.43945168 1.0  0.0 0.0
2015-07-02-19 55 16.407	  31.02747776 121.43945168 1.0  0.0 0.0
2015-07-02-19 55 16.510	  31.02745772 121.43946106 1.0  0.0 0.0
2015-07-02-19 55 16.611	  31.02745772 121.43946106 1.0  0.0 0.0
2015-07-02-19 55 16.713	  31.02745772 121.43946106 1.0  0.0 0.0
2015-07-02-19 55 16.818	  31.02745772 121.43946106 1.0  0.0 0.0
2015-07-02-19 55 16.924	  31.02745772 121.43946106 1.0  0.0 0.0
2015-07-02-19 55 17.032	  31.02745772 121.43946106 1.0  0.0 0.0
2015-07-02-19 55 17.134	  31.02745772 121.43946106 1.0  0.0 0.0
2015-07-02-19 55 17.235	  31.02745772 121.43946106 1.0  0.0 0.0
2015-07-02-19 55 17.336	  31.02745772 121.43946106 1.0  0.0 0.0
2015-07-02-19 55 17.441	  31.02745772 121.43946106 1.0  0.0 0.0
2015-07-02-19 55 17.543	  31.02745772 121.43946106 1.0  0.0 0.0
2015-07-02-19 55 17.647	  31.02745772 121.43946106 1.0  0.0 0.0
2015-07-02-19 55 17.749	  31.02745772 121.43946106 1.0  0.0 0.0
2015-07-02-19 55 17.859	  31.02745772 121.43946106 1.0  0.0 0.0
2015-07-02-19 55 17.962	  31.02745772 121.43946106 1.0  0.0 0.0
2015-07-02-19 55 18.063	  31.02745772 121.43946106 1.0  0.0 0.0
2015-07-02-19 55 18.166	  31.02745772 121.43946106 1.0  0.0 0.0
2015-07-02-19 55 18.279	  31.02745772 121.43946106 1.0  0.0 0.0
2015-07-02-19 55 18.383	  31.02745772 121.43946106 1.0  0.0 0.0
2015-07-02-19 55 18.486	  31.02743842 121.43946993 1.0  0.0 0.0
2015-07-02-19 55 18.601	  31.02743842 121.43946993 1.0  0.0 0.0
2015-07-02-19 55 18.705	  31.02743842 121.43946993 1.0  0.0 0.0
2015-07-02-19 55 18.806	  31.02743842 121.43946993 1.0  0.0 0.0
2015-07-02-19 55 18.908	  31.02743842 121.43946993 1.0  0.0 0.0
2015-07-02-19 55 19.012	  31.02743842 121.43946993 1.0  0.0 0.0
2015-07-02-19 55 19.125	  31.02743842 121.43946993 1.0  0.0 0.0
2015-07-02-19 55 19.226	  31.02743842 121.43946993 1.0  0.0 0.0
2015-07-02-19 55 19.327	  31.02743842 121.43946993 1.0  0.0 0.0
2015-07-02-19 55 19.429	  31.02743842 121.43946993 1.0  0.0 0.0
2015-07-02-19 55 19.536	  31.02743842 121.43946993 1.0  0.0 0.0
2015-07-02-19 55 19.637	  31.02743842 121.43946993 1.0  0.0 0.0
2015-07-02-19 55 19.738	  31.02743842 121.43946993 1.0  0.0 0.0
2015-07-02-19 55 19.840	  31.02743842 121.43946993 1.0  0.0 0.0
2015-07-02-19 55 19.948	  31.02743842 121.43946993 1.0  0.0 0.0
2015-07-02-19 55 20.049	  31.02743842 121.43946993 1.0  0.0 0.0
2015-07-02-19 55 20.150	  31.02743842 121.43946993 1.0  0.0 0.0
2015-07-02-19 55 20.255	  31.02743842 121.43946993 1.0  0.0 0.0
2015-07-02-19 55 20.364	  31.02743842 121.43946993 1.0  0.0 0.0
2015-07-02-19 55 20.467	  31.02743842 121.43946993 1.0  0.0 0.0
2015-07-02-19 55 20.574	  31.02741885 121.43948039 1.0  0.0 0.0
2015-07-02-19 55 20.677	  31.02741885 121.43948039 1.0  0.0 0.0
2015-07-02-19 55 20.782	  31.02741885 121.43948039 1.0  0.0 0.0
2015-07-02-19 55 20.886	  31.02741885 121.43948039 1.0  0.0 0.0
2015-07-02-19 55 20.995	  31.02741885 121.43948039 1.0  0.0 0.0
2015-07-02-19 55 21.098	  31.02741885 121.43948039 1.0  0.0 0.0
2015-07-02-19 55 21.202	  31.02741885 121.43948039 1.0  0.0 0.0
2015-07-02-19 55 21.306	  31.02741885 121.43948039 1.0  0.0 0.0
2015-07-02-19 55 21.409	  31.02741885 121.43948039 1.0  0.0 0.0
2015-07-02-19 55 21.511	  31.02741885 121.43948039 1.0  0.0 0.0
2015-07-02-19 55 21.627	  31.02741885 121.43948039 1.0  0.0 0.0
2015-07-02-19 55 21.729	  31.02741885 121.43948039 1.0  0.0 0.0
2015-07-02-19 55 21.831	  31.02741885 121.43948039 1.0  0.0 0.0
2015-07-02-19 55 21.933	  31.02741885 121.43948039 1.0  0.0 0.0
2015-07-02-19 55 22.035	  31.02741885 121.43948039 1.0  0.0 0.0
2015-07-02-19 55 22.138	  31.02741885 121.43948039 1.0  0.0 0.0
2015-07-02-19 55 22.241	  31.02741885 121.43948039 1.0  0.0 0.0
2015-07-02-19 55 22.349	  31.02741885 121.43948039 1.0  0.0 0.0
2015-07-02-19 55 22.452	  31.02741885 121.43948039 1.0  0.0 0.0
2015-07-02-19 55 22.554	  31.02739873 121.43948968 1.25  0.0 0.0
2015-07-02-19 55 22.657	  31.02739873 121.43948968 1.25  0.0 0.0
2015-07-02-19 55 22.762	  31.02739873 121.43948968 1.25  0.0 0.0
2015-07-02-19 55 22.866	  31.02739873 121.43948968 1.25  0.0 0.0
2015-07-02-19 55 22.970	  31.02739873 121.43948968 1.25  0.0 0.0
2015-07-02-19 55 23.085	  31.02739873 121.43948968 1.25  0.0 0.0
2015-07-02-19 55 23.187	  31.02739873 121.43948968 1.25  0.0 0.0
2015-07-02-19 55 23.288	  31.02739873 121.43948968 1.25  0.0 0.0
2015-07-02-19 55 23.390	  31.02739873 121.43948968 1.25  0.0 0.0
2015-07-02-19 55 23.499	  31.02739873 121.43948968 1.25  0.0 0.0
2015-07-02-19 55 23.601	  31.02739873 121.43948968 1.25  0.0 0.0
2015-07-02-19 55 23.703	  31.02739873 121.43948968 1.25  0.0 0.0
2015-07-02-19 55 23.808	  31.02739873 121.43948968 1.25  0.0 0.0
2015-07-02-19 55 23.913	  31.02739873 121.43948968 1.25  0.0 0.0
2015-07-02-19 55 24.025	  31.02739873 121.43948968 1.25  0.0 0.0
2015-07-02-19 55 24.128	  31.02739873 121.43948968 1.25  0.0 0.0
2015-07-02-19 55 24.230	  31.02739873 121.43948968 1.25  0.0 0.0
2015-07-02-19 55 24.337	  31.02739873 121.43948968 1.25  0.0 0.0
2015-07-02-19 55 24.442	  31.02739873 121.43948968 1.25  0.0 0.0
2015-07-02-19 55 24.548	  31.02737775 121.43949838 1.25  0.0 0.0
2015-07-02-19 55 24.651	  31.02737775 121.43949838 1.25  0.0 0.0
2015-07-02-19 55 24.753	  31.02737775 121.43949838 1.25  0.0 0.0
2015-07-02-19 55 24.856	  31.02737775 121.43949838 1.25  0.0 0.0
2015-07-02-19 55 24.961	  31.02737775 121.43949838 1.25  0.0 0.0
2015-07-02-19 55 25.063	  31.02737775 121.43949838 1.25  0.0 0.0
2015-07-02-19 55 25.167	  31.02737775 121.43949838 1.25  0.0 0.0
2015-07-02-19 55 25.285	  31.02737775 121.43949838 1.25  0.0 0.0
2015-07-02-19 55 25.387	  31.02737775 121.43949838 1.25  0.0 0.0
2015-07-02-19 55 25.488	  31.02737775 121.43949838 1.25  0.0 0.0
2015-07-02-19 55 25.593	  31.02737775 121.43949838 1.25  0.0 0.0
2015-07-02-19 55 25.695	  31.02737775 121.43949838 1.25  0.0 0.0
2015-07-02-19 55 25.799	  31.02737775 121.43949838 1.25  0.0 0.0
2015-07-02-19 55 25.902	  31.02737775 121.43949838 1.25  0.0 0.0
2015-07-02-19 55 26.005	  31.02737775 121.43949838 1.25  0.0 0.0
2015-07-02-19 55 26.114	  31.02737775 121.43949838 1.25  0.0 0.0
2015-07-02-19 55 26.217	  31.02737775 121.43949838 1.25  0.0 0.0
2015-07-02-19 55 26.319	  31.02737775 121.43949838 1.25  0.0 0.0
2015-07-02-19 55 26.424	  31.02737775 121.43949838 1.25  0.0 0.0
2015-07-02-19 55 26.526	  31.02735541 121.43950927 1.25  0.0 0.0
2015-07-02-19 55 26.629	  31.02735541 121.43950927 1.25  0.0 0.0
2015-07-02-19 55 26.739	  31.02735541 121.43950927 1.25  0.0 0.0
2015-07-02-19 55 26.841	  31.02735541 121.43950927 1.25  0.0 0.0
2015-07-02-19 55 26.943	  31.02735541 121.43950927 1.25  0.0 0.0
2015-07-02-19 55 27.048	  31.02735541 121.43950927 1.25  0.0 0.0
2015-07-02-19 55 27.150	  31.02735541 121.43950927 1.25  0.0 0.0
2015-07-02-19 55 27.256	  31.02735541 121.43950927 1.25  0.0 0.0
2015-07-02-19 55 27.367	  31.02735541 121.43950927 1.25  0.0 0.0
2015-07-02-19 55 27.469	  31.02735541 121.43950927 1.25  0.0 0.0
2015-07-02-19 55 27.571	  31.02735541 121.43950927 1.25  0.0 0.0
2015-07-02-19 55 27.675	  31.02735541 121.43950927 1.25  0.0 0.0
2015-07-02-19 55 27.776	  31.02735541 121.43950927 1.25  0.0 0.0
2015-07-02-19 55 27.879	  31.02735541 121.43950927 1.25  0.0 0.0
2015-07-02-19 55 27.989	  31.02735541 121.43950927 1.25  0.0 0.0
2015-07-02-19 55 28.094	  31.02735541 121.43950927 1.25  0.0 0.0
2015-07-02-19 55 28.199	  31.02735541 121.43950927 1.25  0.0 0.0
2015-07-02-19 55 28.354	  31.02735541 121.43950927 1.25  0.0 0.0
2015-07-02-19 55 28.458	  31.02735541 121.43950927 1.25  0.0 0.0
2015-07-02-19 55 28.589	  31.02733342 121.43951694 1.25  0.0 0.0
2015-07-02-19 55 28.691	  31.02733342 121.43951694 1.25  0.0 0.0
2015-07-02-19 55 28.793	  31.02733342 121.43951694 1.25  0.0 0.0
2015-07-02-19 55 28.910	  31.02733342 121.43951694 1.25  0.0 0.0
2015-07-02-19 55 29.012	  31.02733342 121.43951694 1.25  0.0 0.0
2015-07-02-19 55 29.114	  31.02733342 121.43951694 1.25  0.0 0.0
2015-07-02-19 55 29.249	  31.02733342 121.43951694 1.25  0.0 0.0
2015-07-02-19 55 29.350	  31.02733342 121.43951694 1.25  0.0 0.0
2015-07-02-19 55 29.455	  31.02733342 121.43951694 1.25  0.0 0.0
2015-07-02-19 55 29.618	  31.02733342 121.43951694 1.25  0.0 0.0
2015-07-02-19 55 29.719	  31.02733342 121.43951694 1.25  0.0 0.0
2015-07-02-19 55 29.827	  31.02733342 121.43951694 1.25  0.0 0.0
2015-07-02-19 55 29.930	  31.02733342 121.43951694 1.25  0.0 0.0
2015-07-02-19 55 30.031	  31.02733342 121.43951694 1.25  0.0 0.0
2015-07-02-19 55 30.195	  31.02733342 121.43951694 1.25  0.0 0.0
2015-07-02-19 55 30.297	  31.02733342 121.43951694 1.25  0.0 0.0
2015-07-02-19 55 30.401	  31.02733342 121.43951694 1.25  0.0 0.0
2015-07-02-19 55 30.504	  31.02731045 121.43952403 1.25  0.0 0.0
2015-07-02-19 55 30.609	  31.02731045 121.43952403 1.25  0.0 0.0
2015-07-02-19 55 30.733	  31.02731045 121.43952403 1.25  0.0 0.0
2015-07-02-19 55 30.873	  31.02731045 121.43952403 1.25  0.0 0.0
2015-07-02-19 55 30.980	  31.02731045 121.43952403 1.25  0.0 0.0
2015-07-02-19 55 31.089	  31.02731045 121.43952403 1.25  0.0 0.0
2015-07-02-19 55 31.190	  31.02731045 121.43952403 1.25  0.0 0.0
2015-07-02-19 55 31.296	  31.02731045 121.43952403 1.25  0.0 0.0
2015-07-02-19 55 31.497	  31.02731045 121.43952403 1.25  0.0 0.0
2015-07-02-19 55 31.603	  31.02731045 121.43952403 1.25  0.0 0.0
2015-07-02-19 55 31.715	  31.02731045 121.43952403 1.25  0.0 0.0
2015-07-02-19 55 31.818	  31.02731045 121.43952403 1.25  0.0 0.0
2015-07-02-19 55 31.921	  31.02731045 121.43952403 1.25  0.0 0.0
2015-07-02-19 55 32.070	  31.02731045 121.43952403 1.25  0.0 0.0
2015-07-02-19 55 32.173	  31.02731045 121.43952403 1.25  0.0 0.0
2015-07-02-19 55 32.279	  31.02731045 121.43952403 1.25  0.0 0.0
2015-07-02-19 55 32.381	  31.02731045 121.43952403 1.25  0.0 0.0
2015-07-02-19 55 32.484	  31.02728773 121.43953486 1.25  0.0 0.0
2015-07-02-19 55 32.601	  31.02728773 121.43953486 1.25  0.0 0.0
2015-07-02-19 55 32.704	  31.02728773 121.43953486 1.25  0.0 0.0
2015-07-02-19 55 32.805	  31.02728773 121.43953486 1.25  0.0 0.0
2015-07-02-19 55 32.952	  31.02728773 121.43953486 1.25  0.0 0.0
2015-07-02-19 55 33.055	  31.02728773 121.43953486 1.25  0.0 0.0
2015-07-02-19 55 33.216	  31.02728773 121.43953486 1.25  0.0 0.0
2015-07-02-19 55 33.318	  31.02728773 121.43953486 1.25  0.0 0.0
2015-07-02-19 55 33.420	  31.02728773 121.43953486 1.25  0.0 0.0
2015-07-02-19 55 33.527	  31.02728773 121.43953486 1.25  0.0 0.0
2015-07-02-19 55 33.631	  31.02728773 121.43953486 1.25  0.0 0.0
2015-07-02-19 55 33.747	  31.02728773 121.43953486 1.25  0.0 0.0
2015-07-02-19 55 33.849	  31.02728773 121.43953486 1.25  0.0 0.0
2015-07-02-19 55 33.967	  31.02728773 121.43953486 1.25  0.0 0.0
2015-07-02-19 55 34.077	  31.02728773 121.43953486 1.25  0.0 0.0
2015-07-02-19 55 34.251	  31.02728773 121.43953486 1.25  0.0 0.0
2015-07-02-19 55 34.353	  31.02728773 121.43953486 1.25  0.0 0.0
2015-07-02-19 55 34.504	  31.02726686 121.43954677 1.25  0.0 0.0
2015-07-02-19 55 34.616	  31.02726686 121.43954677 1.25  0.0 0.0
2015-07-02-19 55 34.720	  31.02726686 121.43954677 1.25  0.0 0.0
2015-07-02-19 55 34.827	  31.02726686 121.43954677 1.25  0.0 0.0
2015-07-02-19 55 34.934	  31.02726686 121.43954677 1.25  0.0 0.0
2015-07-02-19 55 35.099	  31.02726686 121.43954677 1.25  0.0 0.0
2015-07-02-19 55 35.201	  31.02726686 121.43954677 1.25  0.0 0.0
2015-07-02-19 55 35.337	  31.02726686 121.43954677 1.25  0.0 0.0
2015-07-02-19 55 35.443	  31.02726686 121.43954677 1.25  0.0 0.0
2015-07-02-19 55 35.557	  31.02726686 121.43954677 1.25  0.0 0.0
2015-07-02-19 55 35.658	  31.02726686 121.43954677 1.25  0.0 0.0
2015-07-02-19 55 35.761	  31.02726686 121.43954677 1.25  0.0 0.0
2015-07-02-19 55 35.878	  31.02726686 121.43954677 1.25  0.0 0.0
2015-07-02-19 55 35.979	  31.02726686 121.43954677 1.25  0.0 0.0
2015-07-02-19 55 36.085	  31.02726686 121.43954677 1.25  0.0 0.0
2015-07-02-19 55 36.220	  31.02726686 121.43954677 1.25  0.0 0.0
2015-07-02-19 55 36.323	  31.02726686 121.43954677 1.25  0.0 0.0
2015-07-02-19 55 36.459	  31.02726686 121.43954677 1.25  0.0 0.0
2015-07-02-19 55 36.569	  31.0272448 121.43955706 1.25  0.0 0.0
2015-07-02-19 55 36.689	  31.0272448 121.43955706 1.25  0.0 0.0
2015-07-02-19 55 36.828	  31.0272448 121.43955706 1.25  0.0 0.0
2015-07-02-19 55 36.934	  31.0272448 121.43955706 1.25  0.0 0.0
2015-07-02-19 55 37.044	  31.0272448 121.43955706 1.25  0.0 0.0
2015-07-02-19 55 37.146	  31.0272448 121.43955706 1.25  0.0 0.0
2015-07-02-19 55 37.247	  31.0272448 121.43955706 1.25  0.0 0.0
2015-07-02-19 55 37.350	  31.0272448 121.43955706 1.25  0.0 0.0
2015-07-02-19 55 37.455	  31.0272448 121.43955706 1.25  0.0 0.0
2015-07-02-19 55 37.601	  31.0272448 121.43955706 1.25  0.0 0.0
2015-07-02-19 55 37.702	  31.0272448 121.43955706 1.25  0.0 0.0
2015-07-02-19 55 37.819	  31.0272448 121.43955706 1.25  0.0 0.0
2015-07-02-19 55 37.921	  31.0272448 121.43955706 1.25  0.0 0.0
2015-07-02-19 55 38.070	  31.0272448 121.43955706 1.25  0.0 0.0
2015-07-02-19 55 38.176	  31.0272448 121.43955706 1.25  0.0 0.0
2015-07-02-19 55 38.349	  31.0272448 121.43955706 1.25  0.0 0.0
2015-07-02-19 55 38.450	  31.02722281 121.43956689 1.25  0.0 0.0
2015-07-02-19 55 38.628	  31.02722281 121.43956689 1.25  0.0 0.0
2015-07-02-19 55 38.729	  31.02722281 121.43956689 1.25  0.0 0.0
2015-07-02-19 55 38.854	  31.02722281 121.43956689 1.25  0.0 0.0
2015-07-02-19 55 38.960	  31.02722281 121.43956689 1.25  0.0 0.0
2015-07-02-19 55 39.139	  31.02722281 121.43956689 1.25  0.0 0.0
2015-07-02-19 55 39.244	  31.02722281 121.43956689 1.25  0.0 0.0
2015-07-02-19 55 39.398	  31.02722281 121.43956689 1.25  0.0 0.0
2015-07-02-19 55 39.500	  31.02722281 121.43956689 1.25  0.0 0.0
2015-07-02-19 55 39.653	  31.02722281 121.43956689 1.25  0.0 0.0
2015-07-02-19 55 39.755	  31.02722281 121.43956689 1.25  0.0 0.0
2015-07-02-19 55 39.905	  31.02722281 121.43956689 1.25  0.0 0.0
2015-07-02-19 55 40.008	  31.02722281 121.43956689 1.25  0.0 0.0
2015-07-02-19 55 40.123	  31.02722281 121.43956689 1.25  0.0 0.0
2015-07-02-19 55 40.225	  31.02722281 121.43956689 1.25  0.0 0.0
2015-07-02-19 55 40.327	  31.02722281 121.43956689 1.25  0.0 0.0
2015-07-02-19 55 40.434	  31.02722281 121.43956689 1.25  0.0 0.0
2015-07-02-19 55 40.537	  31.02720058 121.43957668 1.25  0.0 0.0
2015-07-02-19 55 40.673	  31.02720058 121.43957668 1.25  0.0 0.0
2015-07-02-19 55 40.848	  31.02720058 121.43957668 1.25  0.0 0.0
2015-07-02-19 55 40.986	  31.02720058 121.43957668 1.25  0.0 0.0
2015-07-02-19 55 41.131	  31.02720058 121.43957668 1.25  0.0 0.0
2015-07-02-19 55 41.233	  31.02720058 121.43957668 1.25  0.0 0.0
2015-07-02-19 55 41.379	  31.02720058 121.43957668 1.25  0.0 0.0
2015-07-02-19 55 41.483	  31.02720058 121.43957668 1.25  0.0 0.0
2015-07-02-19 55 41.632	  31.02720058 121.43957668 1.25  0.0 0.0
2015-07-02-19 55 41.734	  31.02720058 121.43957668 1.25  0.0 0.0
2015-07-02-19 55 41.881	  31.02720058 121.43957668 1.25  0.0 0.0
2015-07-02-19 55 41.983	  31.02720058 121.43957668 1.25  0.0 0.0
2015-07-02-19 55 42.143	  31.02720058 121.43957668 1.25  0.0 0.0
2015-07-02-19 55 42.250	  31.02720058 121.43957668 1.25  0.0 0.0
2015-07-02-19 55 42.404	  31.02720058 121.43957668 1.25  0.0 0.0
2015-07-02-19 55 42.505	  31.02717714 121.43958699 1.25  0.0 0.0
2015-07-02-19 55 42.650	  31.02717714 121.43958699 1.25  0.0 0.0
2015-07-02-19 55 42.751	  31.02717714 121.43958699 1.25  0.0 0.0
2015-07-02-19 55 42.868	  31.02717714 121.43958699 1.25  0.0 0.0
2015-07-02-19 55 42.970	  31.02717714 121.43958699 1.25  0.0 0.0
2015-07-02-19 55 43.074	  31.02717714 121.43958699 1.25  0.0 0.0
2015-07-02-19 55 43.186	  31.02717714 121.43958699 1.25  0.0 0.0
2015-07-02-19 55 43.287	  31.02717714 121.43958699 1.25  0.0 0.0
2015-07-02-19 55 43.393	  31.02717714 121.43958699 1.25  0.0 0.0
2015-07-02-19 55 43.498	  31.02717714 121.43958699 1.25  0.0 0.0
2015-07-02-19 55 43.660	  31.02717714 121.43958699 1.25  0.0 0.0
2015-07-02-19 55 43.762	  31.02717714 121.43958699 1.25  0.0 0.0
2015-07-02-19 55 43.901	  31.02717714 121.43958699 1.25  0.0 0.0
2015-07-02-19 55 44.012	  31.02717714 121.43958699 1.25  0.0 0.0
2015-07-02-19 55 44.171	  31.02717714 121.43958699 1.25  0.0 0.0
2015-07-02-19 55 44.272	  31.02717714 121.43958699 1.25  0.0 0.0
2015-07-02-19 55 44.421	  31.02717714 121.43958699 1.25  0.0 0.0
2015-07-02-19 55 44.526	  31.02717714 121.43958699 1.25  0.0 0.0
2015-07-02-19 55 44.664	  31.02715404 121.439598 1.25  0.0 0.0
2015-07-02-19 55 44.768	  31.02715404 121.439598 1.25  0.0 0.0
2015-07-02-19 55 44.872	  31.02715404 121.439598 1.25  0.0 0.0
2015-07-02-19 55 45.048	  31.02715404 121.439598 1.25  0.0 0.0
2015-07-02-19 55 45.150	  31.02715404 121.439598 1.25  0.0 0.0
2015-07-02-19 55 45.252	  31.02715404 121.439598 1.25  0.0 0.0
2015-07-02-19 55 45.357	  31.02715404 121.439598 1.25  0.0 0.0
2015-07-02-19 55 45.463	  31.02715404 121.439598 1.25  0.0 0.0
2015-07-02-19 55 45.618	  31.02715404 121.439598 1.25  0.0 0.0
2015-07-02-19 55 45.721	  31.02715404 121.439598 1.25  0.0 0.0
2015-07-02-19 55 45.824	  31.02715404 121.439598 1.25  0.0 0.0
2015-07-02-19 55 45.927	  31.02715404 121.439598 1.25  0.0 0.0
2015-07-02-19 55 46.032	  31.02715404 121.439598 1.25  0.0 0.0
2015-07-02-19 55 46.181	  31.02715404 121.439598 1.25  0.0 0.0
2015-07-02-19 55 46.296	  31.02715404 121.439598 1.25  0.0 0.0
2015-07-02-19 55 46.399	  31.02715404 121.439598 1.25  0.0 0.0
2015-07-02-19 55 46.520	  31.027131 121.439609 1.25  0.0 0.0
2015-07-02-19 55 46.624	  31.027131 121.439609 1.25  0.0 0.0
2015-07-02-19 55 46.736	  31.027131 121.439609 1.25  0.0 0.0
2015-07-02-19 55 46.839	  31.027131 121.439609 1.25  0.0 0.0
2015-07-02-19 55 46.943	  31.027131 121.439609 1.25  0.0 0.0
2015-07-02-19 55 47.056	  31.027131 121.439609 1.25  0.0 0.0
2015-07-02-19 55 47.157	  31.027131 121.439609 1.25  0.0 0.0
2015-07-02-19 55 47.290	  31.027131 121.439609 1.25  0.0 0.0
2015-07-02-19 55 47.393	  31.027131 121.439609 1.25  0.0 0.0
2015-07-02-19 55 47.499	  31.027131 121.439609 1.25  0.0 0.0
2015-07-02-19 55 47.608	  31.027131 121.439609 1.25  0.0 0.0
2015-07-02-19 55 47.710	  31.027131 121.439609 1.25  0.0 0.0
2015-07-02-19 55 47.858	  31.027131 121.439609 1.25  0.0 0.0
2015-07-02-19 55 47.960	  31.027131 121.439609 1.25  0.0 0.0
2015-07-02-19 55 48.062	  31.027131 121.439609 1.25  0.0 0.0
2015-07-02-19 55 48.166	  31.027131 121.439609 1.25  0.0 0.0
2015-07-02-19 55 48.273	  31.027131 121.439609 1.25  0.0 0.0
2015-07-02-19 55 48.433	  31.027131 121.439609 1.25  0.0 0.0
2015-07-02-19 55 48.550	  31.02710852 121.43961815 1.25  0.0 0.0
2015-07-02-19 55 48.680	  31.02710852 121.43961815 1.25  0.0 0.0
2015-07-02-19 55 48.782	  31.02710852 121.43961815 1.25  0.0 0.0
2015-07-02-19 55 48.912	  31.02710852 121.43961815 1.25  0.0 0.0
2015-07-02-19 55 49.055	  31.02710852 121.43961815 1.25  0.0 0.0
2015-07-02-19 55 49.173	  31.02710852 121.43961815 1.25  0.0 0.0
2015-07-02-19 55 49.280	  31.02710852 121.43961815 1.25  0.0 0.0
2015-07-02-19 55 49.382	  31.02710852 121.43961815 1.25  0.0 0.0
2015-07-02-19 55 49.490	  31.02710852 121.43961815 1.25  0.0 0.0
2015-07-02-19 55 49.593	  31.02710852 121.43961815 1.25  0.0 0.0
2015-07-02-19 55 49.733	  31.02710852 121.43961815 1.25  0.0 0.0
2015-07-02-19 55 49.889	  31.02710852 121.43961815 1.25  0.0 0.0
2015-07-02-19 55 49.992	  31.02710852 121.43961815 1.25  0.0 0.0
2015-07-02-19 55 50.125	  31.02710852 121.43961815 1.25  0.0 0.0
2015-07-02-19 55 50.238	  31.02710852 121.43961815 1.25  0.0 0.0
2015-07-02-19 55 50.342	  31.02710852 121.43961815 1.25  0.0 0.0
2015-07-02-19 55 50.487	  31.02708692 121.43962857 1.25  0.0 0.0
2015-07-02-19 55 50.637	  31.02708692 121.43962857 1.25  0.0 0.0
2015-07-02-19 55 50.752	  31.02708692 121.43962857 1.25  0.0 0.0
2015-07-02-19 55 50.890	  31.02708692 121.43962857 1.25  0.0 0.0
2015-07-02-19 55 51.041	  31.02708692 121.43962857 1.25  0.0 0.0
2015-07-02-19 55 51.181	  31.02708692 121.43962857 1.25  0.0 0.0
2015-07-02-19 55 51.313	  31.02708692 121.43962857 1.25  0.0 0.0
2015-07-02-19 55 51.429	  31.02708692 121.43962857 1.25  0.0 0.0
2015-07-02-19 55 51.534	  31.02708692 121.43962857 1.25  0.0 0.0
2015-07-02-19 55 51.636	  31.02708692 121.43962857 1.25  0.0 0.0
2015-07-02-19 55 51.796	  31.02708692 121.43962857 1.25  0.0 0.0
2015-07-02-19 55 51.904	  31.02708692 121.43962857 1.25  0.0 0.0
2015-07-02-19 55 52.055	  31.02708692 121.43962857 1.25  0.0 0.0
2015-07-02-19 55 52.160	  31.02708692 121.43962857 1.25  0.0 0.0
2015-07-02-19 55 52.268	  31.02708692 121.43962857 1.25  0.0 0.0
2015-07-02-19 55 52.424	  31.02708692 121.43962857 1.25  0.0 0.0
2015-07-02-19 55 52.526	  31.0270645 121.43963949 1.25  0.0 0.0
2015-07-02-19 55 52.629	  31.0270645 121.43963949 1.25  0.0 0.0
2015-07-02-19 55 52.734	  31.0270645 121.43963949 1.25  0.0 0.0
2015-07-02-19 55 52.838	  31.0270645 121.43963949 1.25  0.0 0.0
2015-07-02-19 55 53.000	  31.0270645 121.43963949 1.25  0.0 0.0
2015-07-02-19 55 53.103	  31.0270645 121.43963949 1.25  0.0 0.0
2015-07-02-19 55 53.205	  31.0270645 121.43963949 1.25  0.0 0.0
2015-07-02-19 55 53.372	  31.0270645 121.43963949 1.25  0.0 0.0
2015-07-02-19 55 53.473	  31.0270645 121.43963949 1.25  0.0 0.0
2015-07-02-19 55 53.623	  31.0270645 121.43963949 1.25  0.0 0.0
2015-07-02-19 55 53.729	  31.0270645 121.43963949 1.25  0.0 0.0
2015-07-02-19 55 53.831	  31.0270645 121.43963949 1.25  0.0 0.0
2015-07-02-19 55 53.963	  31.0270645 121.43963949 1.25  0.0 0.0
2015-07-02-19 55 54.117	  31.0270645 121.43963949 1.25  0.0 0.0
2015-07-02-19 55 54.220	  31.0270645 121.43963949 1.25  0.0 0.0
2015-07-02-19 55 54.406	  31.0270645 121.43963949 1.25  0.0 0.0
2015-07-02-19 55 54.521	  31.02704201 121.439649 1.25  0.0 0.0
2015-07-02-19 55 54.625	  31.02704201 121.439649 1.25  0.0 0.0
2015-07-02-19 55 54.746	  31.02704201 121.439649 1.25  0.0 0.0
2015-07-02-19 55 54.857	  31.02704201 121.439649 1.25  0.0 0.0
2015-07-02-19 55 54.961	  31.02704201 121.439649 1.25  0.0 0.0
2015-07-02-19 55 55.104	  31.02704201 121.439649 1.25  0.0 0.0
2015-07-02-19 55 55.209	  31.02704201 121.439649 1.25  0.0 0.0
2015-07-02-19 55 55.312	  31.02704201 121.439649 1.25  0.0 0.0
2015-07-02-19 55 55.455	  31.02704201 121.439649 1.25  0.0 0.0
2015-07-02-19 55 55.575	  31.02704201 121.439649 1.25  0.0 0.0
2015-07-02-19 55 55.677	  31.02704201 121.439649 1.25  0.0 0.0
2015-07-02-19 55 55.782	  31.02704201 121.439649 1.25  0.0 0.0
2015-07-02-19 55 55.887	  31.02704201 121.439649 1.25  0.0 0.0
2015-07-02-19 55 56.042	  31.02704201 121.439649 1.25  0.0 0.0
2015-07-02-19 55 56.144	  31.02704201 121.439649 1.25  0.0 0.0
2015-07-02-19 55 56.246	  31.02704201 121.439649 1.25  0.0 0.0
2015-07-02-19 55 56.363	  31.02704201 121.439649 1.25  0.0 0.0
2015-07-02-19 55 56.507	  31.02702014 121.43965754 1.25  0.0 0.0
2015-07-02-19 55 56.617	  31.02702014 121.43965754 1.25  0.0 0.0
2015-07-02-19 55 56.719	  31.02702014 121.43965754 1.25  0.0 0.0
2015-07-02-19 55 56.853	  31.02702014 121.43965754 1.25  0.0 0.0
2015-07-02-19 55 56.955	  31.02702014 121.43965754 1.25  0.0 0.0
2015-07-02-19 55 57.057	  31.02702014 121.43965754 1.25  0.0 0.0
2015-07-02-19 55 57.199	  31.02702014 121.43965754 1.25  0.0 0.0
2015-07-02-19 55 57.363	  31.02702014 121.43965754 1.25  0.0 0.0
2015-07-02-19 55 57.470	  31.02702014 121.43965754 1.25  0.0 0.0
2015-07-02-19 55 57.652	  31.02702014 121.43965754 1.25  0.0 0.0
2015-07-02-19 55 57.770	  31.02702014 121.43965754 1.25  0.0 0.0
2015-07-02-19 55 57.873	  31.02702014 121.43965754 1.25  0.0 0.0
2015-07-02-19 55 57.990	  31.02702014 121.43965754 1.25  0.0 0.0
2015-07-02-19 55 58.149	  31.02702014 121.43965754 1.25  0.0 0.0
2015-07-02-19 55 58.297	  31.02702014 121.43965754 1.25  0.0 0.0
2015-07-02-19 55 58.399	  31.02702014 121.43965754 1.25  0.0 0.0
2015-07-02-19 55 58.546	  31.0269984 121.43966608 1.25  0.0 0.0
2015-07-02-19 55 58.699	  31.0269984 121.43966608 1.25  0.0 0.0
2015-07-02-19 55 58.849	  31.0269984 121.43966608 1.25  0.0 0.0
2015-07-02-19 55 58.953	  31.0269984 121.43966608 1.25  0.0 0.0
2015-07-02-19 55 59.131	  31.0269984 121.43966608 1.25  0.0 0.0
2015-07-02-19 55 59.252	  31.0269984 121.43966608 1.25  0.0 0.0
2015-07-02-19 55 59.354	  31.0269984 121.43966608 1.25  0.0 0.0
2015-07-02-19 55 59.522	  31.0269984 121.43966608 1.25  0.0 0.0
2015-07-02-19 55 59.658	  31.0269984 121.43966608 1.25  0.0 0.0
2015-07-02-19 55 59.773	  31.0269984 121.43966608 1.25  0.0 0.0
2015-07-02-19 55 59.875	  31.0269984 121.43966608 1.25  0.0 0.0
2015-07-02-19 56 00.012	  31.0269984 121.43966608 1.25  0.0 0.0
2015-07-02-19 56 00.160	  31.0269984 121.43966608 1.25  0.0 0.0
2015-07-02-19 56 00.275	  31.0269984 121.43966608 1.25  0.0 0.0
2015-07-02-19 56 00.377	  31.0269984 121.43966608 1.25  0.0 0.0
2015-07-02-19 56 00.546	  31.0269767 121.43967462 1.25  0.0 0.0
2015-07-02-19 56 00.675	  31.0269767 121.43967462 1.25  0.0 0.0
2015-07-02-19 56 00.812	  31.0269767 121.43967462 1.25  0.0 0.0
2015-07-02-19 56 00.957	  31.0269767 121.43967462 1.25  0.0 0.0
2015-07-02-19 56 01.099	  31.0269767 121.43967462 1.25  0.0 0.0
2015-07-02-19 56 01.257	  31.0269767 121.43967462 1.25  0.0 0.0
2015-07-02-19 56 01.393	  31.0269767 121.43967462 1.25  0.0 0.0
2015-07-02-19 56 01.508	  31.0269767 121.43967462 1.25  0.0 0.0
2015-07-02-19 56 01.628	  31.0269767 121.43967462 1.25  0.0 0.0
2015-07-02-19 56 01.764	  31.0269767 121.43967462 1.25  0.0 0.0
2015-07-02-19 56 01.904	  31.0269767 121.43967462 1.25  0.0 0.0
2015-07-02-19 56 02.048	  31.0269767 121.43967462 1.25  0.0 0.0
2015-07-02-19 56 02.165	  31.0269767 121.43967462 1.25  0.0 0.0
2015-07-02-19 56 02.311	  31.0269767 121.43967462 1.25  0.0 0.0
2015-07-02-19 56 02.474	  31.0269767 121.43967462 1.25  0.0 0.0
2015-07-02-19 56 02.616	  31.02695537 121.43968261 1.25  0.0 0.0
2015-07-02-19 56 02.752	  31.02695537 121.43968261 1.25  0.0 0.0
2015-07-02-19 56 02.889	  31.02695537 121.43968261 1.25  0.0 0.0
2015-07-02-19 56 03.051	  31.02695537 121.43968261 1.25  0.0 0.0
2015-07-02-19 56 03.166	  31.02695537 121.43968261 1.25  0.0 0.0
2015-07-02-19 56 03.325	  31.02695537 121.43968261 1.25  0.0 0.0
2015-07-02-19 56 03.459	  31.02695537 121.43968261 1.25  0.0 0.0
2015-07-02-19 56 03.638	  31.02695537 121.43968261 1.25  0.0 0.0
2015-07-02-19 56 03.753	  31.02695537 121.43968261 1.25  0.0 0.0
2015-07-02-19 56 03.897	  31.02695537 121.43968261 1.25  0.0 0.0
2015-07-02-19 56 04.047	  31.02695537 121.43968261 1.25  0.0 0.0
2015-07-02-19 56 04.205	  31.02695537 121.43968261 1.25  0.0 0.0
2015-07-02-19 56 04.341	  31.02695537 121.43968261 1.25  0.0 0.0
2015-07-02-19 56 04.471	  31.02695537 121.43968261 1.25  0.0 0.0
2015-07-02-19 56 04.642	  31.02693378 121.43969066 1.25  0.0 0.0
2015-07-02-19 56 04.756	  31.02693378 121.43969066 1.25  0.0 0.0
2015-07-02-19 56 04.895	  31.02693378 121.43969066 1.25  0.0 0.0
2015-07-02-19 56 05.057	  31.02693378 121.43969066 1.25  0.0 0.0
2015-07-02-19 56 05.198	  31.02693378 121.43969066 1.25  0.0 0.0
2015-07-02-19 56 05.353	  31.02693378 121.43969066 1.25  0.0 0.0
2015-07-02-19 56 05.474	  31.02693378 121.43969066 1.25  0.0 0.0
2015-07-02-19 56 05.595	  31.02693378 121.43969066 1.25  0.0 0.0
2015-07-02-19 56 05.732	  31.02693378 121.43969066 1.25  0.0 0.0
2015-07-02-19 56 05.863	  31.02693378 121.43969066 1.25  0.0 0.0
2015-07-02-19 56 06.023	  31.02693378 121.43969066 1.25  0.0 0.0
2015-07-02-19 56 06.143	  31.02693378 121.43969066 1.25  0.0 0.0
2015-07-02-19 56 06.314	  31.02693378 121.43969066 1.25  0.0 0.0
2015-07-02-19 56 06.454	  31.02693378 121.43969066 1.25  0.0 0.0
2015-07-02-19 56 06.623	  31.02691294 121.43970043 1.25  0.0 0.0
2015-07-02-19 56 06.738	  31.02691294 121.43970043 1.25  0.0 0.0
2015-07-02-19 56 06.853	  31.02691294 121.43970043 1.25  0.0 0.0
2015-07-02-19 56 06.968	  31.02691294 121.43970043 1.25  0.0 0.0
2015-07-02-19 56 07.097	  31.02691294 121.43970043 1.25  0.0 0.0
2015-07-02-19 56 07.247	  31.02691294 121.43970043 1.25  0.0 0.0
2015-07-02-19 56 07.402	  31.02691294 121.43970043 1.25  0.0 0.0
2015-07-02-19 56 07.520	  31.02691294 121.43970043 1.25  0.0 0.0
2015-07-02-19 56 07.652	  31.02691294 121.43970043 1.25  0.0 0.0
2015-07-02-19 56 07.771	  31.02691294 121.43970043 1.25  0.0 0.0
2015-07-02-19 56 07.887	  31.02691294 121.43970043 1.25  0.0 0.0
2015-07-02-19 56 08.019	  31.02691294 121.43970043 1.25  0.0 0.0
2015-07-02-19 56 08.158	  31.02691294 121.43970043 1.25  0.0 0.0
2015-07-02-19 56 08.299	  31.02691294 121.43970043 1.25  0.0 0.0
2015-07-02-19 56 08.439	  31.02691294 121.43970043 1.25  0.0 0.0
2015-07-02-19 56 08.601	  31.02689172 121.43970755 1.25  0.0 0.0
2015-07-02-19 56 08.737	  31.02689172 121.43970755 1.25  0.0 0.0
2015-07-02-19 56 08.878	  31.02689172 121.43970755 1.25  0.0 0.0
2015-07-02-19 56 08.997	  31.02689172 121.43970755 1.25  0.0 0.0
2015-07-02-19 56 09.152	  31.02689172 121.43970755 1.25  0.0 0.0
2015-07-02-19 56 09.280	  31.02689172 121.43970755 1.25  0.0 0.0
2015-07-02-19 56 09.455	  31.02689172 121.43970755 1.25  0.0 0.0
2015-07-02-19 56 09.625	  31.02689172 121.43970755 1.25  0.0 0.0
2015-07-02-19 56 09.749	  31.02689172 121.43970755 1.25  0.0 0.0
2015-07-02-19 56 09.883	  31.02689172 121.43970755 1.25  0.0 0.0
2015-07-02-19 56 10.025	  31.02689172 121.43970755 1.25  0.0 0.0
2015-07-02-19 56 10.159	  31.02689172 121.43970755 1.25  0.0 0.0
2015-07-02-19 56 10.341	  31.02689172 121.43970755 1.25  0.0 0.0
2015-07-02-19 56 10.499	  31.02686849 121.43971589 1.25  0.0 0.0
2015-07-02-19 56 10.646	  31.02686849 121.43971589 1.25  0.0 0.0
2015-07-02-19 56 10.784	  31.02686849 121.43971589 1.25  0.0 0.0
2015-07-02-19 56 10.957	  31.02686849 121.43971589 1.25  0.0 0.0
2015-07-02-19 56 11.122	  31.02686849 121.43971589 1.25  0.0 0.0
2015-07-02-19 56 11.259	  31.02686849 121.43971589 1.25  0.0 0.0
2015-07-02-19 56 11.377	  31.02686849 121.43971589 1.25  0.0 0.0
2015-07-02-19 56 11.502	  31.02686849 121.43971589 1.25  0.0 0.0
2015-07-02-19 56 11.645	  31.02686849 121.43971589 1.25  0.0 0.0
2015-07-02-19 56 11.760	  31.02686849 121.43971589 1.25  0.0 0.0
2015-07-02-19 56 11.887	  31.02686849 121.43971589 1.25  0.0 0.0
2015-07-02-19 56 12.062	  31.02686849 121.43971589 1.25  0.0 0.0
2015-07-02-19 56 12.201	  31.02686849 121.43971589 1.25  0.0 0.0
2015-07-02-19 56 12.350	  31.02686849 121.43971589 1.25  0.0 0.0
2015-07-02-19 56 12.492	  31.02684506 121.43972752 1.25  0.0 0.0
2015-07-02-19 56 12.646	  31.02684506 121.43972752 1.25  0.0 0.0
2015-07-02-19 56 12.762	  31.02684506 121.43972752 1.25  0.0 0.0
2015-07-02-19 56 12.913	  31.02684506 121.43972752 1.25  0.0 0.0
2015-07-02-19 56 13.054	  31.02684506 121.43972752 1.25  0.0 0.0
2015-07-02-19 56 13.201	  31.02684506 121.43972752 1.25  0.0 0.0
2015-07-02-19 56 13.334	  31.02684506 121.43972752 1.25  0.0 0.0
2015-07-02-19 56 13.487	  31.02684506 121.43972752 1.25  0.0 0.0
2015-07-02-19 56 13.656	  31.02684506 121.43972752 1.25  0.0 0.0
2015-07-02-19 56 13.771	  31.02684506 121.43972752 1.25  0.0 0.0
2015-07-02-19 56 13.910	  31.02684506 121.43972752 1.25  0.0 0.0
2015-07-02-19 56 14.066	  31.02684506 121.43972752 1.25  0.0 0.0
2015-07-02-19 56 14.216	  31.02684506 121.43972752 1.25  0.0 0.0
2015-07-02-19 56 14.367	  31.02684506 121.43972752 1.25  0.0 0.0
2015-07-02-19 56 14.522	  31.02682047 121.43973513 1.25  0.0 0.0
2015-07-02-19 56 14.671	  31.02682047 121.43973513 1.25  0.0 0.0
2015-07-02-19 56 14.787	  31.02682047 121.43973513 1.25  0.0 0.0
2015-07-02-19 56 14.903	  31.02682047 121.43973513 1.25  0.0 0.0
2015-07-02-19 56 15.083	  31.02682047 121.43973513 1.25  0.0 0.0
2015-07-02-19 56 15.254	  31.02682047 121.43973513 1.25  0.0 0.0
2015-07-02-19 56 15.410	  31.02682047 121.43973513 1.25  0.0 0.0
2015-07-02-19 56 15.560	  31.02682047 121.43973513 1.25  0.0 0.0
2015-07-02-19 56 15.739	  31.02682047 121.43973513 1.25  0.0 0.0
2015-07-02-19 56 15.906	  31.02682047 121.43973513 1.25  0.0 0.0
2015-07-02-19 56 16.095	  31.02682047 121.43973513 1.25  0.0 0.0
2015-07-02-19 56 16.253	  31.02682047 121.43973513 1.25  0.0 0.0
2015-07-02-19 56 16.437	  31.02682047 121.43973513 1.25  0.0 0.0
