2015-06-25-18 01 43.404	  0.0 0.0 0.0  0.0 0.0
2015-06-25-18 01 43.906	  0.0 0.0 0.0  0.0 0.0
2015-06-25-18 01 44.409	  0.0 0.0 0.0  0.0 0.0
2015-06-25-18 01 44.911	  0.0 0.0 0.0  0.0 0.0
2015-06-25-18 01 45.412	  0.0 0.0 0.0  0.0 0.0
2015-06-25-18 01 45.915	  31.02772448 121.43931669 1.0  0.0 0.0
2015-06-25-18 01 46.418	  31.02772448 121.43931669 1.0  0.0 0.0
2015-06-25-18 01 46.922	  31.02772448 121.43931669 1.0  0.0 0.0
2015-06-25-18 01 47.430	  31.02772448 121.43931669 1.0  0.0 0.0
2015-06-25-18 01 47.936	  31.02769796 121.4393217 1.0  0.0 0.0
2015-06-25-18 01 48.440	  31.02769796 121.4393217 1.0  0.0 0.0
2015-06-25-18 01 48.941	  31.02769796 121.4393217 1.0  0.0 0.0
2015-06-25-18 01 49.447	  31.02769796 121.4393217 1.0  0.0 0.0
2015-06-25-18 01 49.958	  31.02767477 121.43932278 1.25  0.0 0.0
2015-06-25-18 01 50.462	  31.02767477 121.43932278 1.25  0.0 0.0
2015-06-25-18 01 50.966	  31.02767477 121.43932278 1.25  0.0 0.0
2015-06-25-18 01 51.469	  31.02767477 121.43932278 1.25  0.0 0.0
2015-06-25-18 01 51.975	  31.02764127 121.43933527 1.75  0.0 0.0
2015-06-25-18 01 52.477	  31.02764127 121.43933527 1.75  0.0 0.0
2015-06-25-18 01 52.987	  31.02762547 121.43934653 1.75  0.0 0.0
2015-06-25-18 01 53.489	  31.02762547 121.43934653 1.75  0.0 0.0
2015-06-25-18 01 53.995	  31.02760937 121.43935695 1.75  0.0 0.0
2015-06-25-18 01 54.502	  31.02760937 121.43935695 1.75  0.0 0.0
2015-06-25-18 01 55.013	  31.02760937 121.43935695 1.75  0.0 0.0
2015-06-25-18 01 55.518	  31.02757863 121.43937195 1.75  0.0 0.0
2015-06-25-18 01 56.022	  31.02757863 121.43937195 1.75  0.0 0.0
2015-06-25-18 01 56.528	  31.02757863 121.43937195 1.75  0.0 0.0
2015-06-25-18 01 57.031	  31.02757863 121.43937195 1.75  0.0 0.0
2015-06-25-18 01 57.532	  31.02755051 121.4393867 1.75  0.0 0.0
2015-06-25-18 01 58.040	  31.02755051 121.4393867 1.75  0.0 0.0
2015-06-25-18 01 58.548	  31.02753213 121.43940405 1.75  0.0 0.0
2015-06-25-18 01 59.054	  31.02753213 121.43940405 1.75  0.0 0.0
2015-06-25-18 01 59.562	  31.02751186 121.43941953 1.75  0.0 0.0
2015-06-25-18 02 00.063	  31.02751186 121.43941953 1.75  0.0 0.0
2015-06-25-18 02 00.567	  31.0274932 121.43943448 1.75  0.0 0.0
2015-06-25-18 02 01.070	  31.0274932 121.43943448 1.75  0.0 0.0
2015-06-25-18 02 01.577	  31.02747606 121.43944711 1.75  0.0 0.0
2015-06-25-18 02 02.079	  31.02747606 121.43944711 1.75  0.0 0.0
2015-06-25-18 02 02.580	  31.02746047 121.43946123 1.75  0.0 0.0
2015-06-25-18 02 03.082	  31.02746047 121.43946123 1.75  0.0 0.0
2015-06-25-18 02 03.584	  31.02746047 121.43946123 1.75  0.0 0.0
2015-06-25-18 02 04.086	  31.02746047 121.43946123 1.75  0.0 0.0
2015-06-25-18 02 04.592	  31.02743394 121.43948448 1.75  0.0 0.0
2015-06-25-18 02 05.094	  31.02743394 121.43948448 1.75  0.0 0.0
2015-06-25-18 02 05.598	  31.02743394 121.43948448 1.75  0.0 0.0
2015-06-25-18 02 06.102	  31.02743394 121.43948448 1.75  0.0 0.0
2015-06-25-18 02 06.607	  31.02740632 121.43950102 1.75  0.0 0.0
2015-06-25-18 02 07.111	  31.02740632 121.43950102 1.75  0.0 0.0
2015-06-25-18 02 07.621	  31.02740632 121.43950102 1.75  0.0 0.0
2015-06-25-18 02 08.122	  31.02740632 121.43950102 1.75  0.0 0.0
2015-06-25-18 02 08.626	  31.02737429 121.4395126 1.75  0.0 0.0
2015-06-25-18 02 09.128	  31.02737429 121.4395126 1.75  0.0 0.0
2015-06-25-18 02 09.629	  31.02737429 121.4395126 1.75  0.0 0.0
2015-06-25-18 02 10.136	  31.02737429 121.4395126 1.75  0.0 0.0
2015-06-25-18 02 10.641	  31.02734511 121.43951857 1.75  0.0 0.0
2015-06-25-18 02 11.145	  31.02734511 121.43951857 1.75  0.0 0.0
2015-06-25-18 02 11.654	  31.02734511 121.43951857 1.75  0.0 0.0
2015-06-25-18 02 12.157	  31.02734511 121.43951857 1.75  0.0 0.0
2015-06-25-18 02 12.661	  31.02731515 121.43952763 1.75  0.0 0.0
2015-06-25-18 02 13.163	  31.02731515 121.43952763 1.75  0.0 0.0
2015-06-25-18 02 13.668	  31.02731515 121.43952763 1.75  0.0 0.0
2015-06-25-18 02 14.171	  31.02731515 121.43952763 1.75  0.0 0.0
2015-06-25-18 02 14.677	  31.02728567 121.43953777 1.75  0.0 0.0
2015-06-25-18 02 15.180	  31.02728567 121.43953777 1.75  0.0 0.0
2015-06-25-18 02 15.684	  31.02728567 121.43953777 1.75  0.0 0.0
2015-06-25-18 02 16.220	  31.02728567 121.43953777 1.75  0.0 0.0
2015-06-25-18 02 16.725	  31.02725443 121.4395499 1.75  0.0 0.0
2015-06-25-18 02 17.228	  31.02725443 121.4395499 1.75  0.0 0.0
2015-06-25-18 02 17.733	  31.02725443 121.4395499 1.75  0.0 0.0
2015-06-25-18 02 18.235	  31.02725443 121.4395499 1.75  0.0 0.0
2015-06-25-18 02 18.740	  31.02722225 121.43956 1.75  0.0 0.0
2015-06-25-18 02 19.242	  31.02722225 121.43956 1.75  0.0 0.0
2015-06-25-18 02 19.750	  31.02722225 121.43956 1.75  0.0 0.0
2015-06-25-18 02 20.254	  31.02722225 121.43956 1.75  0.0 0.0
2015-06-25-18 02 20.755	  31.02719251 121.43957106 1.75  0.0 0.0
2015-06-25-18 02 21.259	  31.02719251 121.43957106 1.75  0.0 0.0
2015-06-25-18 02 21.762	  31.02719251 121.43957106 1.75  0.0 0.0
2015-06-25-18 02 22.266	  31.02719251 121.43957106 1.75  0.0 0.0
2015-06-25-18 02 22.774	  31.02716461 121.43958562 1.75  0.0 0.0
2015-06-25-18 02 23.278	  31.02716461 121.43958562 1.75  0.0 0.0
2015-06-25-18 02 23.782	  31.02716461 121.43958562 1.75  0.0 0.0
2015-06-25-18 02 24.285	  31.02716461 121.43958562 1.75  0.0 0.0
2015-06-25-18 02 24.789	  31.02713496 121.43960243 1.75  0.0 0.0
2015-06-25-18 02 25.291	  31.02713496 121.43960243 1.75  0.0 0.0
2015-06-25-18 02 25.800	  31.02713496 121.43960243 1.75  0.0 0.0
2015-06-25-18 02 26.308	  31.02713496 121.43960243 1.75  0.0 0.0
2015-06-25-18 02 26.812	  31.02710467 121.43961673 1.75  0.0 0.0
2015-06-25-18 02 27.320	  31.02710467 121.43961673 1.75  0.0 0.0
2015-06-25-18 02 27.825	  31.02710467 121.43961673 1.75  0.0 0.0
2015-06-25-18 02 28.333	  31.02710467 121.43961673 1.75  0.0 0.0
2015-06-25-18 02 28.837	  31.02707515 121.43963186 1.75  0.0 0.0
2015-06-25-18 02 29.338	  31.02707515 121.43963186 1.75  0.0 0.0
2015-06-25-18 02 29.843	  31.02707515 121.43963186 1.75  0.0 0.0
2015-06-25-18 02 30.349	  31.02707515 121.43963186 1.75  0.0 0.0
2015-06-25-18 02 30.855	  31.02704538 121.43964694 1.75  0.0 0.0
2015-06-25-18 02 31.358	  31.02704538 121.43964694 1.75  0.0 0.0
2015-06-25-18 02 31.869	  31.02704538 121.43964694 1.75  0.0 0.0
2015-06-25-18 02 32.371	  31.02704538 121.43964694 1.75  0.0 0.0
2015-06-25-18 02 32.881	  31.02701465 121.43966282 1.75  0.0 0.0
2015-06-25-18 02 33.385	  31.02701465 121.43966282 1.75  0.0 0.0
2015-06-25-18 02 33.894	  31.02701465 121.43966282 1.75  0.0 0.0
2015-06-25-18 02 34.398	  31.02701465 121.43966282 1.75  0.0 0.0
2015-06-25-18 02 34.903	  31.02698511 121.43967999 1.75  0.0 0.0
2015-06-25-18 02 35.414	  31.02698511 121.43967999 1.75  0.0 0.0
2015-06-25-18 02 35.919	  31.02698511 121.43967999 1.75  0.0 0.0
2015-06-25-18 02 36.429	  31.02698511 121.43967999 1.75  0.0 0.0
2015-06-25-18 02 36.935	  31.02695444 121.43969532 1.75  0.0 0.0
2015-06-25-18 02 37.438	  31.02695444 121.43969532 1.75  0.0 0.0
2015-06-25-18 02 37.943	  31.02695444 121.43969532 1.75  0.0 0.0
2015-06-25-18 02 38.461	  31.02695444 121.43969532 1.75  0.0 0.0
2015-06-25-18 02 38.970	  31.02692499 121.43970911 1.75  0.0 0.0
2015-06-25-18 02 39.509	  31.02692499 121.43970911 1.75  0.0 0.0
2015-06-25-18 02 40.015	  31.02692499 121.43970911 1.75  0.0 0.0
2015-06-25-18 02 40.518	  31.02692499 121.43970911 1.75  0.0 0.0
2015-06-25-18 02 41.022	  31.02689685 121.43972213 1.75  0.0 0.0
2015-06-25-18 02 41.526	  31.02689685 121.43972213 1.75  0.0 0.0
2015-06-25-18 02 42.042	  31.02689685 121.43972213 1.75  0.0 0.0
2015-06-25-18 02 42.543	  31.02686787 121.43973422 1.75  0.0 0.0
2015-06-25-18 02 43.089	  31.02686787 121.43973422 1.75  0.0 0.0
2015-06-25-18 02 43.592	  31.02686787 121.43973422 1.75  0.0 0.0
2015-06-25-18 02 44.101	  31.02686787 121.43973422 1.75  0.0 0.0
2015-06-25-18 02 44.604	  31.02683833 121.43974602 1.75  0.0 0.0
2015-06-25-18 02 45.105	  31.02683833 121.43974602 1.75  0.0 0.0
2015-06-25-18 02 45.611	  31.02683833 121.43974602 1.75  0.0 0.0
2015-06-25-18 02 46.113	  31.02683833 121.43974602 1.75  0.0 0.0
2015-06-25-18 02 46.627	  31.02680904 121.43975922999999 1.75  0.0 0.0
2015-06-25-18 02 47.128	  31.02680904 121.43975922999999 1.75  0.0 0.0
2015-06-25-18 02 47.639	  31.02680904 121.43975922999999 1.75  0.0 0.0
2015-06-25-18 02 48.145	  31.02680904 121.43975922999999 1.75  0.0 0.0
2015-06-25-18 02 48.664	  31.02677936 121.43977344 1.75  0.0 0.0
2015-06-25-18 02 49.175	  31.02677936 121.43977344 1.75  0.0 0.0
2015-06-25-18 02 49.677	  31.02677936 121.43977344 1.75  0.0 0.0
2015-06-25-18 02 50.182	  31.02677936 121.43977344 1.75  0.0 0.0
2015-06-25-18 02 50.686	  31.02674949 121.43978636 1.75  0.0 0.0
2015-06-25-18 02 51.194	  31.02674949 121.43978636 1.75  0.0 0.0
2015-06-25-18 02 51.698	  31.02674949 121.43978636 1.75  0.0 0.0
2015-06-25-18 02 52.202	  31.02674949 121.43978636 1.75  0.0 0.0
2015-06-25-18 02 52.708	  31.02671995 121.43979858 1.75  0.0 0.0
2015-06-25-18 02 53.224	  31.02671995 121.43979858 1.75  0.0 0.0
2015-06-25-18 02 53.725	  31.02671995 121.43979858 1.75  0.0 0.0
2015-06-25-18 02 54.238	  31.02671995 121.43979858 1.75  0.0 0.0
2015-06-25-18 02 54.745	  31.02669031 121.43981098 1.75  0.0 0.0
2015-06-25-18 02 55.247	  31.02669031 121.43981098 1.75  0.0 0.0
2015-06-25-18 02 55.751	  31.02669031 121.43981098 1.75  0.0 0.0
2015-06-25-18 02 56.253	  31.02669031 121.43981098 1.75  0.0 0.0
2015-06-25-18 02 56.757	  31.02665932 121.43982461 1.75  0.0 0.0
2015-06-25-18 02 57.258	  31.02665932 121.43982461 1.75  0.0 0.0
2015-06-25-18 02 57.773	  31.02665932 121.43982461 1.75  0.0 0.0
2015-06-25-18 02 58.281	  31.02665932 121.43982461 1.75  0.0 0.0
2015-06-25-18 02 58.793	  31.02662781 121.43983893 1.75  0.0 0.0
2015-06-25-18 02 59.297	  31.02662781 121.43983893 1.75  0.0 0.0
2015-06-25-18 02 59.800	  31.02662781 121.43983893 1.75  0.0 0.0
2015-06-25-18 03 00.310	  31.02662781 121.43983893 1.75  0.0 0.0
