2015-07-02-19 23 19.398	  0.0 0.0 0.0  0.0 0.0
2015-07-02-19 23 19.501	  0.0 0.0 0.0  0.0 0.0
2015-07-02-19 23 19.603	  0.0 0.0 0.0  0.0 0.0
2015-07-02-19 23 19.705	  0.0 0.0 0.0  0.0 0.0
2015-07-02-19 23 19.808	  0.0 0.0 0.0  0.0 0.0
2015-07-02-19 23 19.911	  0.0 0.0 0.0  0.0 0.0
2015-07-02-19 23 20.014	  0.0 0.0 0.0  0.0 0.0
2015-07-02-19 23 20.115	  0.0 0.0 0.0  0.0 0.0
2015-07-02-19 23 20.217	  0.0 0.0 0.0  0.0 0.0
2015-07-02-19 23 20.320	  0.0 0.0 0.0  0.0 0.0
2015-07-02-19 23 20.422	  0.0 0.0 0.0  0.0 0.0
2015-07-02-19 23 20.523	  0.0 0.0 0.0  0.0 0.0
2015-07-02-19 23 20.626	  0.0 0.0 0.0  0.0 0.0
2015-07-02-19 23 20.728	  0.0 0.0 0.0  0.0 0.0
2015-07-02-19 23 20.830	  0.0 0.0 0.0  0.0 0.0
2015-07-02-19 23 20.932	  0.0 0.0 0.0  0.0 0.0
2015-07-02-19 23 21.035	  0.0 0.0 0.0  0.0 0.0
2015-07-02-19 23 21.136	  0.0 0.0 0.0  0.0 0.0
2015-07-02-19 23 21.238	  0.0 0.0 0.0  0.0 0.0
2015-07-02-19 23 21.341	  0.0 0.0 0.0  0.0 0.0
2015-07-02-19 23 21.442	  0.0 0.0 0.0  0.0 0.0
2015-07-02-19 23 21.544	  0.0 0.0 0.0  0.0 0.0
2015-07-02-19 23 21.646	  0.0 0.0 0.0  0.0 0.0
2015-07-02-19 23 21.749	  0.0 0.0 0.0  0.0 0.0
2015-07-02-19 23 21.851	  0.0 0.0 0.0  0.0 0.0
2015-07-02-19 23 21.953	  0.0 0.0 0.0  0.0 0.0
2015-07-02-19 23 22.054	  0.0 0.0 0.0  0.0 0.0
2015-07-02-19 23 22.158	  0.0 0.0 0.0  0.0 0.0
2015-07-02-19 23 22.259	  0.0 0.0 0.0  0.0 0.0
2015-07-02-19 23 22.366	  0.0 0.0 0.0  0.0 0.0
2015-07-02-19 23 22.481	  0.0 0.0 0.0  0.0 0.0
2015-07-02-19 23 22.583	  0.0 0.0 0.0  0.0 0.0
2015-07-02-19 23 22.684	  0.0 0.0 0.0  0.0 0.0
2015-07-02-19 23 22.786	  0.0 0.0 0.0  0.0 0.0
2015-07-02-19 23 22.888	  0.0 0.0 0.0  0.0 0.0
2015-07-02-19 23 22.990	  31.02777337 121.43940258 1.0  0.0 0.0
2015-07-02-19 23 23.102	  31.02777337 121.43940258 1.0  0.0 0.0
2015-07-02-19 23 23.204	  31.02777337 121.43940258 1.0  0.0 0.0
2015-07-02-19 23 23.307	  31.02777337 121.43940258 1.0  0.0 0.0
2015-07-02-19 23 23.409	  31.02777337 121.43940258 1.0  0.0 0.0
2015-07-02-19 23 23.514	  31.02777337 121.43940258 1.0  0.0 0.0
2015-07-02-19 23 23.621	  31.02777337 121.43940258 1.0  0.0 0.0
2015-07-02-19 23 23.724	  31.02777337 121.43940258 1.0  0.0 0.0
2015-07-02-19 23 23.827	  31.02777337 121.43940258 1.0  0.0 0.0
2015-07-02-19 23 23.932	  31.02777337 121.43940258 1.0  0.0 0.0
2015-07-02-19 23 24.039	  31.02777337 121.43940258 1.0  0.0 0.0
2015-07-02-19 23 24.145	  31.02777337 121.43940258 1.0  0.0 0.0
2015-07-02-19 23 24.248	  31.02777337 121.43940258 1.0  0.0 0.0
2015-07-02-19 23 24.351	  31.02777337 121.43940258 1.0  0.0 0.0
2015-07-02-19 23 24.456	  31.02777337 121.43940258 1.0  0.0 0.0
2015-07-02-19 23 24.561	  31.02777337 121.43940258 1.0  0.0 0.0
2015-07-02-19 23 24.668	  31.02777337 121.43940258 1.0  0.0 0.0
2015-07-02-19 23 24.799	  31.02777337 121.43940258 1.0  0.0 0.0
2015-07-02-19 23 24.902	  31.02777337 121.43940258 1.0  0.0 0.0
2015-07-02-19 23 25.004	  31.02777337 121.43940258 1.0  0.0 0.0
2015-07-02-19 23 25.111	  31.02777337 121.43940258 1.0  0.0 0.0
2015-07-02-19 23 25.214	  31.02777337 121.43940258 1.0  0.0 0.0
2015-07-02-19 23 25.316	  31.02777337 121.43940258 1.0  0.0 0.0
2015-07-02-19 23 25.417	  31.02777337 121.43940258 1.0  0.0 0.0
2015-07-02-19 23 25.520	  31.02777337 121.43940258 1.0  0.0 0.0
2015-07-02-19 23 25.621	  31.02777337 121.43940258 1.0  0.0 0.0
2015-07-02-19 23 25.722	  31.02777337 121.43940258 1.0  0.0 0.0
2015-07-02-19 23 25.826	  31.02777337 121.43940258 1.0  0.0 0.0
2015-07-02-19 23 25.931	  31.02777337 121.43940258 1.0  0.0 0.0
2015-07-02-19 23 26.038	  31.02777337 121.43940258 1.0  0.0 0.0
2015-07-02-19 23 26.150	  31.02774969 121.43939071 1.25  0.0 0.0
2015-07-02-19 23 26.251	  31.02774969 121.43939071 1.25  0.0 0.0
2015-07-02-19 23 26.353	  31.02774969 121.43939071 1.25  0.0 0.0
2015-07-02-19 23 26.457	  31.02774969 121.43939071 1.25  0.0 0.0
2015-07-02-19 23 26.563	  31.02774969 121.43939071 1.25  0.0 0.0
2015-07-02-19 23 26.667	  31.02774969 121.43939071 1.25  0.0 0.0
2015-07-02-19 23 26.773	  31.02774969 121.43939071 1.25  0.0 0.0
2015-07-02-19 23 26.883	  31.02774969 121.43939071 1.25  0.0 0.0
2015-07-02-19 23 26.984	  31.02774969 121.43939071 1.25  0.0 0.0
2015-07-02-19 23 27.091	  31.02774969 121.43939071 1.25  0.0 0.0
2015-07-02-19 23 27.194	  31.02774969 121.43939071 1.25  0.0 0.0
2015-07-02-19 23 27.295	  31.02774969 121.43939071 1.25  0.0 0.0
2015-07-02-19 23 27.396	  31.02774969 121.43939071 1.25  0.0 0.0
2015-07-02-19 23 27.502	  31.02774969 121.43939071 1.25  0.0 0.0
2015-07-02-19 23 27.604	  31.02774969 121.43939071 1.25  0.0 0.0
2015-07-02-19 23 27.708	  31.02774969 121.43939071 1.25  0.0 0.0
2015-07-02-19 23 27.810	  31.02774969 121.43939071 1.25  0.0 0.0
2015-07-02-19 23 27.914	  31.02774969 121.43939071 1.25  0.0 0.0
2015-07-02-19 23 28.018	  31.02774969 121.43939071 1.25  0.0 0.0
2015-07-02-19 23 28.131	  31.02772582 121.43939423 1.25  0.0 0.0
2015-07-02-19 23 28.232	  31.02772582 121.43939423 1.25  0.0 0.0
2015-07-02-19 23 28.334	  31.02772582 121.43939423 1.25  0.0 0.0
2015-07-02-19 23 28.435	  31.02772582 121.43939423 1.25  0.0 0.0
2015-07-02-19 23 28.541	  31.02772582 121.43939423 1.25  0.0 0.0
2015-07-02-19 23 28.655	  31.02772582 121.43939423 1.25  0.0 0.0
2015-07-02-19 23 28.759	  31.02772582 121.43939423 1.25  0.0 0.0
2015-07-02-19 23 28.862	  31.02772582 121.43939423 1.25  0.0 0.0
2015-07-02-19 23 28.964	  31.02772582 121.43939423 1.25  0.0 0.0
2015-07-02-19 23 29.070	  31.02772582 121.43939423 1.25  0.0 0.0
2015-07-02-19 23 29.173	  31.02772582 121.43939423 1.25  0.0 0.0
2015-07-02-19 23 29.276	  31.02772582 121.43939423 1.25  0.0 0.0
2015-07-02-19 23 29.380	  31.02772582 121.43939423 1.25  0.0 0.0
2015-07-02-19 23 29.481	  31.02772582 121.43939423 1.25  0.0 0.0
2015-07-02-19 23 29.583	  31.02772582 121.43939423 1.25  0.0 0.0
2015-07-02-19 23 29.684	  31.02772582 121.43939423 1.25  0.0 0.0
2015-07-02-19 23 29.785	  31.02772582 121.43939423 1.25  0.0 0.0
2015-07-02-19 23 29.887	  31.02772582 121.43939423 1.25  0.0 0.0
2015-07-02-19 23 29.991	  31.02769222 121.43940169 1.25  0.0 0.0
2015-07-02-19 23 30.112	  31.02769222 121.43940169 1.25  0.0 0.0
2015-07-02-19 23 30.216	  31.02769222 121.43940169 1.25  0.0 0.0
2015-07-02-19 23 30.321	  31.02769222 121.43940169 1.25  0.0 0.0
2015-07-02-19 23 30.425	  31.02769222 121.43940169 1.25  0.0 0.0
2015-07-02-19 23 30.529	  31.02769222 121.43940169 1.25  0.0 0.0
2015-07-02-19 23 30.633	  31.02769222 121.43940169 1.25  0.0 0.0
2015-07-02-19 23 30.739	  31.02769222 121.43940169 1.25  0.0 0.0
2015-07-02-19 23 30.841	  31.02769222 121.43940169 1.25  0.0 0.0
2015-07-02-19 23 30.943	  31.02769222 121.43940169 1.25  0.0 0.0
2015-07-02-19 23 31.045	  31.02769222 121.43940169 1.25  0.0 0.0
2015-07-02-19 23 31.148	  31.02769222 121.43940169 1.25  0.0 0.0
2015-07-02-19 23 31.250	  31.02769222 121.43940169 1.25  0.0 0.0
2015-07-02-19 23 31.352	  31.02769222 121.43940169 1.25  0.0 0.0
2015-07-02-19 23 31.456	  31.02769222 121.43940169 1.25  0.0 0.0
2015-07-02-19 23 31.562	  31.02769222 121.43940169 1.25  0.0 0.0
2015-07-02-19 23 31.667	  31.02769222 121.43940169 1.25  0.0 0.0
2015-07-02-19 23 31.776	  31.02769222 121.43940169 1.25  0.0 0.0
2015-07-02-19 23 31.878	  31.02769222 121.43940169 1.25  0.0 0.0
2015-07-02-19 23 31.980	  31.02769222 121.43940169 1.25  0.0 0.0
2015-07-02-19 23 32.082	  31.02769222 121.43940169 1.25  0.0 0.0
2015-07-02-19 23 32.193	  31.02765987 121.43940821 1.25  0.0 0.0
2015-07-02-19 23 32.298	  31.02765987 121.43940821 1.25  0.0 0.0
2015-07-02-19 23 32.401	  31.02765987 121.43940821 1.25  0.0 0.0
2015-07-02-19 23 32.503	  31.02765987 121.43940821 1.25  0.0 0.0
2015-07-02-19 23 32.611	  31.02765987 121.43940821 1.25  0.0 0.0
2015-07-02-19 23 32.724	  31.02765987 121.43940821 1.25  0.0 0.0
2015-07-02-19 23 32.828	  31.02765987 121.43940821 1.25  0.0 0.0
2015-07-02-19 23 32.930	  31.02765987 121.43940821 1.25  0.0 0.0
2015-07-02-19 23 33.032	  31.02765987 121.43940821 1.25  0.0 0.0
2015-07-02-19 23 33.136	  31.02765987 121.43940821 1.25  0.0 0.0
2015-07-02-19 23 33.240	  31.02765987 121.43940821 1.25  0.0 0.0
2015-07-02-19 23 33.354	  31.02765987 121.43940821 1.25  0.0 0.0
2015-07-02-19 23 33.458	  31.02765987 121.43940821 1.25  0.0 0.0
2015-07-02-19 23 33.562	  31.02765987 121.43940821 1.25  0.0 0.0
2015-07-02-19 23 33.667	  31.02765987 121.43940821 1.25  0.0 0.0
2015-07-02-19 23 33.773	  31.02765987 121.43940821 1.25  0.0 0.0
2015-07-02-19 23 33.879	  31.02765987 121.43940821 1.25  0.0 0.0
2015-07-02-19 23 33.980	  31.02765987 121.43940821 1.25  0.0 0.0
2015-07-02-19 23 34.083	  31.02765987 121.43940821 1.25  0.0 0.0
2015-07-02-19 23 34.184	  31.02762929 121.43941806 1.25  0.0 0.0
2015-07-02-19 23 34.290	  31.02762929 121.43941806 1.25  0.0 0.0
2015-07-02-19 23 34.393	  31.02762929 121.43941806 1.25  0.0 0.0
2015-07-02-19 23 34.496	  31.02762929 121.43941806 1.25  0.0 0.0
2015-07-02-19 23 34.602	  31.02762929 121.43941806 1.25  0.0 0.0
2015-07-02-19 23 34.709	  31.02762929 121.43941806 1.25  0.0 0.0
2015-07-02-19 23 34.814	  31.02762929 121.43941806 1.25  0.0 0.0
2015-07-02-19 23 34.916	  31.02762929 121.43941806 1.25  0.0 0.0
2015-07-02-19 23 35.022	  31.02762929 121.43941806 1.25  0.0 0.0
2015-07-02-19 23 35.126	  31.02762929 121.43941806 1.25  0.0 0.0
2015-07-02-19 23 35.228	  31.02762929 121.43941806 1.25  0.0 0.0
2015-07-02-19 23 35.330	  31.02762929 121.43941806 1.25  0.0 0.0
2015-07-02-19 23 35.432	  31.02762929 121.43941806 1.25  0.0 0.0
2015-07-02-19 23 35.539	  31.02762929 121.43941806 1.25  0.0 0.0
2015-07-02-19 23 35.643	  31.02762929 121.43941806 1.25  0.0 0.0
2015-07-02-19 23 35.748	  31.02762929 121.43941806 1.25  0.0 0.0
2015-07-02-19 23 35.853	  31.02762929 121.43941806 1.25  0.0 0.0
2015-07-02-19 23 35.954	  31.02762929 121.43941806 1.25  0.0 0.0
2015-07-02-19 23 36.056	  31.02762929 121.43941806 1.25  0.0 0.0
2015-07-02-19 23 36.158	  31.02760226 121.4394284 1.25  0.0 0.0
2015-07-02-19 23 36.260	  31.02760226 121.4394284 1.25  0.0 0.0
2015-07-02-19 23 36.362	  31.02760226 121.4394284 1.25  0.0 0.0
2015-07-02-19 23 36.466	  31.02760226 121.4394284 1.25  0.0 0.0
2015-07-02-19 23 36.574	  31.02760226 121.4394284 1.25  0.0 0.0
2015-07-02-19 23 36.683	  31.02760226 121.4394284 1.25  0.0 0.0
2015-07-02-19 23 36.784	  31.02760226 121.4394284 1.25  0.0 0.0
2015-07-02-19 23 36.889	  31.02760226 121.4394284 1.25  0.0 0.0
2015-07-02-19 23 36.996	  31.02760226 121.4394284 1.25  0.0 0.0
2015-07-02-19 23 37.112	  31.02760226 121.4394284 1.25  0.0 0.0
2015-07-02-19 23 37.214	  31.02760226 121.4394284 1.25  0.0 0.0
2015-07-02-19 23 37.316	  31.02760226 121.4394284 1.25  0.0 0.0
2015-07-02-19 23 37.419	  31.02760226 121.4394284 1.25  0.0 0.0
2015-07-02-19 23 37.529	  31.02760226 121.4394284 1.25  0.0 0.0
2015-07-02-19 23 37.630	  31.02760226 121.4394284 1.25  0.0 0.0
2015-07-02-19 23 37.731	  31.02760226 121.4394284 1.25  0.0 0.0
2015-07-02-19 23 37.834	  31.02760226 121.4394284 1.25  0.0 0.0
2015-07-02-19 23 37.942	  31.02760226 121.4394284 1.25  0.0 0.0
2015-07-02-19 23 38.044	  31.0275762 121.43943739 1.25  0.0 0.0
2015-07-02-19 23 38.146	  31.0275762 121.43943739 1.25  0.0 0.0
2015-07-02-19 23 38.248	  31.0275762 121.43943739 1.25  0.0 0.0
2015-07-02-19 23 38.357	  31.0275762 121.43943739 1.25  0.0 0.0
2015-07-02-19 23 38.463	  31.0275762 121.43943739 1.25  0.0 0.0
2015-07-02-19 23 38.569	  31.0275762 121.43943739 1.25  0.0 0.0
2015-07-02-19 23 38.676	  31.0275762 121.43943739 1.25  0.0 0.0
2015-07-02-19 23 38.781	  31.0275762 121.43943739 1.25  0.0 0.0
2015-07-02-19 23 38.883	  31.0275762 121.43943739 1.25  0.0 0.0
2015-07-02-19 23 38.984	  31.0275762 121.43943739 1.25  0.0 0.0
2015-07-02-19 23 39.085	  31.0275762 121.43943739 1.25  0.0 0.0
2015-07-02-19 23 39.193	  31.0275762 121.43943739 1.25  0.0 0.0
2015-07-02-19 23 39.296	  31.0275762 121.43943739 1.25  0.0 0.0
2015-07-02-19 23 39.401	  31.0275762 121.43943739 1.25  0.0 0.0
2015-07-02-19 23 39.503	  31.0275762 121.43943739 1.25  0.0 0.0
2015-07-02-19 23 39.610	  31.0275762 121.43943739 1.25  0.0 0.0
2015-07-02-19 23 39.713	  31.0275762 121.43943739 1.25  0.0 0.0
2015-07-02-19 23 39.815	  31.0275762 121.43943739 1.25  0.0 0.0
2015-07-02-19 23 39.980	  31.0275762 121.43943739 1.25  0.0 0.0
2015-07-02-19 23 40.082	  31.02754972 121.43944337 1.25  0.0 0.0
2015-07-02-19 23 40.184	  31.02754972 121.43944337 1.25  0.0 0.0
2015-07-02-19 23 40.289	  31.02754972 121.43944337 1.25  0.0 0.0
2015-07-02-19 23 40.393	  31.02754972 121.43944337 1.25  0.0 0.0
2015-07-02-19 23 40.495	  31.02754972 121.43944337 1.25  0.0 0.0
2015-07-02-19 23 40.602	  31.02754972 121.43944337 1.25  0.0 0.0
2015-07-02-19 23 40.723	  31.02754972 121.43944337 1.25  0.0 0.0
2015-07-02-19 23 40.825	  31.02754972 121.43944337 1.25  0.0 0.0
2015-07-02-19 23 40.927	  31.02754972 121.43944337 1.25  0.0 0.0
2015-07-02-19 23 41.029	  31.02754972 121.43944337 1.25  0.0 0.0
2015-07-02-19 23 41.135	  31.02754972 121.43944337 1.25  0.0 0.0
2015-07-02-19 23 41.242	  31.02754972 121.43944337 1.25  0.0 0.0
2015-07-02-19 23 41.345	  31.02754972 121.43944337 1.25  0.0 0.0
2015-07-02-19 23 41.447	  31.02754972 121.43944337 1.25  0.0 0.0
2015-07-02-19 23 41.549	  31.02754972 121.43944337 1.25  0.0 0.0
2015-07-02-19 23 41.651	  31.02754972 121.43944337 1.25  0.0 0.0
2015-07-02-19 23 41.763	  31.02754972 121.43944337 1.25  0.0 0.0
2015-07-02-19 23 41.866	  31.02754972 121.43944337 1.25  0.0 0.0
2015-07-02-19 23 41.969	  31.02754972 121.43944337 1.25  0.0 0.0
2015-07-02-19 23 42.073	  31.02754972 121.43944337 1.25  0.0 0.0
2015-07-02-19 23 42.175	  31.02754972 121.43944337 1.25  0.0 0.0
2015-07-02-19 23 42.278	  31.02754972 121.43944337 1.25  0.0 0.0
2015-07-02-19 23 42.382	  31.02754972 121.43944337 1.25  0.0 0.0
2015-07-02-19 23 42.486	  31.02754972 121.43944337 1.25  0.0 0.0
2015-07-02-19 23 42.592	  31.02754972 121.43944337 1.25  0.0 0.0
2015-07-02-19 23 42.697	  31.02754972 121.43944337 1.25  0.0 0.0
2015-07-02-19 23 42.813	  31.02754972 121.43944337 1.25  0.0 0.0
2015-07-02-19 23 42.916	  31.02754972 121.43944337 1.25  0.0 0.0
2015-07-02-19 23 43.019	  31.02754972 121.43944337 1.25  0.0 0.0
2015-07-02-19 23 43.122	  31.02754972 121.43944337 1.25  0.0 0.0
2015-07-02-19 23 43.224	  31.02754972 121.43944337 1.25  0.0 0.0
2015-07-02-19 23 43.325	  31.02754972 121.43944337 1.25  0.0 0.0
2015-07-02-19 23 43.427	  31.02754972 121.43944337 1.25  0.0 0.0
2015-07-02-19 23 43.530	  31.02754972 121.43944337 1.25  0.0 0.0
2015-07-02-19 23 43.636	  31.02754972 121.43944337 1.25  0.0 0.0
2015-07-02-19 23 43.745	  31.02754972 121.43944337 1.25  0.0 0.0
2015-07-02-19 23 43.848	  31.02754972 121.43944337 1.25  0.0 0.0
2015-07-02-19 23 43.950	  31.02754972 121.43944337 1.25  0.0 0.0
2015-07-02-19 23 44.063	  31.027523 121.4394562 1.0  0.0 0.0
2015-07-02-19 23 44.164	  31.027523 121.4394562 1.0  0.0 0.0
2015-07-02-19 23 44.266	  31.027523 121.4394562 1.0  0.0 0.0
2015-07-02-19 23 44.374	  31.027523 121.4394562 1.0  0.0 0.0
2015-07-02-19 23 44.480	  31.027523 121.4394562 1.0  0.0 0.0
2015-07-02-19 23 44.583	  31.027523 121.4394562 1.0  0.0 0.0
2015-07-02-19 23 44.685	  31.027523 121.4394562 1.0  0.0 0.0
2015-07-02-19 23 44.787	  31.027523 121.4394562 1.0  0.0 0.0
2015-07-02-19 23 44.895	  31.027523 121.4394562 1.0  0.0 0.0
2015-07-02-19 23 45.046	  31.027523 121.4394562 1.0  0.0 0.0
2015-07-02-19 23 45.148	  31.027523 121.4394562 1.0  0.0 0.0
2015-07-02-19 23 45.258	  31.027523 121.4394562 1.0  0.0 0.0
2015-07-02-19 23 45.361	  31.027523 121.4394562 1.0  0.0 0.0
2015-07-02-19 23 45.467	  31.027523 121.4394562 1.0  0.0 0.0
2015-07-02-19 23 45.582	  31.027523 121.4394562 1.0  0.0 0.0
2015-07-02-19 23 45.683	  31.027523 121.4394562 1.0  0.0 0.0
2015-07-02-19 23 45.784	  31.027523 121.4394562 1.0  0.0 0.0
2015-07-02-19 23 45.890	  31.027523 121.4394562 1.0  0.0 0.0
2015-07-02-19 23 45.995	  31.02750181 121.43946422 1.0  0.0 0.0
2015-07-02-19 23 46.124	  31.02750181 121.43946422 1.0  0.0 0.0
2015-07-02-19 23 46.230	  31.02750181 121.43946422 1.0  0.0 0.0
2015-07-02-19 23 46.335	  31.02750181 121.43946422 1.0  0.0 0.0
2015-07-02-19 23 46.439	  31.02750181 121.43946422 1.0  0.0 0.0
2015-07-02-19 23 46.551	  31.02750181 121.43946422 1.0  0.0 0.0
2015-07-02-19 23 46.652	  31.02750181 121.43946422 1.0  0.0 0.0
2015-07-02-19 23 46.753	  31.02750181 121.43946422 1.0  0.0 0.0
2015-07-02-19 23 46.866	  31.02750181 121.43946422 1.0  0.0 0.0
2015-07-02-19 23 46.969	  31.02750181 121.43946422 1.0  0.0 0.0
2015-07-02-19 23 47.079	  31.02750181 121.43946422 1.0  0.0 0.0
2015-07-02-19 23 47.182	  31.02750181 121.43946422 1.0  0.0 0.0
2015-07-02-19 23 47.285	  31.02750181 121.43946422 1.0  0.0 0.0
2015-07-02-19 23 47.388	  31.02750181 121.43946422 1.0  0.0 0.0
2015-07-02-19 23 47.502	  31.02750181 121.43946422 1.0  0.0 0.0
2015-07-02-19 23 47.606	  31.02750181 121.43946422 1.0  0.0 0.0
2015-07-02-19 23 47.710	  31.02750181 121.43946422 1.0  0.0 0.0
2015-07-02-19 23 47.827	  31.02750181 121.43946422 1.0  0.0 0.0
2015-07-02-19 23 47.928	  31.02750181 121.43946422 1.0  0.0 0.0
2015-07-02-19 23 48.031	  31.02750181 121.43946422 1.0  0.0 0.0
2015-07-02-19 23 48.145	  31.02748111 121.43947414 1.25  0.0 0.0
2015-07-02-19 23 48.246	  31.02748111 121.43947414 1.25  0.0 0.0
2015-07-02-19 23 48.347	  31.02748111 121.43947414 1.25  0.0 0.0
2015-07-02-19 23 48.454	  31.02748111 121.43947414 1.25  0.0 0.0
2015-07-02-19 23 48.556	  31.02748111 121.43947414 1.25  0.0 0.0
2015-07-02-19 23 48.657	  31.02748111 121.43947414 1.25  0.0 0.0
2015-07-02-19 23 48.766	  31.02748111 121.43947414 1.25  0.0 0.0
2015-07-02-19 23 48.869	  31.02748111 121.43947414 1.25  0.0 0.0
2015-07-02-19 23 48.974	  31.02748111 121.43947414 1.25  0.0 0.0
2015-07-02-19 23 49.090	  31.02748111 121.43947414 1.25  0.0 0.0
2015-07-02-19 23 49.191	  31.02748111 121.43947414 1.25  0.0 0.0
2015-07-02-19 23 49.295	  31.02748111 121.43947414 1.25  0.0 0.0
2015-07-02-19 23 49.406	  31.02748111 121.43947414 1.25  0.0 0.0
2015-07-02-19 23 49.513	  31.02748111 121.43947414 1.25  0.0 0.0
2015-07-02-19 23 49.621	  31.02748111 121.43947414 1.25  0.0 0.0
2015-07-02-19 23 49.734	  31.02748111 121.43947414 1.25  0.0 0.0
2015-07-02-19 23 49.836	  31.02748111 121.43947414 1.25  0.0 0.0
2015-07-02-19 23 49.937	  31.02748111 121.43947414 1.25  0.0 0.0
2015-07-02-19 23 50.042	  31.02748111 121.43947414 1.25  0.0 0.0
2015-07-02-19 23 50.143	  31.02748111 121.43947414 1.25  0.0 0.0
2015-07-02-19 23 50.247	  31.02746 121.43948346 1.25  0.0 0.0
2015-07-02-19 23 50.349	  31.02746 121.43948346 1.25  0.0 0.0
2015-07-02-19 23 50.464	  31.02746 121.43948346 1.25  0.0 0.0
2015-07-02-19 23 50.566	  31.02746 121.43948346 1.25  0.0 0.0
2015-07-02-19 23 50.668	  31.02746 121.43948346 1.25  0.0 0.0
2015-07-02-19 23 50.773	  31.02746 121.43948346 1.25  0.0 0.0
2015-07-02-19 23 50.875	  31.02746 121.43948346 1.25  0.0 0.0
2015-07-02-19 23 50.977	  31.02746 121.43948346 1.25  0.0 0.0
2015-07-02-19 23 51.085	  31.02746 121.43948346 1.25  0.0 0.0
2015-07-02-19 23 51.191	  31.02746 121.43948346 1.25  0.0 0.0
2015-07-02-19 23 51.295	  31.02746 121.43948346 1.25  0.0 0.0
2015-07-02-19 23 51.404	  31.02746 121.43948346 1.25  0.0 0.0
2015-07-02-19 23 51.510	  31.02746 121.43948346 1.25  0.0 0.0
2015-07-02-19 23 51.614	  31.02746 121.43948346 1.25  0.0 0.0
2015-07-02-19 23 51.726	  31.02746 121.43948346 1.25  0.0 0.0
2015-07-02-19 23 51.830	  31.02746 121.43948346 1.25  0.0 0.0
2015-07-02-19 23 51.935	  31.02746 121.43948346 1.25  0.0 0.0
2015-07-02-19 23 52.048	  31.02746 121.43948346 1.25  0.0 0.0
2015-07-02-19 23 52.149	  31.0274379 121.43949214 1.25  0.0 0.0
2015-07-02-19 23 52.252	  31.0274379 121.43949214 1.25  0.0 0.0
2015-07-02-19 23 52.358	  31.0274379 121.43949214 1.25  0.0 0.0
2015-07-02-19 23 52.463	  31.0274379 121.43949214 1.25  0.0 0.0
2015-07-02-19 23 52.567	  31.0274379 121.43949214 1.25  0.0 0.0
2015-07-02-19 23 52.747	  31.0274379 121.43949214 1.25  0.0 0.0
2015-07-02-19 23 52.853	  31.0274379 121.43949214 1.25  0.0 0.0
2015-07-02-19 23 52.964	  31.0274379 121.43949214 1.25  0.0 0.0
2015-07-02-19 23 53.066	  31.0274379 121.43949214 1.25  0.0 0.0
2015-07-02-19 23 53.170	  31.0274379 121.43949214 1.25  0.0 0.0
2015-07-02-19 23 53.287	  31.0274379 121.43949214 1.25  0.0 0.0
2015-07-02-19 23 53.389	  31.0274379 121.43949214 1.25  0.0 0.0
2015-07-02-19 23 53.490	  31.0274379 121.43949214 1.25  0.0 0.0
2015-07-02-19 23 53.606	  31.0274379 121.43949214 1.25  0.0 0.0
2015-07-02-19 23 53.708	  31.0274379 121.43949214 1.25  0.0 0.0
2015-07-02-19 23 53.811	  31.0274379 121.43949214 1.25  0.0 0.0
2015-07-02-19 23 53.919	  31.0274379 121.43949214 1.25  0.0 0.0
2015-07-02-19 23 54.025	  31.02741705 121.43950149 1.25  0.0 0.0
2015-07-02-19 23 54.152	  31.02741705 121.43950149 1.25  0.0 0.0
2015-07-02-19 23 54.253	  31.02741705 121.43950149 1.25  0.0 0.0
2015-07-02-19 23 54.357	  31.02741705 121.43950149 1.25  0.0 0.0
2015-07-02-19 23 54.463	  31.02741705 121.43950149 1.25  0.0 0.0
2015-07-02-19 23 54.570	  31.02741705 121.43950149 1.25  0.0 0.0
2015-07-02-19 23 54.743	  31.02741705 121.43950149 1.25  0.0 0.0
2015-07-02-19 23 54.846	  31.02741705 121.43950149 1.25  0.0 0.0
2015-07-02-19 23 54.952	  31.02741705 121.43950149 1.25  0.0 0.0
2015-07-02-19 23 55.058	  31.02741705 121.43950149 1.25  0.0 0.0
2015-07-02-19 23 55.159	  31.02741705 121.43950149 1.25  0.0 0.0
2015-07-02-19 23 55.261	  31.02741705 121.43950149 1.25  0.0 0.0
2015-07-02-19 23 55.447	  31.02741705 121.43950149 1.25  0.0 0.0
2015-07-02-19 23 55.550	  31.02741705 121.43950149 1.25  0.0 0.0
2015-07-02-19 23 55.657	  31.02741705 121.43950149 1.25  0.0 0.0
2015-07-02-19 23 55.760	  31.02741705 121.43950149 1.25  0.0 0.0
2015-07-02-19 23 55.870	  31.02741705 121.43950149 1.25  0.0 0.0
2015-07-02-19 23 55.976	  31.02741705 121.43950149 1.25  0.0 0.0
2015-07-02-19 23 56.082	  31.02739538 121.43951224 1.25  0.0 0.0
2015-07-02-19 23 56.239	  31.02739538 121.43951224 1.25  0.0 0.0
2015-07-02-19 23 56.340	  31.02739538 121.43951224 1.25  0.0 0.0
2015-07-02-19 23 56.448	  31.02739538 121.43951224 1.25  0.0 0.0
2015-07-02-19 23 56.554	  31.02739538 121.43951224 1.25  0.0 0.0
2015-07-02-19 23 56.663	  31.02739538 121.43951224 1.25  0.0 0.0
2015-07-02-19 23 56.771	  31.02739538 121.43951224 1.25  0.0 0.0
2015-07-02-19 23 56.874	  31.02739538 121.43951224 1.25  0.0 0.0
2015-07-02-19 23 56.979	  31.02739538 121.43951224 1.25  0.0 0.0
2015-07-02-19 23 57.084	  31.02739538 121.43951224 1.25  0.0 0.0
2015-07-02-19 23 57.189	  31.02739538 121.43951224 1.25  0.0 0.0
2015-07-02-19 23 57.292	  31.02739538 121.43951224 1.25  0.0 0.0
2015-07-02-19 23 57.394	  31.02739538 121.43951224 1.25  0.0 0.0
2015-07-02-19 23 57.501	  31.02739538 121.43951224 1.25  0.0 0.0
2015-07-02-19 23 57.604	  31.02739538 121.43951224 1.25  0.0 0.0
2015-07-02-19 23 57.717	  31.02739538 121.43951224 1.25  0.0 0.0
2015-07-02-19 23 57.819	  31.02739538 121.43951224 1.25  0.0 0.0
2015-07-02-19 23 57.923	  31.02739538 121.43951224 1.25  0.0 0.0
2015-07-02-19 23 58.027	  31.02737293 121.43952164 1.25  0.0 0.0
2015-07-02-19 23 58.144	  31.02737293 121.43952164 1.25  0.0 0.0
2015-07-02-19 23 58.246	  31.02737293 121.43952164 1.25  0.0 0.0
2015-07-02-19 23 58.348	  31.02737293 121.43952164 1.25  0.0 0.0
2015-07-02-19 23 58.452	  31.02737293 121.43952164 1.25  0.0 0.0
2015-07-02-19 23 58.554	  31.02737293 121.43952164 1.25  0.0 0.0
2015-07-02-19 23 58.665	  31.02737293 121.43952164 1.25  0.0 0.0
2015-07-02-19 23 58.768	  31.02737293 121.43952164 1.25  0.0 0.0
2015-07-02-19 23 58.872	  31.02737293 121.43952164 1.25  0.0 0.0
2015-07-02-19 23 58.994	  31.02737293 121.43952164 1.25  0.0 0.0
2015-07-02-19 23 59.145	  31.02737293 121.43952164 1.25  0.0 0.0
2015-07-02-19 23 59.247	  31.02737293 121.43952164 1.25  0.0 0.0
2015-07-02-19 23 59.349	  31.02737293 121.43952164 1.25  0.0 0.0
2015-07-02-19 23 59.453	  31.02737293 121.43952164 1.25  0.0 0.0
2015-07-02-19 23 59.557	  31.02737293 121.43952164 1.25  0.0 0.0
2015-07-02-19 23 59.661	  31.02737293 121.43952164 1.25  0.0 0.0
2015-07-02-19 23 59.762	  31.02737293 121.43952164 1.25  0.0 0.0
2015-07-02-19 23 59.864	  31.02737293 121.43952164 1.25  0.0 0.0
2015-07-02-19 23 59.966	  31.02737293 121.43952164 1.25  0.0 0.0
2015-07-02-19 24 00.086	  31.02735112 121.43953545 1.25  0.0 0.0
2015-07-02-19 24 00.189	  31.02735112 121.43953545 1.25  0.0 0.0
2015-07-02-19 24 00.291	  31.02735112 121.43953545 1.25  0.0 0.0
2015-07-02-19 24 00.398	  31.02735112 121.43953545 1.25  0.0 0.0
2015-07-02-19 24 00.503	  31.02735112 121.43953545 1.25  0.0 0.0
2015-07-02-19 24 00.616	  31.02735112 121.43953545 1.25  0.0 0.0
2015-07-02-19 24 00.718	  31.02735112 121.43953545 1.25  0.0 0.0
2015-07-02-19 24 00.823	  31.02735112 121.43953545 1.25  0.0 0.0
2015-07-02-19 24 00.926	  31.02735112 121.43953545 1.25  0.0 0.0
2015-07-02-19 24 01.031	  31.02735112 121.43953545 1.25  0.0 0.0
2015-07-02-19 24 01.133	  31.02735112 121.43953545 1.25  0.0 0.0
2015-07-02-19 24 01.238	  31.02735112 121.43953545 1.25  0.0 0.0
2015-07-02-19 24 01.340	  31.02735112 121.43953545 1.25  0.0 0.0
2015-07-02-19 24 01.443	  31.02735112 121.43953545 1.25  0.0 0.0
2015-07-02-19 24 01.546	  31.02735112 121.43953545 1.25  0.0 0.0
2015-07-02-19 24 01.649	  31.02735112 121.43953545 1.25  0.0 0.0
2015-07-02-19 24 01.751	  31.02735112 121.43953545 1.25  0.0 0.0
2015-07-02-19 24 01.852	  31.02735112 121.43953545 1.25  0.0 0.0
2015-07-02-19 24 01.955	  31.02735112 121.43953545 1.25  0.0 0.0
2015-07-02-19 24 02.070	  31.02732978 121.43954691 1.25  0.0 0.0
2015-07-02-19 24 02.172	  31.02732978 121.43954691 1.25  0.0 0.0
2015-07-02-19 24 02.275	  31.02732978 121.43954691 1.25  0.0 0.0
2015-07-02-19 24 02.378	  31.02732978 121.43954691 1.25  0.0 0.0
2015-07-02-19 24 02.488	  31.02732978 121.43954691 1.25  0.0 0.0
2015-07-02-19 24 02.597	  31.02732978 121.43954691 1.25  0.0 0.0
2015-07-02-19 24 02.701	  31.02732978 121.43954691 1.25  0.0 0.0
2015-07-02-19 24 02.803	  31.02732978 121.43954691 1.25  0.0 0.0
2015-07-02-19 24 02.907	  31.02732978 121.43954691 1.25  0.0 0.0
2015-07-02-19 24 03.009	  31.02732978 121.43954691 1.25  0.0 0.0
2015-07-02-19 24 03.110	  31.02732978 121.43954691 1.25  0.0 0.0
2015-07-02-19 24 03.213	  31.02732978 121.43954691 1.25  0.0 0.0
2015-07-02-19 24 03.320	  31.02732978 121.43954691 1.25  0.0 0.0
2015-07-02-19 24 03.422	  31.02732978 121.43954691 1.25  0.0 0.0
2015-07-02-19 24 03.523	  31.02732978 121.43954691 1.25  0.0 0.0
2015-07-02-19 24 03.632	  31.02732978 121.43954691 1.25  0.0 0.0
2015-07-02-19 24 03.736	  31.02732978 121.43954691 1.25  0.0 0.0
2015-07-02-19 24 03.838	  31.02732978 121.43954691 1.25  0.0 0.0
2015-07-02-19 24 03.942	  31.02732978 121.43954691 1.25  0.0 0.0
2015-07-02-19 24 04.044	  31.02730752 121.43956001 1.25  0.0 0.0
2015-07-02-19 24 04.146	  31.02730752 121.43956001 1.25  0.0 0.0
2015-07-02-19 24 04.248	  31.02730752 121.43956001 1.25  0.0 0.0
2015-07-02-19 24 04.352	  31.02730752 121.43956001 1.25  0.0 0.0
2015-07-02-19 24 04.461	  31.02730752 121.43956001 1.25  0.0 0.0
2015-07-02-19 24 04.579	  31.02730752 121.43956001 1.25  0.0 0.0
2015-07-02-19 24 04.680	  31.02730752 121.43956001 1.25  0.0 0.0
2015-07-02-19 24 04.782	  31.02730752 121.43956001 1.25  0.0 0.0
2015-07-02-19 24 04.884	  31.02730752 121.43956001 1.25  0.0 0.0
2015-07-02-19 24 04.988	  31.02730752 121.43956001 1.25  0.0 0.0
2015-07-02-19 24 05.089	  31.02730752 121.43956001 1.25  0.0 0.0
2015-07-02-19 24 05.198	  31.02730752 121.43956001 1.25  0.0 0.0
2015-07-02-19 24 05.299	  31.02730752 121.43956001 1.25  0.0 0.0
2015-07-02-19 24 05.402	  31.02730752 121.43956001 1.25  0.0 0.0
2015-07-02-19 24 05.518	  31.02730752 121.43956001 1.25  0.0 0.0
2015-07-02-19 24 05.622	  31.02730752 121.43956001 1.25  0.0 0.0
2015-07-02-19 24 05.726	  31.02730752 121.43956001 1.25  0.0 0.0
2015-07-02-19 24 05.830	  31.02730752 121.43956001 1.25  0.0 0.0
2015-07-02-19 24 05.944	  31.02730752 121.43956001 1.25  0.0 0.0
2015-07-02-19 24 06.046	  31.02728388 121.43957365 1.25  0.0 0.0
2015-07-02-19 24 06.150	  31.02728388 121.43957365 1.25  0.0 0.0
2015-07-02-19 24 06.253	  31.02728388 121.43957365 1.25  0.0 0.0
2015-07-02-19 24 06.359	  31.02728388 121.43957365 1.25  0.0 0.0
2015-07-02-19 24 06.463	  31.02728388 121.43957365 1.25  0.0 0.0
2015-07-02-19 24 06.570	  31.02728388 121.43957365 1.25  0.0 0.0
2015-07-02-19 24 06.673	  31.02728388 121.43957365 1.25  0.0 0.0
2015-07-02-19 24 06.782	  31.02728388 121.43957365 1.25  0.0 0.0
2015-07-02-19 24 06.885	  31.02728388 121.43957365 1.25  0.0 0.0
2015-07-02-19 24 06.992	  31.02728388 121.43957365 1.25  0.0 0.0
2015-07-02-19 24 07.107	  31.02728388 121.43957365 1.25  0.0 0.0
2015-07-02-19 24 07.218	  31.02728388 121.43957365 1.25  0.0 0.0
2015-07-02-19 24 07.323	  31.02728388 121.43957365 1.25  0.0 0.0
2015-07-02-19 24 07.433	  31.02728388 121.43957365 1.25  0.0 0.0
2015-07-02-19 24 07.536	  31.02728388 121.43957365 1.25  0.0 0.0
2015-07-02-19 24 07.647	  31.02728388 121.43957365 1.25  0.0 0.0
2015-07-02-19 24 07.750	  31.02728388 121.43957365 1.25  0.0 0.0
2015-07-02-19 24 07.859	  31.02728388 121.43957365 1.25  0.0 0.0
2015-07-02-19 24 07.962	  31.02728388 121.43957365 1.25  0.0 0.0
2015-07-02-19 24 08.082	  31.02726102 121.43958618 1.25  0.0 0.0
2015-07-02-19 24 08.183	  31.02726102 121.43958618 1.25  0.0 0.0
2015-07-02-19 24 08.289	  31.02726102 121.43958618 1.25  0.0 0.0
2015-07-02-19 24 08.391	  31.02726102 121.43958618 1.25  0.0 0.0
2015-07-02-19 24 08.505	  31.02726102 121.43958618 1.25  0.0 0.0
2015-07-02-19 24 08.607	  31.02726102 121.43958618 1.25  0.0 0.0
2015-07-02-19 24 08.713	  31.02726102 121.43958618 1.25  0.0 0.0
2015-07-02-19 24 08.816	  31.02726102 121.43958618 1.25  0.0 0.0
2015-07-02-19 24 08.921	  31.02726102 121.43958618 1.25  0.0 0.0
2015-07-02-19 24 09.024	  31.02726102 121.43958618 1.25  0.0 0.0
2015-07-02-19 24 09.147	  31.02726102 121.43958618 1.25  0.0 0.0
2015-07-02-19 24 09.250	  31.02726102 121.43958618 1.25  0.0 0.0
2015-07-02-19 24 09.360	  31.02726102 121.43958618 1.25  0.0 0.0
2015-07-02-19 24 09.464	  31.02726102 121.43958618 1.25  0.0 0.0
2015-07-02-19 24 09.572	  31.02726102 121.43958618 1.25  0.0 0.0
2015-07-02-19 24 09.677	  31.02726102 121.43958618 1.25  0.0 0.0
2015-07-02-19 24 09.791	  31.02726102 121.43958618 1.25  0.0 0.0
2015-07-02-19 24 09.892	  31.02726102 121.43958618 1.25  0.0 0.0
2015-07-02-19 24 09.998	  31.02723929 121.4395953 1.25  0.0 0.0
2015-07-02-19 24 10.101	  31.02723929 121.4395953 1.25  0.0 0.0
2015-07-02-19 24 10.212	  31.02723929 121.4395953 1.25  0.0 0.0
2015-07-02-19 24 10.322	  31.02723929 121.4395953 1.25  0.0 0.0
2015-07-02-19 24 10.431	  31.02723929 121.4395953 1.25  0.0 0.0
2015-07-02-19 24 10.542	  31.02723929 121.4395953 1.25  0.0 0.0
2015-07-02-19 24 10.643	  31.02723929 121.4395953 1.25  0.0 0.0
2015-07-02-19 24 10.748	  31.02723929 121.4395953 1.25  0.0 0.0
2015-07-02-19 24 10.852	  31.02723929 121.4395953 1.25  0.0 0.0
2015-07-02-19 24 10.956	  31.02723929 121.4395953 1.25  0.0 0.0
2015-07-02-19 24 11.060	  31.02723929 121.4395953 1.25  0.0 0.0
2015-07-02-19 24 11.169	  31.02723929 121.4395953 1.25  0.0 0.0
2015-07-02-19 24 11.274	  31.02723929 121.4395953 1.25  0.0 0.0
2015-07-02-19 24 11.387	  31.02723929 121.4395953 1.25  0.0 0.0
2015-07-02-19 24 11.490	  31.02723929 121.4395953 1.25  0.0 0.0
2015-07-02-19 24 11.596	  31.02723929 121.4395953 1.25  0.0 0.0
2015-07-02-19 24 11.698	  31.02723929 121.4395953 1.25  0.0 0.0
2015-07-02-19 24 11.806	  31.02723929 121.4395953 1.25  0.0 0.0
2015-07-02-19 24 11.909	  31.02723929 121.4395953 1.25  0.0 0.0
2015-07-02-19 24 12.015	  31.02721511 121.43960441 1.25  0.0 0.0
2015-07-02-19 24 12.118	  31.02721511 121.43960441 1.25  0.0 0.0
2015-07-02-19 24 12.227	  31.02721511 121.43960441 1.25  0.0 0.0
2015-07-02-19 24 12.337	  31.02721511 121.43960441 1.25  0.0 0.0
2015-07-02-19 24 12.448	  31.02721511 121.43960441 1.25  0.0 0.0
2015-07-02-19 24 12.551	  31.02721511 121.43960441 1.25  0.0 0.0
2015-07-02-19 24 12.663	  31.02721511 121.43960441 1.25  0.0 0.0
2015-07-02-19 24 12.770	  31.02721511 121.43960441 1.25  0.0 0.0
2015-07-02-19 24 12.921	  31.02721511 121.43960441 1.25  0.0 0.0
2015-07-02-19 24 13.025	  31.02721511 121.43960441 1.25  0.0 0.0
2015-07-02-19 24 13.184	  31.02721511 121.43960441 1.25  0.0 0.0
2015-07-02-19 24 13.293	  31.02721511 121.43960441 1.25  0.0 0.0
2015-07-02-19 24 13.396	  31.02721511 121.43960441 1.25  0.0 0.0
2015-07-02-19 24 13.556	  31.02721511 121.43960441 1.25  0.0 0.0
2015-07-02-19 24 13.659	  31.02721511 121.43960441 1.25  0.0 0.0
2015-07-02-19 24 13.802	  31.02721511 121.43960441 1.25  0.0 0.0
2015-07-02-19 24 13.904	  31.02721511 121.43960441 1.25  0.0 0.0
2015-07-02-19 24 14.009	  31.02719076 121.43961422 1.25  0.0 0.0
2015-07-02-19 24 14.147	  31.02719076 121.43961422 1.25  0.0 0.0
2015-07-02-19 24 14.249	  31.02719076 121.43961422 1.25  0.0 0.0
2015-07-02-19 24 14.386	  31.02719076 121.43961422 1.25  0.0 0.0
2015-07-02-19 24 14.491	  31.02719076 121.43961422 1.25  0.0 0.0
2015-07-02-19 24 14.649	  31.02719076 121.43961422 1.25  0.0 0.0
2015-07-02-19 24 14.752	  31.02719076 121.43961422 1.25  0.0 0.0
2015-07-02-19 24 14.854	  31.02719076 121.43961422 1.25  0.0 0.0
2015-07-02-19 24 15.047	  31.02719076 121.43961422 1.25  0.0 0.0
2015-07-02-19 24 15.151	  31.02719076 121.43961422 1.25  0.0 0.0
2015-07-02-19 24 15.275	  31.02719076 121.43961422 1.25  0.0 0.0
2015-07-02-19 24 15.378	  31.02719076 121.43961422 1.25  0.0 0.0
2015-07-02-19 24 15.490	  31.02719076 121.43961422 1.25  0.0 0.0
2015-07-02-19 24 15.592	  31.02719076 121.43961422 1.25  0.0 0.0
2015-07-02-19 24 15.747	  31.02719076 121.43961422 1.25  0.0 0.0
2015-07-02-19 24 15.854	  31.02719076 121.43961422 1.25  0.0 0.0
2015-07-02-19 24 16.014	  31.02716632 121.4396246 1.25  0.0 0.0
2015-07-02-19 24 16.116	  31.02716632 121.4396246 1.25  0.0 0.0
2015-07-02-19 24 16.219	  31.02716632 121.4396246 1.25  0.0 0.0
2015-07-02-19 24 16.349	  31.02716632 121.4396246 1.25  0.0 0.0
2015-07-02-19 24 16.452	  31.02716632 121.4396246 1.25  0.0 0.0
2015-07-02-19 24 16.610	  31.02716632 121.4396246 1.25  0.0 0.0
2015-07-02-19 24 16.714	  31.02716632 121.4396246 1.25  0.0 0.0
2015-07-02-19 24 16.816	  31.02716632 121.4396246 1.25  0.0 0.0
2015-07-02-19 24 16.963	  31.02716632 121.4396246 1.25  0.0 0.0
2015-07-02-19 24 17.073	  31.02716632 121.4396246 1.25  0.0 0.0
2015-07-02-19 24 17.217	  31.02716632 121.4396246 1.25  0.0 0.0
2015-07-02-19 24 17.324	  31.02716632 121.4396246 1.25  0.0 0.0
2015-07-02-19 24 17.429	  31.02716632 121.4396246 1.25  0.0 0.0
2015-07-02-19 24 17.599	  31.02716632 121.4396246 1.25  0.0 0.0
2015-07-02-19 24 17.700	  31.02716632 121.4396246 1.25  0.0 0.0
2015-07-02-19 24 17.839	  31.02716632 121.4396246 1.25  0.0 0.0
2015-07-02-19 24 17.942	  31.02716632 121.4396246 1.25  0.0 0.0
2015-07-02-19 24 18.044	  31.02714253 121.43963536 1.25  0.0 0.0
2015-07-02-19 24 18.164	  31.02714253 121.43963536 1.25  0.0 0.0
2015-07-02-19 24 18.266	  31.02714253 121.43963536 1.25  0.0 0.0
2015-07-02-19 24 18.385	  31.02714253 121.43963536 1.25  0.0 0.0
2015-07-02-19 24 18.501	  31.02714253 121.43963536 1.25  0.0 0.0
2015-07-02-19 24 18.604	  31.02714253 121.43963536 1.25  0.0 0.0
2015-07-02-19 24 18.720	  31.02714253 121.43963536 1.25  0.0 0.0
2015-07-02-19 24 18.822	  31.02714253 121.43963536 1.25  0.0 0.0
2015-07-02-19 24 18.994	  31.02714253 121.43963536 1.25  0.0 0.0
2015-07-02-19 24 19.095	  31.02714253 121.43963536 1.25  0.0 0.0
2015-07-02-19 24 19.223	  31.02714253 121.43963536 1.25  0.0 0.0
2015-07-02-19 24 19.326	  31.02714253 121.43963536 1.25  0.0 0.0
2015-07-02-19 24 19.455	  31.02714253 121.43963536 1.25  0.0 0.0
2015-07-02-19 24 19.575	  31.02714253 121.43963536 1.25  0.0 0.0
2015-07-02-19 24 19.678	  31.02714253 121.43963536 1.25  0.0 0.0
2015-07-02-19 24 19.794	  31.02714253 121.43963536 1.25  0.0 0.0
2015-07-02-19 24 19.901	  31.02714253 121.43963536 1.25  0.0 0.0
2015-07-02-19 24 20.002	  31.02711774 121.43964492 1.25  0.0 0.0
2015-07-02-19 24 20.147	  31.02711774 121.43964492 1.25  0.0 0.0
2015-07-02-19 24 20.251	  31.02711774 121.43964492 1.25  0.0 0.0
2015-07-02-19 24 20.355	  31.02711774 121.43964492 1.25  0.0 0.0
2015-07-02-19 24 20.507	  31.02711774 121.43964492 1.25  0.0 0.0
2015-07-02-19 24 20.696	  31.02711774 121.43964492 1.25  0.0 0.0
2015-07-02-19 24 20.801	  31.02711774 121.43964492 1.25  0.0 0.0
2015-07-02-19 24 20.904	  31.02711774 121.43964492 1.25  0.0 0.0
2015-07-02-19 24 21.043	  31.02711774 121.43964492 1.25  0.0 0.0
2015-07-02-19 24 21.146	  31.02711774 121.43964492 1.25  0.0 0.0
2015-07-02-19 24 21.259	  31.02711774 121.43964492 1.25  0.0 0.0
2015-07-02-19 24 21.401	  31.02711774 121.43964492 1.25  0.0 0.0
2015-07-02-19 24 21.506	  31.02711774 121.43964492 1.25  0.0 0.0
2015-07-02-19 24 21.608	  31.02711774 121.43964492 1.25  0.0 0.0
2015-07-02-19 24 21.749	  31.02711774 121.43964492 1.25  0.0 0.0
2015-07-02-19 24 21.855	  31.02711774 121.43964492 1.25  0.0 0.0
2015-07-02-19 24 21.961	  31.02711774 121.43964492 1.25  0.0 0.0
2015-07-02-19 24 22.076	  31.02709244 121.43965391 1.25  0.0 0.0
2015-07-02-19 24 22.178	  31.02709244 121.43965391 1.25  0.0 0.0
2015-07-02-19 24 22.307	  31.02709244 121.43965391 1.25  0.0 0.0
2015-07-02-19 24 22.413	  31.02709244 121.43965391 1.25  0.0 0.0
2015-07-02-19 24 22.532	  31.02709244 121.43965391 1.25  0.0 0.0
2015-07-02-19 24 22.637	  31.02709244 121.43965391 1.25  0.0 0.0
2015-07-02-19 24 22.739	  31.02709244 121.43965391 1.25  0.0 0.0
2015-07-02-19 24 22.896	  31.02709244 121.43965391 1.25  0.0 0.0
2015-07-02-19 24 23.002	  31.02709244 121.43965391 1.25  0.0 0.0
2015-07-02-19 24 23.105	  31.02709244 121.43965391 1.25  0.0 0.0
2015-07-02-19 24 23.249	  31.02709244 121.43965391 1.25  0.0 0.0
2015-07-02-19 24 23.410	  31.02709244 121.43965391 1.25  0.0 0.0
2015-07-02-19 24 23.513	  31.02709244 121.43965391 1.25  0.0 0.0
2015-07-02-19 24 23.617	  31.02709244 121.43965391 1.25  0.0 0.0
2015-07-02-19 24 23.794	  31.02709244 121.43965391 1.25  0.0 0.0
2015-07-02-19 24 23.899	  31.02709244 121.43965391 1.25  0.0 0.0
2015-07-02-19 24 24.001	  31.02706938 121.43966359 1.25  0.0 0.0
2015-07-02-19 24 24.149	  31.02706938 121.43966359 1.25  0.0 0.0
2015-07-02-19 24 24.252	  31.02706938 121.43966359 1.25  0.0 0.0
2015-07-02-19 24 24.397	  31.02706938 121.43966359 1.25  0.0 0.0
2015-07-02-19 24 24.502	  31.02706938 121.43966359 1.25  0.0 0.0
2015-07-02-19 24 24.604	  31.02706938 121.43966359 1.25  0.0 0.0
2015-07-02-19 24 24.753	  31.02706938 121.43966359 1.25  0.0 0.0
2015-07-02-19 24 24.868	  31.02706938 121.43966359 1.25  0.0 0.0
2015-07-02-19 24 24.969	  31.02706938 121.43966359 1.25  0.0 0.0
2015-07-02-19 24 25.140	  31.02706938 121.43966359 1.25  0.0 0.0
2015-07-02-19 24 25.295	  31.02706938 121.43966359 1.25  0.0 0.0
2015-07-02-19 24 25.400	  31.02706938 121.43966359 1.25  0.0 0.0
2015-07-02-19 24 25.503	  31.02706938 121.43966359 1.25  0.0 0.0
2015-07-02-19 24 25.605	  31.02706938 121.43966359 1.25  0.0 0.0
2015-07-02-19 24 25.707	  31.02706938 121.43966359 1.25  0.0 0.0
2015-07-02-19 24 25.847	  31.02706938 121.43966359 1.25  0.0 0.0
2015-07-02-19 24 25.952	  31.02706938 121.43966359 1.25  0.0 0.0
2015-07-02-19 24 26.055	  31.02704541 121.43967053 1.25  0.0 0.0
2015-07-02-19 24 26.174	  31.02704541 121.43967053 1.25  0.0 0.0
2015-07-02-19 24 26.281	  31.02704541 121.43967053 1.25  0.0 0.0
2015-07-02-19 24 26.384	  31.02704541 121.43967053 1.25  0.0 0.0
2015-07-02-19 24 26.528	  31.02704541 121.43967053 1.25  0.0 0.0
2015-07-02-19 24 26.649	  31.02704541 121.43967053 1.25  0.0 0.0
2015-07-02-19 24 26.753	  31.02704541 121.43967053 1.25  0.0 0.0
2015-07-02-19 24 26.889	  31.02704541 121.43967053 1.25  0.0 0.0
2015-07-02-19 24 27.031	  31.02701112 121.43967816 1.25  0.0 0.0
2015-07-02-19 24 27.141	  31.02701112 121.43967816 1.25  0.0 0.0
2015-07-02-19 24 27.245	  31.02701112 121.43967816 1.25  0.0 0.0
2015-07-02-19 24 27.400	  31.02701112 121.43967816 1.25  0.0 0.0
2015-07-02-19 24 27.549	  31.02701112 121.43967816 1.25  0.0 0.0
2015-07-02-19 24 27.657	  31.02701112 121.43967816 1.25  0.0 0.0
2015-07-02-19 24 27.759	  31.02701112 121.43967816 1.25  0.0 0.0
2015-07-02-19 24 27.901	  31.02701112 121.43967816 1.25  0.0 0.0
2015-07-02-19 24 28.062	  31.02701112 121.43967816 1.25  0.0 0.0
2015-07-02-19 24 28.164	  31.02701112 121.43967816 1.25  0.0 0.0
2015-07-02-19 24 28.267	  31.02701112 121.43967816 1.25  0.0 0.0
2015-07-02-19 24 28.436	  31.02701112 121.43967816 1.25  0.0 0.0
2015-07-02-19 24 28.540	  31.02701112 121.43967816 1.25  0.0 0.0
2015-07-02-19 24 28.703	  31.02701112 121.43967816 1.25  0.0 0.0
2015-07-02-19 24 28.861	  31.02701112 121.43967816 1.25  0.0 0.0
2015-07-02-19 24 28.972	  31.02701112 121.43967816 1.25  0.0 0.0
2015-07-02-19 24 29.078	  31.02700825 121.43970264 1.25  0.0 0.0
2015-07-02-19 24 29.212	  31.02700825 121.43970264 1.25  0.0 0.0
2015-07-02-19 24 29.331	  31.02700825 121.43970264 1.25  0.0 0.0
2015-07-02-19 24 29.435	  31.02700825 121.43970264 1.25  0.0 0.0
2015-07-02-19 24 29.539	  31.02700825 121.43970264 1.25  0.0 0.0
2015-07-02-19 24 29.689	  31.02700825 121.43970264 1.25  0.0 0.0
2015-07-02-19 24 29.831	  31.02700825 121.43970264 1.25  0.0 0.0
2015-07-02-19 24 29.995	  31.02700825 121.43970264 1.25  0.0 0.0
2015-07-02-19 24 30.104	  31.02700825 121.43970264 1.25  0.0 0.0
2015-07-02-19 24 30.207	  31.02700825 121.43970264 1.25  0.0 0.0
2015-07-02-19 24 30.355	  31.02700825 121.43970264 1.25  0.0 0.0
2015-07-02-19 24 30.516	  31.02700825 121.43970264 1.25  0.0 0.0
2015-07-02-19 24 30.619	  31.02700825 121.43970264 1.25  0.0 0.0
2015-07-02-19 24 30.736	  31.02700825 121.43970264 1.25  0.0 0.0
2015-07-02-19 24 30.842	  31.02700825 121.43970264 1.25  0.0 0.0
2015-07-02-19 24 30.943	  31.02700825 121.43970264 1.25  0.0 0.0
2015-07-02-19 24 31.065	  31.02700825 121.43970264 1.25  0.0 0.0
2015-07-02-19 24 31.209	  31.02700825 121.43970264 1.25  0.0 0.0
2015-07-02-19 24 31.317	  31.02700825 121.43970264 1.25  0.0 0.0
2015-07-02-19 24 31.423	  31.02700825 121.43970264 1.25  0.0 0.0
2015-07-02-19 24 31.554	  31.02700825 121.43970264 1.25  0.0 0.0
2015-07-02-19 24 31.691	  31.02700825 121.43970264 1.25  0.0 0.0
2015-07-02-19 24 31.830	  31.02700825 121.43970264 1.25  0.0 0.0
2015-07-02-19 24 31.946	  31.02700825 121.43970264 1.25  0.0 0.0
2015-07-02-19 24 32.048	  31.02700825 121.43970264 1.25  0.0 0.0
2015-07-02-19 24 32.167	  31.02700825 121.43970264 1.25  0.0 0.0
2015-07-02-19 24 32.298	  31.02700825 121.43970264 1.25  0.0 0.0
2015-07-02-19 24 32.404	  31.02700825 121.43970264 1.25  0.0 0.0
2015-07-02-19 24 32.511	  31.02700825 121.43970264 1.25  0.0 0.0
2015-07-02-19 24 32.697	  31.02700825 121.43970264 1.25  0.0 0.0
2015-07-02-19 24 32.828	  31.02700825 121.43970264 1.25  0.0 0.0
2015-07-02-19 24 32.967	  31.02700825 121.43970264 1.25  0.0 0.0
2015-07-02-19 24 33.106	  31.02698099 121.43971581 1.25  0.0 0.0
2015-07-02-19 24 33.227	  31.02698099 121.43971581 1.25  0.0 0.0
2015-07-02-19 24 33.374	  31.02698099 121.43971581 1.25  0.0 0.0
2015-07-02-19 24 33.489	  31.02698099 121.43971581 1.25  0.0 0.0
2015-07-02-19 24 33.650	  31.02698099 121.43971581 1.25  0.0 0.0
2015-07-02-19 24 33.790	  31.02698099 121.43971581 1.25  0.0 0.0
2015-07-02-19 24 33.958	  31.02698099 121.43971581 1.25  0.0 0.0
2015-07-02-19 24 34.090	  31.02698099 121.43971581 1.25  0.0 0.0
2015-07-02-19 24 34.219	  31.02698099 121.43971581 1.25  0.0 0.0
2015-07-02-19 24 34.361	  31.02698099 121.43971581 1.25  0.0 0.0
2015-07-02-19 24 34.531	  31.02698099 121.43971581 1.25  0.0 0.0
2015-07-02-19 24 34.666	  31.02698099 121.43971581 1.25  0.0 0.0
2015-07-02-19 24 34.783	  31.02698099 121.43971581 1.25  0.0 0.0
2015-07-02-19 24 34.947	  31.02698099 121.43971581 1.25  0.0 0.0
2015-07-02-19 24 35.117	  31.02695835 121.43972617 1.25  0.0 0.0
2015-07-02-19 24 35.254	  31.02695835 121.43972617 1.25  0.0 0.0
2015-07-02-19 24 35.392	  31.02695835 121.43972617 1.25  0.0 0.0
2015-07-02-19 24 35.506	  31.02695835 121.43972617 1.25  0.0 0.0
2015-07-02-19 24 35.637	  31.02695835 121.43972617 1.25  0.0 0.0
2015-07-02-19 24 35.793	  31.02695835 121.43972617 1.25  0.0 0.0
2015-07-02-19 24 35.908	  31.02695835 121.43972617 1.25  0.0 0.0
2015-07-02-19 24 36.024	  31.02695835 121.43972617 1.25  0.0 0.0
2015-07-02-19 24 36.140	  31.02695835 121.43972617 1.25  0.0 0.0
2015-07-02-19 24 36.293	  31.02695835 121.43972617 1.25  0.0 0.0
2015-07-02-19 24 36.426	  31.02695835 121.43972617 1.25  0.0 0.0
2015-07-02-19 24 36.545	  31.02695835 121.43972617 1.25  0.0 0.0
2015-07-02-19 24 36.702	  31.02695835 121.43972617 1.25  0.0 0.0
2015-07-02-19 24 36.853	  31.02695835 121.43972617 1.25  0.0 0.0
2015-07-02-19 24 37.000	  31.02693381 121.43973393 1.25  0.0 0.0
2015-07-02-19 24 37.146	  31.02693381 121.43973393 1.25  0.0 0.0
2015-07-02-19 24 37.274	  31.02693381 121.43973393 1.25  0.0 0.0
2015-07-02-19 24 37.446	  31.02693381 121.43973393 1.25  0.0 0.0
2015-07-02-19 24 37.561	  31.02693381 121.43973393 1.25  0.0 0.0
2015-07-02-19 24 37.706	  31.02693381 121.43973393 1.25  0.0 0.0
2015-07-02-19 24 37.847	  31.02693381 121.43973393 1.25  0.0 0.0
2015-07-02-19 24 37.963	  31.02693381 121.43973393 1.25  0.0 0.0
2015-07-02-19 24 38.131	  31.02693381 121.43973393 1.25  0.0 0.0
2015-07-02-19 24 38.270	  31.02693381 121.43973393 1.25  0.0 0.0
2015-07-02-19 24 38.395	  31.02693381 121.43973393 1.25  0.0 0.0
2015-07-02-19 24 38.516	  31.02693381 121.43973393 1.25  0.0 0.0
2015-07-02-19 24 38.677	  31.02693381 121.43973393 1.25  0.0 0.0
2015-07-02-19 24 38.819	  31.02693381 121.43973393 1.25  0.0 0.0
2015-07-02-19 24 38.971	  31.02690995 121.43973925 1.25  0.0 0.0
2015-07-02-19 24 39.121	  31.02690995 121.43973925 1.25  0.0 0.0
2015-07-02-19 24 39.263	  31.02690995 121.43973925 1.25  0.0 0.0
2015-07-02-19 24 39.399	  31.02690995 121.43973925 1.25  0.0 0.0
2015-07-02-19 24 39.536	  31.02690995 121.43973925 1.25  0.0 0.0
2015-07-02-19 24 39.655	  31.02690995 121.43973925 1.25  0.0 0.0
2015-07-02-19 24 39.772	  31.02690995 121.43973925 1.25  0.0 0.0
2015-07-02-19 24 39.918	  31.02690995 121.43973925 1.25  0.0 0.0
2015-07-02-19 24 40.046	  31.02690995 121.43973925 1.25  0.0 0.0
2015-07-02-19 24 40.167	  31.02690995 121.43973925 1.25  0.0 0.0
2015-07-02-19 24 40.296	  31.02690995 121.43973925 1.25  0.0 0.0
2015-07-02-19 24 40.456	  31.02690995 121.43973925 1.25  0.0 0.0
2015-07-02-19 24 40.618	  31.02690995 121.43973925 1.25  0.0 0.0
2015-07-02-19 24 40.735	  31.02690995 121.43973925 1.25  0.0 0.0
2015-07-02-19 24 40.893	  31.02690995 121.43973925 1.25  0.0 0.0
2015-07-02-19 24 41.045	  31.02688422 121.43974487 1.25  0.0 0.0
2015-07-02-19 24 41.182	  31.02688422 121.43974487 1.25  0.0 0.0
2015-07-02-19 24 41.336	  31.02688422 121.43974487 1.25  0.0 0.0
2015-07-02-19 24 41.494	  31.02688422 121.43974487 1.25  0.0 0.0
2015-07-02-19 24 41.625	  31.02688422 121.43974487 1.25  0.0 0.0
2015-07-02-19 24 41.789	  31.02688422 121.43974487 1.25  0.0 0.0
2015-07-02-19 24 41.929	  31.02688422 121.43974487 1.25  0.0 0.0
2015-07-02-19 24 42.047	  31.02688422 121.43974487 1.25  0.0 0.0
2015-07-02-19 24 42.164	  31.02688422 121.43974487 1.25  0.0 0.0
2015-07-02-19 24 42.312	  31.02688422 121.43974487 1.25  0.0 0.0
2015-07-02-19 24 42.446	  31.02688422 121.43974487 1.25  0.0 0.0
2015-07-02-19 24 42.608	  31.02688422 121.43974487 1.25  0.0 0.0
2015-07-02-19 24 42.753	  31.02688422 121.43974487 1.25  0.0 0.0
2015-07-02-19 24 42.896	  31.02688422 121.43974487 1.25  0.0 0.0
2015-07-02-19 24 43.058	  31.02685912 121.43975319 1.25  0.0 0.0
2015-07-02-19 24 43.173	  31.02685912 121.43975319 1.25  0.0 0.0
2015-07-02-19 24 43.291	  31.02685912 121.43975319 1.25  0.0 0.0
2015-07-02-19 24 43.425	  31.02685912 121.43975319 1.25  0.0 0.0
2015-07-02-19 24 43.564	  31.02685912 121.43975319 1.25  0.0 0.0
2015-07-02-19 24 43.723	  31.02685912 121.43975319 1.25  0.0 0.0
2015-07-02-19 24 43.861	  31.02685912 121.43975319 1.25  0.0 0.0
2015-07-02-19 24 44.002	  31.02685912 121.43975319 1.25  0.0 0.0
2015-07-02-19 24 44.155	  31.02685912 121.43975319 1.25  0.0 0.0
2015-07-02-19 24 44.287	  31.02685912 121.43975319 1.25  0.0 0.0
2015-07-02-19 24 44.418	  31.02685912 121.43975319 1.25  0.0 0.0
2015-07-02-19 24 44.602	  31.02685912 121.43975319 1.25  0.0 0.0
2015-07-02-19 24 44.746	  31.02685912 121.43975319 1.25  0.0 0.0
2015-07-02-19 24 44.886	  31.02685912 121.43975319 1.25  0.0 0.0
2015-07-02-19 24 45.031	  31.02683408 121.43976076 1.25  0.0 0.0
2015-07-02-19 24 45.150	  31.02683408 121.43976076 1.25  0.0 0.0
2015-07-02-19 24 45.294	  31.02683408 121.43976076 1.25  0.0 0.0
2015-07-02-19 24 45.464	  31.02683408 121.43976076 1.25  0.0 0.0
2015-07-02-19 24 45.579	  31.02683408 121.43976076 1.25  0.0 0.0
2015-07-02-19 24 45.743	  31.02683408 121.43976076 1.25  0.0 0.0
2015-07-02-19 24 45.885	  31.02683408 121.43976076 1.25  0.0 0.0
2015-07-02-19 24 45.987	  31.02683408 121.43976076 1.25  0.0 0.0
2015-07-02-19 24 46.117	  31.02683408 121.43976076 1.25  0.0 0.0
2015-07-02-19 24 46.244	  31.02683408 121.43976076 1.25  0.0 0.0
2015-07-02-19 24 46.420	  31.02683408 121.43976076 1.25  0.0 0.0
2015-07-02-19 24 46.590	  31.02683408 121.43976076 1.25  0.0 0.0
2015-07-02-19 24 46.732	  31.02683408 121.43976076 1.25  0.0 0.0
2015-07-02-19 24 46.848	  31.02683408 121.43976076 1.25  0.0 0.0
2015-07-02-19 24 46.964	  31.02680774 121.43976618 1.25  0.0 0.0
2015-07-02-19 24 47.100	  31.02680774 121.43976618 1.25  0.0 0.0
2015-07-02-19 24 47.234	  31.02680774 121.43976618 1.25  0.0 0.0
2015-07-02-19 24 47.396	  31.02680774 121.43976618 1.25  0.0 0.0
2015-07-02-19 24 47.516	  31.02680774 121.43976618 1.25  0.0 0.0
2015-07-02-19 24 47.660	  31.02680774 121.43976618 1.25  0.0 0.0
2015-07-02-19 24 47.824	  31.02680774 121.43976618 1.25  0.0 0.0
2015-07-02-19 24 47.978	  31.02680774 121.43976618 1.25  0.0 0.0
2015-07-02-19 24 48.141	  31.02680774 121.43976618 1.25  0.0 0.0
2015-07-02-19 24 48.267	  31.02680774 121.43976618 1.25  0.0 0.0
2015-07-02-19 24 48.387	  31.02680774 121.43976618 1.25  0.0 0.0
2015-07-02-19 24 48.548	  31.02680774 121.43976618 1.25  0.0 0.0
2015-07-02-19 24 48.716	  31.02680774 121.43976618 1.25  0.0 0.0
2015-07-02-19 24 48.851	  31.02680774 121.43976618 1.25  0.0 0.0
2015-07-02-19 24 48.994	  31.0267827 121.43977373 1.25  0.0 0.0
2015-07-02-19 24 49.133	  31.0267827 121.43977373 1.25  0.0 0.0
2015-07-02-19 24 49.268	  31.0267827 121.43977373 1.25  0.0 0.0
2015-07-02-19 24 49.438	  31.0267827 121.43977373 1.25  0.0 0.0
2015-07-02-19 24 49.557	  31.0267827 121.43977373 1.25  0.0 0.0
2015-07-02-19 24 49.661	  31.0267827 121.43977373 1.25  0.0 0.0
2015-07-02-19 24 49.766	  31.0267827 121.43977373 1.25  0.0 0.0
2015-07-02-19 24 49.874	  31.0267827 121.43977373 1.25  0.0 0.0
2015-07-02-19 24 49.997	  31.0267827 121.43977373 1.25  0.0 0.0
2015-07-02-19 24 50.114	  31.0267827 121.43977373 1.25  0.0 0.0
2015-07-02-19 24 50.233	  31.0267827 121.43977373 1.25  0.0 0.0
2015-07-02-19 24 50.374	  31.0267827 121.43977373 1.25  0.0 0.0
2015-07-02-19 24 50.496	  31.0267827 121.43977373 1.25  0.0 0.0
2015-07-02-19 24 50.641	  31.0267827 121.43977373 1.25  0.0 0.0
2015-07-02-19 24 50.790	  31.0267827 121.43977373 1.25  0.0 0.0
2015-07-02-19 24 50.912	  31.0267827 121.43977373 1.25  0.0 0.0
2015-07-02-19 24 51.049	  31.02675812 121.43978275 1.25  0.0 0.0
2015-07-02-19 24 51.193	  31.02675812 121.43978275 1.25  0.0 0.0
2015-07-02-19 24 51.338	  31.02675812 121.43978275 1.25  0.0 0.0
2015-07-02-19 24 51.486	  31.02675812 121.43978275 1.25  0.0 0.0
2015-07-02-19 24 51.603	  31.02675812 121.43978275 1.25  0.0 0.0
2015-07-02-19 24 51.708	  31.02675812 121.43978275 1.25  0.0 0.0
2015-07-02-19 24 51.814	  31.02675812 121.43978275 1.25  0.0 0.0
2015-07-02-19 24 51.920	  31.02675812 121.43978275 1.25  0.0 0.0
2015-07-02-19 24 52.022	  31.02675812 121.43978275 1.25  0.0 0.0
2015-07-02-19 24 52.123	  31.02675812 121.43978275 1.25  0.0 0.0
2015-07-02-19 24 52.228	  31.02675812 121.43978275 1.25  0.0 0.0
2015-07-02-19 24 52.334	  31.02675812 121.43978275 1.25  0.0 0.0
2015-07-02-19 24 52.442	  31.02675812 121.43978275 1.25  0.0 0.0
2015-07-02-19 24 52.555	  31.02675812 121.43978275 1.25  0.0 0.0
2015-07-02-19 24 52.663	  31.02675812 121.43978275 1.25  0.0 0.0
2015-07-02-19 24 52.781	  31.02675812 121.43978275 1.25  0.0 0.0
2015-07-02-19 24 52.925	  31.02675812 121.43978275 1.25  0.0 0.0
2015-07-02-19 24 53.069	  31.02673458 121.43979138 1.25  0.0 0.0
2015-07-02-19 24 53.191	  31.02673458 121.43979138 1.25  0.0 0.0
2015-07-02-19 24 53.342	  31.02673458 121.43979138 1.25  0.0 0.0
2015-07-02-19 24 53.483	  31.02673458 121.43979138 1.25  0.0 0.0
2015-07-02-19 24 53.630	  31.02673458 121.43979138 1.25  0.0 0.0
2015-07-02-19 24 53.803	  31.02673458 121.43979138 1.25  0.0 0.0
2015-07-02-19 24 53.917	  31.02673458 121.43979138 1.25  0.0 0.0
2015-07-02-19 24 54.049	  31.02673458 121.43979138 1.25  0.0 0.0
2015-07-02-19 24 54.196	  31.02673458 121.43979138 1.25  0.0 0.0
2015-07-02-19 24 54.324	  31.02673458 121.43979138 1.25  0.0 0.0
2015-07-02-19 24 54.454	  31.02673458 121.43979138 1.25  0.0 0.0
2015-07-02-19 24 54.602	  31.02673458 121.43979138 1.25  0.0 0.0
2015-07-02-19 24 54.740	  31.02673458 121.43979138 1.25  0.0 0.0
2015-07-02-19 24 54.858	  31.02673458 121.43979138 1.25  0.0 0.0
2015-07-02-19 24 54.964	  31.02673458 121.43979138 1.25  0.0 0.0
2015-07-02-19 24 55.116	  31.02671358 121.43980155 1.25  0.0 0.0
2015-07-02-19 24 55.235	  31.02671358 121.43980155 1.25  0.0 0.0
2015-07-02-19 24 55.374	  31.02671358 121.43980155 1.25  0.0 0.0
2015-07-02-19 24 55.476	  31.02671358 121.43980155 1.25  0.0 0.0
2015-07-02-19 24 55.578	  31.02671358 121.43980155 1.25  0.0 0.0
2015-07-02-19 24 55.686	  31.02671358 121.43980155 1.25  0.0 0.0
2015-07-02-19 24 55.811	  31.02671358 121.43980155 1.25  0.0 0.0
2015-07-02-19 24 55.955	  31.02671358 121.43980155 1.25  0.0 0.0
2015-07-02-19 24 56.137	  31.02671358 121.43980155 1.25  0.0 0.0
2015-07-02-19 24 56.289	  31.02671358 121.43980155 1.25  0.0 0.0
2015-07-02-19 24 56.444	  31.02671358 121.43980155 1.25  0.0 0.0
2015-07-02-19 24 56.588	  31.02671358 121.43980155 1.25  0.0 0.0
2015-07-02-19 24 56.724	  31.02671358 121.43980155 1.25  0.0 0.0
2015-07-02-19 24 56.840	  31.02671358 121.43980155 1.25  0.0 0.0
2015-07-02-19 24 56.975	  31.02671358 121.43980155 1.25  0.0 0.0
2015-07-02-19 24 57.081	  31.02669195 121.43981398 1.25  0.0 0.0
2015-07-02-19 24 57.202	  31.02669195 121.43981398 1.25  0.0 0.0
2015-07-02-19 24 57.337	  31.02669195 121.43981398 1.25  0.0 0.0
2015-07-02-19 24 57.483	  31.02669195 121.43981398 1.25  0.0 0.0
2015-07-02-19 24 57.587	  31.02669195 121.43981398 1.25  0.0 0.0
2015-07-02-19 24 57.713	  31.02669195 121.43981398 1.25  0.0 0.0
2015-07-02-19 24 57.878	  31.02669195 121.43981398 1.25  0.0 0.0
2015-07-02-19 24 58.011	  31.02669195 121.43981398 1.25  0.0 0.0
2015-07-02-19 24 58.133	  31.02669195 121.43981398 1.25  0.0 0.0
2015-07-02-19 24 58.273	  31.02669195 121.43981398 1.25  0.0 0.0
2015-07-02-19 24 58.429	  31.02669195 121.43981398 1.25  0.0 0.0
2015-07-02-19 24 58.534	  31.02669195 121.43981398 1.25  0.0 0.0
2015-07-02-19 24 58.664	  31.02669195 121.43981398 1.25  0.0 0.0
2015-07-02-19 24 58.779	  31.02669195 121.43981398 1.25  0.0 0.0
2015-07-02-19 24 58.936	  31.02666852 121.43982661 1.25  0.0 0.0
2015-07-02-19 24 59.102	  31.02666852 121.43982661 1.25  0.0 0.0
2015-07-02-19 24 59.240	  31.02666852 121.43982661 1.25  0.0 0.0
2015-07-02-19 24 59.360	  31.02666852 121.43982661 1.25  0.0 0.0
2015-07-02-19 24 59.481	  31.02666852 121.43982661 1.25  0.0 0.0
2015-07-02-19 24 59.636	  31.02666852 121.43982661 1.25  0.0 0.0
2015-07-02-19 24 59.752	  31.02666852 121.43982661 1.25  0.0 0.0
2015-07-02-19 24 59.884	  31.02666852 121.43982661 1.25  0.0 0.0
2015-07-02-19 25 00.047	  31.02666852 121.43982661 1.25  0.0 0.0
2015-07-02-19 25 00.166	  31.02666852 121.43982661 1.25  0.0 0.0
2015-07-02-19 25 00.307	  31.02666852 121.43982661 1.25  0.0 0.0
2015-07-02-19 25 00.443	  31.02666852 121.43982661 1.25  0.0 0.0
2015-07-02-19 25 00.560	  31.02666852 121.43982661 1.25  0.0 0.0
2015-07-02-19 25 00.702	  31.02666852 121.43982661 1.25  0.0 0.0
2015-07-02-19 25 00.829	  31.02666852 121.43982661 1.25  0.0 0.0
2015-07-02-19 25 00.944	  31.02666852 121.43982661 1.25  0.0 0.0
2015-07-02-19 25 01.109	  31.0266443 121.4398369 1.25  0.0 0.0
2015-07-02-19 25 01.243	  31.0266443 121.4398369 1.25  0.0 0.0
2015-07-02-19 25 01.365	  31.0266443 121.4398369 1.25  0.0 0.0
2015-07-02-19 25 01.505	  31.0266443 121.4398369 1.25  0.0 0.0
2015-07-02-19 25 01.643	  31.0266443 121.4398369 1.25  0.0 0.0
2015-07-02-19 25 01.805	  31.0266443 121.4398369 1.25  0.0 0.0
2015-07-02-19 25 01.924	  31.0266443 121.4398369 1.25  0.0 0.0
2015-07-02-19 25 02.063	  31.0266443 121.4398369 1.25  0.0 0.0
2015-07-02-19 25 02.178	  31.0266443 121.4398369 1.25  0.0 0.0
2015-07-02-19 25 02.293	  31.0266443 121.4398369 1.25  0.0 0.0
2015-07-02-19 25 02.402	  31.0266443 121.4398369 1.25  0.0 0.0
2015-07-02-19 25 02.539	  31.0266443 121.4398369 1.25  0.0 0.0
2015-07-02-19 25 02.659	  31.0266443 121.4398369 1.25  0.0 0.0
2015-07-02-19 25 02.780	  31.0266443 121.4398369 1.25  0.0 0.0
2015-07-02-19 25 02.942	  31.0266443 121.4398369 1.25  0.0 0.0
2015-07-02-19 25 03.106	  31.02662075 121.43984733 1.25  0.0 0.0
2015-07-02-19 25 03.223	  31.02662075 121.43984733 1.25  0.0 0.0
2015-07-02-19 25 03.371	  31.02662075 121.43984733 1.25  0.0 0.0
2015-07-02-19 25 03.531	  31.02662075 121.43984733 1.25  0.0 0.0
2015-07-02-19 25 03.693	  31.02662075 121.43984733 1.25  0.0 0.0
2015-07-02-19 25 03.796	  31.02662075 121.43984733 1.25  0.0 0.0
2015-07-02-19 25 03.902	  31.02662075 121.43984733 1.25  0.0 0.0
2015-07-02-19 25 04.045	  31.02662075 121.43984733 1.25  0.0 0.0
2015-07-02-19 25 04.186	  31.02662075 121.43984733 1.25  0.0 0.0
2015-07-02-19 25 04.307	  31.02662075 121.43984733 1.25  0.0 0.0
2015-07-02-19 25 04.465	  31.02662075 121.43984733 1.25  0.0 0.0
2015-07-02-19 25 04.623	  31.02662075 121.43984733 1.25  0.0 0.0
2015-07-02-19 25 04.784	  31.02662075 121.43984733 1.25  0.0 0.0
2015-07-02-19 25 04.935	  31.02659771 121.43985717 1.25  0.0 0.0
2015-07-02-19 25 05.109	  31.02659771 121.43985717 1.25  0.0 0.0
2015-07-02-19 25 05.246	  31.02659771 121.43985717 1.25  0.0 0.0
2015-07-02-19 25 05.375	  31.02659771 121.43985717 1.25  0.0 0.0
2015-07-02-19 25 05.582	  31.02659771 121.43985717 1.25  0.0 0.0
2015-07-02-19 25 05.722	  31.02659771 121.43985717 1.25  0.0 0.0
2015-07-02-19 25 05.895	  31.02659771 121.43985717 1.25  0.0 0.0
2015-07-02-19 25 06.025	  31.02659771 121.43985717 1.25  0.0 0.0
2015-07-02-19 25 06.158	  31.02659771 121.43985717 1.25  0.0 0.0
2015-07-02-19 25 06.324	  31.02659771 121.43985717 1.25  0.0 0.0
2015-07-02-19 25 06.490	  31.02659771 121.43985717 1.25  0.0 0.0
2015-07-02-19 25 06.614	  31.02659771 121.43985717 1.25  0.0 0.0
2015-07-02-19 25 06.791	  31.02659771 121.43985717 1.25  0.0 0.0
2015-07-02-19 25 06.916	  31.02657631 121.4398666 1.25  0.0 0.0
2015-07-02-19 25 07.110	  31.02657631 121.4398666 1.25  0.0 0.0
2015-07-02-19 25 07.230	  31.02657631 121.4398666 1.25  0.0 0.0
2015-07-02-19 25 07.374	  31.02657631 121.4398666 1.25  0.0 0.0
2015-07-02-19 25 07.504	  31.02657631 121.4398666 1.25  0.0 0.0
2015-07-02-19 25 07.701	  31.02657631 121.4398666 1.25  0.0 0.0
2015-07-02-19 25 07.847	  31.02657631 121.4398666 1.25  0.0 0.0
2015-07-02-19 25 07.981	  31.02657631 121.4398666 1.25  0.0 0.0
2015-07-02-19 25 08.114	  31.02657631 121.4398666 1.25  0.0 0.0
2015-07-02-19 25 08.230	  31.02657631 121.4398666 1.25  0.0 0.0
2015-07-02-19 25 08.349	  31.02657631 121.4398666 1.25  0.0 0.0
2015-07-02-19 25 08.511	  31.02657631 121.4398666 1.25  0.0 0.0
2015-07-02-19 25 08.642	  31.02657631 121.4398666 1.25  0.0 0.0
2015-07-02-19 25 08.768	  31.02657631 121.4398666 1.25  0.0 0.0
2015-07-02-19 25 08.892	  31.02657631 121.4398666 1.25  0.0 0.0
2015-07-02-19 25 09.015	  31.0265559 121.43987814 1.25  0.0 0.0
2015-07-02-19 25 09.146	  31.0265559 121.43987814 1.25  0.0 0.0
2015-07-02-19 25 09.263	  31.0265559 121.43987814 1.25  0.0 0.0
