2015-07-01-18 42 55.906	  0.0 0.0 0.0  0.0 0.0
2015-07-01-18 42 56.008	  0.0 0.0 0.0  0.0 0.0
2015-07-01-18 42 56.110	  0.0 0.0 0.0  0.0 0.0
2015-07-01-18 42 56.213	  0.0 0.0 0.0  0.0 0.0
2015-07-01-18 42 56.315	  0.0 0.0 0.0  0.0 0.0
2015-07-01-18 42 56.417	  0.0 0.0 0.0  0.0 0.0
2015-07-01-18 42 56.520	  0.0 0.0 0.0  0.0 0.0
2015-07-01-18 42 56.622	  0.0 0.0 0.0  0.0 0.0
2015-07-01-18 42 56.723	  0.0 0.0 0.0  0.0 0.0
2015-07-01-18 42 56.825	  0.0 0.0 0.0  0.0 0.0
2015-07-01-18 42 56.928	  0.0 0.0 0.0  0.0 0.0
2015-07-01-18 42 57.029	  0.0 0.0 0.0  0.0 0.0
2015-07-01-18 42 57.131	  0.0 0.0 0.0  0.0 0.0
2015-07-01-18 42 57.232	  0.0 0.0 0.0  0.0 0.0
2015-07-01-18 42 57.334	  0.0 0.0 0.0  0.0 0.0
2015-07-01-18 42 57.436	  0.0 0.0 0.0  0.0 0.0
2015-07-01-18 42 57.538	  0.0 0.0 0.0  0.0 0.0
2015-07-01-18 42 57.640	  0.0 0.0 0.0  0.0 0.0
2015-07-01-18 42 57.741	  0.0 0.0 0.0  0.0 0.0
2015-07-01-18 42 57.844	  0.0 0.0 0.0  0.0 0.0
2015-07-01-18 42 57.946	  0.0 0.0 0.0  0.0 0.0
2015-07-01-18 42 58.047	  0.0 0.0 0.0  0.0 0.0
2015-07-01-18 42 58.149	  0.0 0.0 0.0  0.0 0.0
2015-07-01-18 42 58.250	  0.0 0.0 0.0  0.0 0.0
2015-07-01-18 42 58.353	  0.0 0.0 0.0  0.0 0.0
2015-07-01-18 42 58.455	  0.0 0.0 0.0  0.0 0.0
2015-07-01-18 42 58.556	  0.0 0.0 0.0  0.0 0.0
2015-07-01-18 42 58.658	  0.0 0.0 0.0  0.0 0.0
2015-07-01-18 42 58.761	  0.0 0.0 0.0  0.0 0.0
2015-07-01-18 42 58.862	  0.0 0.0 0.0  0.0 0.0
2015-07-01-18 42 58.968	  0.0 0.0 0.0  0.0 0.0
2015-07-01-18 42 59.069	  0.0 0.0 0.0  0.0 0.0
2015-07-01-18 42 59.170	  0.0 0.0 0.0  0.0 0.0
2015-07-01-18 42 59.273	  0.0 0.0 0.0  0.0 0.0
2015-07-01-18 42 59.381	  31.02769298 121.43932135 1.5  0.0 0.0
2015-07-01-18 42 59.482	  31.02769298 121.43932135 1.5  0.0 0.0
2015-07-01-18 42 59.584	  31.02769298 121.43932135 1.5  0.0 0.0
2015-07-01-18 42 59.688	  31.02769298 121.43932135 1.5  0.0 0.0
2015-07-01-18 42 59.795	  31.02769298 121.43932135 1.5  0.0 0.0
2015-07-01-18 42 59.898	  31.02769298 121.43932135 1.5  0.0 0.0
2015-07-01-18 43 00.002	  31.02769298 121.43932135 1.5  0.0 0.0
2015-07-01-18 43 00.106	  31.02769298 121.43932135 1.5  0.0 0.0
2015-07-01-18 43 00.208	  31.02769298 121.43932135 1.5  0.0 0.0
2015-07-01-18 43 00.310	  31.02769298 121.43932135 1.5  0.0 0.0
2015-07-01-18 43 00.414	  31.02769298 121.43932135 1.5  0.0 0.0
2015-07-01-18 43 00.517	  31.02769298 121.43932135 1.5  0.0 0.0
2015-07-01-18 43 00.621	  31.02769298 121.43932135 1.5  0.0 0.0
2015-07-01-18 43 00.733	  31.02769298 121.43932135 1.5  0.0 0.0
2015-07-01-18 43 00.842	  31.02769298 121.43932135 1.5  0.0 0.0
2015-07-01-18 43 00.947	  31.02769298 121.43932135 1.5  0.0 0.0
2015-07-01-18 43 01.049	  31.02769298 121.43932135 1.5  0.0 0.0
2015-07-01-18 43 01.152	  31.02769298 121.43932135 1.5  0.0 0.0
2015-07-01-18 43 01.267	  31.02769298 121.43932135 1.5  0.0 0.0
2015-07-01-18 43 01.369	  31.02768723 121.43936672 1.5  0.0 0.0
2015-07-01-18 43 01.472	  31.02768723 121.43936672 1.5  0.0 0.0
2015-07-01-18 43 01.574	  31.02768723 121.43936672 1.5  0.0 0.0
2015-07-01-18 43 01.675	  31.02768723 121.43936672 1.5  0.0 0.0
2015-07-01-18 43 01.782	  31.02768723 121.43936672 1.5  0.0 0.0
2015-07-01-18 43 01.884	  31.02768723 121.43936672 1.5  0.0 0.0
2015-07-01-18 43 02.001	  31.02768723 121.43936672 1.5  0.0 0.0
2015-07-01-18 43 02.104	  31.02768723 121.43936672 1.5  0.0 0.0
2015-07-01-18 43 02.206	  31.02768723 121.43936672 1.5  0.0 0.0
2015-07-01-18 43 02.311	  31.02768723 121.43936672 1.5  0.0 0.0
2015-07-01-18 43 02.418	  31.02768723 121.43936672 1.5  0.0 0.0
2015-07-01-18 43 02.535	  31.02768723 121.43936672 1.5  0.0 0.0
2015-07-01-18 43 02.637	  31.02768723 121.43936672 1.5  0.0 0.0
2015-07-01-18 43 02.742	  31.02768723 121.43936672 1.5  0.0 0.0
2015-07-01-18 43 02.847	  31.02768723 121.43936672 1.5  0.0 0.0
2015-07-01-18 43 02.953	  31.02768723 121.43936672 1.5  0.0 0.0
2015-07-01-18 43 03.060	  31.02768723 121.43936672 1.5  0.0 0.0
2015-07-01-18 43 03.165	  31.02768723 121.43936672 1.5  0.0 0.0
2015-07-01-18 43 03.268	  31.02768723 121.43936672 1.5  0.0 0.0
2015-07-01-18 43 03.372	  31.02768723 121.43936672 1.5  0.0 0.0
2015-07-01-18 43 03.477	  31.0276672 121.43938276 1.5  0.0 0.0
2015-07-01-18 43 03.582	  31.0276672 121.43938276 1.5  0.0 0.0
2015-07-01-18 43 03.687	  31.0276672 121.43938276 1.5  0.0 0.0
2015-07-01-18 43 03.791	  31.0276672 121.43938276 1.5  0.0 0.0
2015-07-01-18 43 03.895	  31.0276672 121.43938276 1.5  0.0 0.0
2015-07-01-18 43 03.999	  31.0276672 121.43938276 1.5  0.0 0.0
2015-07-01-18 43 04.101	  31.0276672 121.43938276 1.5  0.0 0.0
2015-07-01-18 43 04.204	  31.0276672 121.43938276 1.5  0.0 0.0
2015-07-01-18 43 04.311	  31.0276672 121.43938276 1.5  0.0 0.0
2015-07-01-18 43 04.416	  31.0276672 121.43938276 1.5  0.0 0.0
2015-07-01-18 43 04.520	  31.0276672 121.43938276 1.5  0.0 0.0
2015-07-01-18 43 04.626	  31.0276672 121.43938276 1.5  0.0 0.0
2015-07-01-18 43 04.728	  31.0276672 121.43938276 1.5  0.0 0.0
2015-07-01-18 43 04.830	  31.0276672 121.43938276 1.5  0.0 0.0
2015-07-01-18 43 04.932	  31.0276672 121.43938276 1.5  0.0 0.0
2015-07-01-18 43 05.038	  31.0276672 121.43938276 1.5  0.0 0.0
2015-07-01-18 43 05.143	  31.0276672 121.43938276 1.5  0.0 0.0
2015-07-01-18 43 05.261	  31.0276672 121.43938276 1.5  0.0 0.0
2015-07-01-18 43 05.363	  31.0276672 121.43938276 1.5  0.0 0.0
2015-07-01-18 43 05.466	  31.02764908 121.43939202 1.5  0.0 0.0
2015-07-01-18 43 05.570	  31.02764908 121.43939202 1.5  0.0 0.0
2015-07-01-18 43 05.676	  31.02764908 121.43939202 1.5  0.0 0.0
2015-07-01-18 43 05.781	  31.02764908 121.43939202 1.5  0.0 0.0
2015-07-01-18 43 05.892	  31.02764908 121.43939202 1.5  0.0 0.0
2015-07-01-18 43 05.995	  31.02764908 121.43939202 1.5  0.0 0.0
2015-07-01-18 43 06.098	  31.02764908 121.43939202 1.5  0.0 0.0
2015-07-01-18 43 06.199	  31.02764908 121.43939202 1.5  0.0 0.0
2015-07-01-18 43 06.304	  31.02764908 121.43939202 1.5  0.0 0.0
2015-07-01-18 43 06.407	  31.02764908 121.43939202 1.5  0.0 0.0
2015-07-01-18 43 06.537	  31.02764908 121.43939202 1.5  0.0 0.0
2015-07-01-18 43 06.638	  31.02764908 121.43939202 1.5  0.0 0.0
2015-07-01-18 43 06.740	  31.02764908 121.43939202 1.5  0.0 0.0
2015-07-01-18 43 06.842	  31.02764908 121.43939202 1.5  0.0 0.0
2015-07-01-18 43 06.946	  31.02764908 121.43939202 1.5  0.0 0.0
2015-07-01-18 43 07.052	  31.02764908 121.43939202 1.5  0.0 0.0
2015-07-01-18 43 07.157	  31.02764908 121.43939202 1.5  0.0 0.0
2015-07-01-18 43 07.261	  31.02764908 121.43939202 1.5  0.0 0.0
2015-07-01-18 43 07.365	  31.02763141 121.4394044 1.5  0.0 0.0
2015-07-01-18 43 07.467	  31.02763141 121.4394044 1.5  0.0 0.0
2015-07-01-18 43 07.568	  31.02763141 121.4394044 1.5  0.0 0.0
2015-07-01-18 43 07.671	  31.02763141 121.4394044 1.5  0.0 0.0
2015-07-01-18 43 07.778	  31.02763141 121.4394044 1.5  0.0 0.0
2015-07-01-18 43 07.884	  31.02763141 121.4394044 1.5  0.0 0.0
2015-07-01-18 43 07.986	  31.02763141 121.4394044 1.5  0.0 0.0
2015-07-01-18 43 08.088	  31.02763141 121.4394044 1.5  0.0 0.0
2015-07-01-18 43 08.190	  31.02763141 121.4394044 1.5  0.0 0.0
2015-07-01-18 43 08.293	  31.02763141 121.4394044 1.5  0.0 0.0
2015-07-01-18 43 08.401	  31.02763141 121.4394044 1.5  0.0 0.0
2015-07-01-18 43 08.504	  31.02763141 121.4394044 1.5  0.0 0.0
2015-07-01-18 43 08.608	  31.02763141 121.4394044 1.5  0.0 0.0
2015-07-01-18 43 08.712	  31.02763141 121.4394044 1.5  0.0 0.0
2015-07-01-18 43 08.818	  31.02763141 121.4394044 1.5  0.0 0.0
2015-07-01-18 43 08.930	  31.02763141 121.4394044 1.5  0.0 0.0
2015-07-01-18 43 09.032	  31.02763141 121.4394044 1.5  0.0 0.0
2015-07-01-18 43 09.134	  31.02763141 121.4394044 1.5  0.0 0.0
2015-07-01-18 43 09.242	  31.02763141 121.4394044 1.5  0.0 0.0
2015-07-01-18 43 09.349	  31.02763141 121.4394044 1.5  0.0 0.0
2015-07-01-18 43 09.466	  31.02761254 121.43941687 1.5  0.0 0.0
2015-07-01-18 43 09.569	  31.02761254 121.43941687 1.5  0.0 0.0
2015-07-01-18 43 09.671	  31.02761254 121.43941687 1.5  0.0 0.0
2015-07-01-18 43 09.775	  31.02761254 121.43941687 1.5  0.0 0.0
2015-07-01-18 43 09.879	  31.02761254 121.43941687 1.5  0.0 0.0
2015-07-01-18 43 09.986	  31.02761254 121.43941687 1.5  0.0 0.0
2015-07-01-18 43 10.087	  31.02761254 121.43941687 1.5  0.0 0.0
2015-07-01-18 43 10.189	  31.02761254 121.43941687 1.5  0.0 0.0
2015-07-01-18 43 10.290	  31.02761254 121.43941687 1.5  0.0 0.0
2015-07-01-18 43 10.394	  31.02761254 121.43941687 1.5  0.0 0.0
2015-07-01-18 43 10.507	  31.02761254 121.43941687 1.5  0.0 0.0
2015-07-01-18 43 10.608	  31.02761254 121.43941687 1.5  0.0 0.0
2015-07-01-18 43 10.710	  31.02761254 121.43941687 1.5  0.0 0.0
2015-07-01-18 43 10.812	  31.02761254 121.43941687 1.5  0.0 0.0
2015-07-01-18 43 10.914	  31.02761254 121.43941687 1.5  0.0 0.0
2015-07-01-18 43 11.018	  31.02761254 121.43941687 1.5  0.0 0.0
2015-07-01-18 43 11.122	  31.02761254 121.43941687 1.5  0.0 0.0
2015-07-01-18 43 11.227	  31.02761254 121.43941687 1.5  0.0 0.0
2015-07-01-18 43 11.331	  31.02761254 121.43941687 1.5  0.0 0.0
2015-07-01-18 43 11.434	  31.02761254 121.43941687 1.5  0.0 0.0
2015-07-01-18 43 11.537	  31.02759312 121.43943154 1.5  0.0 0.0
2015-07-01-18 43 11.644	  31.02759312 121.43943154 1.5  0.0 0.0
2015-07-01-18 43 11.746	  31.02759312 121.43943154 1.5  0.0 0.0
2015-07-01-18 43 11.849	  31.02759312 121.43943154 1.5  0.0 0.0
2015-07-01-18 43 11.950	  31.02759312 121.43943154 1.5  0.0 0.0
2015-07-01-18 43 12.063	  31.02759312 121.43943154 1.5  0.0 0.0
2015-07-01-18 43 12.165	  31.02759312 121.43943154 1.5  0.0 0.0
2015-07-01-18 43 12.267	  31.02759312 121.43943154 1.5  0.0 0.0
2015-07-01-18 43 12.369	  31.02759312 121.43943154 1.5  0.0 0.0
2015-07-01-18 43 12.470	  31.02759312 121.43943154 1.5  0.0 0.0
2015-07-01-18 43 12.572	  31.02759312 121.43943154 1.5  0.0 0.0
2015-07-01-18 43 12.675	  31.02759312 121.43943154 1.5  0.0 0.0
2015-07-01-18 43 12.779	  31.02759312 121.43943154 1.5  0.0 0.0
2015-07-01-18 43 12.897	  31.02759312 121.43943154 1.5  0.0 0.0
2015-07-01-18 43 12.999	  31.02759312 121.43943154 1.5  0.0 0.0
2015-07-01-18 43 13.104	  31.02759312 121.43943154 1.5  0.0 0.0
2015-07-01-18 43 13.208	  31.02759312 121.43943154 1.5  0.0 0.0
2015-07-01-18 43 13.319	  31.02759312 121.43943154 1.5  0.0 0.0
2015-07-01-18 43 13.420	  31.02759312 121.43943154 1.5  0.0 0.0
2015-07-01-18 43 13.522	  31.02757044 121.43944346 1.5  0.0 0.0
2015-07-01-18 43 13.623	  31.02757044 121.43944346 1.5  0.0 0.0
2015-07-01-18 43 13.730	  31.02757044 121.43944346 1.5  0.0 0.0
2015-07-01-18 43 13.835	  31.02757044 121.43944346 1.5  0.0 0.0
2015-07-01-18 43 13.937	  31.02757044 121.43944346 1.5  0.0 0.0
2015-07-01-18 43 14.043	  31.02757044 121.43944346 1.5  0.0 0.0
2015-07-01-18 43 14.153	  31.02757044 121.43944346 1.5  0.0 0.0
2015-07-01-18 43 14.254	  31.02757044 121.43944346 1.5  0.0 0.0
2015-07-01-18 43 14.355	  31.02757044 121.43944346 1.5  0.0 0.0
2015-07-01-18 43 14.457	  31.02757044 121.43944346 1.5  0.0 0.0
2015-07-01-18 43 14.563	  31.02757044 121.43944346 1.5  0.0 0.0
2015-07-01-18 43 14.665	  31.02757044 121.43944346 1.5  0.0 0.0
2015-07-01-18 43 14.768	  31.02757044 121.43944346 1.5  0.0 0.0
2015-07-01-18 43 14.874	  31.02757044 121.43944346 1.5  0.0 0.0
2015-07-01-18 43 14.988	  31.02757044 121.43944346 1.5  0.0 0.0
2015-07-01-18 43 15.089	  31.02757044 121.43944346 1.5  0.0 0.0
2015-07-01-18 43 15.192	  31.02757044 121.43944346 1.5  0.0 0.0
2015-07-01-18 43 15.294	  31.02757044 121.43944346 1.5  0.0 0.0
2015-07-01-18 43 15.400	  31.02754758 121.43945417 1.5  0.0 0.0
2015-07-01-18 43 15.501	  31.02754758 121.43945417 1.5  0.0 0.0
2015-07-01-18 43 15.603	  31.02754758 121.43945417 1.5  0.0 0.0
2015-07-01-18 43 15.705	  31.02754758 121.43945417 1.5  0.0 0.0
2015-07-01-18 43 15.816	  31.02754758 121.43945417 1.5  0.0 0.0
2015-07-01-18 43 15.918	  31.02754758 121.43945417 1.5  0.0 0.0
2015-07-01-18 43 16.019	  31.02754758 121.43945417 1.5  0.0 0.0
2015-07-01-18 43 16.121	  31.02754758 121.43945417 1.5  0.0 0.0
2015-07-01-18 43 16.230	  31.02754758 121.43945417 1.5  0.0 0.0
2015-07-01-18 43 16.331	  31.02754758 121.43945417 1.5  0.0 0.0
2015-07-01-18 43 16.436	  31.02754758 121.43945417 1.5  0.0 0.0
2015-07-01-18 43 16.538	  31.02754758 121.43945417 1.5  0.0 0.0
2015-07-01-18 43 16.640	  31.02754758 121.43945417 1.5  0.0 0.0
2015-07-01-18 43 16.748	  31.02754758 121.43945417 1.5  0.0 0.0
2015-07-01-18 43 16.859	  31.02754758 121.43945417 1.5  0.0 0.0
2015-07-01-18 43 16.960	  31.02754758 121.43945417 1.5  0.0 0.0
2015-07-01-18 43 17.064	  31.02754758 121.43945417 1.5  0.0 0.0
2015-07-01-18 43 17.170	  31.02754758 121.43945417 1.5  0.0 0.0
2015-07-01-18 43 17.286	  31.02754758 121.43945417 1.5  0.0 0.0
2015-07-01-18 43 17.388	  31.02752422 121.43946352 1.5  0.0 0.0
2015-07-01-18 43 17.489	  31.02752422 121.43946352 1.5  0.0 0.0
2015-07-01-18 43 17.592	  31.02752422 121.43946352 1.5  0.0 0.0
2015-07-01-18 43 17.702	  31.02752422 121.43946352 1.5  0.0 0.0
2015-07-01-18 43 17.804	  31.02752422 121.43946352 1.5  0.0 0.0
2015-07-01-18 43 17.906	  31.02752422 121.43946352 1.5  0.0 0.0
2015-07-01-18 43 18.008	  31.02752422 121.43946352 1.5  0.0 0.0
2015-07-01-18 43 18.110	  31.02752422 121.43946352 1.5  0.0 0.0
2015-07-01-18 43 18.214	  31.02752422 121.43946352 1.5  0.0 0.0
2015-07-01-18 43 18.318	  31.02752422 121.43946352 1.5  0.0 0.0
2015-07-01-18 43 18.427	  31.02752422 121.43946352 1.5  0.0 0.0
2015-07-01-18 43 18.530	  31.02752422 121.43946352 1.5  0.0 0.0
2015-07-01-18 43 18.633	  31.02752422 121.43946352 1.5  0.0 0.0
2015-07-01-18 43 18.743	  31.02752422 121.43946352 1.5  0.0 0.0
2015-07-01-18 43 18.844	  31.02752422 121.43946352 1.5  0.0 0.0
2015-07-01-18 43 18.945	  31.02752422 121.43946352 1.5  0.0 0.0
2015-07-01-18 43 19.047	  31.02752422 121.43946352 1.5  0.0 0.0
2015-07-01-18 43 19.150	  31.02752422 121.43946352 1.5  0.0 0.0
2015-07-01-18 43 19.252	  31.02752422 121.43946352 1.5  0.0 0.0
2015-07-01-18 43 19.355	  31.02752422 121.43946352 1.5  0.0 0.0
2015-07-01-18 43 19.512	  31.02750107 121.43947626 1.5  0.0 0.0
2015-07-01-18 43 19.614	  31.02750107 121.43947626 1.5  0.0 0.0
2015-07-01-18 43 19.719	  31.02750107 121.43947626 1.5  0.0 0.0
2015-07-01-18 43 19.828	  31.02750107 121.43947626 1.5  0.0 0.0
2015-07-01-18 43 19.930	  31.02750107 121.43947626 1.5  0.0 0.0
2015-07-01-18 43 20.033	  31.02750107 121.43947626 1.5  0.0 0.0
2015-07-01-18 43 20.137	  31.02750107 121.43947626 1.5  0.0 0.0
2015-07-01-18 43 20.239	  31.02750107 121.43947626 1.5  0.0 0.0
2015-07-01-18 43 20.342	  31.02750107 121.43947626 1.5  0.0 0.0
2015-07-01-18 43 20.448	  31.02750107 121.43947626 1.5  0.0 0.0
2015-07-01-18 43 20.552	  31.02750107 121.43947626 1.5  0.0 0.0
2015-07-01-18 43 20.655	  31.02750107 121.43947626 1.5  0.0 0.0
2015-07-01-18 43 20.756	  31.02750107 121.43947626 1.5  0.0 0.0
2015-07-01-18 43 20.863	  31.02750107 121.43947626 1.5  0.0 0.0
2015-07-01-18 43 20.976	  31.02750107 121.43947626 1.5  0.0 0.0
2015-07-01-18 43 21.078	  31.02750107 121.43947626 1.5  0.0 0.0
2015-07-01-18 43 21.180	  31.02750107 121.43947626 1.5  0.0 0.0
2015-07-01-18 43 21.282	  31.02750107 121.43947626 1.5  0.0 0.0
2015-07-01-18 43 21.385	  31.02750107 121.43947626 1.5  0.0 0.0
2015-07-01-18 43 21.488	  31.02747902 121.43949187 1.5  0.0 0.0
2015-07-01-18 43 21.640	  31.02747902 121.43949187 1.5  0.0 0.0
2015-07-01-18 43 21.742	  31.02747902 121.43949187 1.5  0.0 0.0
2015-07-01-18 43 21.844	  31.02747902 121.43949187 1.5  0.0 0.0
2015-07-01-18 43 21.947	  31.02747902 121.43949187 1.5  0.0 0.0
2015-07-01-18 43 22.049	  31.02747902 121.43949187 1.5  0.0 0.0
2015-07-01-18 43 22.151	  31.02747902 121.43949187 1.5  0.0 0.0
2015-07-01-18 43 22.254	  31.02747902 121.43949187 1.5  0.0 0.0
2015-07-01-18 43 22.362	  31.02747902 121.43949187 1.5  0.0 0.0
2015-07-01-18 43 22.505	  31.02747902 121.43949187 1.5  0.0 0.0
2015-07-01-18 43 22.607	  31.02747902 121.43949187 1.5  0.0 0.0
2015-07-01-18 43 22.708	  31.02747902 121.43949187 1.5  0.0 0.0
2015-07-01-18 43 22.868	  31.02747902 121.43949187 1.5  0.0 0.0
2015-07-01-18 43 22.970	  31.02747902 121.43949187 1.5  0.0 0.0
2015-07-01-18 43 23.076	  31.02747902 121.43949187 1.5  0.0 0.0
2015-07-01-18 43 23.236	  31.02747902 121.43949187 1.5  0.0 0.0
2015-07-01-18 43 23.337	  31.02747902 121.43949187 1.5  0.0 0.0
2015-07-01-18 43 23.444	  31.02745684 121.43950262 1.5  0.0 0.0
2015-07-01-18 43 23.547	  31.02745684 121.43950262 1.5  0.0 0.0
2015-07-01-18 43 23.649	  31.02745684 121.43950262 1.5  0.0 0.0
2015-07-01-18 43 23.757	  31.02745684 121.43950262 1.5  0.0 0.0
2015-07-01-18 43 23.861	  31.02745684 121.43950262 1.5  0.0 0.0
2015-07-01-18 43 23.966	  31.02745684 121.43950262 1.5  0.0 0.0
2015-07-01-18 43 24.123	  31.02745684 121.43950262 1.5  0.0 0.0
2015-07-01-18 43 24.231	  31.02745684 121.43950262 1.5  0.0 0.0
2015-07-01-18 43 24.337	  31.02745684 121.43950262 1.5  0.0 0.0
2015-07-01-18 43 24.506	  31.02745684 121.43950262 1.5  0.0 0.0
2015-07-01-18 43 24.607	  31.02745684 121.43950262 1.5  0.0 0.0
2015-07-01-18 43 24.723	  31.02745684 121.43950262 1.5  0.0 0.0
2015-07-01-18 43 24.824	  31.02745684 121.43950262 1.5  0.0 0.0
2015-07-01-18 43 24.925	  31.02745684 121.43950262 1.5  0.0 0.0
2015-07-01-18 43 25.064	  31.02745684 121.43950262 1.5  0.0 0.0
2015-07-01-18 43 25.166	  31.02745684 121.43950262 1.5  0.0 0.0
2015-07-01-18 43 25.271	  31.02745684 121.43950262 1.5  0.0 0.0
2015-07-01-18 43 25.444	  31.0274331 121.43950926 1.5  0.0 0.0
2015-07-01-18 43 25.547	  31.0274331 121.43950926 1.5  0.0 0.0
2015-07-01-18 43 25.679	  31.0274331 121.43950926 1.5  0.0 0.0
2015-07-01-18 43 25.781	  31.0274331 121.43950926 1.5  0.0 0.0
2015-07-01-18 43 25.940	  31.0274331 121.43950926 1.5  0.0 0.0
2015-07-01-18 43 26.042	  31.0274331 121.43950926 1.5  0.0 0.0
2015-07-01-18 43 26.154	  31.0274331 121.43950926 1.5  0.0 0.0
2015-07-01-18 43 26.257	  31.0274331 121.43950926 1.5  0.0 0.0
2015-07-01-18 43 26.358	  31.0274331 121.43950926 1.5  0.0 0.0
2015-07-01-18 43 26.488	  31.0274331 121.43950926 1.5  0.0 0.0
2015-07-01-18 43 26.591	  31.0274331 121.43950926 1.5  0.0 0.0
2015-07-01-18 43 26.736	  31.0274331 121.43950926 1.5  0.0 0.0
2015-07-01-18 43 26.840	  31.0274331 121.43950926 1.5  0.0 0.0
2015-07-01-18 43 26.986	  31.0274331 121.43950926 1.5  0.0 0.0
2015-07-01-18 43 27.088	  31.0274331 121.43950926 1.5  0.0 0.0
2015-07-01-18 43 27.204	  31.0274331 121.43950926 1.5  0.0 0.0
2015-07-01-18 43 27.305	  31.0274331 121.43950926 1.5  0.0 0.0
2015-07-01-18 43 27.415	  31.02740814 121.43951741 1.5  0.0 0.0
2015-07-01-18 43 27.517	  31.02740814 121.43951741 1.5  0.0 0.0
2015-07-01-18 43 27.620	  31.02740814 121.43951741 1.5  0.0 0.0
2015-07-01-18 43 27.763	  31.02740814 121.43951741 1.5  0.0 0.0
2015-07-01-18 43 27.868	  31.02740814 121.43951741 1.5  0.0 0.0
2015-07-01-18 43 28.024	  31.02740814 121.43951741 1.5  0.0 0.0
2015-07-01-18 43 28.127	  31.02740814 121.43951741 1.5  0.0 0.0
2015-07-01-18 43 28.291	  31.02740814 121.43951741 1.5  0.0 0.0
2015-07-01-18 43 28.392	  31.02740814 121.43951741 1.5  0.0 0.0
2015-07-01-18 43 28.550	  31.02740814 121.43951741 1.5  0.0 0.0
2015-07-01-18 43 28.654	  31.02740814 121.43951741 1.5  0.0 0.0
2015-07-01-18 43 28.811	  31.02740814 121.43951741 1.5  0.0 0.0
2015-07-01-18 43 28.915	  31.02740814 121.43951741 1.5  0.0 0.0
2015-07-01-18 43 29.025	  31.02740814 121.43951741 1.5  0.0 0.0
2015-07-01-18 43 29.127	  31.02740814 121.43951741 1.5  0.0 0.0
2015-07-01-18 43 29.231	  31.02740814 121.43951741 1.5  0.0 0.0
2015-07-01-18 43 29.385	  31.02738474 121.43952756 1.5  0.0 0.0
2015-07-01-18 43 29.486	  31.02738474 121.43952756 1.5  0.0 0.0
2015-07-01-18 43 29.629	  31.02738474 121.43952756 1.5  0.0 0.0
2015-07-01-18 43 29.733	  31.02738474 121.43952756 1.5  0.0 0.0
2015-07-01-18 43 29.880	  31.02738474 121.43952756 1.5  0.0 0.0
2015-07-01-18 43 29.988	  31.02738474 121.43952756 1.5  0.0 0.0
2015-07-01-18 43 30.135	  31.02738474 121.43952756 1.5  0.0 0.0
2015-07-01-18 43 30.240	  31.02738474 121.43952756 1.5  0.0 0.0
2015-07-01-18 43 30.387	  31.02738474 121.43952756 1.5  0.0 0.0
2015-07-01-18 43 30.489	  31.02738474 121.43952756 1.5  0.0 0.0
2015-07-01-18 43 30.668	  31.02738474 121.43952756 1.5  0.0 0.0
2015-07-01-18 43 30.769	  31.02738474 121.43952756 1.5  0.0 0.0
2015-07-01-18 43 30.910	  31.02738474 121.43952756 1.5  0.0 0.0
2015-07-01-18 43 31.013	  31.02738474 121.43952756 1.5  0.0 0.0
2015-07-01-18 43 31.167	  31.02738474 121.43952756 1.5  0.0 0.0
2015-07-01-18 43 31.270	  31.02738474 121.43952756 1.5  0.0 0.0
2015-07-01-18 43 31.409	  31.02738474 121.43952756 1.5  0.0 0.0
2015-07-01-18 43 31.512	  31.02736178 121.43953685 1.5  0.0 0.0
2015-07-01-18 43 31.638	  31.02736178 121.43953685 1.5  0.0 0.0
2015-07-01-18 43 31.743	  31.02736178 121.43953685 1.5  0.0 0.0
2015-07-01-18 43 31.845	  31.02736178 121.43953685 1.5  0.0 0.0
2015-07-01-18 43 31.947	  31.02736178 121.43953685 1.5  0.0 0.0
2015-07-01-18 43 32.048	  31.02736178 121.43953685 1.5  0.0 0.0
2015-07-01-18 43 32.191	  31.02736178 121.43953685 1.5  0.0 0.0
2015-07-01-18 43 32.294	  31.02736178 121.43953685 1.5  0.0 0.0
2015-07-01-18 43 32.441	  31.02736178 121.43953685 1.5  0.0 0.0
2015-07-01-18 43 32.543	  31.02736178 121.43953685 1.5  0.0 0.0
2015-07-01-18 43 32.682	  31.02736178 121.43953685 1.5  0.0 0.0
2015-07-01-18 43 32.788	  31.02736178 121.43953685 1.5  0.0 0.0
2015-07-01-18 43 32.934	  31.02736178 121.43953685 1.5  0.0 0.0
2015-07-01-18 43 33.038	  31.02736178 121.43953685 1.5  0.0 0.0
2015-07-01-18 43 33.184	  31.02736178 121.43953685 1.5  0.0 0.0
2015-07-01-18 43 33.285	  31.02736178 121.43953685 1.5  0.0 0.0
2015-07-01-18 43 33.429	  31.0273359 121.43954399 1.5  0.0 0.0
2015-07-01-18 43 33.541	  31.0273359 121.43954399 1.5  0.0 0.0
2015-07-01-18 43 33.685	  31.0273359 121.43954399 1.5  0.0 0.0
2015-07-01-18 43 33.789	  31.0273359 121.43954399 1.5  0.0 0.0
2015-07-01-18 43 33.924	  31.0273359 121.43954399 1.5  0.0 0.0
2015-07-01-18 43 34.026	  31.0273359 121.43954399 1.5  0.0 0.0
2015-07-01-18 43 34.141	  31.0273359 121.43954399 1.5  0.0 0.0
2015-07-01-18 43 34.248	  31.0273359 121.43954399 1.5  0.0 0.0
2015-07-01-18 43 34.403	  31.0273359 121.43954399 1.5  0.0 0.0
2015-07-01-18 43 34.506	  31.0273359 121.43954399 1.5  0.0 0.0
2015-07-01-18 43 34.639	  31.0273359 121.43954399 1.5  0.0 0.0
2015-07-01-18 43 34.743	  31.0273359 121.43954399 1.5  0.0 0.0
2015-07-01-18 43 34.917	  31.0273359 121.43954399 1.5  0.0 0.0
2015-07-01-18 43 35.020	  31.0273359 121.43954399 1.5  0.0 0.0
2015-07-01-18 43 35.189	  31.0273359 121.43954399 1.5  0.0 0.0
2015-07-01-18 43 35.290	  31.0273359 121.43954399 1.5  0.0 0.0
2015-07-01-18 43 35.406	  31.02731114 121.43955402 1.5  0.0 0.0
2015-07-01-18 43 35.509	  31.02731114 121.43955402 1.5  0.0 0.0
2015-07-01-18 43 35.647	  31.02731114 121.43955402 1.5  0.0 0.0
2015-07-01-18 43 35.753	  31.02731114 121.43955402 1.5  0.0 0.0
2015-07-01-18 43 35.931	  31.02731114 121.43955402 1.5  0.0 0.0
2015-07-01-18 43 36.033	  31.02731114 121.43955402 1.5  0.0 0.0
2015-07-01-18 43 36.136	  31.02731114 121.43955402 1.5  0.0 0.0
2015-07-01-18 43 36.237	  31.02731114 121.43955402 1.5  0.0 0.0
2015-07-01-18 43 36.375	  31.02731114 121.43955402 1.5  0.0 0.0
2015-07-01-18 43 36.476	  31.02731114 121.43955402 1.5  0.0 0.0
2015-07-01-18 43 36.580	  31.02731114 121.43955402 1.5  0.0 0.0
2015-07-01-18 43 36.684	  31.02731114 121.43955402 1.5  0.0 0.0
2015-07-01-18 43 36.787	  31.02731114 121.43955402 1.5  0.0 0.0
2015-07-01-18 43 36.889	  31.02731114 121.43955402 1.5  0.0 0.0
2015-07-01-18 43 37.005	  31.02731114 121.43955402 1.5  0.0 0.0
2015-07-01-18 43 37.151	  31.02731114 121.43955402 1.5  0.0 0.0
2015-07-01-18 43 37.270	  31.02731114 121.43955402 1.5  0.0 0.0
2015-07-01-18 43 37.372	  31.02731114 121.43955402 1.5  0.0 0.0
2015-07-01-18 43 37.504	  31.027287049999998 121.43956799 1.5  0.0 0.0
2015-07-01-18 43 37.606	  31.027287049999998 121.43956799 1.5  0.0 0.0
2015-07-01-18 43 37.738	  31.027287049999998 121.43956799 1.5  0.0 0.0
2015-07-01-18 43 37.841	  31.027287049999998 121.43956799 1.5  0.0 0.0
2015-07-01-18 43 38.020	  31.027287049999998 121.43956799 1.5  0.0 0.0
2015-07-01-18 43 38.121	  31.027287049999998 121.43956799 1.5  0.0 0.0
2015-07-01-18 43 38.259	  31.027287049999998 121.43956799 1.5  0.0 0.0
2015-07-01-18 43 38.365	  31.027287049999998 121.43956799 1.5  0.0 0.0
2015-07-01-18 43 38.530	  31.027287049999998 121.43956799 1.5  0.0 0.0
2015-07-01-18 43 38.634	  31.027287049999998 121.43956799 1.5  0.0 0.0
2015-07-01-18 43 38.799	  31.027287049999998 121.43956799 1.5  0.0 0.0
2015-07-01-18 43 38.901	  31.027287049999998 121.43956799 1.5  0.0 0.0
2015-07-01-18 43 39.036	  31.027287049999998 121.43956799 1.5  0.0 0.0
2015-07-01-18 43 39.138	  31.027287049999998 121.43956799 1.5  0.0 0.0
2015-07-01-18 43 39.270	  31.027287049999998 121.43956799 1.5  0.0 0.0
2015-07-01-18 43 39.371	  31.027287049999998 121.43956799 1.5  0.0 0.0
2015-07-01-18 43 39.539	  31.02725933 121.43957996 1.5  0.0 0.0
2015-07-01-18 43 39.641	  31.02725933 121.43957996 1.5  0.0 0.0
2015-07-01-18 43 39.784	  31.02725933 121.43957996 1.5  0.0 0.0
2015-07-01-18 43 39.886	  31.02725933 121.43957996 1.5  0.0 0.0
2015-07-01-18 43 40.026	  31.02725933 121.43957996 1.5  0.0 0.0
2015-07-01-18 43 40.128	  31.02725933 121.43957996 1.5  0.0 0.0
2015-07-01-18 43 40.284	  31.02725933 121.43957996 1.5  0.0 0.0
2015-07-01-18 43 40.386	  31.02725933 121.43957996 1.5  0.0 0.0
2015-07-01-18 43 40.531	  31.02725933 121.43957996 1.5  0.0 0.0
2015-07-01-18 43 40.648	  31.02725933 121.43957996 1.5  0.0 0.0
2015-07-01-18 43 40.751	  31.02725933 121.43957996 1.5  0.0 0.0
2015-07-01-18 43 40.906	  31.02725933 121.43957996 1.5  0.0 0.0
2015-07-01-18 43 41.009	  31.02725933 121.43957996 1.5  0.0 0.0
2015-07-01-18 43 41.138	  31.02725933 121.43957996 1.5  0.0 0.0
2015-07-01-18 43 41.241	  31.02725933 121.43957996 1.5  0.0 0.0
2015-07-01-18 43 41.396	  31.02723352 121.43958973 1.5  0.0 0.0
2015-07-01-18 43 41.497	  31.02723352 121.43958973 1.5  0.0 0.0
2015-07-01-18 43 41.621	  31.02723352 121.43958973 1.5  0.0 0.0
2015-07-01-18 43 41.723	  31.02723352 121.43958973 1.5  0.0 0.0
2015-07-01-18 43 41.870	  31.02723352 121.43958973 1.5  0.0 0.0
2015-07-01-18 43 41.986	  31.02723352 121.43958973 1.5  0.0 0.0
2015-07-01-18 43 42.135	  31.02723352 121.43958973 1.5  0.0 0.0
2015-07-01-18 43 42.246	  31.02723352 121.43958973 1.5  0.0 0.0
2015-07-01-18 43 42.407	  31.02723352 121.43958973 1.5  0.0 0.0
2015-07-01-18 43 42.508	  31.02723352 121.43958973 1.5  0.0 0.0
2015-07-01-18 43 42.610	  31.02723352 121.43958973 1.5  0.0 0.0
2015-07-01-18 43 42.712	  31.02723352 121.43958973 1.5  0.0 0.0
2015-07-01-18 43 42.816	  31.02723352 121.43958973 1.5  0.0 0.0
2015-07-01-18 43 42.928	  31.02723352 121.43958973 1.5  0.0 0.0
2015-07-01-18 43 43.030	  31.02723352 121.43958973 1.5  0.0 0.0
2015-07-01-18 43 43.144	  31.02723352 121.43958973 1.5  0.0 0.0
2015-07-01-18 43 43.247	  31.02723352 121.43958973 1.5  0.0 0.0
2015-07-01-18 43 43.399	  31.02720787 121.43959802 1.5  0.0 0.0
2015-07-01-18 43 43.506	  31.02720787 121.43959802 1.5  0.0 0.0
2015-07-01-18 43 43.650	  31.02720787 121.43959802 1.5  0.0 0.0
2015-07-01-18 43 43.753	  31.02720787 121.43959802 1.5  0.0 0.0
2015-07-01-18 43 43.879	  31.02720787 121.43959802 1.5  0.0 0.0
2015-07-01-18 43 43.983	  31.02720787 121.43959802 1.5  0.0 0.0
2015-07-01-18 43 44.085	  31.02720787 121.43959802 1.5  0.0 0.0
2015-07-01-18 43 44.198	  31.02720787 121.43959802 1.5  0.0 0.0
2015-07-01-18 43 44.305	  31.02720787 121.43959802 1.5  0.0 0.0
2015-07-01-18 43 44.482	  31.02720787 121.43959802 1.5  0.0 0.0
2015-07-01-18 43 44.583	  31.02720787 121.43959802 1.5  0.0 0.0
2015-07-01-18 43 44.722	  31.02720787 121.43959802 1.5  0.0 0.0
2015-07-01-18 43 44.826	  31.02720787 121.43959802 1.5  0.0 0.0
2015-07-01-18 43 44.931	  31.02720787 121.43959802 1.5  0.0 0.0
2015-07-01-18 43 45.047	  31.02720787 121.43959802 1.5  0.0 0.0
2015-07-01-18 43 45.150	  31.02720787 121.43959802 1.5  0.0 0.0
2015-07-01-18 43 45.289	  31.02720787 121.43959802 1.5  0.0 0.0
2015-07-01-18 43 45.392	  31.02718202 121.43960824 1.5  0.0 0.0
2015-07-01-18 43 45.494	  31.02718202 121.43960824 1.5  0.0 0.0
2015-07-01-18 43 45.600	  31.02718202 121.43960824 1.5  0.0 0.0
2015-07-01-18 43 45.702	  31.02718202 121.43960824 1.5  0.0 0.0
2015-07-01-18 43 45.875	  31.02718202 121.43960824 1.5  0.0 0.0
2015-07-01-18 43 45.977	  31.02718202 121.43960824 1.5  0.0 0.0
2015-07-01-18 43 46.078	  31.02718202 121.43960824 1.5  0.0 0.0
2015-07-01-18 43 46.189	  31.02718202 121.43960824 1.5  0.0 0.0
2015-07-01-18 43 46.291	  31.02718202 121.43960824 1.5  0.0 0.0
2015-07-01-18 43 46.442	  31.02718202 121.43960824 1.5  0.0 0.0
2015-07-01-18 43 46.559	  31.02718202 121.43960824 1.5  0.0 0.0
2015-07-01-18 43 46.676	  31.02718202 121.43960824 1.5  0.0 0.0
2015-07-01-18 43 46.779	  31.02718202 121.43960824 1.5  0.0 0.0
2015-07-01-18 43 46.882	  31.02718202 121.43960824 1.5  0.0 0.0
2015-07-01-18 43 46.988	  31.02718202 121.43960824 1.5  0.0 0.0
2015-07-01-18 43 47.093	  31.02718202 121.43960824 1.5  0.0 0.0
2015-07-01-18 43 47.240	  31.02718202 121.43960824 1.5  0.0 0.0
2015-07-01-18 43 47.342	  31.02718202 121.43960824 1.5  0.0 0.0
2015-07-01-18 43 47.452	  31.02715781 121.43961558 1.5  0.0 0.0
2015-07-01-18 43 47.555	  31.02715781 121.43961558 1.5  0.0 0.0
2015-07-01-18 43 47.684	  31.02715781 121.43961558 1.5  0.0 0.0
2015-07-01-18 43 47.788	  31.02715781 121.43961558 1.5  0.0 0.0
2015-07-01-18 43 47.968	  31.02715781 121.43961558 1.5  0.0 0.0
2015-07-01-18 43 48.072	  31.02715781 121.43961558 1.5  0.0 0.0
2015-07-01-18 43 48.173	  31.02715781 121.43961558 1.5  0.0 0.0
2015-07-01-18 43 48.325	  31.02715781 121.43961558 1.5  0.0 0.0
2015-07-01-18 43 48.429	  31.02715781 121.43961558 1.5  0.0 0.0
2015-07-01-18 43 48.548	  31.02715781 121.43961558 1.5  0.0 0.0
2015-07-01-18 43 48.654	  31.02715781 121.43961558 1.5  0.0 0.0
2015-07-01-18 43 48.757	  31.02715781 121.43961558 1.5  0.0 0.0
2015-07-01-18 43 48.896	  31.02715781 121.43961558 1.5  0.0 0.0
2015-07-01-18 43 49.008	  31.02715781 121.43961558 1.5  0.0 0.0
2015-07-01-18 43 49.109	  31.02715781 121.43961558 1.5  0.0 0.0
2015-07-01-18 43 49.223	  31.02715781 121.43961558 1.5  0.0 0.0
2015-07-01-18 43 49.325	  31.02715781 121.43961558 1.5  0.0 0.0
2015-07-01-18 43 49.428	  31.02713421 121.43962329 1.5  0.0 0.0
2015-07-01-18 43 49.538	  31.02713421 121.43962329 1.5  0.0 0.0
2015-07-01-18 43 49.640	  31.02713421 121.43962329 1.5  0.0 0.0
2015-07-01-18 43 49.757	  31.02713421 121.43962329 1.5  0.0 0.0
2015-07-01-18 43 49.859	  31.02713421 121.43962329 1.5  0.0 0.0
2015-07-01-18 43 50.029	  31.02713421 121.43962329 1.5  0.0 0.0
2015-07-01-18 43 50.131	  31.02713421 121.43962329 1.5  0.0 0.0
2015-07-01-18 43 50.275	  31.02713421 121.43962329 1.5  0.0 0.0
2015-07-01-18 43 50.435	  31.02713421 121.43962329 1.5  0.0 0.0
2015-07-01-18 43 50.537	  31.02713421 121.43962329 1.5  0.0 0.0
2015-07-01-18 43 50.652	  31.02713421 121.43962329 1.5  0.0 0.0
2015-07-01-18 43 50.758	  31.02713421 121.43962329 1.5  0.0 0.0
2015-07-01-18 43 50.866	  31.02713421 121.43962329 1.5  0.0 0.0
2015-07-01-18 43 51.029	  31.02713421 121.43962329 1.5  0.0 0.0
2015-07-01-18 43 51.133	  31.02713421 121.43962329 1.5  0.0 0.0
2015-07-01-18 43 51.236	  31.02713421 121.43962329 1.5  0.0 0.0
2015-07-01-18 43 51.388	  31.02710998 121.43963529 1.5  0.0 0.0
2015-07-01-18 43 51.491	  31.02710998 121.43963529 1.5  0.0 0.0
2015-07-01-18 43 51.593	  31.02710998 121.43963529 1.5  0.0 0.0
2015-07-01-18 43 51.743	  31.02710998 121.43963529 1.5  0.0 0.0
2015-07-01-18 43 51.848	  31.02710998 121.43963529 1.5  0.0 0.0
2015-07-01-18 43 52.009	  31.02710998 121.43963529 1.5  0.0 0.0
2015-07-01-18 43 52.147	  31.02710998 121.43963529 1.5  0.0 0.0
2015-07-01-18 43 52.252	  31.02710998 121.43963529 1.5  0.0 0.0
2015-07-01-18 43 52.425	  31.02710998 121.43963529 1.5  0.0 0.0
2015-07-01-18 43 52.528	  31.02710998 121.43963529 1.5  0.0 0.0
2015-07-01-18 43 52.671	  31.02710998 121.43963529 1.5  0.0 0.0
2015-07-01-18 43 52.832	  31.02710998 121.43963529 1.5  0.0 0.0
2015-07-01-18 43 52.934	  31.02710998 121.43963529 1.5  0.0 0.0
2015-07-01-18 43 53.084	  31.02710998 121.43963529 1.5  0.0 0.0
2015-07-01-18 43 53.226	  31.02710998 121.43963529 1.5  0.0 0.0
2015-07-01-18 43 53.329	  31.02710998 121.43963529 1.5  0.0 0.0
2015-07-01-18 43 53.480	  31.02710998 121.43963529 1.5  0.0 0.0
2015-07-01-18 43 53.633	  31.02708641 121.43964925 1.5  0.0 0.0
2015-07-01-18 43 53.735	  31.02708641 121.43964925 1.5  0.0 0.0
2015-07-01-18 43 53.856	  31.02708641 121.43964925 1.5  0.0 0.0
2015-07-01-18 43 53.998	  31.02708641 121.43964925 1.5  0.0 0.0
2015-07-01-18 43 54.100	  31.02708641 121.43964925 1.5  0.0 0.0
2015-07-01-18 43 54.256	  31.02708641 121.43964925 1.5  0.0 0.0
2015-07-01-18 43 54.404	  31.02708641 121.43964925 1.5  0.0 0.0
2015-07-01-18 43 54.538	  31.02708641 121.43964925 1.5  0.0 0.0
2015-07-01-18 43 54.681	  31.02708641 121.43964925 1.5  0.0 0.0
2015-07-01-18 43 54.831	  31.02708641 121.43964925 1.5  0.0 0.0
2015-07-01-18 43 54.981	  31.02708641 121.43964925 1.5  0.0 0.0
2015-07-01-18 43 55.095	  31.02708641 121.43964925 1.5  0.0 0.0
2015-07-01-18 43 55.225	  31.02708641 121.43964925 1.5  0.0 0.0
2015-07-01-18 43 55.344	  31.02708641 121.43964925 1.5  0.0 0.0
2015-07-01-18 43 55.497	  31.02706218 121.43966012 1.5  0.0 0.0
2015-07-01-18 43 55.610	  31.02706218 121.43966012 1.5  0.0 0.0
2015-07-01-18 43 55.713	  31.02706218 121.43966012 1.5  0.0 0.0
2015-07-01-18 43 55.851	  31.02706218 121.43966012 1.5  0.0 0.0
2015-07-01-18 43 55.970	  31.02706218 121.43966012 1.5  0.0 0.0
2015-07-01-18 43 56.086	  31.02706218 121.43966012 1.5  0.0 0.0
2015-07-01-18 43 56.218	  31.02706218 121.43966012 1.5  0.0 0.0
2015-07-01-18 43 56.393	  31.02706218 121.43966012 1.5  0.0 0.0
2015-07-01-18 43 56.515	  31.02706218 121.43966012 1.5  0.0 0.0
2015-07-01-18 43 56.672	  31.02706218 121.43966012 1.5  0.0 0.0
2015-07-01-18 43 56.800	  31.02706218 121.43966012 1.5  0.0 0.0
2015-07-01-18 43 56.916	  31.02706218 121.43966012 1.5  0.0 0.0
2015-07-01-18 43 57.019	  31.02706218 121.43966012 1.5  0.0 0.0
2015-07-01-18 43 57.140	  31.02706218 121.43966012 1.5  0.0 0.0
2015-07-01-18 43 57.261	  31.02706218 121.43966012 1.5  0.0 0.0
2015-07-01-18 43 57.382	  31.02703702 121.43966331 1.5  0.0 0.0
2015-07-01-18 43 57.506	  31.02703702 121.43966331 1.5  0.0 0.0
2015-07-01-18 43 57.647	  31.02703702 121.43966331 1.5  0.0 0.0
2015-07-01-18 43 57.794	  31.02703702 121.43966331 1.5  0.0 0.0
2015-07-01-18 43 57.916	  31.02703702 121.43966331 1.5  0.0 0.0
2015-07-01-18 43 58.043	  31.02703702 121.43966331 1.5  0.0 0.0
2015-07-01-18 43 58.166	  31.02703702 121.43966331 1.5  0.0 0.0
2015-07-01-18 43 58.291	  31.02703702 121.43966331 1.5  0.0 0.0
2015-07-01-18 43 58.413	  31.02703702 121.43966331 1.5  0.0 0.0
2015-07-01-18 43 58.538	  31.02703702 121.43966331 1.5  0.0 0.0
2015-07-01-18 43 58.661	  31.02703702 121.43966331 1.5  0.0 0.0
2015-07-01-18 43 58.784	  31.02703702 121.43966331 1.5  0.0 0.0
2015-07-01-18 43 58.906	  31.02703702 121.43966331 1.5  0.0 0.0
2015-07-01-18 43 59.032	  31.02703702 121.43966331 1.5  0.0 0.0
2015-07-01-18 43 59.154	  31.02703702 121.43966331 1.5  0.0 0.0
2015-07-01-18 43 59.278	  31.02703702 121.43966331 1.5  0.0 0.0
2015-07-01-18 43 59.399	  31.02701572 121.43967074 1.5  0.0 0.0
2015-07-01-18 43 59.534	  31.02701572 121.43967074 1.5  0.0 0.0
2015-07-01-18 43 59.653	  31.02701572 121.43967074 1.5  0.0 0.0
2015-07-01-18 43 59.772	  31.02701572 121.43967074 1.5  0.0 0.0
2015-07-01-18 43 59.893	  31.02701572 121.43967074 1.5  0.0 0.0
2015-07-01-18 44 00.018	  31.02701572 121.43967074 1.5  0.0 0.0
2015-07-01-18 44 00.169	  31.02701572 121.43967074 1.5  0.0 0.0
2015-07-01-18 44 00.285	  31.02701572 121.43967074 1.5  0.0 0.0
2015-07-01-18 44 00.430	  31.02701572 121.43967074 1.5  0.0 0.0
2015-07-01-18 44 00.569	  31.02701572 121.43967074 1.5  0.0 0.0
2015-07-01-18 44 00.693	  31.02701572 121.43967074 1.5  0.0 0.0
2015-07-01-18 44 00.827	  31.02701572 121.43967074 1.5  0.0 0.0
2015-07-01-18 44 00.942	  31.02701572 121.43967074 1.5  0.0 0.0
2015-07-01-18 44 01.097	  31.02701572 121.43967074 1.5  0.0 0.0
2015-07-01-18 44 01.250	  31.02701572 121.43967074 1.5  0.0 0.0
2015-07-01-18 44 01.413	  31.02701572 121.43967074 1.5  0.0 0.0
2015-07-01-18 44 01.528	  31.02699487 121.43967964 1.5  0.0 0.0
2015-07-01-18 44 01.679	  31.02699487 121.43967964 1.5  0.0 0.0
2015-07-01-18 44 01.808	  31.02699487 121.43967964 1.5  0.0 0.0
2015-07-01-18 44 01.990	  31.02699487 121.43967964 1.5  0.0 0.0
2015-07-01-18 44 02.107	  31.02699487 121.43967964 1.5  0.0 0.0
2015-07-01-18 44 02.245	  31.02699487 121.43967964 1.5  0.0 0.0
2015-07-01-18 44 02.372	  31.02699487 121.43967964 1.5  0.0 0.0
2015-07-01-18 44 02.533	  31.02699487 121.43967964 1.5  0.0 0.0
2015-07-01-18 44 02.662	  31.02699487 121.43967964 1.5  0.0 0.0
2015-07-01-18 44 02.814	  31.02699487 121.43967964 1.5  0.0 0.0
2015-07-01-18 44 02.967	  31.02699487 121.43967964 1.5  0.0 0.0
2015-07-01-18 44 03.115	  31.02699487 121.43967964 1.5  0.0 0.0
2015-07-01-18 44 03.262	  31.02699487 121.43967964 1.5  0.0 0.0
2015-07-01-18 44 03.410	  31.02699487 121.43967964 1.5  0.0 0.0
2015-07-01-18 44 03.530	  31.02697455 121.4396913 1.5  0.0 0.0
2015-07-01-18 44 03.647	  31.02697455 121.4396913 1.5  0.0 0.0
2015-07-01-18 44 03.763	  31.02697455 121.4396913 1.5  0.0 0.0
2015-07-01-18 44 03.893	  31.02697455 121.4396913 1.5  0.0 0.0
2015-07-01-18 44 04.030	  31.02697455 121.4396913 1.5  0.0 0.0
2015-07-01-18 44 04.189	  31.02697455 121.4396913 1.5  0.0 0.0
2015-07-01-18 44 04.325	  31.02697455 121.4396913 1.5  0.0 0.0
2015-07-01-18 44 04.460	  31.02697455 121.4396913 1.5  0.0 0.0
2015-07-01-18 44 04.601	  31.02697455 121.4396913 1.5  0.0 0.0
2015-07-01-18 44 04.736	  31.02697455 121.4396913 1.5  0.0 0.0
2015-07-01-18 44 04.892	  31.02697455 121.4396913 1.5  0.0 0.0
2015-07-01-18 44 05.024	  31.02697455 121.4396913 1.5  0.0 0.0
2015-07-01-18 44 05.163	  31.02697455 121.4396913 1.5  0.0 0.0
2015-07-01-18 44 05.281	  31.02697455 121.4396913 1.5  0.0 0.0
2015-07-01-18 44 05.417	  31.02695259 121.43970347 1.5  0.0 0.0
2015-07-01-18 44 05.548	  31.02695259 121.43970347 1.5  0.0 0.0
2015-07-01-18 44 05.689	  31.02695259 121.43970347 1.5  0.0 0.0
2015-07-01-18 44 05.832	  31.02695259 121.43970347 1.5  0.0 0.0
2015-07-01-18 44 05.947	  31.02695259 121.43970347 1.5  0.0 0.0
2015-07-01-18 44 06.110	  31.02695259 121.43970347 1.5  0.0 0.0
2015-07-01-18 44 06.247	  31.02695259 121.43970347 1.5  0.0 0.0
2015-07-01-18 44 06.364	  31.02695259 121.43970347 1.5  0.0 0.0
2015-07-01-18 44 06.504	  31.02695259 121.43970347 1.5  0.0 0.0
2015-07-01-18 44 06.633	  31.02695259 121.43970347 1.5  0.0 0.0
2015-07-01-18 44 06.771	  31.02695259 121.43970347 1.5  0.0 0.0
2015-07-01-18 44 06.888	  31.02695259 121.43970347 1.5  0.0 0.0
2015-07-01-18 44 07.032	  31.02695259 121.43970347 1.5  0.0 0.0
2015-07-01-18 44 07.185	  31.02695259 121.43970347 1.5  0.0 0.0
2015-07-01-18 44 07.325	  31.02695259 121.43970347 1.5  0.0 0.0
2015-07-01-18 44 07.466	  31.0269296 121.43971591 1.5  0.0 0.0
2015-07-01-18 44 07.589	  31.0269296 121.43971591 1.5  0.0 0.0
2015-07-01-18 44 07.734	  31.0269296 121.43971591 1.5  0.0 0.0
2015-07-01-18 44 07.878	  31.0269296 121.43971591 1.5  0.0 0.0
2015-07-01-18 44 08.006	  31.0269296 121.43971591 1.5  0.0 0.0
2015-07-01-18 44 08.211	  31.0269296 121.43971591 1.5  0.0 0.0
2015-07-01-18 44 08.313	  31.0269296 121.43971591 1.5  0.0 0.0
2015-07-01-18 44 08.490	  31.0269296 121.43971591 1.5  0.0 0.0
2015-07-01-18 44 08.621	  31.0269296 121.43971591 1.5  0.0 0.0
2015-07-01-18 44 08.735	  31.0269296 121.43971591 1.5  0.0 0.0
2015-07-01-18 44 08.836	  31.0269296 121.43971591 1.5  0.0 0.0
2015-07-01-18 44 08.951	  31.0269296 121.43971591 1.5  0.0 0.0
2015-07-01-18 44 09.133	  31.0269296 121.43971591 1.5  0.0 0.0
2015-07-01-18 44 09.265	  31.0269296 121.43971591 1.5  0.0 0.0
2015-07-01-18 44 09.395	  31.0269296 121.43971591 1.5  0.0 0.0
2015-07-01-18 44 09.547	  31.02690738 121.43972844 1.25  0.0 0.0
2015-07-01-18 44 09.683	  31.02690738 121.43972844 1.25  0.0 0.0
2015-07-01-18 44 09.818	  31.02690738 121.43972844 1.25  0.0 0.0
2015-07-01-18 44 09.980	  31.02690738 121.43972844 1.25  0.0 0.0
2015-07-01-18 44 10.097	  31.02690738 121.43972844 1.25  0.0 0.0
2015-07-01-18 44 10.236	  31.02690738 121.43972844 1.25  0.0 0.0
2015-07-01-18 44 10.386	  31.02690738 121.43972844 1.25  0.0 0.0
2015-07-01-18 44 10.537	  31.02690738 121.43972844 1.25  0.0 0.0
2015-07-01-18 44 10.675	  31.02690738 121.43972844 1.25  0.0 0.0
2015-07-01-18 44 10.844	  31.02690738 121.43972844 1.25  0.0 0.0
2015-07-01-18 44 10.985	  31.02690738 121.43972844 1.25  0.0 0.0
2015-07-01-18 44 11.133	  31.02690738 121.43972844 1.25  0.0 0.0
2015-07-01-18 44 11.300	  31.02690738 121.43972844 1.25  0.0 0.0
2015-07-01-18 44 11.476	  31.02690738 121.43972844 1.25  0.0 0.0
2015-07-01-18 44 11.638	  31.02688597 121.43974298 1.5  0.0 0.0
2015-07-01-18 44 11.772	  31.02688597 121.43974298 1.5  0.0 0.0
2015-07-01-18 44 11.927	  31.02688597 121.43974298 1.5  0.0 0.0
2015-07-01-18 44 12.085	  31.02688597 121.43974298 1.5  0.0 0.0
2015-07-01-18 44 12.219	  31.02688597 121.43974298 1.5  0.0 0.0
2015-07-01-18 44 12.379	  31.02688597 121.43974298 1.5  0.0 0.0
2015-07-01-18 44 12.515	  31.02688597 121.43974298 1.5  0.0 0.0
2015-07-01-18 44 12.632	  31.02688597 121.43974298 1.5  0.0 0.0
2015-07-01-18 44 12.767	  31.02688597 121.43974298 1.5  0.0 0.0
2015-07-01-18 44 12.882	  31.02688597 121.43974298 1.5  0.0 0.0
2015-07-01-18 44 13.027	  31.02688597 121.43974298 1.5  0.0 0.0
2015-07-01-18 44 13.175	  31.02688597 121.43974298 1.5  0.0 0.0
2015-07-01-18 44 13.312	  31.02688597 121.43974298 1.5  0.0 0.0
2015-07-01-18 44 13.457	  31.02686449 121.43975779 1.5  0.0 0.0
2015-07-01-18 44 13.573	  31.02686449 121.43975779 1.5  0.0 0.0
2015-07-01-18 44 13.692	  31.02686449 121.43975779 1.5  0.0 0.0
2015-07-01-18 44 13.872	  31.02686449 121.43975779 1.5  0.0 0.0
2015-07-01-18 44 14.009	  31.02686449 121.43975779 1.5  0.0 0.0
2015-07-01-18 44 14.132	  31.02686449 121.43975779 1.5  0.0 0.0
2015-07-01-18 44 14.283	  31.02686449 121.43975779 1.5  0.0 0.0
2015-07-01-18 44 14.416	  31.02686449 121.43975779 1.5  0.0 0.0
2015-07-01-18 44 14.555	  31.02686449 121.43975779 1.5  0.0 0.0
2015-07-01-18 44 14.719	  31.02686449 121.43975779 1.5  0.0 0.0
2015-07-01-18 44 14.854	  31.02686449 121.43975779 1.5  0.0 0.0
2015-07-01-18 44 14.971	  31.02686449 121.43975779 1.5  0.0 0.0
2015-07-01-18 44 15.135	  31.02686449 121.43975779 1.5  0.0 0.0
2015-07-01-18 44 15.252	  31.02686449 121.43975779 1.5  0.0 0.0
2015-07-01-18 44 15.369	  31.0268411 121.43977234 1.5  0.0 0.0
2015-07-01-18 44 15.500	  31.0268411 121.43977234 1.5  0.0 0.0
2015-07-01-18 44 15.622	  31.0268411 121.43977234 1.5  0.0 0.0
2015-07-01-18 44 15.741	  31.0268411 121.43977234 1.5  0.0 0.0
2015-07-01-18 44 15.872	  31.0268411 121.43977234 1.5  0.0 0.0
2015-07-01-18 44 16.001	  31.0268411 121.43977234 1.5  0.0 0.0
2015-07-01-18 44 16.115	  31.0268411 121.43977234 1.5  0.0 0.0
2015-07-01-18 44 16.241	  31.0268411 121.43977234 1.5  0.0 0.0
2015-07-01-18 44 16.376	  31.0268411 121.43977234 1.5  0.0 0.0
2015-07-01-18 44 16.506	  31.0268411 121.43977234 1.5  0.0 0.0
2015-07-01-18 44 16.625	  31.0268411 121.43977234 1.5  0.0 0.0
2015-07-01-18 44 16.763	  31.0268411 121.43977234 1.5  0.0 0.0
2015-07-01-18 44 16.903	  31.0268411 121.43977234 1.5  0.0 0.0
2015-07-01-18 44 17.035	  31.0268411 121.43977234 1.5  0.0 0.0
2015-07-01-18 44 17.194	  31.0268411 121.43977234 1.5  0.0 0.0
2015-07-01-18 44 17.381	  31.0268411 121.43977234 1.5  0.0 0.0
2015-07-01-18 44 17.521	  31.02681706 121.43978331 1.5  0.0 0.0
2015-07-01-18 44 17.660	  31.02681706 121.43978331 1.5  0.0 0.0
2015-07-01-18 44 17.800	  31.02681706 121.43978331 1.5  0.0 0.0
2015-07-01-18 44 17.962	  31.02681706 121.43978331 1.5  0.0 0.0
2015-07-01-18 44 18.080	  31.02681706 121.43978331 1.5  0.0 0.0
2015-07-01-18 44 18.203	  31.02681706 121.43978331 1.5  0.0 0.0
2015-07-01-18 44 18.338	  31.02681706 121.43978331 1.5  0.0 0.0
2015-07-01-18 44 18.471	  31.02681706 121.43978331 1.5  0.0 0.0
2015-07-01-18 44 18.614	  31.02681706 121.43978331 1.5  0.0 0.0
2015-07-01-18 44 18.753	  31.02681706 121.43978331 1.5  0.0 0.0
2015-07-01-18 44 18.883	  31.02681706 121.43978331 1.5  0.0 0.0
2015-07-01-18 44 19.049	  31.02681706 121.43978331 1.5  0.0 0.0
2015-07-01-18 44 19.201	  31.02681706 121.43978331 1.5  0.0 0.0
2015-07-01-18 44 19.317	  31.02681706 121.43978331 1.5  0.0 0.0
2015-07-01-18 44 19.420	  31.02681706 121.43978331 1.5  0.0 0.0
2015-07-01-18 44 19.523	  31.02679495 121.43979252 1.5  0.0 0.0
2015-07-01-18 44 19.667	  31.02679495 121.43979252 1.5  0.0 0.0
2015-07-01-18 44 19.835	  31.02679495 121.43979252 1.5  0.0 0.0
2015-07-01-18 44 19.950	  31.02679495 121.43979252 1.5  0.0 0.0
2015-07-01-18 44 20.092	  31.02679495 121.43979252 1.5  0.0 0.0
2015-07-01-18 44 20.237	  31.02679495 121.43979252 1.5  0.0 0.0
2015-07-01-18 44 20.385	  31.02679495 121.43979252 1.5  0.0 0.0
2015-07-01-18 44 20.524	  31.02679495 121.43979252 1.5  0.0 0.0
2015-07-01-18 44 20.651	  31.02679495 121.43979252 1.5  0.0 0.0
2015-07-01-18 44 20.818	  31.02679495 121.43979252 1.5  0.0 0.0
2015-07-01-18 44 20.936	  31.02679495 121.43979252 1.5  0.0 0.0
2015-07-01-18 44 21.063	  31.02679495 121.43979252 1.5  0.0 0.0
2015-07-01-18 44 21.179	  31.02679495 121.43979252 1.5  0.0 0.0
2015-07-01-18 44 21.308	  31.02679495 121.43979252 1.5  0.0 0.0
2015-07-01-18 44 21.433	  31.02677009 121.43980209 1.5  0.0 0.0
2015-07-01-18 44 21.552	  31.02677009 121.43980209 1.5  0.0 0.0
2015-07-01-18 44 21.663	  31.02677009 121.43980209 1.5  0.0 0.0
2015-07-01-18 44 21.768	  31.02677009 121.43980209 1.5  0.0 0.0
2015-07-01-18 44 21.955	  31.02677009 121.43980209 1.5  0.0 0.0
2015-07-01-18 44 22.095	  31.02677009 121.43980209 1.5  0.0 0.0
2015-07-01-18 44 22.234	  31.02677009 121.43980209 1.5  0.0 0.0
2015-07-01-18 44 22.341	  31.02677009 121.43980209 1.5  0.0 0.0
2015-07-01-18 44 22.444	  31.02677009 121.43980209 1.5  0.0 0.0
2015-07-01-18 44 22.563	  31.02677009 121.43980209 1.5  0.0 0.0
2015-07-01-18 44 22.709	  31.02677009 121.43980209 1.5  0.0 0.0
2015-07-01-18 44 22.810	  31.02677009 121.43980209 1.5  0.0 0.0
2015-07-01-18 44 22.913	  31.02677009 121.43980209 1.5  0.0 0.0
2015-07-01-18 44 23.067	  31.02677009 121.43980209 1.5  0.0 0.0
2015-07-01-18 44 23.219	  31.02677009 121.43980209 1.5  0.0 0.0
2015-07-01-18 44 23.325	  31.02677009 121.43980209 1.5  0.0 0.0
2015-07-01-18 44 23.430	  31.02674491 121.43981087 1.5  0.0 0.0
2015-07-01-18 44 23.565	  31.02674491 121.43981087 1.5  0.0 0.0
2015-07-01-18 44 23.708	  31.02674491 121.43981087 1.5  0.0 0.0
2015-07-01-18 44 23.871	  31.02674491 121.43981087 1.5  0.0 0.0
2015-07-01-18 44 24.010	  31.02674491 121.43981087 1.5  0.0 0.0
2015-07-01-18 44 24.156	  31.02674491 121.43981087 1.5  0.0 0.0
2015-07-01-18 44 24.301	  31.02674491 121.43981087 1.5  0.0 0.0
2015-07-01-18 44 24.481	  31.02674491 121.43981087 1.5  0.0 0.0
2015-07-01-18 44 24.597	  31.02674491 121.43981087 1.5  0.0 0.0
2015-07-01-18 44 24.699	  31.02674491 121.43981087 1.5  0.0 0.0
2015-07-01-18 44 24.801	  31.02674491 121.43981087 1.5  0.0 0.0
2015-07-01-18 44 24.981	  31.02674491 121.43981087 1.5  0.0 0.0
2015-07-01-18 44 25.096	  31.02674491 121.43981087 1.5  0.0 0.0
2015-07-01-18 44 25.215	  31.02674491 121.43981087 1.5  0.0 0.0
2015-07-01-18 44 25.321	  31.02674491 121.43981087 1.5  0.0 0.0
2015-07-01-18 44 25.424	  31.02671968 121.43982152 1.5  0.0 0.0
2015-07-01-18 44 25.555	  31.02671968 121.43982152 1.5  0.0 0.0
2015-07-01-18 44 25.674	  31.02671968 121.43982152 1.5  0.0 0.0
2015-07-01-18 44 25.812	  31.02671968 121.43982152 1.5  0.0 0.0
2015-07-01-18 44 25.922	  31.02671968 121.43982152 1.5  0.0 0.0
2015-07-01-18 44 26.030	  31.02671968 121.43982152 1.5  0.0 0.0
2015-07-01-18 44 26.136	  31.02671968 121.43982152 1.5  0.0 0.0
2015-07-01-18 44 26.315	  31.02671968 121.43982152 1.5  0.0 0.0
2015-07-01-18 44 26.453	  31.02671968 121.43982152 1.5  0.0 0.0
2015-07-01-18 44 26.630	  31.02671968 121.43982152 1.5  0.0 0.0
2015-07-01-18 44 26.746	  31.02671968 121.43982152 1.5  0.0 0.0
2015-07-01-18 44 26.864	  31.02671968 121.43982152 1.5  0.0 0.0
2015-07-01-18 44 26.989	  31.02671968 121.43982152 1.5  0.0 0.0
2015-07-01-18 44 27.134	  31.02671968 121.43982152 1.5  0.0 0.0
2015-07-01-18 44 27.299	  31.02671968 121.43982152 1.5  0.0 0.0
2015-07-01-18 44 27.445	  31.02671968 121.43982152 1.5  0.0 0.0
2015-07-01-18 44 27.613	  31.02669549 121.43983876 1.25  0.0 0.0
2015-07-01-18 44 27.750	  31.02669549 121.43983876 1.25  0.0 0.0
2015-07-01-18 44 27.888	  31.02669549 121.43983876 1.25  0.0 0.0
2015-07-01-18 44 28.032	  31.02669549 121.43983876 1.25  0.0 0.0
2015-07-01-18 44 28.185	  31.02669549 121.43983876 1.25  0.0 0.0
2015-07-01-18 44 28.338	  31.02669549 121.43983876 1.25  0.0 0.0
2015-07-01-18 44 28.481	  31.02669549 121.43983876 1.25  0.0 0.0
2015-07-01-18 44 28.628	  31.02669549 121.43983876 1.25  0.0 0.0
2015-07-01-18 44 28.769	  31.02669549 121.43983876 1.25  0.0 0.0
2015-07-01-18 44 28.930	  31.02669549 121.43983876 1.25  0.0 0.0
2015-07-01-18 44 29.095	  31.02669549 121.43983876 1.25  0.0 0.0
2015-07-01-18 44 29.236	  31.02669549 121.43983876 1.25  0.0 0.0
2015-07-01-18 44 29.396	  31.0266698 121.43985595 1.25  0.0 0.0
2015-07-01-18 44 29.508	  31.0266698 121.43985595 1.25  0.0 0.0
2015-07-01-18 44 29.610	  31.0266698 121.43985595 1.25  0.0 0.0
2015-07-01-18 44 29.714	  31.0266698 121.43985595 1.25  0.0 0.0
2015-07-01-18 44 29.833	  31.0266698 121.43985595 1.25  0.0 0.0
2015-07-01-18 44 29.949	  31.0266698 121.43985595 1.25  0.0 0.0
2015-07-01-18 44 30.088	  31.0266698 121.43985595 1.25  0.0 0.0
2015-07-01-18 44 30.222	  31.0266698 121.43985595 1.25  0.0 0.0
2015-07-01-18 44 30.352	  31.0266698 121.43985595 1.25  0.0 0.0
2015-07-01-18 44 30.480	  31.0266698 121.43985595 1.25  0.0 0.0
2015-07-01-18 44 30.618	  31.0266698 121.43985595 1.25  0.0 0.0
2015-07-01-18 44 30.753	  31.0266698 121.43985595 1.25  0.0 0.0
2015-07-01-18 44 30.901	  31.0266698 121.43985595 1.25  0.0 0.0
2015-07-01-18 44 31.056	  31.0266698 121.43985595 1.25  0.0 0.0
2015-07-01-18 44 31.208	  31.0266698 121.43985595 1.25  0.0 0.0
2015-07-01-18 44 31.363	  31.02664521 121.43987454 1.5  0.0 0.0
2015-07-01-18 44 31.487	  31.02664521 121.43987454 1.5  0.0 0.0
2015-07-01-18 44 31.629	  31.02664521 121.43987454 1.5  0.0 0.0
2015-07-01-18 44 31.802	  31.02664521 121.43987454 1.5  0.0 0.0
2015-07-01-18 44 31.917	  31.02664521 121.43987454 1.5  0.0 0.0
2015-07-01-18 44 32.057	  31.02664521 121.43987454 1.5  0.0 0.0
2015-07-01-18 44 32.182	  31.02664521 121.43987454 1.5  0.0 0.0
2015-07-01-18 44 32.334	  31.02664521 121.43987454 1.5  0.0 0.0
2015-07-01-18 44 32.534	  31.02664521 121.43987454 1.5  0.0 0.0
2015-07-01-18 44 32.680	  31.02664521 121.43987454 1.5  0.0 0.0
2015-07-01-18 44 32.812	  31.02664521 121.43987454 1.5  0.0 0.0
2015-07-01-18 44 32.964	  31.02664521 121.43987454 1.5  0.0 0.0
2015-07-01-18 44 33.130	  31.02664521 121.43987454 1.5  0.0 0.0
2015-07-01-18 44 33.269	  31.02664521 121.43987454 1.5  0.0 0.0
2015-07-01-18 44 33.394	  31.02664521 121.43987454 1.5  0.0 0.0
2015-07-01-18 44 33.520	  31.02662296 121.43988908 1.5  0.0 0.0
2015-07-01-18 44 33.626	  31.02662296 121.43988908 1.5  0.0 0.0
2015-07-01-18 44 33.729	  31.02662296 121.43988908 1.5  0.0 0.0
2015-07-01-18 44 33.834	  31.02662296 121.43988908 1.5  0.0 0.0
2015-07-01-18 44 33.939	  31.02662296 121.43988908 1.5  0.0 0.0
2015-07-01-18 44 34.052	  31.02662296 121.43988908 1.5  0.0 0.0
2015-07-01-18 44 34.158	  31.02662296 121.43988908 1.5  0.0 0.0
2015-07-01-18 44 34.261	  31.02662296 121.43988908 1.5  0.0 0.0
2015-07-01-18 44 34.372	  31.02662296 121.43988908 1.5  0.0 0.0
2015-07-01-18 44 34.477	  31.02662296 121.43988908 1.5  0.0 0.0
2015-07-01-18 44 34.638	  31.02662296 121.43988908 1.5  0.0 0.0
2015-07-01-18 44 34.759	  31.02662296 121.43988908 1.5  0.0 0.0
2015-07-01-18 44 34.925	  31.02662296 121.43988908 1.5  0.0 0.0
2015-07-01-18 44 35.042	  31.02662296 121.43988908 1.5  0.0 0.0
2015-07-01-18 44 35.161	  31.02662296 121.43988908 1.5  0.0 0.0
2015-07-01-18 44 35.290	  31.02662296 121.43988908 1.5  0.0 0.0
2015-07-01-18 44 35.427	  31.02660236 121.43990556 1.5  0.0 0.0
2015-07-01-18 44 35.609	  31.02660236 121.43990556 1.5  0.0 0.0
2015-07-01-18 44 35.726	  31.02660236 121.43990556 1.5  0.0 0.0
2015-07-01-18 44 35.867	  31.02660236 121.43990556 1.5  0.0 0.0
2015-07-01-18 44 36.036	  31.02660236 121.43990556 1.5  0.0 0.0
2015-07-01-18 44 36.155	  31.02660236 121.43990556 1.5  0.0 0.0
2015-07-01-18 44 36.275	  31.02660236 121.43990556 1.5  0.0 0.0
2015-07-01-18 44 36.407	  31.02660236 121.43990556 1.5  0.0 0.0
2015-07-01-18 44 36.566	  31.02660236 121.43990556 1.5  0.0 0.0
2015-07-01-18 44 36.673	  31.02660236 121.43990556 1.5  0.0 0.0
2015-07-01-18 44 36.779	  31.02660236 121.43990556 1.5  0.0 0.0
2015-07-01-18 44 36.886	  31.02660236 121.43990556 1.5  0.0 0.0
2015-07-01-18 44 36.997	  31.02660236 121.43990556 1.5  0.0 0.0
2015-07-01-18 44 37.100	  31.02660236 121.43990556 1.5  0.0 0.0
2015-07-01-18 44 37.213	  31.02660236 121.43990556 1.5  0.0 0.0
2015-07-01-18 44 37.319	  31.02660236 121.43990556 1.5  0.0 0.0
2015-07-01-18 44 37.428	  31.0265819 121.43991318 1.5  0.0 0.0
2015-07-01-18 44 37.535	  31.0265819 121.43991318 1.5  0.0 0.0
2015-07-01-18 44 37.648	  31.0265819 121.43991318 1.5  0.0 0.0
2015-07-01-18 44 37.750	  31.0265819 121.43991318 1.5  0.0 0.0
2015-07-01-18 44 37.851	  31.0265819 121.43991318 1.5  0.0 0.0
2015-07-01-18 44 37.953	  31.0265819 121.43991318 1.5  0.0 0.0
2015-07-01-18 44 38.060	  31.0265819 121.43991318 1.5  0.0 0.0
2015-07-01-18 44 38.166	  31.0265819 121.43991318 1.5  0.0 0.0
2015-07-01-18 44 38.281	  31.0265819 121.43991318 1.5  0.0 0.0
2015-07-01-18 44 38.383	  31.0265819 121.43991318 1.5  0.0 0.0
2015-07-01-18 44 38.484	  31.0265819 121.43991318 1.5  0.0 0.0
