2015-07-01-18 44 45.166	  0.0 0.0 0.0  0.0 0.0
2015-07-01-18 44 45.268	  0.0 0.0 0.0  0.0 0.0
2015-07-01-18 44 45.369	  31.02657516 121.43992169 1.25  0.0 0.0
2015-07-01-18 44 45.475	  31.02657516 121.43992169 1.25  0.0 0.0
2015-07-01-18 44 45.576	  31.02657516 121.43992169 1.25  0.0 0.0
2015-07-01-18 44 45.678	  31.02657516 121.43992169 1.25  0.0 0.0
2015-07-01-18 44 45.780	  31.02657516 121.43992169 1.25  0.0 0.0
2015-07-01-18 44 45.882	  31.02657516 121.43992169 1.25  0.0 0.0
2015-07-01-18 44 45.984	  31.02657516 121.43992169 1.25  0.0 0.0
2015-07-01-18 44 46.086	  31.02657516 121.43992169 1.25  0.0 0.0
2015-07-01-18 44 46.188	  31.02657516 121.43992169 1.25  0.0 0.0
2015-07-01-18 44 46.289	  31.02657516 121.43992169 1.25  0.0 0.0
2015-07-01-18 44 46.392	  31.02659724 121.43991146 1.25  0.0 0.0
2015-07-01-18 44 46.494	  31.02659724 121.43991146 1.25  0.0 0.0
2015-07-01-18 44 46.596	  31.02659724 121.43991146 1.25  0.0 0.0
2015-07-01-18 44 46.698	  31.02659724 121.43991146 1.25  0.0 0.0
2015-07-01-18 44 46.800	  31.02659724 121.43991146 1.25  0.0 0.0
2015-07-01-18 44 46.901	  31.02659724 121.43991146 1.25  0.0 0.0
2015-07-01-18 44 47.003	  31.02659724 121.43991146 1.25  0.0 0.0
2015-07-01-18 44 47.104	  31.02659724 121.43991146 1.25  0.0 0.0
2015-07-01-18 44 47.206	  31.02659724 121.43991146 1.25  0.0 0.0
2015-07-01-18 44 47.307	  31.02659724 121.43991146 1.25  0.0 0.0
2015-07-01-18 44 47.410	  31.02659724 121.43991146 1.25  0.0 0.0
2015-07-01-18 44 47.512	  31.02659724 121.43991146 1.25  0.0 0.0
2015-07-01-18 44 47.613	  31.02659724 121.43991146 1.25  0.0 0.0
2015-07-01-18 44 47.715	  31.02659724 121.43991146 1.25  0.0 0.0
2015-07-01-18 44 47.818	  31.02659724 121.43991146 1.25  0.0 0.0
2015-07-01-18 44 47.920	  31.02659724 121.43991146 1.25  0.0 0.0
2015-07-01-18 44 48.021	  31.02659724 121.43991146 1.25  0.0 0.0
2015-07-01-18 44 48.123	  31.02659724 121.43991146 1.25  0.0 0.0
2015-07-01-18 44 48.231	  31.02659724 121.43991146 1.25  0.0 0.0
2015-07-01-18 44 48.334	  31.02659724 121.43991146 1.25  0.0 0.0
2015-07-01-18 44 48.437	  31.02662678 121.43989181 1.25  0.0 0.0
2015-07-01-18 44 48.538	  31.02662678 121.43989181 1.25  0.0 0.0
2015-07-01-18 44 48.640	  31.02662678 121.43989181 1.25  0.0 0.0
2015-07-01-18 44 48.743	  31.02662678 121.43989181 1.25  0.0 0.0
2015-07-01-18 44 48.852	  31.02662678 121.43989181 1.25  0.0 0.0
2015-07-01-18 44 48.959	  31.02662678 121.43989181 1.25  0.0 0.0
2015-07-01-18 44 49.064	  31.02662678 121.43989181 1.25  0.0 0.0
2015-07-01-18 44 49.175	  31.02662678 121.43989181 1.25  0.0 0.0
2015-07-01-18 44 49.279	  31.02662678 121.43989181 1.25  0.0 0.0
2015-07-01-18 44 49.382	  31.02662678 121.43989181 1.25  0.0 0.0
2015-07-01-18 44 49.521	  31.02662678 121.43989181 1.25  0.0 0.0
2015-07-01-18 44 49.622	  31.02662678 121.43989181 1.25  0.0 0.0
2015-07-01-18 44 49.724	  31.02662678 121.43989181 1.25  0.0 0.0
2015-07-01-18 44 49.826	  31.02662678 121.43989181 1.25  0.0 0.0
2015-07-01-18 44 49.928	  31.02662678 121.43989181 1.25  0.0 0.0
2015-07-01-18 44 50.029	  31.02662678 121.43989181 1.25  0.0 0.0
2015-07-01-18 44 50.130	  31.02662678 121.43989181 1.25  0.0 0.0
2015-07-01-18 44 50.232	  31.02662678 121.43989181 1.25  0.0 0.0
2015-07-01-18 44 50.337	  31.02662678 121.43989181 1.25  0.0 0.0
2015-07-01-18 44 50.443	  31.02662678 121.43989181 1.25  0.0 0.0
2015-07-01-18 44 50.551	  31.02665203 121.43987412 1.25  0.0 0.0
2015-07-01-18 44 50.652	  31.02665203 121.43987412 1.25  0.0 0.0
2015-07-01-18 44 50.753	  31.02665203 121.43987412 1.25  0.0 0.0
2015-07-01-18 44 50.857	  31.02665203 121.43987412 1.25  0.0 0.0
2015-07-01-18 44 50.961	  31.02665203 121.43987412 1.25  0.0 0.0
2015-07-01-18 44 51.066	  31.02665203 121.43987412 1.25  0.0 0.0
2015-07-01-18 44 51.173	  31.02665203 121.43987412 1.25  0.0 0.0
2015-07-01-18 44 51.280	  31.02665203 121.43987412 1.25  0.0 0.0
2015-07-01-18 44 51.381	  31.02665203 121.43987412 1.25  0.0 0.0
2015-07-01-18 44 51.484	  31.02665203 121.43987412 1.25  0.0 0.0
2015-07-01-18 44 51.601	  31.02665203 121.43987412 1.25  0.0 0.0
2015-07-01-18 44 51.702	  31.02665203 121.43987412 1.25  0.0 0.0
2015-07-01-18 44 51.806	  31.02665203 121.43987412 1.25  0.0 0.0
2015-07-01-18 44 51.910	  31.02665203 121.43987412 1.25  0.0 0.0
2015-07-01-18 44 52.017	  31.02665203 121.43987412 1.25  0.0 0.0
2015-07-01-18 44 52.118	  31.02665203 121.43987412 1.25  0.0 0.0
2015-07-01-18 44 52.220	  31.02665203 121.43987412 1.25  0.0 0.0
2015-07-01-18 44 52.327	  31.02665203 121.43987412 1.25  0.0 0.0
2015-07-01-18 44 52.431	  31.02665203 121.43987412 1.25  0.0 0.0
2015-07-01-18 44 52.543	  31.02667411 121.43986144 1.25  0.0 0.0
2015-07-01-18 44 52.647	  31.02667411 121.43986144 1.25  0.0 0.0
2015-07-01-18 44 52.748	  31.02667411 121.43986144 1.25  0.0 0.0
2015-07-01-18 44 52.850	  31.02667411 121.43986144 1.25  0.0 0.0
2015-07-01-18 44 52.955	  31.02667411 121.43986144 1.25  0.0 0.0
2015-07-01-18 44 53.059	  31.02667411 121.43986144 1.25  0.0 0.0
2015-07-01-18 44 53.164	  31.02667411 121.43986144 1.25  0.0 0.0
2015-07-01-18 44 53.274	  31.02667411 121.43986144 1.25  0.0 0.0
2015-07-01-18 44 53.376	  31.02667411 121.43986144 1.25  0.0 0.0
2015-07-01-18 44 53.478	  31.02667411 121.43986144 1.25  0.0 0.0
2015-07-01-18 44 53.581	  31.02667411 121.43986144 1.25  0.0 0.0
2015-07-01-18 44 53.684	  31.02667411 121.43986144 1.25  0.0 0.0
2015-07-01-18 44 53.787	  31.02667411 121.43986144 1.25  0.0 0.0
2015-07-01-18 44 53.891	  31.02667411 121.43986144 1.25  0.0 0.0
2015-07-01-18 44 53.993	  31.02667411 121.43986144 1.25  0.0 0.0
2015-07-01-18 44 54.096	  31.02667411 121.43986144 1.25  0.0 0.0
2015-07-01-18 44 54.200	  31.02667411 121.43986144 1.25  0.0 0.0
2015-07-01-18 44 54.306	  31.02667411 121.43986144 1.25  0.0 0.0
2015-07-01-18 44 54.411	  31.02669526 121.43985045 1.25  0.0 0.0
2015-07-01-18 44 54.512	  31.02669526 121.43985045 1.25  0.0 0.0
2015-07-01-18 44 54.614	  31.02669526 121.43985045 1.25  0.0 0.0
2015-07-01-18 44 54.717	  31.02669526 121.43985045 1.25  0.0 0.0
2015-07-01-18 44 54.822	  31.02669526 121.43985045 1.25  0.0 0.0
2015-07-01-18 44 54.930	  31.02669526 121.43985045 1.25  0.0 0.0
2015-07-01-18 44 55.032	  31.02669526 121.43985045 1.25  0.0 0.0
2015-07-01-18 44 55.135	  31.02669526 121.43985045 1.25  0.0 0.0
2015-07-01-18 44 55.238	  31.02669526 121.43985045 1.25  0.0 0.0
2015-07-01-18 44 55.342	  31.02669526 121.43985045 1.25  0.0 0.0
2015-07-01-18 44 55.447	  31.02669526 121.43985045 1.25  0.0 0.0
2015-07-01-18 44 55.552	  31.02669526 121.43985045 1.25  0.0 0.0
2015-07-01-18 44 55.654	  31.02669526 121.43985045 1.25  0.0 0.0
2015-07-01-18 44 55.757	  31.02669526 121.43985045 1.25  0.0 0.0
2015-07-01-18 44 55.860	  31.02669526 121.43985045 1.25  0.0 0.0
2015-07-01-18 44 55.965	  31.02669526 121.43985045 1.25  0.0 0.0
2015-07-01-18 44 56.069	  31.02669526 121.43985045 1.25  0.0 0.0
2015-07-01-18 44 56.172	  31.02669526 121.43985045 1.25  0.0 0.0
2015-07-01-18 44 56.276	  31.02669526 121.43985045 1.25  0.0 0.0
2015-07-01-18 44 56.379	  31.02669526 121.43985045 1.25  0.0 0.0
2015-07-01-18 44 56.483	  31.02671826 121.43984255 1.25  0.0 0.0
2015-07-01-18 44 56.587	  31.02671826 121.43984255 1.25  0.0 0.0
2015-07-01-18 44 56.690	  31.02671826 121.43984255 1.25  0.0 0.0
2015-07-01-18 44 56.799	  31.02671826 121.43984255 1.25  0.0 0.0
2015-07-01-18 44 56.905	  31.02671826 121.43984255 1.25  0.0 0.0
2015-07-01-18 44 57.010	  31.02671826 121.43984255 1.25  0.0 0.0
2015-07-01-18 44 57.114	  31.02671826 121.43984255 1.25  0.0 0.0
2015-07-01-18 44 57.221	  31.02671826 121.43984255 1.25  0.0 0.0
2015-07-01-18 44 57.337	  31.02671826 121.43984255 1.25  0.0 0.0
2015-07-01-18 44 57.438	  31.02671826 121.43984255 1.25  0.0 0.0
2015-07-01-18 44 57.539	  31.02671826 121.43984255 1.25  0.0 0.0
2015-07-01-18 44 57.642	  31.02671826 121.43984255 1.25  0.0 0.0
2015-07-01-18 44 57.744	  31.02671826 121.43984255 1.25  0.0 0.0
2015-07-01-18 44 57.854	  31.02671826 121.43984255 1.25  0.0 0.0
2015-07-01-18 44 57.956	  31.02671826 121.43984255 1.25  0.0 0.0
2015-07-01-18 44 58.060	  31.02671826 121.43984255 1.25  0.0 0.0
2015-07-01-18 44 58.163	  31.02671826 121.43984255 1.25  0.0 0.0
2015-07-01-18 44 58.270	  31.02671826 121.43984255 1.25  0.0 0.0
2015-07-01-18 44 58.377	  31.02671826 121.43984255 1.25  0.0 0.0
2015-07-01-18 44 58.480	  31.02671826 121.43984255 1.25  0.0 0.0
2015-07-01-18 44 58.581	  31.02674175 121.43982932 1.25  0.0 0.0
2015-07-01-18 44 58.684	  31.02674175 121.43982932 1.25  0.0 0.0
2015-07-01-18 44 58.788	  31.02674175 121.43982932 1.25  0.0 0.0
2015-07-01-18 44 58.893	  31.02674175 121.43982932 1.25  0.0 0.0
2015-07-01-18 44 58.995	  31.02674175 121.43982932 1.25  0.0 0.0
2015-07-01-18 44 59.098	  31.02674175 121.43982932 1.25  0.0 0.0
2015-07-01-18 44 59.200	  31.02674175 121.43982932 1.25  0.0 0.0
2015-07-01-18 44 59.302	  31.02674175 121.43982932 1.25  0.0 0.0
2015-07-01-18 44 59.405	  31.02674175 121.43982932 1.25  0.0 0.0
2015-07-01-18 44 59.508	  31.02674175 121.43982932 1.25  0.0 0.0
2015-07-01-18 44 59.612	  31.02674175 121.43982932 1.25  0.0 0.0
2015-07-01-18 44 59.714	  31.02674175 121.43982932 1.25  0.0 0.0
2015-07-01-18 44 59.816	  31.02674175 121.43982932 1.25  0.0 0.0
2015-07-01-18 44 59.918	  31.02674175 121.43982932 1.25  0.0 0.0
2015-07-01-18 45 00.027	  31.02674175 121.43982932 1.25  0.0 0.0
2015-07-01-18 45 00.136	  31.02674175 121.43982932 1.25  0.0 0.0
2015-07-01-18 45 00.238	  31.02674175 121.43982932 1.25  0.0 0.0
2015-07-01-18 45 00.339	  31.02674175 121.43982932 1.25  0.0 0.0
2015-07-01-18 45 00.441	  31.02674175 121.43982932 1.25  0.0 0.0
2015-07-01-18 45 00.543	  31.0267664 121.43981587 1.25  0.0 0.0
2015-07-01-18 45 00.644	  31.0267664 121.43981587 1.25  0.0 0.0
2015-07-01-18 45 00.747	  31.0267664 121.43981587 1.25  0.0 0.0
2015-07-01-18 45 00.852	  31.0267664 121.43981587 1.25  0.0 0.0
2015-07-01-18 45 00.957	  31.0267664 121.43981587 1.25  0.0 0.0
2015-07-01-18 45 01.069	  31.0267664 121.43981587 1.25  0.0 0.0
2015-07-01-18 45 01.182	  31.0267664 121.43981587 1.25  0.0 0.0
2015-07-01-18 45 01.283	  31.0267664 121.43981587 1.25  0.0 0.0
2015-07-01-18 45 01.386	  31.0267664 121.43981587 1.25  0.0 0.0
2015-07-01-18 45 01.490	  31.0267664 121.43981587 1.25  0.0 0.0
2015-07-01-18 45 01.598	  31.0267664 121.43981587 1.25  0.0 0.0
2015-07-01-18 45 01.701	  31.0267664 121.43981587 1.25  0.0 0.0
2015-07-01-18 45 01.804	  31.0267664 121.43981587 1.25  0.0 0.0
2015-07-01-18 45 01.908	  31.0267664 121.43981587 1.25  0.0 0.0
2015-07-01-18 45 02.021	  31.0267664 121.43981587 1.25  0.0 0.0
2015-07-01-18 45 02.123	  31.0267664 121.43981587 1.25  0.0 0.0
2015-07-01-18 45 02.226	  31.0267664 121.43981587 1.25  0.0 0.0
2015-07-01-18 45 02.327	  31.0267664 121.43981587 1.25  0.0 0.0
2015-07-01-18 45 02.437	  31.02679181 121.43980153 1.25  0.0 0.0
2015-07-01-18 45 02.538	  31.02679181 121.43980153 1.25  0.0 0.0
2015-07-01-18 45 02.641	  31.02679181 121.43980153 1.25  0.0 0.0
2015-07-01-18 45 02.743	  31.02679181 121.43980153 1.25  0.0 0.0
2015-07-01-18 45 02.849	  31.02679181 121.43980153 1.25  0.0 0.0
2015-07-01-18 45 02.951	  31.02679181 121.43980153 1.25  0.0 0.0
2015-07-01-18 45 03.054	  31.02679181 121.43980153 1.25  0.0 0.0
2015-07-01-18 45 03.159	  31.02679181 121.43980153 1.25  0.0 0.0
2015-07-01-18 45 03.272	  31.02679181 121.43980153 1.25  0.0 0.0
2015-07-01-18 45 03.373	  31.02679181 121.43980153 1.25  0.0 0.0
2015-07-01-18 45 03.477	  31.02679181 121.43980153 1.25  0.0 0.0
2015-07-01-18 45 03.581	  31.02679181 121.43980153 1.25  0.0 0.0
2015-07-01-18 45 03.691	  31.02679181 121.43980153 1.25  0.0 0.0
2015-07-01-18 45 03.798	  31.02679181 121.43980153 1.25  0.0 0.0
2015-07-01-18 45 03.899	  31.02679181 121.43980153 1.25  0.0 0.0
2015-07-01-18 45 04.000	  31.02679181 121.43980153 1.25  0.0 0.0
2015-07-01-18 45 04.106	  31.02679181 121.43980153 1.25  0.0 0.0
2015-07-01-18 45 04.211	  31.02679181 121.43980153 1.25  0.0 0.0
2015-07-01-18 45 04.318	  31.02679181 121.43980153 1.25  0.0 0.0
2015-07-01-18 45 04.425	  31.02681861 121.439791 1.25  0.0 0.0
2015-07-01-18 45 04.536	  31.02681861 121.439791 1.25  0.0 0.0
2015-07-01-18 45 04.639	  31.02681861 121.439791 1.25  0.0 0.0
2015-07-01-18 45 04.741	  31.02681861 121.439791 1.25  0.0 0.0
2015-07-01-18 45 04.843	  31.02681861 121.439791 1.25  0.0 0.0
2015-07-01-18 45 04.946	  31.02681861 121.439791 1.25  0.0 0.0
2015-07-01-18 45 05.050	  31.02681861 121.439791 1.25  0.0 0.0
2015-07-01-18 45 05.155	  31.02681861 121.439791 1.25  0.0 0.0
2015-07-01-18 45 05.258	  31.02681861 121.439791 1.25  0.0 0.0
2015-07-01-18 45 05.359	  31.02681861 121.439791 1.25  0.0 0.0
2015-07-01-18 45 05.462	  31.02681861 121.439791 1.25  0.0 0.0
2015-07-01-18 45 05.585	  31.02681861 121.439791 1.25  0.0 0.0
2015-07-01-18 45 05.690	  31.02681861 121.439791 1.25  0.0 0.0
2015-07-01-18 45 05.793	  31.02681861 121.439791 1.25  0.0 0.0
2015-07-01-18 45 05.937	  31.02681861 121.439791 1.25  0.0 0.0
2015-07-01-18 45 06.040	  31.02681861 121.439791 1.25  0.0 0.0
2015-07-01-18 45 06.144	  31.02681861 121.439791 1.25  0.0 0.0
2015-07-01-18 45 06.248	  31.02681861 121.439791 1.25  0.0 0.0
2015-07-01-18 45 06.352	  31.02681861 121.439791 1.25  0.0 0.0
2015-07-01-18 45 06.456	  31.02681861 121.439791 1.25  0.0 0.0
2015-07-01-18 45 06.560	  31.02684327 121.43977887 1.25  0.0 0.0
2015-07-01-18 45 06.669	  31.02684327 121.43977887 1.25  0.0 0.0
2015-07-01-18 45 06.770	  31.02684327 121.43977887 1.25  0.0 0.0
2015-07-01-18 45 06.873	  31.02684327 121.43977887 1.25  0.0 0.0
2015-07-01-18 45 06.977	  31.02684327 121.43977887 1.25  0.0 0.0
2015-07-01-18 45 07.080	  31.02684327 121.43977887 1.25  0.0 0.0
2015-07-01-18 45 07.183	  31.02684327 121.43977887 1.25  0.0 0.0
2015-07-01-18 45 07.288	  31.02684327 121.43977887 1.25  0.0 0.0
2015-07-01-18 45 07.390	  31.02684327 121.43977887 1.25  0.0 0.0
2015-07-01-18 45 07.492	  31.02684327 121.43977887 1.25  0.0 0.0
2015-07-01-18 45 07.601	  31.02684327 121.43977887 1.25  0.0 0.0
2015-07-01-18 45 07.704	  31.02684327 121.43977887 1.25  0.0 0.0
2015-07-01-18 45 07.809	  31.02684327 121.43977887 1.25  0.0 0.0
2015-07-01-18 45 07.915	  31.02684327 121.43977887 1.25  0.0 0.0
2015-07-01-18 45 08.031	  31.02684327 121.43977887 1.25  0.0 0.0
2015-07-01-18 45 08.133	  31.02684327 121.43977887 1.25  0.0 0.0
2015-07-01-18 45 08.234	  31.02684327 121.43977887 1.25  0.0 0.0
2015-07-01-18 45 08.339	  31.02684327 121.43977887 1.25  0.0 0.0
2015-07-01-18 45 08.441	  31.02684327 121.43977887 1.25  0.0 0.0
2015-07-01-18 45 08.542	  31.02686645 121.43976452 1.5  0.0 0.0
2015-07-01-18 45 08.645	  31.02686645 121.43976452 1.5  0.0 0.0
2015-07-01-18 45 08.747	  31.02686645 121.43976452 1.5  0.0 0.0
2015-07-01-18 45 08.849	  31.02686645 121.43976452 1.5  0.0 0.0
2015-07-01-18 45 08.955	  31.02686645 121.43976452 1.5  0.0 0.0
2015-07-01-18 45 09.056	  31.02686645 121.43976452 1.5  0.0 0.0
2015-07-01-18 45 09.158	  31.02686645 121.43976452 1.5  0.0 0.0
2015-07-01-18 45 09.272	  31.02686645 121.43976452 1.5  0.0 0.0
2015-07-01-18 45 09.374	  31.02686645 121.43976452 1.5  0.0 0.0
2015-07-01-18 45 09.475	  31.02686645 121.43976452 1.5  0.0 0.0
2015-07-01-18 45 09.584	  31.02686645 121.43976452 1.5  0.0 0.0
2015-07-01-18 45 09.689	  31.02686645 121.43976452 1.5  0.0 0.0
2015-07-01-18 45 09.793	  31.02686645 121.43976452 1.5  0.0 0.0
2015-07-01-18 45 09.912	  31.02686645 121.43976452 1.5  0.0 0.0
2015-07-01-18 45 10.015	  31.02686645 121.43976452 1.5  0.0 0.0
2015-07-01-18 45 10.122	  31.02686645 121.43976452 1.5  0.0 0.0
2015-07-01-18 45 10.241	  31.02686645 121.43976452 1.5  0.0 0.0
2015-07-01-18 45 10.343	  31.02686645 121.43976452 1.5  0.0 0.0
2015-07-01-18 45 10.448	  31.02688978 121.43974899 1.5  0.0 0.0
2015-07-01-18 45 10.554	  31.02688978 121.43974899 1.5  0.0 0.0
2015-07-01-18 45 10.699	  31.02688978 121.43974899 1.5  0.0 0.0
2015-07-01-18 45 10.804	  31.02688978 121.43974899 1.5  0.0 0.0
2015-07-01-18 45 10.906	  31.02688978 121.43974899 1.5  0.0 0.0
2015-07-01-18 45 11.009	  31.02688978 121.43974899 1.5  0.0 0.0
2015-07-01-18 45 11.117	  31.02688978 121.43974899 1.5  0.0 0.0
2015-07-01-18 45 11.237	  31.02688978 121.43974899 1.5  0.0 0.0
2015-07-01-18 45 11.338	  31.02688978 121.43974899 1.5  0.0 0.0
2015-07-01-18 45 11.440	  31.02688978 121.43974899 1.5  0.0 0.0
2015-07-01-18 45 11.547	  31.02688978 121.43974899 1.5  0.0 0.0
2015-07-01-18 45 11.655	  31.02688978 121.43974899 1.5  0.0 0.0
2015-07-01-18 45 11.760	  31.02688978 121.43974899 1.5  0.0 0.0
2015-07-01-18 45 11.871	  31.02688978 121.43974899 1.5  0.0 0.0
2015-07-01-18 45 11.972	  31.02688978 121.43974899 1.5  0.0 0.0
2015-07-01-18 45 12.075	  31.02688978 121.43974899 1.5  0.0 0.0
2015-07-01-18 45 12.207	  31.02688978 121.43974899 1.5  0.0 0.0
2015-07-01-18 45 12.312	  31.02688978 121.43974899 1.5  0.0 0.0
2015-07-01-18 45 12.416	  31.02691226 121.43973436 1.5  0.0 0.0
2015-07-01-18 45 12.553	  31.02691226 121.43973436 1.5  0.0 0.0
2015-07-01-18 45 12.655	  31.02691226 121.43973436 1.5  0.0 0.0
2015-07-01-18 45 12.765	  31.02691226 121.43973436 1.5  0.0 0.0
2015-07-01-18 45 12.869	  31.02691226 121.43973436 1.5  0.0 0.0
2015-07-01-18 45 12.973	  31.02691226 121.43973436 1.5  0.0 0.0
2015-07-01-18 45 13.083	  31.02691226 121.43973436 1.5  0.0 0.0
2015-07-01-18 45 13.185	  31.02691226 121.43973436 1.5  0.0 0.0
2015-07-01-18 45 13.290	  31.02691226 121.43973436 1.5  0.0 0.0
2015-07-01-18 45 13.401	  31.02691226 121.43973436 1.5  0.0 0.0
2015-07-01-18 45 13.503	  31.02691226 121.43973436 1.5  0.0 0.0
2015-07-01-18 45 13.605	  31.02691226 121.43973436 1.5  0.0 0.0
2015-07-01-18 45 13.745	  31.02691226 121.43973436 1.5  0.0 0.0
2015-07-01-18 45 13.848	  31.02691226 121.43973436 1.5  0.0 0.0
2015-07-01-18 45 13.956	  31.02691226 121.43973436 1.5  0.0 0.0
2015-07-01-18 45 14.116	  31.02691226 121.43973436 1.5  0.0 0.0
2015-07-01-18 45 14.219	  31.02691226 121.43973436 1.5  0.0 0.0
2015-07-01-18 45 14.328	  31.02691226 121.43973436 1.5  0.0 0.0
2015-07-01-18 45 14.430	  31.02693506 121.4397239 1.5  0.0 0.0
2015-07-01-18 45 14.534	  31.02693506 121.4397239 1.5  0.0 0.0
2015-07-01-18 45 14.698	  31.02693506 121.4397239 1.5  0.0 0.0
2015-07-01-18 45 14.799	  31.02693506 121.4397239 1.5  0.0 0.0
2015-07-01-18 45 14.900	  31.02693506 121.4397239 1.5  0.0 0.0
2015-07-01-18 45 15.036	  31.02693506 121.4397239 1.5  0.0 0.0
2015-07-01-18 45 15.137	  31.02693506 121.4397239 1.5  0.0 0.0
2015-07-01-18 45 15.239	  31.02693506 121.4397239 1.5  0.0 0.0
2015-07-01-18 45 15.340	  31.02693506 121.4397239 1.5  0.0 0.0
2015-07-01-18 45 15.442	  31.02693506 121.4397239 1.5  0.0 0.0
2015-07-01-18 45 15.551	  31.02693506 121.4397239 1.5  0.0 0.0
2015-07-01-18 45 15.653	  31.02693506 121.4397239 1.5  0.0 0.0
2015-07-01-18 45 15.776	  31.02693506 121.4397239 1.5  0.0 0.0
2015-07-01-18 45 15.890	  31.02693506 121.4397239 1.5  0.0 0.0
2015-07-01-18 45 16.048	  31.02693506 121.4397239 1.5  0.0 0.0
2015-07-01-18 45 16.149	  31.02693506 121.4397239 1.5  0.0 0.0
2015-07-01-18 45 16.333	  31.02693506 121.4397239 1.5  0.0 0.0
2015-07-01-18 45 16.436	  31.02693506 121.4397239 1.5  0.0 0.0
2015-07-01-18 45 16.539	  31.02695893 121.43971462 1.5  0.0 0.0
2015-07-01-18 45 16.641	  31.02695893 121.43971462 1.5  0.0 0.0
2015-07-01-18 45 16.743	  31.02695893 121.43971462 1.5  0.0 0.0
2015-07-01-18 45 16.853	  31.02695893 121.43971462 1.5  0.0 0.0
2015-07-01-18 45 16.956	  31.02695893 121.43971462 1.5  0.0 0.0
2015-07-01-18 45 17.058	  31.02695893 121.43971462 1.5  0.0 0.0
2015-07-01-18 45 17.184	  31.02695893 121.43971462 1.5  0.0 0.0
2015-07-01-18 45 17.286	  31.02695893 121.43971462 1.5  0.0 0.0
2015-07-01-18 45 17.444	  31.02695893 121.43971462 1.5  0.0 0.0
2015-07-01-18 45 17.550	  31.02695893 121.43971462 1.5  0.0 0.0
2015-07-01-18 45 17.679	  31.02695893 121.43971462 1.5  0.0 0.0
2015-07-01-18 45 17.782	  31.02695893 121.43971462 1.5  0.0 0.0
2015-07-01-18 45 17.950	  31.02695893 121.43971462 1.5  0.0 0.0
2015-07-01-18 45 18.052	  31.02695893 121.43971462 1.5  0.0 0.0
2015-07-01-18 45 18.169	  31.02695893 121.43971462 1.5  0.0 0.0
2015-07-01-18 45 18.271	  31.02695893 121.43971462 1.5  0.0 0.0
2015-07-01-18 45 18.434	  31.02698259 121.43970047 1.5  0.0 0.0
2015-07-01-18 45 18.537	  31.02698259 121.43970047 1.5  0.0 0.0
2015-07-01-18 45 18.678	  31.02698259 121.43970047 1.5  0.0 0.0
2015-07-01-18 45 18.781	  31.02698259 121.43970047 1.5  0.0 0.0
2015-07-01-18 45 18.913	  31.02698259 121.43970047 1.5  0.0 0.0
2015-07-01-18 45 19.020	  31.02698259 121.43970047 1.5  0.0 0.0
2015-07-01-18 45 19.185	  31.02698259 121.43970047 1.5  0.0 0.0
2015-07-01-18 45 19.287	  31.02698259 121.43970047 1.5  0.0 0.0
2015-07-01-18 45 19.429	  31.02698259 121.43970047 1.5  0.0 0.0
2015-07-01-18 45 19.530	  31.02698259 121.43970047 1.5  0.0 0.0
2015-07-01-18 45 19.669	  31.02698259 121.43970047 1.5  0.0 0.0
2015-07-01-18 45 19.772	  31.02698259 121.43970047 1.5  0.0 0.0
2015-07-01-18 45 19.948	  31.02698259 121.43970047 1.5  0.0 0.0
2015-07-01-18 45 20.054	  31.02698259 121.43970047 1.5  0.0 0.0
2015-07-01-18 45 20.224	  31.02698259 121.43970047 1.5  0.0 0.0
2015-07-01-18 45 20.327	  31.02698259 121.43970047 1.5  0.0 0.0
2015-07-01-18 45 20.488	  31.02700554 121.43968897 1.25  0.0 0.0
2015-07-01-18 45 20.590	  31.02700554 121.43968897 1.25  0.0 0.0
2015-07-01-18 45 20.724	  31.02700554 121.43968897 1.25  0.0 0.0
2015-07-01-18 45 20.831	  31.02700554 121.43968897 1.25  0.0 0.0
2015-07-01-18 45 20.993	  31.02700554 121.43968897 1.25  0.0 0.0
2015-07-01-18 45 21.096	  31.02700554 121.43968897 1.25  0.0 0.0
2015-07-01-18 45 21.197	  31.02700554 121.43968897 1.25  0.0 0.0
2015-07-01-18 45 21.299	  31.02700554 121.43968897 1.25  0.0 0.0
2015-07-01-18 45 21.442	  31.02700554 121.43968897 1.25  0.0 0.0
2015-07-01-18 45 21.544	  31.02700554 121.43968897 1.25  0.0 0.0
2015-07-01-18 45 21.650	  31.02700554 121.43968897 1.25  0.0 0.0
2015-07-01-18 45 21.753	  31.02700554 121.43968897 1.25  0.0 0.0
2015-07-01-18 45 21.857	  31.02700554 121.43968897 1.25  0.0 0.0
2015-07-01-18 45 21.982	  31.02700554 121.43968897 1.25  0.0 0.0
2015-07-01-18 45 22.083	  31.02700554 121.43968897 1.25  0.0 0.0
2015-07-01-18 45 22.188	  31.02700554 121.43968897 1.25  0.0 0.0
2015-07-01-18 45 22.290	  31.02700554 121.43968897 1.25  0.0 0.0
2015-07-01-18 45 22.393	  31.02700554 121.43968897 1.25  0.0 0.0
2015-07-01-18 45 22.494	  31.02700554 121.43968897 1.25  0.0 0.0
2015-07-01-18 45 22.601	  31.02703447 121.43968587 1.5  0.0 0.0
2015-07-01-18 45 22.715	  31.02703447 121.43968587 1.5  0.0 0.0
2015-07-01-18 45 22.816	  31.02703447 121.43968587 1.5  0.0 0.0
2015-07-01-18 45 22.921	  31.02703447 121.43968587 1.5  0.0 0.0
2015-07-01-18 45 23.025	  31.02703447 121.43968587 1.5  0.0 0.0
2015-07-01-18 45 23.129	  31.02703447 121.43968587 1.5  0.0 0.0
2015-07-01-18 45 23.234	  31.02703447 121.43968587 1.5  0.0 0.0
2015-07-01-18 45 23.337	  31.02703447 121.43968587 1.5  0.0 0.0
2015-07-01-18 45 23.439	  31.02703447 121.43968587 1.5  0.0 0.0
2015-07-01-18 45 23.542	  31.02703447 121.43968587 1.5  0.0 0.0
2015-07-01-18 45 23.644	  31.02703447 121.43968587 1.5  0.0 0.0
2015-07-01-18 45 23.747	  31.02703447 121.43968587 1.5  0.0 0.0
2015-07-01-18 45 23.855	  31.02703447 121.43968587 1.5  0.0 0.0
2015-07-01-18 45 23.956	  31.02703447 121.43968587 1.5  0.0 0.0
2015-07-01-18 45 24.074	  31.02703447 121.43968587 1.5  0.0 0.0
2015-07-01-18 45 24.178	  31.02703447 121.43968587 1.5  0.0 0.0
2015-07-01-18 45 24.281	  31.02703447 121.43968587 1.5  0.0 0.0
2015-07-01-18 45 24.383	  31.02703447 121.43968587 1.5  0.0 0.0
2015-07-01-18 45 24.484	  31.02706351 121.43968264 1.5  0.0 0.0
2015-07-01-18 45 24.589	  31.02706351 121.43968264 1.5  0.0 0.0
2015-07-01-18 45 24.700	  31.02706351 121.43968264 1.5  0.0 0.0
2015-07-01-18 45 24.809	  31.02706351 121.43968264 1.5  0.0 0.0
2015-07-01-18 45 24.925	  31.02706351 121.43968264 1.5  0.0 0.0
2015-07-01-18 45 25.027	  31.02706351 121.43968264 1.5  0.0 0.0
2015-07-01-18 45 25.129	  31.02706351 121.43968264 1.5  0.0 0.0
2015-07-01-18 45 25.233	  31.02706351 121.43968264 1.5  0.0 0.0
2015-07-01-18 45 25.335	  31.02706351 121.43968264 1.5  0.0 0.0
2015-07-01-18 45 25.439	  31.02706351 121.43968264 1.5  0.0 0.0
2015-07-01-18 45 25.603	  31.02706351 121.43968264 1.5  0.0 0.0
2015-07-01-18 45 25.705	  31.02706351 121.43968264 1.5  0.0 0.0
2015-07-01-18 45 25.806	  31.02706351 121.43968264 1.5  0.0 0.0
2015-07-01-18 45 25.908	  31.02706351 121.43968264 1.5  0.0 0.0
2015-07-01-18 45 26.011	  31.02706351 121.43968264 1.5  0.0 0.0
2015-07-01-18 45 26.122	  31.02706351 121.43968264 1.5  0.0 0.0
2015-07-01-18 45 26.239	  31.02706351 121.43968264 1.5  0.0 0.0
2015-07-01-18 45 26.341	  31.02709073 121.43967352 1.25  0.0 0.0
2015-07-01-18 45 26.485	  31.02709073 121.43967352 1.25  0.0 0.0
2015-07-01-18 45 26.588	  31.02709073 121.43967352 1.25  0.0 0.0
2015-07-01-18 45 26.691	  31.02709073 121.43967352 1.25  0.0 0.0
2015-07-01-18 45 26.796	  31.02709073 121.43967352 1.25  0.0 0.0
2015-07-01-18 45 26.899	  31.02709073 121.43967352 1.25  0.0 0.0
2015-07-01-18 45 27.001	  31.02709073 121.43967352 1.25  0.0 0.0
2015-07-01-18 45 27.103	  31.02709073 121.43967352 1.25  0.0 0.0
2015-07-01-18 45 27.221	  31.02709073 121.43967352 1.25  0.0 0.0
2015-07-01-18 45 27.322	  31.02709073 121.43967352 1.25  0.0 0.0
2015-07-01-18 45 27.425	  31.02709073 121.43967352 1.25  0.0 0.0
2015-07-01-18 45 27.526	  31.02709073 121.43967352 1.25  0.0 0.0
2015-07-01-18 45 27.627	  31.02709073 121.43967352 1.25  0.0 0.0
2015-07-01-18 45 27.729	  31.02709073 121.43967352 1.25  0.0 0.0
2015-07-01-18 45 27.832	  31.02709073 121.43967352 1.25  0.0 0.0
2015-07-01-18 45 27.934	  31.02709073 121.43967352 1.25  0.0 0.0
2015-07-01-18 45 28.039	  31.02709073 121.43967352 1.25  0.0 0.0
2015-07-01-18 45 28.141	  31.02709073 121.43967352 1.25  0.0 0.0
2015-07-01-18 45 28.258	  31.02709073 121.43967352 1.25  0.0 0.0
2015-07-01-18 45 28.361	  31.02709073 121.43967352 1.25  0.0 0.0
2015-07-01-18 45 28.466	  31.02711925 121.43966479 1.5  0.0 0.0
2015-07-01-18 45 28.567	  31.02711925 121.43966479 1.5  0.0 0.0
2015-07-01-18 45 28.669	  31.02711925 121.43966479 1.5  0.0 0.0
2015-07-01-18 45 28.772	  31.02711925 121.43966479 1.5  0.0 0.0
2015-07-01-18 45 28.884	  31.02711925 121.43966479 1.5  0.0 0.0
2015-07-01-18 45 28.986	  31.02711925 121.43966479 1.5  0.0 0.0
2015-07-01-18 45 29.091	  31.02711925 121.43966479 1.5  0.0 0.0
2015-07-01-18 45 29.193	  31.02711925 121.43966479 1.5  0.0 0.0
2015-07-01-18 45 29.298	  31.02711925 121.43966479 1.5  0.0 0.0
2015-07-01-18 45 29.400	  31.02711925 121.43966479 1.5  0.0 0.0
2015-07-01-18 45 29.514	  31.02711925 121.43966479 1.5  0.0 0.0
2015-07-01-18 45 29.615	  31.02711925 121.43966479 1.5  0.0 0.0
2015-07-01-18 45 29.719	  31.02711925 121.43966479 1.5  0.0 0.0
2015-07-01-18 45 29.822	  31.02711925 121.43966479 1.5  0.0 0.0
2015-07-01-18 45 29.923	  31.02711925 121.43966479 1.5  0.0 0.0
2015-07-01-18 45 30.026	  31.02711925 121.43966479 1.5  0.0 0.0
2015-07-01-18 45 30.128	  31.02711925 121.43966479 1.5  0.0 0.0
2015-07-01-18 45 30.231	  31.02711925 121.43966479 1.5  0.0 0.0
2015-07-01-18 45 30.342	  31.02711925 121.43966479 1.5  0.0 0.0
2015-07-01-18 45 30.444	  31.02711925 121.43966479 1.5  0.0 0.0
2015-07-01-18 45 30.547	  31.02714316 121.43965291 1.5  0.0 0.0
2015-07-01-18 45 30.649	  31.02714316 121.43965291 1.5  0.0 0.0
2015-07-01-18 45 30.757	  31.02714316 121.43965291 1.5  0.0 0.0
2015-07-01-18 45 30.860	  31.02714316 121.43965291 1.5  0.0 0.0
2015-07-01-18 45 30.970	  31.02714316 121.43965291 1.5  0.0 0.0
2015-07-01-18 45 31.073	  31.02714316 121.43965291 1.5  0.0 0.0
2015-07-01-18 45 31.181	  31.02714316 121.43965291 1.5  0.0 0.0
2015-07-01-18 45 31.285	  31.02714316 121.43965291 1.5  0.0 0.0
2015-07-01-18 45 31.388	  31.02714316 121.43965291 1.5  0.0 0.0
2015-07-01-18 45 31.498	  31.02714316 121.43965291 1.5  0.0 0.0
2015-07-01-18 45 31.611	  31.02714316 121.43965291 1.5  0.0 0.0
2015-07-01-18 45 31.717	  31.02714316 121.43965291 1.5  0.0 0.0
2015-07-01-18 45 31.823	  31.02714316 121.43965291 1.5  0.0 0.0
2015-07-01-18 45 31.933	  31.02714316 121.43965291 1.5  0.0 0.0
2015-07-01-18 45 32.036	  31.02714316 121.43965291 1.5  0.0 0.0
2015-07-01-18 45 32.142	  31.02714316 121.43965291 1.5  0.0 0.0
2015-07-01-18 45 32.249	  31.02714316 121.43965291 1.5  0.0 0.0
2015-07-01-18 45 32.365	  31.02714316 121.43965291 1.5  0.0 0.0
2015-07-01-18 45 32.467	  31.02716607 121.43963817 1.25  0.0 0.0
2015-07-01-18 45 32.572	  31.02716607 121.43963817 1.25  0.0 0.0
2015-07-01-18 45 32.675	  31.02716607 121.43963817 1.25  0.0 0.0
2015-07-01-18 45 32.785	  31.02716607 121.43963817 1.25  0.0 0.0
2015-07-01-18 45 32.888	  31.02716607 121.43963817 1.25  0.0 0.0
2015-07-01-18 45 32.998	  31.02716607 121.43963817 1.25  0.0 0.0
2015-07-01-18 45 33.104	  31.02716607 121.43963817 1.25  0.0 0.0
2015-07-01-18 45 33.214	  31.02716607 121.43963817 1.25  0.0 0.0
2015-07-01-18 45 33.318	  31.02716607 121.43963817 1.25  0.0 0.0
2015-07-01-18 45 33.434	  31.02716607 121.43963817 1.25  0.0 0.0
2015-07-01-18 45 33.537	  31.02716607 121.43963817 1.25  0.0 0.0
2015-07-01-18 45 33.643	  31.02716607 121.43963817 1.25  0.0 0.0
2015-07-01-18 45 33.750	  31.02716607 121.43963817 1.25  0.0 0.0
2015-07-01-18 45 33.868	  31.02716607 121.43963817 1.25  0.0 0.0
2015-07-01-18 45 33.969	  31.02716607 121.43963817 1.25  0.0 0.0
2015-07-01-18 45 34.075	  31.02716607 121.43963817 1.25  0.0 0.0
2015-07-01-18 45 34.183	  31.02716607 121.43963817 1.25  0.0 0.0
2015-07-01-18 45 34.290	  31.02716607 121.43963817 1.25  0.0 0.0
2015-07-01-18 45 34.392	  31.02718718 121.43962172 1.5  0.0 0.0
2015-07-01-18 45 34.500	  31.02718718 121.43962172 1.5  0.0 0.0
2015-07-01-18 45 34.602	  31.02718718 121.43962172 1.5  0.0 0.0
2015-07-01-18 45 34.715	  31.02718718 121.43962172 1.5  0.0 0.0
2015-07-01-18 45 34.817	  31.02718718 121.43962172 1.5  0.0 0.0
2015-07-01-18 45 34.920	  31.02718718 121.43962172 1.5  0.0 0.0
2015-07-01-18 45 35.023	  31.02718718 121.43962172 1.5  0.0 0.0
2015-07-01-18 45 35.133	  31.02718718 121.43962172 1.5  0.0 0.0
2015-07-01-18 45 35.236	  31.02718718 121.43962172 1.5  0.0 0.0
2015-07-01-18 45 35.354	  31.02718718 121.43962172 1.5  0.0 0.0
2015-07-01-18 45 35.456	  31.02718718 121.43962172 1.5  0.0 0.0
2015-07-01-18 45 35.590	  31.02718718 121.43962172 1.5  0.0 0.0
2015-07-01-18 45 35.696	  31.02718718 121.43962172 1.5  0.0 0.0
2015-07-01-18 45 35.873	  31.02718718 121.43962172 1.5  0.0 0.0
2015-07-01-18 45 35.976	  31.02718718 121.43962172 1.5  0.0 0.0
2015-07-01-18 45 36.077	  31.02718718 121.43962172 1.5  0.0 0.0
2015-07-01-18 45 36.185	  31.02718718 121.43962172 1.5  0.0 0.0
2015-07-01-18 45 36.290	  31.02718718 121.43962172 1.5  0.0 0.0
2015-07-01-18 45 36.394	  31.02718718 121.43962172 1.5  0.0 0.0
2015-07-01-18 45 36.537	  31.02721079 121.43961062 1.5  0.0 0.0
2015-07-01-18 45 36.639	  31.02721079 121.43961062 1.5  0.0 0.0
2015-07-01-18 45 36.743	  31.02721079 121.43961062 1.5  0.0 0.0
2015-07-01-18 45 36.854	  31.02721079 121.43961062 1.5  0.0 0.0
2015-07-01-18 45 36.962	  31.02721079 121.43961062 1.5  0.0 0.0
2015-07-01-18 45 37.074	  31.02721079 121.43961062 1.5  0.0 0.0
2015-07-01-18 45 37.176	  31.02721079 121.43961062 1.5  0.0 0.0
2015-07-01-18 45 37.331	  31.02721079 121.43961062 1.5  0.0 0.0
2015-07-01-18 45 37.445	  31.02721079 121.43961062 1.5  0.0 0.0
2015-07-01-18 45 37.593	  31.02721079 121.43961062 1.5  0.0 0.0
2015-07-01-18 45 37.698	  31.02721079 121.43961062 1.5  0.0 0.0
2015-07-01-18 45 37.801	  31.02721079 121.43961062 1.5  0.0 0.0
2015-07-01-18 45 37.910	  31.02721079 121.43961062 1.5  0.0 0.0
2015-07-01-18 45 38.013	  31.02721079 121.43961062 1.5  0.0 0.0
2015-07-01-18 45 38.120	  31.02721079 121.43961062 1.5  0.0 0.0
2015-07-01-18 45 38.223	  31.02721079 121.43961062 1.5  0.0 0.0
2015-07-01-18 45 38.333	  31.02721079 121.43961062 1.5  0.0 0.0
2015-07-01-18 45 38.436	  31.02721079 121.43961062 1.5  0.0 0.0
2015-07-01-18 45 38.543	  31.02723543 121.43960042 1.5  0.0 0.0
2015-07-01-18 45 38.672	  31.02723543 121.43960042 1.5  0.0 0.0
2015-07-01-18 45 38.818	  31.02723543 121.43960042 1.5  0.0 0.0
2015-07-01-18 45 38.922	  31.02723543 121.43960042 1.5  0.0 0.0
2015-07-01-18 45 39.081	  31.02723543 121.43960042 1.5  0.0 0.0
2015-07-01-18 45 39.185	  31.02723543 121.43960042 1.5  0.0 0.0
2015-07-01-18 45 39.289	  31.02723543 121.43960042 1.5  0.0 0.0
2015-07-01-18 45 39.434	  31.02723543 121.43960042 1.5  0.0 0.0
2015-07-01-18 45 39.536	  31.02723543 121.43960042 1.5  0.0 0.0
2015-07-01-18 45 39.690	  31.02723543 121.43960042 1.5  0.0 0.0
2015-07-01-18 45 39.793	  31.02723543 121.43960042 1.5  0.0 0.0
2015-07-01-18 45 39.947	  31.02723543 121.43960042 1.5  0.0 0.0
2015-07-01-18 45 40.057	  31.02723543 121.43960042 1.5  0.0 0.0
2015-07-01-18 45 40.161	  31.02723543 121.43960042 1.5  0.0 0.0
2015-07-01-18 45 40.309	  31.02723543 121.43960042 1.5  0.0 0.0
2015-07-01-18 45 40.425	  31.02723543 121.43960042 1.5  0.0 0.0
2015-07-01-18 45 40.526	  31.02725761 121.43958283 1.5  0.0 0.0
2015-07-01-18 45 40.647	  31.02725761 121.43958283 1.5  0.0 0.0
2015-07-01-18 45 40.751	  31.02725761 121.43958283 1.5  0.0 0.0
2015-07-01-18 45 40.935	  31.02725761 121.43958283 1.5  0.0 0.0
2015-07-01-18 45 41.041	  31.02725761 121.43958283 1.5  0.0 0.0
2015-07-01-18 45 41.143	  31.02725761 121.43958283 1.5  0.0 0.0
2015-07-01-18 45 41.286	  31.02725761 121.43958283 1.5  0.0 0.0
2015-07-01-18 45 41.426	  31.02725761 121.43958283 1.5  0.0 0.0
2015-07-01-18 45 41.564	  31.02725761 121.43958283 1.5  0.0 0.0
2015-07-01-18 45 41.665	  31.02725761 121.43958283 1.5  0.0 0.0
2015-07-01-18 45 41.789	  31.02725761 121.43958283 1.5  0.0 0.0
2015-07-01-18 45 41.902	  31.02725761 121.43958283 1.5  0.0 0.0
2015-07-01-18 45 42.005	  31.02725761 121.43958283 1.5  0.0 0.0
2015-07-01-18 45 42.121	  31.02725761 121.43958283 1.5  0.0 0.0
2015-07-01-18 45 42.272	  31.02725761 121.43958283 1.5  0.0 0.0
2015-07-01-18 45 42.375	  31.02728194 121.43957223 1.5  0.0 0.0
2015-07-01-18 45 42.523	  31.02728194 121.43957223 1.5  0.0 0.0
2015-07-01-18 45 42.665	  31.02728194 121.43957223 1.5  0.0 0.0
2015-07-01-18 45 42.771	  31.02728194 121.43957223 1.5  0.0 0.0
2015-07-01-18 45 42.931	  31.02728194 121.43957223 1.5  0.0 0.0
2015-07-01-18 45 43.085	  31.02728194 121.43957223 1.5  0.0 0.0
2015-07-01-18 45 43.187	  31.02728194 121.43957223 1.5  0.0 0.0
2015-07-01-18 45 43.319	  31.02728194 121.43957223 1.5  0.0 0.0
2015-07-01-18 45 43.489	  31.02728194 121.43957223 1.5  0.0 0.0
2015-07-01-18 45 43.591	  31.02728194 121.43957223 1.5  0.0 0.0
2015-07-01-18 45 43.737	  31.02728194 121.43957223 1.5  0.0 0.0
2015-07-01-18 45 43.887	  31.02728194 121.43957223 1.5  0.0 0.0
2015-07-01-18 45 43.989	  31.02728194 121.43957223 1.5  0.0 0.0
2015-07-01-18 45 44.124	  31.02728194 121.43957223 1.5  0.0 0.0
2015-07-01-18 45 44.270	  31.02728194 121.43957223 1.5  0.0 0.0
2015-07-01-18 45 44.372	  31.02728194 121.43957223 1.5  0.0 0.0
2015-07-01-18 45 44.538	  31.02730754 121.43956374 1.5  0.0 0.0
2015-07-01-18 45 44.688	  31.02730754 121.43956374 1.5  0.0 0.0
2015-07-01-18 45 44.795	  31.02730754 121.43956374 1.5  0.0 0.0
2015-07-01-18 45 44.943	  31.02730754 121.43956374 1.5  0.0 0.0
2015-07-01-18 45 45.050	  31.02730754 121.43956374 1.5  0.0 0.0
2015-07-01-18 45 45.205	  31.02730754 121.43956374 1.5  0.0 0.0
2015-07-01-18 45 45.321	  31.02730754 121.43956374 1.5  0.0 0.0
2015-07-01-18 45 45.423	  31.02730754 121.43956374 1.5  0.0 0.0
2015-07-01-18 45 45.572	  31.02730754 121.43956374 1.5  0.0 0.0
2015-07-01-18 45 45.734	  31.02730754 121.43956374 1.5  0.0 0.0
2015-07-01-18 45 45.839	  31.02730754 121.43956374 1.5  0.0 0.0
2015-07-01-18 45 45.957	  31.02730754 121.43956374 1.5  0.0 0.0
2015-07-01-18 45 46.113	  31.02730754 121.43956374 1.5  0.0 0.0
2015-07-01-18 45 46.220	  31.02730754 121.43956374 1.5  0.0 0.0
2015-07-01-18 45 46.384	  31.02730754 121.43956374 1.5  0.0 0.0
2015-07-01-18 45 46.500	  31.02730754 121.43956374 1.5  0.0 0.0
2015-07-01-18 45 46.602	  31.02733223 121.43955521 1.5  0.0 0.0
2015-07-01-18 45 46.710	  31.02733223 121.43955521 1.5  0.0 0.0
2015-07-01-18 45 46.813	  31.02733223 121.43955521 1.5  0.0 0.0
2015-07-01-18 45 46.946	  31.02733223 121.43955521 1.5  0.0 0.0
2015-07-01-18 45 47.088	  31.02733223 121.43955521 1.5  0.0 0.0
2015-07-01-18 45 47.233	  31.02733223 121.43955521 1.5  0.0 0.0
2015-07-01-18 45 47.385	  31.02733223 121.43955521 1.5  0.0 0.0
2015-07-01-18 45 47.532	  31.02733223 121.43955521 1.5  0.0 0.0
2015-07-01-18 45 47.659	  31.02733223 121.43955521 1.5  0.0 0.0
2015-07-01-18 45 47.807	  31.02733223 121.43955521 1.5  0.0 0.0
2015-07-01-18 45 47.952	  31.02733223 121.43955521 1.5  0.0 0.0
2015-07-01-18 45 48.100	  31.02733223 121.43955521 1.5  0.0 0.0
2015-07-01-18 45 48.247	  31.02733223 121.43955521 1.5  0.0 0.0
2015-07-01-18 45 48.395	  31.02733223 121.43955521 1.5  0.0 0.0
2015-07-01-18 45 48.552	  31.02735735 121.4395461 1.5  0.0 0.0
2015-07-01-18 45 48.667	  31.02735735 121.4395461 1.5  0.0 0.0
2015-07-01-18 45 48.791	  31.02735735 121.4395461 1.5  0.0 0.0
2015-07-01-18 45 48.945	  31.02735735 121.4395461 1.5  0.0 0.0
2015-07-01-18 45 49.065	  31.02735735 121.4395461 1.5  0.0 0.0
2015-07-01-18 45 49.201	  31.02735735 121.4395461 1.5  0.0 0.0
2015-07-01-18 45 49.343	  31.02735735 121.4395461 1.5  0.0 0.0
2015-07-01-18 45 49.484	  31.02735735 121.4395461 1.5  0.0 0.0
2015-07-01-18 45 49.622	  31.02735735 121.4395461 1.5  0.0 0.0
2015-07-01-18 45 49.771	  31.02735735 121.4395461 1.5  0.0 0.0
2015-07-01-18 45 49.887	  31.02735735 121.4395461 1.5  0.0 0.0
2015-07-01-18 45 50.015	  31.02735735 121.4395461 1.5  0.0 0.0
2015-07-01-18 45 50.153	  31.02735735 121.4395461 1.5  0.0 0.0
2015-07-01-18 45 50.293	  31.02735735 121.4395461 1.5  0.0 0.0
2015-07-01-18 45 50.467	  31.02738207 121.4395356 1.5  0.0 0.0
2015-07-01-18 45 50.588	  31.02738207 121.4395356 1.5  0.0 0.0
2015-07-01-18 45 50.753	  31.02738207 121.4395356 1.5  0.0 0.0
2015-07-01-18 45 50.910	  31.02738207 121.4395356 1.5  0.0 0.0
2015-07-01-18 45 51.071	  31.02738207 121.4395356 1.5  0.0 0.0
2015-07-01-18 45 51.217	  31.02738207 121.4395356 1.5  0.0 0.0
2015-07-01-18 45 51.332	  31.02738207 121.4395356 1.5  0.0 0.0
2015-07-01-18 45 51.493	  31.02738207 121.4395356 1.5  0.0 0.0
2015-07-01-18 45 51.630	  31.02738207 121.4395356 1.5  0.0 0.0
2015-07-01-18 45 51.746	  31.02738207 121.4395356 1.5  0.0 0.0
2015-07-01-18 45 51.928	  31.02738207 121.4395356 1.5  0.0 0.0
2015-07-01-18 45 52.086	  31.02738207 121.4395356 1.5  0.0 0.0
2015-07-01-18 45 52.221	  31.02738207 121.4395356 1.5  0.0 0.0
2015-07-01-18 45 52.369	  31.02738207 121.4395356 1.5  0.0 0.0
2015-07-01-18 45 52.490	  31.02740695 121.43952634 1.5  0.0 0.0
2015-07-01-18 45 52.592	  31.02740695 121.43952634 1.5  0.0 0.0
2015-07-01-18 45 52.695	  31.02740695 121.43952634 1.5  0.0 0.0
2015-07-01-18 45 52.833	  31.02740695 121.43952634 1.5  0.0 0.0
2015-07-01-18 45 52.992	  31.02740695 121.43952634 1.5  0.0 0.0
2015-07-01-18 45 53.108	  31.02740695 121.43952634 1.5  0.0 0.0
2015-07-01-18 45 53.255	  31.02740695 121.43952634 1.5  0.0 0.0
2015-07-01-18 45 53.412	  31.02740695 121.43952634 1.5  0.0 0.0
2015-07-01-18 45 53.528	  31.02740695 121.43952634 1.5  0.0 0.0
2015-07-01-18 45 53.688	  31.02740695 121.43952634 1.5  0.0 0.0
2015-07-01-18 45 53.833	  31.02740695 121.43952634 1.5  0.0 0.0
2015-07-01-18 45 53.949	  31.02740695 121.43952634 1.5  0.0 0.0
2015-07-01-18 45 54.075	  31.02740695 121.43952634 1.5  0.0 0.0
2015-07-01-18 45 54.213	  31.02740695 121.43952634 1.5  0.0 0.0
2015-07-01-18 45 54.369	  31.02740695 121.43952634 1.5  0.0 0.0
2015-07-01-18 45 54.483	  31.02740695 121.43952634 1.5  0.0 0.0
2015-07-01-18 45 54.619	  31.02743166 121.43951806 1.25  0.0 0.0
2015-07-01-18 45 54.777	  31.02743166 121.43951806 1.25  0.0 0.0
2015-07-01-18 45 54.914	  31.02743166 121.43951806 1.25  0.0 0.0
2015-07-01-18 45 55.081	  31.02743166 121.43951806 1.25  0.0 0.0
2015-07-01-18 45 55.215	  31.02743166 121.43951806 1.25  0.0 0.0
2015-07-01-18 45 55.357	  31.02743166 121.43951806 1.25  0.0 0.0
2015-07-01-18 45 55.504	  31.02743166 121.43951806 1.25  0.0 0.0
2015-07-01-18 45 55.669	  31.02743166 121.43951806 1.25  0.0 0.0
2015-07-01-18 45 55.807	  31.02743166 121.43951806 1.25  0.0 0.0
2015-07-01-18 45 55.922	  31.02743166 121.43951806 1.25  0.0 0.0
2015-07-01-18 45 56.084	  31.02743166 121.43951806 1.25  0.0 0.0
2015-07-01-18 45 56.213	  31.02743166 121.43951806 1.25  0.0 0.0
2015-07-01-18 45 56.330	  31.02743166 121.43951806 1.25  0.0 0.0
2015-07-01-18 45 56.503	  31.02745706 121.43951551 1.25  0.0 0.0
2015-07-01-18 45 56.645	  31.02745706 121.43951551 1.25  0.0 0.0
2015-07-01-18 45 56.786	  31.02745706 121.43951551 1.25  0.0 0.0
2015-07-01-18 45 56.937	  31.02745706 121.43951551 1.25  0.0 0.0
2015-07-01-18 45 57.086	  31.02745706 121.43951551 1.25  0.0 0.0
2015-07-01-18 45 57.243	  31.02745706 121.43951551 1.25  0.0 0.0
2015-07-01-18 45 57.391	  31.02745706 121.43951551 1.25  0.0 0.0
2015-07-01-18 45 57.508	  31.02745706 121.43951551 1.25  0.0 0.0
2015-07-01-18 45 57.647	  31.02745706 121.43951551 1.25  0.0 0.0
2015-07-01-18 45 57.754	  31.02745706 121.43951551 1.25  0.0 0.0
2015-07-01-18 45 57.856	  31.02745706 121.43951551 1.25  0.0 0.0
2015-07-01-18 45 57.975	  31.02745706 121.43951551 1.25  0.0 0.0
2015-07-01-18 45 58.110	  31.02745706 121.43951551 1.25  0.0 0.0
2015-07-01-18 45 58.225	  31.02745706 121.43951551 1.25  0.0 0.0
2015-07-01-18 45 58.327	  31.02745706 121.43951551 1.25  0.0 0.0
2015-07-01-18 45 58.442	  31.027482 121.43951614 1.25  0.0 0.0
2015-07-01-18 45 58.582	  31.027482 121.43951614 1.25  0.0 0.0
2015-07-01-18 45 58.698	  31.027482 121.43951614 1.25  0.0 0.0
2015-07-01-18 45 58.800	  31.027482 121.43951614 1.25  0.0 0.0
2015-07-01-18 45 58.905	  31.027482 121.43951614 1.25  0.0 0.0
2015-07-01-18 45 59.085	  31.027482 121.43951614 1.25  0.0 0.0
2015-07-01-18 45 59.219	  31.027482 121.43951614 1.25  0.0 0.0
2015-07-01-18 45 59.324	  31.027482 121.43951614 1.25  0.0 0.0
2015-07-01-18 45 59.427	  31.027482 121.43951614 1.25  0.0 0.0
2015-07-01-18 45 59.579	  31.027482 121.43951614 1.25  0.0 0.0
2015-07-01-18 45 59.700	  31.027482 121.43951614 1.25  0.0 0.0
2015-07-01-18 45 59.845	  31.027482 121.43951614 1.25  0.0 0.0
2015-07-01-18 45 59.949	  31.027482 121.43951614 1.25  0.0 0.0
2015-07-01-18 46 00.053	  31.027482 121.43951614 1.25  0.0 0.0
2015-07-01-18 46 00.189	  31.027482 121.43951614 1.25  0.0 0.0
2015-07-01-18 46 00.333	  31.027482 121.43951614 1.25  0.0 0.0
2015-07-01-18 46 00.454	  31.02750554 121.43950841 1.25  0.0 0.0
2015-07-01-18 46 00.555	  31.02750554 121.43950841 1.25  0.0 0.0
2015-07-01-18 46 00.697	  31.02750554 121.43950841 1.25  0.0 0.0
2015-07-01-18 46 00.840	  31.02750554 121.43950841 1.25  0.0 0.0
2015-07-01-18 46 00.959	  31.02750554 121.43950841 1.25  0.0 0.0
2015-07-01-18 46 01.067	  31.02750554 121.43950841 1.25  0.0 0.0
2015-07-01-18 46 01.173	  31.02750554 121.43950841 1.25  0.0 0.0
2015-07-01-18 46 01.335	  31.02750554 121.43950841 1.25  0.0 0.0
2015-07-01-18 46 01.520	  31.02750554 121.43950841 1.25  0.0 0.0
2015-07-01-18 46 01.660	  31.02750554 121.43950841 1.25  0.0 0.0
2015-07-01-18 46 01.836	  31.02750554 121.43950841 1.25  0.0 0.0
2015-07-01-18 46 01.953	  31.02750554 121.43950841 1.25  0.0 0.0
2015-07-01-18 46 02.124	  31.02750554 121.43950841 1.25  0.0 0.0
2015-07-01-18 46 02.269	  31.02750554 121.43950841 1.25  0.0 0.0
2015-07-01-18 46 02.434	  31.02750554 121.43950841 1.25  0.0 0.0
2015-07-01-18 46 02.549	  31.0275272 121.43949606 1.25  0.0 0.0
2015-07-01-18 46 02.689	  31.0275272 121.43949606 1.25  0.0 0.0
2015-07-01-18 46 02.804	  31.0275272 121.43949606 1.25  0.0 0.0
2015-07-01-18 46 02.919	  31.0275272 121.43949606 1.25  0.0 0.0
2015-07-01-18 46 03.079	  31.0275272 121.43949606 1.25  0.0 0.0
2015-07-01-18 46 03.216	  31.0275272 121.43949606 1.25  0.0 0.0
2015-07-01-18 46 03.357	  31.0275272 121.43949606 1.25  0.0 0.0
2015-07-01-18 46 03.488	  31.0275272 121.43949606 1.25  0.0 0.0
2015-07-01-18 46 03.654	  31.0275272 121.43949606 1.25  0.0 0.0
2015-07-01-18 46 03.790	  31.0275272 121.43949606 1.25  0.0 0.0
2015-07-01-18 46 03.910	  31.0275272 121.43949606 1.25  0.0 0.0
2015-07-01-18 46 04.051	  31.0275272 121.43949606 1.25  0.0 0.0
2015-07-01-18 46 04.242	  31.0275272 121.43949606 1.25  0.0 0.0
2015-07-01-18 46 04.359	  31.0275272 121.43949606 1.25  0.0 0.0
2015-07-01-18 46 04.517	  31.02754957 121.43948396 1.25  0.0 0.0
2015-07-01-18 46 04.635	  31.02754957 121.43948396 1.25  0.0 0.0
2015-07-01-18 46 04.752	  31.02754957 121.43948396 1.25  0.0 0.0
2015-07-01-18 46 04.904	  31.02754957 121.43948396 1.25  0.0 0.0
2015-07-01-18 46 05.022	  31.02754957 121.43948396 1.25  0.0 0.0
2015-07-01-18 46 05.140	  31.02754957 121.43948396 1.25  0.0 0.0
2015-07-01-18 46 05.279	  31.02754957 121.43948396 1.25  0.0 0.0
2015-07-01-18 46 05.408	  31.02754957 121.43948396 1.25  0.0 0.0
2015-07-01-18 46 05.590	  31.02754957 121.43948396 1.25  0.0 0.0
2015-07-01-18 46 05.704	  31.02754957 121.43948396 1.25  0.0 0.0
2015-07-01-18 46 05.838	  31.02754957 121.43948396 1.25  0.0 0.0
2015-07-01-18 46 05.981	  31.02754957 121.43948396 1.25  0.0 0.0
2015-07-01-18 46 06.124	  31.02754957 121.43948396 1.25  0.0 0.0
2015-07-01-18 46 06.263	  31.02754957 121.43948396 1.25  0.0 0.0
2015-07-01-18 46 06.403	  31.02757331 121.43947474 1.5  0.0 0.0
2015-07-01-18 46 06.540	  31.02757331 121.43947474 1.5  0.0 0.0
2015-07-01-18 46 06.679	  31.02757331 121.43947474 1.5  0.0 0.0
2015-07-01-18 46 06.832	  31.02757331 121.43947474 1.5  0.0 0.0
2015-07-01-18 46 06.948	  31.02757331 121.43947474 1.5  0.0 0.0
2015-07-01-18 46 07.086	  31.02757331 121.43947474 1.5  0.0 0.0
2015-07-01-18 46 07.215	  31.02757331 121.43947474 1.5  0.0 0.0
2015-07-01-18 46 07.379	  31.02757331 121.43947474 1.5  0.0 0.0
2015-07-01-18 46 07.497	  31.02757331 121.43947474 1.5  0.0 0.0
2015-07-01-18 46 07.646	  31.02757331 121.43947474 1.5  0.0 0.0
2015-07-01-18 46 07.802	  31.02757331 121.43947474 1.5  0.0 0.0
2015-07-01-18 46 07.964	  31.02757331 121.43947474 1.5  0.0 0.0
2015-07-01-18 46 08.106	  31.02757331 121.43947474 1.5  0.0 0.0
2015-07-01-18 46 08.270	  31.02757331 121.43947474 1.5  0.0 0.0
2015-07-01-18 46 08.418	  31.02759712 121.43946262 1.5  0.0 0.0
2015-07-01-18 46 08.534	  31.02759712 121.43946262 1.5  0.0 0.0
2015-07-01-18 46 08.656	  31.02759712 121.43946262 1.5  0.0 0.0
2015-07-01-18 46 08.794	  31.02759712 121.43946262 1.5  0.0 0.0
2015-07-01-18 46 08.953	  31.02759712 121.43946262 1.5  0.0 0.0
2015-07-01-18 46 09.096	  31.02759712 121.43946262 1.5  0.0 0.0
2015-07-01-18 46 09.234	  31.02759712 121.43946262 1.5  0.0 0.0
2015-07-01-18 46 09.385	  31.02759712 121.43946262 1.5  0.0 0.0
2015-07-01-18 46 09.501	  31.02759712 121.43946262 1.5  0.0 0.0
2015-07-01-18 46 09.643	  31.02759712 121.43946262 1.5  0.0 0.0
2015-07-01-18 46 09.800	  31.02759712 121.43946262 1.5  0.0 0.0
2015-07-01-18 46 09.933	  31.02759712 121.43946262 1.5  0.0 0.0
2015-07-01-18 46 10.074	  31.02759712 121.43946262 1.5  0.0 0.0
2015-07-01-18 46 10.217	  31.02759712 121.43946262 1.5  0.0 0.0
2015-07-01-18 46 10.333	  31.02759712 121.43946262 1.5  0.0 0.0
2015-07-01-18 46 10.451	  31.02759712 121.43946262 1.5  0.0 0.0
2015-07-01-18 46 10.566	  31.02762189 121.43944943 1.5  0.0 0.0
2015-07-01-18 46 10.691	  31.02762189 121.43944943 1.5  0.0 0.0
2015-07-01-18 46 10.819	  31.02762189 121.43944943 1.5  0.0 0.0
2015-07-01-18 46 10.978	  31.02762189 121.43944943 1.5  0.0 0.0
2015-07-01-18 46 11.099	  31.02762189 121.43944943 1.5  0.0 0.0
2015-07-01-18 46 11.240	  31.02762189 121.43944943 1.5  0.0 0.0
2015-07-01-18 46 11.399	  31.02762189 121.43944943 1.5  0.0 0.0
2015-07-01-18 46 11.540	  31.02762189 121.43944943 1.5  0.0 0.0
2015-07-01-18 46 11.683	  31.02762189 121.43944943 1.5  0.0 0.0
2015-07-01-18 46 11.819	  31.02762189 121.43944943 1.5  0.0 0.0
2015-07-01-18 46 12.001	  31.02762189 121.43944943 1.5  0.0 0.0
2015-07-01-18 46 12.116	  31.02762189 121.43944943 1.5  0.0 0.0
2015-07-01-18 46 12.254	  31.02762189 121.43944943 1.5  0.0 0.0
2015-07-01-18 46 12.371	  31.02762189 121.43944943 1.5  0.0 0.0
2015-07-01-18 46 12.530	  31.02764755 121.43944002 1.5  0.0 0.0
2015-07-01-18 46 12.663	  31.02764755 121.43944002 1.5  0.0 0.0
2015-07-01-18 46 12.813	  31.02764755 121.43944002 1.5  0.0 0.0
2015-07-01-18 46 12.929	  31.02764755 121.43944002 1.5  0.0 0.0
2015-07-01-18 46 13.067	  31.02764755 121.43944002 1.5  0.0 0.0
2015-07-01-18 46 13.222	  31.02764755 121.43944002 1.5  0.0 0.0
2015-07-01-18 46 13.338	  31.02764755 121.43944002 1.5  0.0 0.0
2015-07-01-18 46 13.440	  31.02764755 121.43944002 1.5  0.0 0.0
2015-07-01-18 46 13.549	  31.02764755 121.43944002 1.5  0.0 0.0
2015-07-01-18 46 13.653	  31.02764755 121.43944002 1.5  0.0 0.0
2015-07-01-18 46 13.790	  31.02764755 121.43944002 1.5  0.0 0.0
2015-07-01-18 46 13.905	  31.02764755 121.43944002 1.5  0.0 0.0
2015-07-01-18 46 14.020	  31.02764755 121.43944002 1.5  0.0 0.0
2015-07-01-18 46 14.162	  31.02764755 121.43944002 1.5  0.0 0.0
2015-07-01-18 46 14.281	  31.02764755 121.43944002 1.5  0.0 0.0
2015-07-01-18 46 14.417	  31.02767219 121.43943001 1.5  0.0 0.0
2015-07-01-18 46 14.535	  31.02767219 121.43943001 1.5  0.0 0.0
2015-07-01-18 46 14.693	  31.02767219 121.43943001 1.5  0.0 0.0
2015-07-01-18 46 14.828	  31.02767219 121.43943001 1.5  0.0 0.0
2015-07-01-18 46 14.968	  31.02767219 121.43943001 1.5  0.0 0.0
2015-07-01-18 46 15.086	  31.02767219 121.43943001 1.5  0.0 0.0
2015-07-01-18 46 15.222	  31.02767219 121.43943001 1.5  0.0 0.0
2015-07-01-18 46 15.351	  31.02767219 121.43943001 1.5  0.0 0.0
2015-07-01-18 46 15.476	  31.02767219 121.43943001 1.5  0.0 0.0
2015-07-01-18 46 15.596	  31.02767219 121.43943001 1.5  0.0 0.0
2015-07-01-18 46 15.728	  31.02767219 121.43943001 1.5  0.0 0.0
2015-07-01-18 46 15.881	  31.02767219 121.43943001 1.5  0.0 0.0
2015-07-01-18 46 16.033	  31.02767219 121.43943001 1.5  0.0 0.0
2015-07-01-18 46 16.169	  31.02767219 121.43943001 1.5  0.0 0.0
2015-07-01-18 46 16.332	  31.02767219 121.43943001 1.5  0.0 0.0
2015-07-01-18 46 16.481	  31.02769456 121.43941961 1.25  0.0 0.0
2015-07-01-18 46 16.625	  31.02769456 121.43941961 1.25  0.0 0.0
2015-07-01-18 46 16.778	  31.02769456 121.43941961 1.25  0.0 0.0
2015-07-01-18 46 16.916	  31.02769456 121.43941961 1.25  0.0 0.0
2015-07-01-18 46 17.068	  31.02769456 121.43941961 1.25  0.0 0.0
2015-07-01-18 46 17.230	  31.02769456 121.43941961 1.25  0.0 0.0
2015-07-01-18 46 17.372	  31.02769456 121.43941961 1.25  0.0 0.0
2015-07-01-18 46 17.542	  31.02769456 121.43941961 1.25  0.0 0.0
2015-07-01-18 46 17.683	  31.02769456 121.43941961 1.25  0.0 0.0
2015-07-01-18 46 17.857	  31.02769456 121.43941961 1.25  0.0 0.0
2015-07-01-18 46 18.001	  31.02769456 121.43941961 1.25  0.0 0.0
2015-07-01-18 46 18.143	  31.02769456 121.43941961 1.25  0.0 0.0
2015-07-01-18 46 18.288	  31.02769456 121.43941961 1.25  0.0 0.0
2015-07-01-18 46 18.422	  31.02769456 121.43941961 1.25  0.0 0.0
2015-07-01-18 46 18.570	  31.02771678 121.43941242 1.25  0.0 0.0
2015-07-01-18 46 18.694	  31.02771678 121.43941242 1.25  0.0 0.0
2015-07-01-18 46 18.854	  31.02771678 121.43941242 1.25  0.0 0.0
2015-07-01-18 46 18.978	  31.02771678 121.43941242 1.25  0.0 0.0
2015-07-01-18 46 19.123	  31.02771678 121.43941242 1.25  0.0 0.0
2015-07-01-18 46 19.286	  31.02771678 121.43941242 1.25  0.0 0.0
2015-07-01-18 46 19.444	  31.02771678 121.43941242 1.25  0.0 0.0
2015-07-01-18 46 19.570	  31.02771678 121.43941242 1.25  0.0 0.0
2015-07-01-18 46 19.701	  31.02771678 121.43941242 1.25  0.0 0.0
2015-07-01-18 46 19.836	  31.02771678 121.43941242 1.25  0.0 0.0
2015-07-01-18 46 19.984	  31.02771678 121.43941242 1.25  0.0 0.0
2015-07-01-18 46 20.105	  31.02771678 121.43941242 1.25  0.0 0.0
2015-07-01-18 46 20.250	  31.02771678 121.43941242 1.25  0.0 0.0
2015-07-01-18 46 20.404	  31.02773786 121.43940181 1.25  0.0 0.0
2015-07-01-18 46 20.576	  31.02773786 121.43940181 1.25  0.0 0.0
2015-07-01-18 46 20.693	  31.02773786 121.43940181 1.25  0.0 0.0
2015-07-01-18 46 20.812	  31.02773786 121.43940181 1.25  0.0 0.0
2015-07-01-18 46 20.936	  31.02773786 121.43940181 1.25  0.0 0.0
2015-07-01-18 46 21.097	  31.02773786 121.43940181 1.25  0.0 0.0
2015-07-01-18 46 21.232	  31.02773786 121.43940181 1.25  0.0 0.0
2015-07-01-18 46 21.376	  31.02773786 121.43940181 1.25  0.0 0.0
2015-07-01-18 46 21.519	  31.02773786 121.43940181 1.25  0.0 0.0
2015-07-01-18 46 21.654	  31.02773786 121.43940181 1.25  0.0 0.0
2015-07-01-18 46 21.759	  31.02773786 121.43940181 1.25  0.0 0.0
2015-07-01-18 46 21.883	  31.02773786 121.43940181 1.25  0.0 0.0
2015-07-01-18 46 22.013	  31.02773786 121.43940181 1.25  0.0 0.0
2015-07-01-18 46 22.175	  31.02773786 121.43940181 1.25  0.0 0.0
2015-07-01-18 46 22.320	  31.02773786 121.43940181 1.25  0.0 0.0
2015-07-01-18 46 22.439	  31.02775758 121.43938866 1.25  0.0 0.0
2015-07-01-18 46 22.541	  31.02775758 121.43938866 1.25  0.0 0.0
2015-07-01-18 46 22.645	  31.02775758 121.43938866 1.25  0.0 0.0
2015-07-01-18 46 22.751	  31.02775758 121.43938866 1.25  0.0 0.0
2015-07-01-18 46 22.856	  31.02775758 121.43938866 1.25  0.0 0.0
2015-07-01-18 46 22.997	  31.02775758 121.43938866 1.25  0.0 0.0
2015-07-01-18 46 23.113	  31.02775758 121.43938866 1.25  0.0 0.0
2015-07-01-18 46 23.296	  31.02775758 121.43938866 1.25  0.0 0.0
2015-07-01-18 46 23.446	  31.02775758 121.43938866 1.25  0.0 0.0
2015-07-01-18 46 23.565	  31.02775758 121.43938866 1.25  0.0 0.0
2015-07-01-18 46 23.707	  31.02775758 121.43938866 1.25  0.0 0.0
2015-07-01-18 46 23.856	  31.02775758 121.43938866 1.25  0.0 0.0
2015-07-01-18 46 23.960	  31.02775758 121.43938866 1.25  0.0 0.0
