2015-07-02-18 16 51.170	  0.0 0.0 0.0  0.0 0.0
2015-07-02-18 16 51.272	  0.0 0.0 0.0  0.0 0.0
2015-07-02-18 16 51.375	  31.02660494 121.43982001 1.25  0.0 0.0
2015-07-02-18 16 51.482	  31.02660494 121.43982001 1.25  0.0 0.0
2015-07-02-18 16 51.585	  31.02660494 121.43982001 1.25  0.0 0.0
2015-07-02-18 16 51.687	  31.02660494 121.43982001 1.25  0.0 0.0
2015-07-02-18 16 51.789	  31.02660494 121.43982001 1.25  0.0 0.0
2015-07-02-18 16 51.891	  31.02660494 121.43982001 1.25  0.0 0.0
2015-07-02-18 16 51.994	  31.02660494 121.43982001 1.25  0.0 0.0
2015-07-02-18 16 52.096	  31.02660494 121.43982001 1.25  0.0 0.0
2015-07-02-18 16 52.198	  31.02660494 121.43982001 1.25  0.0 0.0
2015-07-02-18 16 52.304	  31.02660494 121.43982001 1.25  0.0 0.0
2015-07-02-18 16 52.406	  31.02660494 121.43982001 1.25  0.0 0.0
2015-07-02-18 16 52.508	  31.02662489 121.43981316 1.25  0.0 0.0
2015-07-02-18 16 52.611	  31.02662489 121.43981316 1.25  0.0 0.0
2015-07-02-18 16 52.713	  31.02662489 121.43981316 1.25  0.0 0.0
2015-07-02-18 16 52.815	  31.02662489 121.43981316 1.25  0.0 0.0
2015-07-02-18 16 52.916	  31.02662489 121.43981316 1.25  0.0 0.0
2015-07-02-18 16 53.018	  31.02662489 121.43981316 1.25  0.0 0.0
2015-07-02-18 16 53.121	  31.02662489 121.43981316 1.25  0.0 0.0
2015-07-02-18 16 53.222	  31.02662489 121.43981316 1.25  0.0 0.0
2015-07-02-18 16 53.324	  31.02662489 121.43981316 1.25  0.0 0.0
2015-07-02-18 16 53.426	  31.02662489 121.43981316 1.25  0.0 0.0
2015-07-02-18 16 53.528	  31.02662489 121.43981316 1.25  0.0 0.0
2015-07-02-18 16 53.630	  31.02662489 121.43981316 1.25  0.0 0.0
2015-07-02-18 16 53.731	  31.02662489 121.43981316 1.25  0.0 0.0
2015-07-02-18 16 53.833	  31.02662489 121.43981316 1.25  0.0 0.0
2015-07-02-18 16 53.936	  31.02662489 121.43981316 1.25  0.0 0.0
2015-07-02-18 16 54.037	  31.02662489 121.43981316 1.25  0.0 0.0
2015-07-02-18 16 54.139	  31.02662489 121.43981316 1.25  0.0 0.0
2015-07-02-18 16 54.245	  31.02662489 121.43981316 1.25  0.0 0.0
2015-07-02-18 16 54.350	  31.02662489 121.43981316 1.25  0.0 0.0
2015-07-02-18 16 54.452	  31.02664983 121.43980388 1.25  0.0 0.0
2015-07-02-18 16 54.563	  31.02664983 121.43980388 1.25  0.0 0.0
2015-07-02-18 16 54.665	  31.02664983 121.43980388 1.25  0.0 0.0
2015-07-02-18 16 54.768	  31.02664983 121.43980388 1.25  0.0 0.0
2015-07-02-18 16 54.872	  31.02664983 121.43980388 1.25  0.0 0.0
2015-07-02-18 16 54.976	  31.02664983 121.43980388 1.25  0.0 0.0
2015-07-02-18 16 55.079	  31.02664983 121.43980388 1.25  0.0 0.0
2015-07-02-18 16 55.188	  31.02664983 121.43980388 1.25  0.0 0.0
2015-07-02-18 16 55.293	  31.02664983 121.43980388 1.25  0.0 0.0
2015-07-02-18 16 55.396	  31.02664983 121.43980388 1.25  0.0 0.0
2015-07-02-18 16 55.500	  31.02664983 121.43980388 1.25  0.0 0.0
2015-07-02-18 16 55.604	  31.02664983 121.43980388 1.25  0.0 0.0
2015-07-02-18 16 55.708	  31.02664983 121.43980388 1.25  0.0 0.0
2015-07-02-18 16 55.814	  31.02664983 121.43980388 1.25  0.0 0.0
2015-07-02-18 16 55.917	  31.02664983 121.43980388 1.25  0.0 0.0
2015-07-02-18 16 56.019	  31.02664983 121.43980388 1.25  0.0 0.0
2015-07-02-18 16 56.126	  31.02664983 121.43980388 1.25  0.0 0.0
2015-07-02-18 16 56.235	  31.02664983 121.43980388 1.25  0.0 0.0
2015-07-02-18 16 56.338	  31.02664983 121.43980388 1.25  0.0 0.0
2015-07-02-18 16 56.444	  31.02667329 121.43979206 1.25  0.0 0.0
2015-07-02-18 16 56.573	  31.02667329 121.43979206 1.25  0.0 0.0
2015-07-02-18 16 56.675	  31.02667329 121.43979206 1.25  0.0 0.0
2015-07-02-18 16 56.777	  31.02667329 121.43979206 1.25  0.0 0.0
2015-07-02-18 16 56.880	  31.02667329 121.43979206 1.25  0.0 0.0
2015-07-02-18 16 56.984	  31.02667329 121.43979206 1.25  0.0 0.0
2015-07-02-18 16 57.091	  31.02667329 121.43979206 1.25  0.0 0.0
2015-07-02-18 16 57.208	  31.02667329 121.43979206 1.25  0.0 0.0
2015-07-02-18 16 57.310	  31.02667329 121.43979206 1.25  0.0 0.0
2015-07-02-18 16 57.411	  31.02667329 121.43979206 1.25  0.0 0.0
2015-07-02-18 16 57.513	  31.02667329 121.43979206 1.25  0.0 0.0
2015-07-02-18 16 57.615	  31.02667329 121.43979206 1.25  0.0 0.0
2015-07-02-18 16 57.717	  31.02667329 121.43979206 1.25  0.0 0.0
2015-07-02-18 16 57.821	  31.02667329 121.43979206 1.25  0.0 0.0
2015-07-02-18 16 57.932	  31.02667329 121.43979206 1.25  0.0 0.0
2015-07-02-18 16 58.036	  31.02667329 121.43979206 1.25  0.0 0.0
2015-07-02-18 16 58.139	  31.02667329 121.43979206 1.25  0.0 0.0
2015-07-02-18 16 58.247	  31.02667329 121.43979206 1.25  0.0 0.0
2015-07-02-18 16 58.352	  31.02667329 121.43979206 1.25  0.0 0.0
2015-07-02-18 16 58.456	  31.02669979 121.43978211 1.25  0.0 0.0
2015-07-02-18 16 58.616	  31.02669979 121.43978211 1.25  0.0 0.0
2015-07-02-18 16 58.717	  31.02669979 121.43978211 1.25  0.0 0.0
2015-07-02-18 16 58.820	  31.02669979 121.43978211 1.25  0.0 0.0
2015-07-02-18 16 58.925	  31.02669979 121.43978211 1.25  0.0 0.0
2015-07-02-18 16 59.030	  31.02669979 121.43978211 1.25  0.0 0.0
2015-07-02-18 16 59.136	  31.02669979 121.43978211 1.25  0.0 0.0
2015-07-02-18 16 59.248	  31.02669979 121.43978211 1.25  0.0 0.0
2015-07-02-18 16 59.349	  31.02669979 121.43978211 1.25  0.0 0.0
2015-07-02-18 16 59.453	  31.02669979 121.43978211 1.25  0.0 0.0
2015-07-02-18 16 59.577	  31.02669979 121.43978211 1.25  0.0 0.0
2015-07-02-18 16 59.678	  31.02669979 121.43978211 1.25  0.0 0.0
2015-07-02-18 16 59.780	  31.02669979 121.43978211 1.25  0.0 0.0
2015-07-02-18 16 59.885	  31.02669979 121.43978211 1.25  0.0 0.0
2015-07-02-18 16 59.989	  31.02669979 121.43978211 1.25  0.0 0.0
2015-07-02-18 17 00.095	  31.02669979 121.43978211 1.25  0.0 0.0
2015-07-02-18 17 00.196	  31.02669979 121.43978211 1.25  0.0 0.0
2015-07-02-18 17 00.297	  31.02669979 121.43978211 1.25  0.0 0.0
2015-07-02-18 17 00.398	  31.02669979 121.43978211 1.25  0.0 0.0
2015-07-02-18 17 00.509	  31.02672495 121.439774 1.25  0.0 0.0
2015-07-02-18 17 00.611	  31.02672495 121.439774 1.25  0.0 0.0
2015-07-02-18 17 00.712	  31.02672495 121.439774 1.25  0.0 0.0
2015-07-02-18 17 00.814	  31.02672495 121.439774 1.25  0.0 0.0
2015-07-02-18 17 00.918	  31.02672495 121.439774 1.25  0.0 0.0
2015-07-02-18 17 01.024	  31.02672495 121.439774 1.25  0.0 0.0
2015-07-02-18 17 01.127	  31.02672495 121.439774 1.25  0.0 0.0
2015-07-02-18 17 01.230	  31.02672495 121.439774 1.25  0.0 0.0
2015-07-02-18 17 01.334	  31.02672495 121.439774 1.25  0.0 0.0
2015-07-02-18 17 01.438	  31.02672495 121.439774 1.25  0.0 0.0
2015-07-02-18 17 01.544	  31.02672495 121.439774 1.25  0.0 0.0
2015-07-02-18 17 01.645	  31.02672495 121.439774 1.25  0.0 0.0
2015-07-02-18 17 01.747	  31.02672495 121.439774 1.25  0.0 0.0
2015-07-02-18 17 01.849	  31.02672495 121.439774 1.25  0.0 0.0
2015-07-02-18 17 01.959	  31.02672495 121.439774 1.25  0.0 0.0
2015-07-02-18 17 02.068	  31.02672495 121.439774 1.25  0.0 0.0
2015-07-02-18 17 02.173	  31.02672495 121.439774 1.25  0.0 0.0
2015-07-02-18 17 02.278	  31.02672495 121.439774 1.25  0.0 0.0
2015-07-02-18 17 02.382	  31.02672495 121.439774 1.25  0.0 0.0
2015-07-02-18 17 02.493	  31.02674951 121.43976814 1.25  0.0 0.0
2015-07-02-18 17 02.594	  31.02674951 121.43976814 1.25  0.0 0.0
2015-07-02-18 17 02.695	  31.02674951 121.43976814 1.25  0.0 0.0
2015-07-02-18 17 02.796	  31.02674951 121.43976814 1.25  0.0 0.0
2015-07-02-18 17 02.899	  31.02674951 121.43976814 1.25  0.0 0.0
2015-07-02-18 17 03.011	  31.02674951 121.43976814 1.25  0.0 0.0
2015-07-02-18 17 03.113	  31.02674951 121.43976814 1.25  0.0 0.0
2015-07-02-18 17 03.215	  31.02674951 121.43976814 1.25  0.0 0.0
2015-07-02-18 17 03.317	  31.02674951 121.43976814 1.25  0.0 0.0
2015-07-02-18 17 03.419	  31.02674951 121.43976814 1.25  0.0 0.0
2015-07-02-18 17 03.523	  31.02674951 121.43976814 1.25  0.0 0.0
2015-07-02-18 17 03.624	  31.02674951 121.43976814 1.25  0.0 0.0
2015-07-02-18 17 03.726	  31.02674951 121.43976814 1.25  0.0 0.0
2015-07-02-18 17 03.827	  31.02674951 121.43976814 1.25  0.0 0.0
2015-07-02-18 17 03.929	  31.02674951 121.43976814 1.25  0.0 0.0
2015-07-02-18 17 04.032	  31.02674951 121.43976814 1.25  0.0 0.0
2015-07-02-18 17 04.134	  31.02674951 121.43976814 1.25  0.0 0.0
2015-07-02-18 17 04.235	  31.02674951 121.43976814 1.25  0.0 0.0
2015-07-02-18 17 04.336	  31.02674951 121.43976814 1.25  0.0 0.0
2015-07-02-18 17 04.438	  31.02674951 121.43976814 1.25  0.0 0.0
2015-07-02-18 17 04.540	  31.02677343 121.43976173 1.25  0.0 0.0
2015-07-02-18 17 04.642	  31.02677343 121.43976173 1.25  0.0 0.0
2015-07-02-18 17 04.744	  31.02677343 121.43976173 1.25  0.0 0.0
2015-07-02-18 17 04.846	  31.02677343 121.43976173 1.25  0.0 0.0
2015-07-02-18 17 04.950	  31.02677343 121.43976173 1.25  0.0 0.0
2015-07-02-18 17 05.052	  31.02677343 121.43976173 1.25  0.0 0.0
2015-07-02-18 17 05.154	  31.02677343 121.43976173 1.25  0.0 0.0
2015-07-02-18 17 05.256	  31.02677343 121.43976173 1.25  0.0 0.0
2015-07-02-18 17 05.358	  31.02677343 121.43976173 1.25  0.0 0.0
2015-07-02-18 17 05.459	  31.02677343 121.43976173 1.25  0.0 0.0
2015-07-02-18 17 05.561	  31.02677343 121.43976173 1.25  0.0 0.0
2015-07-02-18 17 05.664	  31.02677343 121.43976173 1.25  0.0 0.0
2015-07-02-18 17 05.766	  31.02677343 121.43976173 1.25  0.0 0.0
2015-07-02-18 17 05.868	  31.02677343 121.43976173 1.25  0.0 0.0
2015-07-02-18 17 05.969	  31.02677343 121.43976173 1.25  0.0 0.0
2015-07-02-18 17 06.071	  31.02677343 121.43976173 1.25  0.0 0.0
2015-07-02-18 17 06.180	  31.02677343 121.43976173 1.25  0.0 0.0
2015-07-02-18 17 06.282	  31.02677343 121.43976173 1.25  0.0 0.0
2015-07-02-18 17 06.383	  31.02677343 121.43976173 1.25  0.0 0.0
2015-07-02-18 17 06.487	  31.02679703 121.43975621 1.25  0.0 0.0
2015-07-02-18 17 06.590	  31.02679703 121.43975621 1.25  0.0 0.0
2015-07-02-18 17 06.692	  31.02679703 121.43975621 1.25  0.0 0.0
2015-07-02-18 17 06.795	  31.02679703 121.43975621 1.25  0.0 0.0
2015-07-02-18 17 06.911	  31.02679703 121.43975621 1.25  0.0 0.0
2015-07-02-18 17 07.012	  31.02679703 121.43975621 1.25  0.0 0.0
2015-07-02-18 17 07.114	  31.02679703 121.43975621 1.25  0.0 0.0
2015-07-02-18 17 07.216	  31.02679703 121.43975621 1.25  0.0 0.0
2015-07-02-18 17 07.321	  31.02679703 121.43975621 1.25  0.0 0.0
2015-07-02-18 17 07.422	  31.02679703 121.43975621 1.25  0.0 0.0
2015-07-02-18 17 07.523	  31.02679703 121.43975621 1.25  0.0 0.0
2015-07-02-18 17 07.626	  31.02679703 121.43975621 1.25  0.0 0.0
2015-07-02-18 17 07.737	  31.02679703 121.43975621 1.25  0.0 0.0
2015-07-02-18 17 07.840	  31.02679703 121.43975621 1.25  0.0 0.0
2015-07-02-18 17 07.943	  31.02679703 121.43975621 1.25  0.0 0.0
2015-07-02-18 17 08.047	  31.02679703 121.43975621 1.25  0.0 0.0
2015-07-02-18 17 08.156	  31.02679703 121.43975621 1.25  0.0 0.0
2015-07-02-18 17 08.258	  31.02679703 121.43975621 1.25  0.0 0.0
2015-07-02-18 17 08.363	  31.02679703 121.43975621 1.25  0.0 0.0
2015-07-02-18 17 08.468	  31.02681978 121.43974321 1.25  0.0 0.0
2015-07-02-18 17 08.588	  31.02681978 121.43974321 1.25  0.0 0.0
2015-07-02-18 17 08.691	  31.02681978 121.43974321 1.25  0.0 0.0
2015-07-02-18 17 08.793	  31.02681978 121.43974321 1.25  0.0 0.0
2015-07-02-18 17 08.894	  31.02681978 121.43974321 1.25  0.0 0.0
2015-07-02-18 17 09.005	  31.02681978 121.43974321 1.25  0.0 0.0
2015-07-02-18 17 09.107	  31.02681978 121.43974321 1.25  0.0 0.0
2015-07-02-18 17 09.211	  31.02681978 121.43974321 1.25  0.0 0.0
2015-07-02-18 17 09.315	  31.02681978 121.43974321 1.25  0.0 0.0
2015-07-02-18 17 09.432	  31.02681978 121.43974321 1.25  0.0 0.0
2015-07-02-18 17 09.535	  31.02681978 121.43974321 1.25  0.0 0.0
2015-07-02-18 17 09.638	  31.02681978 121.43974321 1.25  0.0 0.0
2015-07-02-18 17 09.740	  31.02681978 121.43974321 1.25  0.0 0.0
2015-07-02-18 17 09.861	  31.02681978 121.43974321 1.25  0.0 0.0
2015-07-02-18 17 09.964	  31.02681978 121.43974321 1.25  0.0 0.0
2015-07-02-18 17 10.068	  31.02681978 121.43974321 1.25  0.0 0.0
2015-07-02-18 17 10.178	  31.02681978 121.43974321 1.25  0.0 0.0
2015-07-02-18 17 10.290	  31.02681978 121.43974321 1.25  0.0 0.0
2015-07-02-18 17 10.392	  31.02681978 121.43974321 1.25  0.0 0.0
2015-07-02-18 17 10.495	  31.02684256 121.43973745 1.25  0.0 0.0
2015-07-02-18 17 10.600	  31.02684256 121.43973745 1.25  0.0 0.0
2015-07-02-18 17 10.707	  31.02684256 121.43973745 1.25  0.0 0.0
2015-07-02-18 17 10.813	  31.02684256 121.43973745 1.25  0.0 0.0
2015-07-02-18 17 10.917	  31.02684256 121.43973745 1.25  0.0 0.0
2015-07-02-18 17 11.027	  31.02684256 121.43973745 1.25  0.0 0.0
2015-07-02-18 17 11.133	  31.02684256 121.43973745 1.25  0.0 0.0
2015-07-02-18 17 11.236	  31.02684256 121.43973745 1.25  0.0 0.0
2015-07-02-18 17 11.338	  31.02684256 121.43973745 1.25  0.0 0.0
2015-07-02-18 17 11.441	  31.02684256 121.43973745 1.25  0.0 0.0
2015-07-02-18 17 11.551	  31.02684256 121.43973745 1.25  0.0 0.0
2015-07-02-18 17 11.654	  31.02684256 121.43973745 1.25  0.0 0.0
2015-07-02-18 17 11.760	  31.02684256 121.43973745 1.25  0.0 0.0
2015-07-02-18 17 11.865	  31.02684256 121.43973745 1.25  0.0 0.0
2015-07-02-18 17 11.972	  31.02684256 121.43973745 1.25  0.0 0.0
2015-07-02-18 17 12.076	  31.02684256 121.43973745 1.25  0.0 0.0
2015-07-02-18 17 12.181	  31.02684256 121.43973745 1.25  0.0 0.0
2015-07-02-18 17 12.283	  31.02684256 121.43973745 1.25  0.0 0.0
2015-07-02-18 17 12.387	  31.02684256 121.43973745 1.25  0.0 0.0
2015-07-02-18 17 12.494	  31.02684256 121.43973745 1.25  0.0 0.0
2015-07-02-18 17 12.595	  31.02684256 121.43973745 1.25  0.0 0.0
2015-07-02-18 17 12.697	  31.02684256 121.43973745 1.25  0.0 0.0
2015-07-02-18 17 12.799	  31.02684256 121.43973745 1.25  0.0 0.0
2015-07-02-18 17 12.905	  31.02684256 121.43973745 1.25  0.0 0.0
2015-07-02-18 17 13.007	  31.02684256 121.43973745 1.25  0.0 0.0
2015-07-02-18 17 13.108	  31.02684256 121.43973745 1.25  0.0 0.0
2015-07-02-18 17 13.209	  31.02684256 121.43973745 1.25  0.0 0.0
2015-07-02-18 17 13.311	  31.02684256 121.43973745 1.25  0.0 0.0
2015-07-02-18 17 13.416	  31.02684256 121.43973745 1.25  0.0 0.0
2015-07-02-18 17 13.524	  31.0268656 121.43972213 1.25  0.0 0.0
2015-07-02-18 17 13.625	  31.0268656 121.43972213 1.25  0.0 0.0
2015-07-02-18 17 13.728	  31.0268656 121.43972213 1.25  0.0 0.0
2015-07-02-18 17 13.830	  31.0268656 121.43972213 1.25  0.0 0.0
2015-07-02-18 17 13.934	  31.0268656 121.43972213 1.25  0.0 0.0
2015-07-02-18 17 14.037	  31.0268656 121.43972213 1.25  0.0 0.0
2015-07-02-18 17 14.143	  31.0268656 121.43972213 1.25  0.0 0.0
2015-07-02-18 17 14.245	  31.0268656 121.43972213 1.25  0.0 0.0
2015-07-02-18 17 14.347	  31.0268656 121.43972213 1.25  0.0 0.0
2015-07-02-18 17 14.451	  31.0268656 121.43972213 1.25  0.0 0.0
2015-07-02-18 17 14.566	  31.0268656 121.43972213 1.25  0.0 0.0
2015-07-02-18 17 14.668	  31.0268656 121.43972213 1.25  0.0 0.0
2015-07-02-18 17 14.770	  31.0268656 121.43972213 1.25  0.0 0.0
2015-07-02-18 17 14.872	  31.0268656 121.43972213 1.25  0.0 0.0
2015-07-02-18 17 14.976	  31.0268656 121.43972213 1.25  0.0 0.0
2015-07-02-18 17 15.090	  31.0268656 121.43972213 1.25  0.0 0.0
2015-07-02-18 17 15.194	  31.0268656 121.43972213 1.25  0.0 0.0
2015-07-02-18 17 15.296	  31.0268656 121.43972213 1.25  0.0 0.0
2015-07-02-18 17 15.401	  31.0268656 121.43972213 1.25  0.0 0.0
2015-07-02-18 17 15.504	  31.02688713 121.4397161 1.25  0.0 0.0
2015-07-02-18 17 15.607	  31.02688713 121.4397161 1.25  0.0 0.0
2015-07-02-18 17 15.711	  31.02688713 121.4397161 1.25  0.0 0.0
2015-07-02-18 17 15.813	  31.02688713 121.4397161 1.25  0.0 0.0
2015-07-02-18 17 15.915	  31.02688713 121.4397161 1.25  0.0 0.0
2015-07-02-18 17 16.026	  31.02688713 121.4397161 1.25  0.0 0.0
2015-07-02-18 17 16.127	  31.02688713 121.4397161 1.25  0.0 0.0
2015-07-02-18 17 16.233	  31.02688713 121.4397161 1.25  0.0 0.0
2015-07-02-18 17 16.342	  31.02688713 121.4397161 1.25  0.0 0.0
2015-07-02-18 17 16.447	  31.02688713 121.4397161 1.25  0.0 0.0
2015-07-02-18 17 16.551	  31.02688713 121.4397161 1.25  0.0 0.0
2015-07-02-18 17 16.666	  31.02688713 121.4397161 1.25  0.0 0.0
2015-07-02-18 17 16.768	  31.02688713 121.4397161 1.25  0.0 0.0
2015-07-02-18 17 16.878	  31.02688713 121.4397161 1.25  0.0 0.0
2015-07-02-18 17 16.982	  31.02688713 121.4397161 1.25  0.0 0.0
2015-07-02-18 17 17.089	  31.02688713 121.4397161 1.25  0.0 0.0
2015-07-02-18 17 17.205	  31.02688713 121.4397161 1.25  0.0 0.0
2015-07-02-18 17 17.307	  31.02688713 121.4397161 1.25  0.0 0.0
2015-07-02-18 17 17.409	  31.02688713 121.4397161 1.25  0.0 0.0
2015-07-02-18 17 17.519	  31.02690929 121.43970799 1.25  0.0 0.0
2015-07-02-18 17 17.620	  31.02690929 121.43970799 1.25  0.0 0.0
2015-07-02-18 17 17.722	  31.02690929 121.43970799 1.25  0.0 0.0
2015-07-02-18 17 17.827	  31.02690929 121.43970799 1.25  0.0 0.0
2015-07-02-18 17 17.929	  31.02690929 121.43970799 1.25  0.0 0.0
2015-07-02-18 17 18.035	  31.02690929 121.43970799 1.25  0.0 0.0
2015-07-02-18 17 18.145	  31.02690929 121.43970799 1.25  0.0 0.0
2015-07-02-18 17 18.248	  31.02690929 121.43970799 1.25  0.0 0.0
2015-07-02-18 17 18.349	  31.02690929 121.43970799 1.25  0.0 0.0
2015-07-02-18 17 18.472	  31.02690929 121.43970799 1.25  0.0 0.0
2015-07-02-18 17 18.574	  31.02690929 121.43970799 1.25  0.0 0.0
2015-07-02-18 17 18.676	  31.02690929 121.43970799 1.25  0.0 0.0
2015-07-02-18 17 18.787	  31.02690929 121.43970799 1.25  0.0 0.0
2015-07-02-18 17 18.889	  31.02690929 121.43970799 1.25  0.0 0.0
2015-07-02-18 17 18.992	  31.02690929 121.43970799 1.25  0.0 0.0
2015-07-02-18 17 19.102	  31.02690929 121.43970799 1.25  0.0 0.0
2015-07-02-18 17 19.204	  31.02690929 121.43970799 1.25  0.0 0.0
2015-07-02-18 17 19.307	  31.02690929 121.43970799 1.25  0.0 0.0
2015-07-02-18 17 19.417	  31.02690929 121.43970799 1.25  0.0 0.0
2015-07-02-18 17 19.519	  31.0269301 121.43969638 1.25  0.0 0.0
2015-07-02-18 17 19.621	  31.0269301 121.43969638 1.25  0.0 0.0
2015-07-02-18 17 19.726	  31.0269301 121.43969638 1.25  0.0 0.0
2015-07-02-18 17 19.829	  31.0269301 121.43969638 1.25  0.0 0.0
2015-07-02-18 17 19.935	  31.0269301 121.43969638 1.25  0.0 0.0
2015-07-02-18 17 20.046	  31.0269301 121.43969638 1.25  0.0 0.0
2015-07-02-18 17 20.147	  31.0269301 121.43969638 1.25  0.0 0.0
2015-07-02-18 17 20.249	  31.0269301 121.43969638 1.25  0.0 0.0
2015-07-02-18 17 20.362	  31.0269301 121.43969638 1.25  0.0 0.0
2015-07-02-18 17 20.464	  31.0269301 121.43969638 1.25  0.0 0.0
2015-07-02-18 17 20.567	  31.0269301 121.43969638 1.25  0.0 0.0
2015-07-02-18 17 20.676	  31.0269301 121.43969638 1.25  0.0 0.0
2015-07-02-18 17 20.778	  31.0269301 121.43969638 1.25  0.0 0.0
2015-07-02-18 17 20.880	  31.0269301 121.43969638 1.25  0.0 0.0
2015-07-02-18 17 20.989	  31.0269301 121.43969638 1.25  0.0 0.0
2015-07-02-18 17 21.091	  31.0269301 121.43969638 1.25  0.0 0.0
2015-07-02-18 17 21.193	  31.0269301 121.43969638 1.25  0.0 0.0
2015-07-02-18 17 21.306	  31.0269301 121.43969638 1.25  0.0 0.0
2015-07-02-18 17 21.408	  31.0269301 121.43969638 1.25  0.0 0.0
2015-07-02-18 17 21.511	  31.02695063 121.43968683 1.25  0.0 0.0
2015-07-02-18 17 21.618	  31.02695063 121.43968683 1.25  0.0 0.0
2015-07-02-18 17 21.725	  31.02695063 121.43968683 1.25  0.0 0.0
2015-07-02-18 17 21.846	  31.02695063 121.43968683 1.25  0.0 0.0
2015-07-02-18 17 21.948	  31.02695063 121.43968683 1.25  0.0 0.0
2015-07-02-18 17 22.053	  31.02695063 121.43968683 1.25  0.0 0.0
2015-07-02-18 17 22.158	  31.02695063 121.43968683 1.25  0.0 0.0
2015-07-02-18 17 22.260	  31.02695063 121.43968683 1.25  0.0 0.0
2015-07-02-18 17 22.365	  31.02695063 121.43968683 1.25  0.0 0.0
2015-07-02-18 17 22.467	  31.02695063 121.43968683 1.25  0.0 0.0
2015-07-02-18 17 22.571	  31.02695063 121.43968683 1.25  0.0 0.0
2015-07-02-18 17 22.683	  31.02695063 121.43968683 1.25  0.0 0.0
2015-07-02-18 17 22.787	  31.02695063 121.43968683 1.25  0.0 0.0
2015-07-02-18 17 22.890	  31.02695063 121.43968683 1.25  0.0 0.0
2015-07-02-18 17 22.999	  31.02695063 121.43968683 1.25  0.0 0.0
2015-07-02-18 17 23.101	  31.02695063 121.43968683 1.25  0.0 0.0
2015-07-02-18 17 23.204	  31.02695063 121.43968683 1.25  0.0 0.0
2015-07-02-18 17 23.317	  31.02695063 121.43968683 1.25  0.0 0.0
2015-07-02-18 17 23.419	  31.02695063 121.43968683 1.25  0.0 0.0
2015-07-02-18 17 23.521	  31.02697247 121.43968037 1.25  0.0 0.0
2015-07-02-18 17 23.638	  31.02697247 121.43968037 1.25  0.0 0.0
2015-07-02-18 17 23.739	  31.02697247 121.43968037 1.25  0.0 0.0
2015-07-02-18 17 23.852	  31.02697247 121.43968037 1.25  0.0 0.0
2015-07-02-18 17 23.957	  31.02697247 121.43968037 1.25  0.0 0.0
2015-07-02-18 17 24.062	  31.02697247 121.43968037 1.25  0.0 0.0
2015-07-02-18 17 24.230	  31.02697247 121.43968037 1.25  0.0 0.0
2015-07-02-18 17 24.341	  31.02697247 121.43968037 1.25  0.0 0.0
2015-07-02-18 17 24.450	  31.02697247 121.43968037 1.25  0.0 0.0
2015-07-02-18 17 24.556	  31.02697247 121.43968037 1.25  0.0 0.0
2015-07-02-18 17 24.658	  31.02697247 121.43968037 1.25  0.0 0.0
2015-07-02-18 17 24.817	  31.02697247 121.43968037 1.25  0.0 0.0
2015-07-02-18 17 24.919	  31.02697247 121.43968037 1.25  0.0 0.0
2015-07-02-18 17 25.025	  31.02697247 121.43968037 1.25  0.0 0.0
2015-07-02-18 17 25.128	  31.02697247 121.43968037 1.25  0.0 0.0
2015-07-02-18 17 25.230	  31.02697247 121.43968037 1.25  0.0 0.0
2015-07-02-18 17 25.360	  31.02697247 121.43968037 1.25  0.0 0.0
2015-07-02-18 17 25.461	  31.02699137 121.43966382 1.25  0.0 0.0
2015-07-02-18 17 25.577	  31.02699137 121.43966382 1.25  0.0 0.0
2015-07-02-18 17 25.679	  31.02699137 121.43966382 1.25  0.0 0.0
2015-07-02-18 17 25.783	  31.02699137 121.43966382 1.25  0.0 0.0
2015-07-02-18 17 25.920	  31.02699137 121.43966382 1.25  0.0 0.0
2015-07-02-18 17 26.022	  31.02699137 121.43966382 1.25  0.0 0.0
2015-07-02-18 17 26.135	  31.02699137 121.43966382 1.25  0.0 0.0
2015-07-02-18 17 26.237	  31.02699137 121.43966382 1.25  0.0 0.0
2015-07-02-18 17 26.340	  31.02699137 121.43966382 1.25  0.0 0.0
2015-07-02-18 17 26.457	  31.02699137 121.43966382 1.25  0.0 0.0
2015-07-02-18 17 26.561	  31.02699137 121.43966382 1.25  0.0 0.0
2015-07-02-18 17 26.668	  31.02699137 121.43966382 1.25  0.0 0.0
2015-07-02-18 17 26.770	  31.02699137 121.43966382 1.25  0.0 0.0
2015-07-02-18 17 26.890	  31.02699137 121.43966382 1.25  0.0 0.0
2015-07-02-18 17 26.992	  31.02699137 121.43966382 1.25  0.0 0.0
2015-07-02-18 17 27.099	  31.02699137 121.43966382 1.25  0.0 0.0
2015-07-02-18 17 27.201	  31.02699137 121.43966382 1.25  0.0 0.0
2015-07-02-18 17 27.303	  31.02699137 121.43966382 1.25  0.0 0.0
2015-07-02-18 17 27.405	  31.02699137 121.43966382 1.25  0.0 0.0
2015-07-02-18 17 27.506	  31.02701377 121.43964533 1.25  0.0 0.0
2015-07-02-18 17 27.608	  31.02701377 121.43964533 1.25  0.0 0.0
2015-07-02-18 17 27.710	  31.02701377 121.43964533 1.25  0.0 0.0
2015-07-02-18 17 27.834	  31.02701377 121.43964533 1.25  0.0 0.0
2015-07-02-18 17 27.936	  31.02701377 121.43964533 1.25  0.0 0.0
2015-07-02-18 17 28.041	  31.02701377 121.43964533 1.25  0.0 0.0
2015-07-02-18 17 28.143	  31.02701377 121.43964533 1.25  0.0 0.0
2015-07-02-18 17 28.245	  31.02701377 121.43964533 1.25  0.0 0.0
2015-07-02-18 17 28.347	  31.02701377 121.43964533 1.25  0.0 0.0
2015-07-02-18 17 28.449	  31.02701377 121.43964533 1.25  0.0 0.0
2015-07-02-18 17 28.560	  31.02701377 121.43964533 1.25  0.0 0.0
2015-07-02-18 17 28.663	  31.02701377 121.43964533 1.25  0.0 0.0
2015-07-02-18 17 28.764	  31.02701377 121.43964533 1.25  0.0 0.0
2015-07-02-18 17 28.866	  31.02701377 121.43964533 1.25  0.0 0.0
2015-07-02-18 17 28.968	  31.02701377 121.43964533 1.25  0.0 0.0
2015-07-02-18 17 29.070	  31.02701377 121.43964533 1.25  0.0 0.0
2015-07-02-18 17 29.172	  31.02701377 121.43964533 1.25  0.0 0.0
2015-07-02-18 17 29.278	  31.02701377 121.43964533 1.25  0.0 0.0
2015-07-02-18 17 29.380	  31.02701377 121.43964533 1.25  0.0 0.0
2015-07-02-18 17 29.492	  31.02703687 121.43962619 1.25  0.0 0.0
2015-07-02-18 17 29.595	  31.02703687 121.43962619 1.25  0.0 0.0
2015-07-02-18 17 29.700	  31.02703687 121.43962619 1.25  0.0 0.0
2015-07-02-18 17 29.804	  31.02703687 121.43962619 1.25  0.0 0.0
2015-07-02-18 17 29.907	  31.02703687 121.43962619 1.25  0.0 0.0
2015-07-02-18 17 30.011	  31.02703687 121.43962619 1.25  0.0 0.0
2015-07-02-18 17 30.125	  31.02703687 121.43962619 1.25  0.0 0.0
2015-07-02-18 17 30.229	  31.02703687 121.43962619 1.25  0.0 0.0
2015-07-02-18 17 30.340	  31.02703687 121.43962619 1.25  0.0 0.0
2015-07-02-18 17 30.445	  31.02703687 121.43962619 1.25  0.0 0.0
2015-07-02-18 17 30.563	  31.02703687 121.43962619 1.25  0.0 0.0
2015-07-02-18 17 30.665	  31.02703687 121.43962619 1.25  0.0 0.0
2015-07-02-18 17 30.771	  31.02703687 121.43962619 1.25  0.0 0.0
2015-07-02-18 17 30.873	  31.02703687 121.43962619 1.25  0.0 0.0
2015-07-02-18 17 30.982	  31.02703687 121.43962619 1.25  0.0 0.0
2015-07-02-18 17 31.089	  31.02703687 121.43962619 1.25  0.0 0.0
2015-07-02-18 17 31.192	  31.02703687 121.43962619 1.25  0.0 0.0
2015-07-02-18 17 31.293	  31.02703687 121.43962619 1.25  0.0 0.0
2015-07-02-18 17 31.395	  31.02703687 121.43962619 1.25  0.0 0.0
2015-07-02-18 17 31.498	  31.02706174 121.43961101 1.25  0.0 0.0
2015-07-02-18 17 31.609	  31.02706174 121.43961101 1.25  0.0 0.0
2015-07-02-18 17 31.711	  31.02706174 121.43961101 1.25  0.0 0.0
2015-07-02-18 17 31.812	  31.02706174 121.43961101 1.25  0.0 0.0
2015-07-02-18 17 31.914	  31.02706174 121.43961101 1.25  0.0 0.0
2015-07-02-18 17 32.016	  31.02706174 121.43961101 1.25  0.0 0.0
2015-07-02-18 17 32.118	  31.02706174 121.43961101 1.25  0.0 0.0
2015-07-02-18 17 32.220	  31.02706174 121.43961101 1.25  0.0 0.0
2015-07-02-18 17 32.324	  31.02706174 121.43961101 1.25  0.0 0.0
2015-07-02-18 17 32.429	  31.02706174 121.43961101 1.25  0.0 0.0
2015-07-02-18 17 32.553	  31.02706174 121.43961101 1.25  0.0 0.0
2015-07-02-18 17 32.656	  31.02706174 121.43961101 1.25  0.0 0.0
2015-07-02-18 17 32.760	  31.02706174 121.43961101 1.25  0.0 0.0
2015-07-02-18 17 32.865	  31.02706174 121.43961101 1.25  0.0 0.0
2015-07-02-18 17 32.977	  31.02706174 121.43961101 1.25  0.0 0.0
2015-07-02-18 17 33.078	  31.02706174 121.43961101 1.25  0.0 0.0
2015-07-02-18 17 33.182	  31.02706174 121.43961101 1.25  0.0 0.0
2015-07-02-18 17 33.286	  31.02706174 121.43961101 1.25  0.0 0.0
2015-07-02-18 17 33.390	  31.02706174 121.43961101 1.25  0.0 0.0
2015-07-02-18 17 33.495	  31.02708862 121.43959515 1.25  0.0 0.0
2015-07-02-18 17 33.605	  31.02708862 121.43959515 1.25  0.0 0.0
2015-07-02-18 17 33.708	  31.02708862 121.43959515 1.25  0.0 0.0
2015-07-02-18 17 33.819	  31.02708862 121.43959515 1.25  0.0 0.0
2015-07-02-18 17 33.924	  31.02708862 121.43959515 1.25  0.0 0.0
2015-07-02-18 17 34.028	  31.02708862 121.43959515 1.25  0.0 0.0
2015-07-02-18 17 34.133	  31.02708862 121.43959515 1.25  0.0 0.0
2015-07-02-18 17 34.249	  31.02708862 121.43959515 1.25  0.0 0.0
2015-07-02-18 17 34.352	  31.02708862 121.43959515 1.25  0.0 0.0
2015-07-02-18 17 34.457	  31.02708862 121.43959515 1.25  0.0 0.0
2015-07-02-18 17 34.577	  31.02708862 121.43959515 1.25  0.0 0.0
2015-07-02-18 17 34.682	  31.02708862 121.43959515 1.25  0.0 0.0
2015-07-02-18 17 34.784	  31.02708862 121.43959515 1.25  0.0 0.0
2015-07-02-18 17 34.895	  31.02708862 121.43959515 1.25  0.0 0.0
2015-07-02-18 17 34.996	  31.02708862 121.43959515 1.25  0.0 0.0
2015-07-02-18 17 35.097	  31.02708862 121.43959515 1.25  0.0 0.0
2015-07-02-18 17 35.200	  31.02708862 121.43959515 1.25  0.0 0.0
2015-07-02-18 17 35.306	  31.02708862 121.43959515 1.25  0.0 0.0
2015-07-02-18 17 35.413	  31.02708862 121.43959515 1.25  0.0 0.0
2015-07-02-18 17 35.541	  31.02711848 121.43958746 1.25  0.0 0.0
2015-07-02-18 17 35.642	  31.02711848 121.43958746 1.25  0.0 0.0
2015-07-02-18 17 35.746	  31.02711848 121.43958746 1.25  0.0 0.0
2015-07-02-18 17 35.847	  31.02711848 121.43958746 1.25  0.0 0.0
2015-07-02-18 17 35.954	  31.02711848 121.43958746 1.25  0.0 0.0
2015-07-02-18 17 36.056	  31.02711848 121.43958746 1.25  0.0 0.0
2015-07-02-18 17 36.161	  31.02711848 121.43958746 1.25  0.0 0.0
2015-07-02-18 17 36.266	  31.02711848 121.43958746 1.25  0.0 0.0
2015-07-02-18 17 36.381	  31.02711848 121.43958746 1.25  0.0 0.0
2015-07-02-18 17 36.483	  31.02711848 121.43958746 1.25  0.0 0.0
2015-07-02-18 17 36.592	  31.02711848 121.43958746 1.25  0.0 0.0
2015-07-02-18 17 36.693	  31.02711848 121.43958746 1.25  0.0 0.0
2015-07-02-18 17 36.799	  31.02711848 121.43958746 1.25  0.0 0.0
2015-07-02-18 17 36.903	  31.02711848 121.43958746 1.25  0.0 0.0
2015-07-02-18 17 37.004	  31.02711848 121.43958746 1.25  0.0 0.0
2015-07-02-18 17 37.109	  31.02711848 121.43958746 1.25  0.0 0.0
2015-07-02-18 17 37.212	  31.02711848 121.43958746 1.25  0.0 0.0
2015-07-02-18 17 37.327	  31.02711848 121.43958746 1.25  0.0 0.0
2015-07-02-18 17 37.430	  31.02711848 121.43958746 1.25  0.0 0.0
2015-07-02-18 17 37.541	  31.027149819999998 121.43957925 1.25  0.0 0.0
2015-07-02-18 17 37.648	  31.027149819999998 121.43957925 1.25  0.0 0.0
2015-07-02-18 17 37.766	  31.027149819999998 121.43957925 1.25  0.0 0.0
2015-07-02-18 17 37.868	  31.027149819999998 121.43957925 1.25  0.0 0.0
2015-07-02-18 17 37.974	  31.027149819999998 121.43957925 1.25  0.0 0.0
2015-07-02-18 17 38.076	  31.027149819999998 121.43957925 1.25  0.0 0.0
2015-07-02-18 17 38.186	  31.027149819999998 121.43957925 1.25  0.0 0.0
2015-07-02-18 17 38.293	  31.027149819999998 121.43957925 1.25  0.0 0.0
2015-07-02-18 17 38.406	  31.027149819999998 121.43957925 1.25  0.0 0.0
2015-07-02-18 17 38.508	  31.027149819999998 121.43957925 1.25  0.0 0.0
2015-07-02-18 17 38.616	  31.027149819999998 121.43957925 1.25  0.0 0.0
2015-07-02-18 17 38.723	  31.027149819999998 121.43957925 1.25  0.0 0.0
2015-07-02-18 17 38.837	  31.027149819999998 121.43957925 1.25  0.0 0.0
2015-07-02-18 17 38.939	  31.027149819999998 121.43957925 1.25  0.0 0.0
2015-07-02-18 17 39.050	  31.027149819999998 121.43957925 1.25  0.0 0.0
2015-07-02-18 17 39.153	  31.027149819999998 121.43957925 1.25  0.0 0.0
2015-07-02-18 17 39.264	  31.027149819999998 121.43957925 1.25  0.0 0.0
2015-07-02-18 17 39.366	  31.027149819999998 121.43957925 1.25  0.0 0.0
2015-07-02-18 17 39.477	  31.02717955 121.43956831 1.25  0.0 0.0
2015-07-02-18 17 39.579	  31.02717955 121.43956831 1.25  0.0 0.0
2015-07-02-18 17 39.684	  31.02717955 121.43956831 1.25  0.0 0.0
2015-07-02-18 17 39.789	  31.02717955 121.43956831 1.25  0.0 0.0
2015-07-02-18 17 39.906	  31.02717955 121.43956831 1.25  0.0 0.0
2015-07-02-18 17 40.009	  31.02717955 121.43956831 1.25  0.0 0.0
2015-07-02-18 17 40.113	  31.02717955 121.43956831 1.25  0.0 0.0
2015-07-02-18 17 40.219	  31.02717955 121.43956831 1.25  0.0 0.0
2015-07-02-18 17 40.338	  31.02717955 121.43956831 1.25  0.0 0.0
2015-07-02-18 17 40.439	  31.02717955 121.43956831 1.25  0.0 0.0
2015-07-02-18 17 40.543	  31.02717955 121.43956831 1.25  0.0 0.0
2015-07-02-18 17 40.644	  31.02717955 121.43956831 1.25  0.0 0.0
2015-07-02-18 17 40.748	  31.02717955 121.43956831 1.25  0.0 0.0
2015-07-02-18 17 40.853	  31.02717955 121.43956831 1.25  0.0 0.0
2015-07-02-18 17 40.963	  31.02717955 121.43956831 1.25  0.0 0.0
2015-07-02-18 17 41.065	  31.02717955 121.43956831 1.25  0.0 0.0
2015-07-02-18 17 41.170	  31.02717955 121.43956831 1.25  0.0 0.0
2015-07-02-18 17 41.273	  31.02717955 121.43956831 1.25  0.0 0.0
2015-07-02-18 17 41.380	  31.02717955 121.43956831 1.25  0.0 0.0
2015-07-02-18 17 41.483	  31.02719831 121.43956 0.75  0.0 0.0
2015-07-02-18 17 41.593	  31.02719831 121.43956 0.75  0.0 0.0
2015-07-02-18 17 41.695	  31.02719831 121.43956 0.75  0.0 0.0
2015-07-02-18 17 41.799	  31.02719831 121.43956 0.75  0.0 0.0
2015-07-02-18 17 41.902	  31.02719831 121.43956 0.75  0.0 0.0
2015-07-02-18 17 42.011	  31.02719831 121.43956 0.75  0.0 0.0
2015-07-02-18 17 42.119	  31.02719831 121.43956 0.75  0.0 0.0
2015-07-02-18 17 42.227	  31.02719831 121.43956 0.75  0.0 0.0
2015-07-02-18 17 42.338	  31.02719831 121.43956 0.75  0.0 0.0
2015-07-02-18 17 42.441	  31.02719831 121.43956 0.75  0.0 0.0
2015-07-02-18 17 42.548	  31.02719831 121.43956 0.75  0.0 0.0
2015-07-02-18 17 42.650	  31.02719831 121.43956 0.75  0.0 0.0
2015-07-02-18 17 42.755	  31.02719831 121.43956 0.75  0.0 0.0
2015-07-02-18 17 42.859	  31.02719831 121.43956 0.75  0.0 0.0
2015-07-02-18 17 42.966	  31.02719831 121.43956 0.75  0.0 0.0
2015-07-02-18 17 43.069	  31.02719831 121.43956 0.75  0.0 0.0
2015-07-02-18 17 43.179	  31.02719831 121.43956 0.75  0.0 0.0
2015-07-02-18 17 43.282	  31.02719831 121.43956 0.75  0.0 0.0
2015-07-02-18 17 43.389	  31.02719831 121.43956 0.75  0.0 0.0
2015-07-02-18 17 43.491	  31.02721591 121.43955519 0.75  0.0 0.0
2015-07-02-18 17 43.651	  31.02721591 121.43955519 0.75  0.0 0.0
2015-07-02-18 17 43.756	  31.02721591 121.43955519 0.75  0.0 0.0
2015-07-02-18 17 43.909	  31.02721591 121.43955519 0.75  0.0 0.0
2015-07-02-18 17 44.011	  31.02721591 121.43955519 0.75  0.0 0.0
2015-07-02-18 17 44.114	  31.02721591 121.43955519 0.75  0.0 0.0
2015-07-02-18 17 44.222	  31.02721591 121.43955519 0.75  0.0 0.0
2015-07-02-18 17 44.326	  31.02721591 121.43955519 0.75  0.0 0.0
2015-07-02-18 17 44.470	  31.02721591 121.43955519 0.75  0.0 0.0
2015-07-02-18 17 44.575	  31.02721591 121.43955519 0.75  0.0 0.0
2015-07-02-18 17 44.706	  31.02721591 121.43955519 0.75  0.0 0.0
2015-07-02-18 17 44.811	  31.02721591 121.43955519 0.75  0.0 0.0
2015-07-02-18 17 44.913	  31.02721591 121.43955519 0.75  0.0 0.0
2015-07-02-18 17 45.037	  31.02721591 121.43955519 0.75  0.0 0.0
2015-07-02-18 17 45.139	  31.02721591 121.43955519 0.75  0.0 0.0
2015-07-02-18 17 45.263	  31.02721591 121.43955519 0.75  0.0 0.0
2015-07-02-18 17 45.365	  31.02721591 121.43955519 0.75  0.0 0.0
2015-07-02-18 17 45.468	  31.02723715 121.43954723 1.0  0.0 0.0
2015-07-02-18 17 45.590	  31.02723715 121.43954723 1.0  0.0 0.0
2015-07-02-18 17 45.692	  31.02723715 121.43954723 1.0  0.0 0.0
2015-07-02-18 17 45.817	  31.02723715 121.43954723 1.0  0.0 0.0
2015-07-02-18 17 45.922	  31.02723715 121.43954723 1.0  0.0 0.0
2015-07-02-18 17 46.024	  31.02723715 121.43954723 1.0  0.0 0.0
2015-07-02-18 17 46.151	  31.02723715 121.43954723 1.0  0.0 0.0
2015-07-02-18 17 46.253	  31.02723715 121.43954723 1.0  0.0 0.0
2015-07-02-18 17 46.380	  31.02723715 121.43954723 1.0  0.0 0.0
2015-07-02-18 17 46.485	  31.02723715 121.43954723 1.0  0.0 0.0
2015-07-02-18 17 46.587	  31.02723715 121.43954723 1.0  0.0 0.0
2015-07-02-18 17 46.712	  31.02723715 121.43954723 1.0  0.0 0.0
2015-07-02-18 17 46.814	  31.02723715 121.43954723 1.0  0.0 0.0
2015-07-02-18 17 46.941	  31.02723715 121.43954723 1.0  0.0 0.0
2015-07-02-18 17 47.043	  31.02723715 121.43954723 1.0  0.0 0.0
2015-07-02-18 17 47.147	  31.02723715 121.43954723 1.0  0.0 0.0
2015-07-02-18 17 47.249	  31.02723715 121.43954723 1.0  0.0 0.0
2015-07-02-18 17 47.375	  31.02723715 121.43954723 1.0  0.0 0.0
2015-07-02-18 17 47.478	  31.02726233 121.43953621 1.0  0.0 0.0
2015-07-02-18 17 47.608	  31.02726233 121.43953621 1.0  0.0 0.0
2015-07-02-18 17 47.711	  31.02726233 121.43953621 1.0  0.0 0.0
2015-07-02-18 17 47.816	  31.02726233 121.43953621 1.0  0.0 0.0
2015-07-02-18 17 47.935	  31.02726233 121.43953621 1.0  0.0 0.0
2015-07-02-18 17 48.044	  31.02726233 121.43953621 1.0  0.0 0.0
2015-07-02-18 17 48.210	  31.02726233 121.43953621 1.0  0.0 0.0
2015-07-02-18 17 48.315	  31.02726233 121.43953621 1.0  0.0 0.0
2015-07-02-18 17 48.418	  31.02726233 121.43953621 1.0  0.0 0.0
2015-07-02-18 17 48.563	  31.02726233 121.43953621 1.0  0.0 0.0
2015-07-02-18 17 48.667	  31.02726233 121.43953621 1.0  0.0 0.0
2015-07-02-18 17 48.804	  31.02726233 121.43953621 1.0  0.0 0.0
2015-07-02-18 17 48.917	  31.02726233 121.43953621 1.0  0.0 0.0
2015-07-02-18 17 49.020	  31.02726233 121.43953621 1.0  0.0 0.0
2015-07-02-18 17 49.139	  31.02726233 121.43953621 1.0  0.0 0.0
2015-07-02-18 17 49.248	  31.02726233 121.43953621 1.0  0.0 0.0
2015-07-02-18 17 49.411	  31.02726233 121.43953621 1.0  0.0 0.0
2015-07-02-18 17 49.516	  31.02728902 121.43952326 1.0  0.0 0.0
2015-07-02-18 17 49.619	  31.02728902 121.43952326 1.0  0.0 0.0
2015-07-02-18 17 49.767	  31.02728902 121.43952326 1.0  0.0 0.0
2015-07-02-18 17 49.871	  31.02728902 121.43952326 1.0  0.0 0.0
2015-07-02-18 17 50.033	  31.02728902 121.43952326 1.0  0.0 0.0
2015-07-02-18 17 50.139	  31.02728902 121.43952326 1.0  0.0 0.0
2015-07-02-18 17 50.241	  31.02728902 121.43952326 1.0  0.0 0.0
2015-07-02-18 17 50.373	  31.02728902 121.43952326 1.0  0.0 0.0
2015-07-02-18 17 50.477	  31.02728902 121.43952326 1.0  0.0 0.0
2015-07-02-18 17 50.642	  31.02728902 121.43952326 1.0  0.0 0.0
2015-07-02-18 17 50.748	  31.02728902 121.43952326 1.0  0.0 0.0
2015-07-02-18 17 50.853	  31.02728902 121.43952326 1.0  0.0 0.0
2015-07-02-18 17 51.010	  31.02728902 121.43952326 1.0  0.0 0.0
2015-07-02-18 17 51.116	  31.02728902 121.43952326 1.0  0.0 0.0
2015-07-02-18 17 51.243	  31.02728902 121.43952326 1.0  0.0 0.0
2015-07-02-18 17 51.347	  31.02728902 121.43952326 1.0  0.0 0.0
2015-07-02-18 17 51.454	  31.02731556 121.43951231 1.0  0.0 0.0
2015-07-02-18 17 51.610	  31.02731556 121.43951231 1.0  0.0 0.0
2015-07-02-18 17 51.712	  31.02731556 121.43951231 1.0  0.0 0.0
2015-07-02-18 17 51.815	  31.02731556 121.43951231 1.0  0.0 0.0
2015-07-02-18 17 51.962	  31.02731556 121.43951231 1.0  0.0 0.0
2015-07-02-18 17 52.064	  31.02731556 121.43951231 1.0  0.0 0.0
2015-07-02-18 17 52.168	  31.02731556 121.43951231 1.0  0.0 0.0
2015-07-02-18 17 52.270	  31.02731556 121.43951231 1.0  0.0 0.0
2015-07-02-18 17 52.408	  31.02731556 121.43951231 1.0  0.0 0.0
2015-07-02-18 17 52.510	  31.02731556 121.43951231 1.0  0.0 0.0
2015-07-02-18 17 52.616	  31.02731556 121.43951231 1.0  0.0 0.0
2015-07-02-18 17 52.720	  31.02731556 121.43951231 1.0  0.0 0.0
2015-07-02-18 17 52.822	  31.02731556 121.43951231 1.0  0.0 0.0
2015-07-02-18 17 52.969	  31.02731556 121.43951231 1.0  0.0 0.0
2015-07-02-18 17 53.072	  31.02731556 121.43951231 1.0  0.0 0.0
2015-07-02-18 17 53.176	  31.02731556 121.43951231 1.0  0.0 0.0
2015-07-02-18 17 53.351	  31.02731556 121.43951231 1.0  0.0 0.0
2015-07-02-18 17 53.453	  31.02734141 121.43950391 1.0  0.0 0.0
2015-07-02-18 17 53.562	  31.02734141 121.43950391 1.0  0.0 0.0
2015-07-02-18 17 53.696	  31.02734141 121.43950391 1.0  0.0 0.0
2015-07-02-18 17 53.804	  31.02734141 121.43950391 1.0  0.0 0.0
2015-07-02-18 17 53.908	  31.02734141 121.43950391 1.0  0.0 0.0
2015-07-02-18 17 54.035	  31.02734141 121.43950391 1.0  0.0 0.0
2015-07-02-18 17 54.141	  31.02734141 121.43950391 1.0  0.0 0.0
2015-07-02-18 17 54.243	  31.02734141 121.43950391 1.0  0.0 0.0
2015-07-02-18 17 54.371	  31.02734141 121.43950391 1.0  0.0 0.0
2015-07-02-18 17 54.477	  31.02734141 121.43950391 1.0  0.0 0.0
2015-07-02-18 17 54.580	  31.02734141 121.43950391 1.0  0.0 0.0
2015-07-02-18 17 54.707	  31.02734141 121.43950391 1.0  0.0 0.0
2015-07-02-18 17 54.812	  31.02734141 121.43950391 1.0  0.0 0.0
2015-07-02-18 17 54.915	  31.02734141 121.43950391 1.0  0.0 0.0
2015-07-02-18 17 55.038	  31.02734141 121.43950391 1.0  0.0 0.0
2015-07-02-18 17 55.143	  31.02734141 121.43950391 1.0  0.0 0.0
2015-07-02-18 17 55.245	  31.02734141 121.43950391 1.0  0.0 0.0
2015-07-02-18 17 55.373	  31.02734141 121.43950391 1.0  0.0 0.0
2015-07-02-18 17 55.479	  31.02736 121.43949493 1.0  0.0 0.0
2015-07-02-18 17 55.582	  31.02736 121.43949493 1.0  0.0 0.0
2015-07-02-18 17 55.709	  31.02736 121.43949493 1.0  0.0 0.0
2015-07-02-18 17 55.814	  31.02736 121.43949493 1.0  0.0 0.0
2015-07-02-18 17 55.917	  31.02736 121.43949493 1.0  0.0 0.0
2015-07-02-18 17 56.044	  31.02736 121.43949493 1.0  0.0 0.0
2015-07-02-18 17 56.150	  31.02736 121.43949493 1.0  0.0 0.0
2015-07-02-18 17 56.252	  31.02736 121.43949493 1.0  0.0 0.0
2015-07-02-18 17 56.380	  31.02736 121.43949493 1.0  0.0 0.0
2015-07-02-18 17 56.487	  31.02736 121.43949493 1.0  0.0 0.0
2015-07-02-18 17 56.589	  31.02736 121.43949493 1.0  0.0 0.0
2015-07-02-18 17 56.726	  31.02736 121.43949493 1.0  0.0 0.0
2015-07-02-18 17 56.838	  31.02736 121.43949493 1.0  0.0 0.0
2015-07-02-18 17 56.940	  31.02736 121.43949493 1.0  0.0 0.0
2015-07-02-18 17 57.058	  31.02736 121.43949493 1.0  0.0 0.0
2015-07-02-18 17 57.161	  31.02736 121.43949493 1.0  0.0 0.0
2015-07-02-18 17 57.278	  31.02736 121.43949493 1.0  0.0 0.0
2015-07-02-18 17 57.380	  31.02738225 121.43948592 1.0  0.0 0.0
2015-07-02-18 17 57.597	  31.02738225 121.43948592 1.0  0.0 0.0
2015-07-02-18 17 57.712	  31.02738225 121.43948592 1.0  0.0 0.0
2015-07-02-18 17 57.817	  31.02738225 121.43948592 1.0  0.0 0.0
2015-07-02-18 17 57.920	  31.02738225 121.43948592 1.0  0.0 0.0
2015-07-02-18 17 58.076	  31.02738225 121.43948592 1.0  0.0 0.0
2015-07-02-18 17 58.230	  31.02738225 121.43948592 1.0  0.0 0.0
2015-07-02-18 17 58.342	  31.02738225 121.43948592 1.0  0.0 0.0
2015-07-02-18 17 58.448	  31.02738225 121.43948592 1.0  0.0 0.0
2015-07-02-18 17 58.608	  31.02738225 121.43948592 1.0  0.0 0.0
2015-07-02-18 17 58.725	  31.02738225 121.43948592 1.0  0.0 0.0
2015-07-02-18 17 58.832	  31.02738225 121.43948592 1.0  0.0 0.0
2015-07-02-18 17 58.935	  31.02738225 121.43948592 1.0  0.0 0.0
2015-07-02-18 17 59.107	  31.02738225 121.43948592 1.0  0.0 0.0
2015-07-02-18 17 59.210	  31.02738225 121.43948592 1.0  0.0 0.0
2015-07-02-18 17 59.328	  31.02738225 121.43948592 1.0  0.0 0.0
2015-07-02-18 17 59.468	  31.02740886 121.43947697 1.0  0.0 0.0
2015-07-02-18 17 59.593	  31.02740886 121.43947697 1.0  0.0 0.0
2015-07-02-18 17 59.694	  31.02740886 121.43947697 1.0  0.0 0.0
2015-07-02-18 17 59.844	  31.02740886 121.43947697 1.0  0.0 0.0
2015-07-02-18 17 59.972	  31.02740886 121.43947697 1.0  0.0 0.0
2015-07-02-18 18 00.073	  31.02740886 121.43947697 1.0  0.0 0.0
2015-07-02-18 18 00.203	  31.02740886 121.43947697 1.0  0.0 0.0
2015-07-02-18 18 00.336	  31.02740886 121.43947697 1.0  0.0 0.0
2015-07-02-18 18 00.448	  31.02740886 121.43947697 1.0  0.0 0.0
2015-07-02-18 18 00.552	  31.02740886 121.43947697 1.0  0.0 0.0
2015-07-02-18 18 00.668	  31.02740886 121.43947697 1.0  0.0 0.0
2015-07-02-18 18 00.797	  31.02740886 121.43947697 1.0  0.0 0.0
2015-07-02-18 18 00.913	  31.02740886 121.43947697 1.0  0.0 0.0
2015-07-02-18 18 01.014	  31.02740886 121.43947697 1.0  0.0 0.0
2015-07-02-18 18 01.131	  31.02740886 121.43947697 1.0  0.0 0.0
2015-07-02-18 18 01.280	  31.02740886 121.43947697 1.0  0.0 0.0
2015-07-02-18 18 01.388	  31.02740886 121.43947697 1.0  0.0 0.0
2015-07-02-18 18 01.495	  31.0274338 121.43946716 1.0  0.0 0.0
2015-07-02-18 18 01.661	  31.0274338 121.43946716 1.0  0.0 0.0
2015-07-02-18 18 01.778	  31.0274338 121.43946716 1.0  0.0 0.0
2015-07-02-18 18 01.883	  31.0274338 121.43946716 1.0  0.0 0.0
2015-07-02-18 18 01.989	  31.0274338 121.43946716 1.0  0.0 0.0
2015-07-02-18 18 02.159	  31.0274338 121.43946716 1.0  0.0 0.0
2015-07-02-18 18 02.277	  31.0274338 121.43946716 1.0  0.0 0.0
2015-07-02-18 18 02.398	  31.0274338 121.43946716 1.0  0.0 0.0
2015-07-02-18 18 02.532	  31.0274338 121.43946716 1.0  0.0 0.0
2015-07-02-18 18 02.634	  31.0274338 121.43946716 1.0  0.0 0.0
2015-07-02-18 18 02.736	  31.0274338 121.43946716 1.0  0.0 0.0
2015-07-02-18 18 02.879	  31.0274338 121.43946716 1.0  0.0 0.0
2015-07-02-18 18 03.026	  31.0274338 121.43946716 1.0  0.0 0.0
2015-07-02-18 18 03.142	  31.0274338 121.43946716 1.0  0.0 0.0
2015-07-02-18 18 03.245	  31.0274338 121.43946716 1.0  0.0 0.0
2015-07-02-18 18 03.397	  31.0274338 121.43946716 1.0  0.0 0.0
2015-07-02-18 18 03.537	  31.02745846 121.43946209 1.0  0.0 0.0
2015-07-02-18 18 03.648	  31.02745846 121.43946209 1.0  0.0 0.0
2015-07-02-18 18 03.749	  31.02745846 121.43946209 1.0  0.0 0.0
2015-07-02-18 18 03.907	  31.02745846 121.43946209 1.0  0.0 0.0
2015-07-02-18 18 04.060	  31.02745846 121.43946209 1.0  0.0 0.0
2015-07-02-18 18 04.172	  31.02745846 121.43946209 1.0  0.0 0.0
2015-07-02-18 18 04.277	  31.02745846 121.43946209 1.0  0.0 0.0
2015-07-02-18 18 04.414	  31.02745846 121.43946209 1.0  0.0 0.0
2015-07-02-18 18 04.552	  31.02745846 121.43946209 1.0  0.0 0.0
2015-07-02-18 18 04.657	  31.02745846 121.43946209 1.0  0.0 0.0
2015-07-02-18 18 04.761	  31.02745846 121.43946209 1.0  0.0 0.0
2015-07-02-18 18 04.882	  31.02745846 121.43946209 1.0  0.0 0.0
2015-07-02-18 18 04.986	  31.02745846 121.43946209 1.0  0.0 0.0
2015-07-02-18 18 05.157	  31.02745846 121.43946209 1.0  0.0 0.0
2015-07-02-18 18 05.273	  31.02745846 121.43946209 1.0  0.0 0.0
2015-07-02-18 18 05.378	  31.02745846 121.43946209 1.0  0.0 0.0
2015-07-02-18 18 05.484	  31.02748281 121.43944901 1.0  0.0 0.0
2015-07-02-18 18 05.630	  31.02748281 121.43944901 1.0  0.0 0.0
2015-07-02-18 18 05.747	  31.02748281 121.43944901 1.0  0.0 0.0
2015-07-02-18 18 05.854	  31.02748281 121.43944901 1.0  0.0 0.0
2015-07-02-18 18 05.962	  31.02748281 121.43944901 1.0  0.0 0.0
2015-07-02-18 18 06.142	  31.02748281 121.43944901 1.0  0.0 0.0
2015-07-02-18 18 06.258	  31.02748281 121.43944901 1.0  0.0 0.0
2015-07-02-18 18 06.364	  31.02748281 121.43944901 1.0  0.0 0.0
2015-07-02-18 18 06.469	  31.02748281 121.43944901 1.0  0.0 0.0
2015-07-02-18 18 06.616	  31.02748281 121.43944901 1.0  0.0 0.0
2015-07-02-18 18 06.719	  31.02748281 121.43944901 1.0  0.0 0.0
2015-07-02-18 18 06.870	  31.02748281 121.43944901 1.0  0.0 0.0
2015-07-02-18 18 07.022	  31.02748281 121.43944901 1.0  0.0 0.0
2015-07-02-18 18 07.134	  31.02748281 121.43944901 1.0  0.0 0.0
2015-07-02-18 18 07.240	  31.02748281 121.43944901 1.0  0.0 0.0
2015-07-02-18 18 07.396	  31.02748281 121.43944901 1.0  0.0 0.0
2015-07-02-18 18 07.497	  31.02750792 121.43943727 1.25  0.0 0.0
2015-07-02-18 18 07.631	  31.02750792 121.43943727 1.25  0.0 0.0
2015-07-02-18 18 07.774	  31.02750792 121.43943727 1.25  0.0 0.0
2015-07-02-18 18 07.882	  31.02750792 121.43943727 1.25  0.0 0.0
2015-07-02-18 18 07.986	  31.02750792 121.43943727 1.25  0.0 0.0
2015-07-02-18 18 08.161	  31.02750792 121.43943727 1.25  0.0 0.0
2015-07-02-18 18 08.279	  31.02750792 121.43943727 1.25  0.0 0.0
2015-07-02-18 18 08.381	  31.02750792 121.43943727 1.25  0.0 0.0
2015-07-02-18 18 08.483	  31.02750792 121.43943727 1.25  0.0 0.0
2015-07-02-18 18 08.629	  31.02750792 121.43943727 1.25  0.0 0.0
2015-07-02-18 18 08.771	  31.02750792 121.43943727 1.25  0.0 0.0
2015-07-02-18 18 08.887	  31.02750792 121.43943727 1.25  0.0 0.0
2015-07-02-18 18 08.991	  31.02750792 121.43943727 1.25  0.0 0.0
2015-07-02-18 18 09.131	  31.02750792 121.43943727 1.25  0.0 0.0
2015-07-02-18 18 09.258	  31.02750792 121.43943727 1.25  0.0 0.0
2015-07-02-18 18 09.359	  31.02750792 121.43943727 1.25  0.0 0.0
2015-07-02-18 18 09.463	  31.02753418 121.4394253 1.25  0.0 0.0
2015-07-02-18 18 09.615	  31.02753418 121.4394253 1.25  0.0 0.0
2015-07-02-18 18 09.753	  31.02753418 121.4394253 1.25  0.0 0.0
2015-07-02-18 18 09.857	  31.02753418 121.4394253 1.25  0.0 0.0
2015-07-02-18 18 09.960	  31.02753418 121.4394253 1.25  0.0 0.0
2015-07-02-18 18 10.084	  31.02753418 121.4394253 1.25  0.0 0.0
2015-07-02-18 18 10.210	  31.02753418 121.4394253 1.25  0.0 0.0
2015-07-02-18 18 10.316	  31.02753418 121.4394253 1.25  0.0 0.0
2015-07-02-18 18 10.418	  31.02753418 121.4394253 1.25  0.0 0.0
2015-07-02-18 18 10.538	  31.02753418 121.4394253 1.25  0.0 0.0
2015-07-02-18 18 10.667	  31.02753418 121.4394253 1.25  0.0 0.0
2015-07-02-18 18 10.773	  31.02753418 121.4394253 1.25  0.0 0.0
2015-07-02-18 18 10.875	  31.02753418 121.4394253 1.25  0.0 0.0
2015-07-02-18 18 10.987	  31.02753418 121.4394253 1.25  0.0 0.0
2015-07-02-18 18 11.111	  31.02753418 121.4394253 1.25  0.0 0.0
2015-07-02-18 18 11.216	  31.02753418 121.4394253 1.25  0.0 0.0
2015-07-02-18 18 11.319	  31.02753418 121.4394253 1.25  0.0 0.0
2015-07-02-18 18 11.425	  31.02753418 121.4394253 1.25  0.0 0.0
2015-07-02-18 18 11.558	  31.02755777 121.43941358 1.25  0.0 0.0
2015-07-02-18 18 11.660	  31.02755777 121.43941358 1.25  0.0 0.0
2015-07-02-18 18 11.762	  31.02755777 121.43941358 1.25  0.0 0.0
2015-07-02-18 18 11.867	  31.02755777 121.43941358 1.25  0.0 0.0
2015-07-02-18 18 11.995	  31.02755777 121.43941358 1.25  0.0 0.0
2015-07-02-18 18 12.101	  31.02755777 121.43941358 1.25  0.0 0.0
2015-07-02-18 18 12.205	  31.02755777 121.43941358 1.25  0.0 0.0
2015-07-02-18 18 12.307	  31.02755777 121.43941358 1.25  0.0 0.0
2015-07-02-18 18 12.431	  31.02755777 121.43941358 1.25  0.0 0.0
2015-07-02-18 18 12.533	  31.02755777 121.43941358 1.25  0.0 0.0
2015-07-02-18 18 12.660	  31.02755777 121.43941358 1.25  0.0 0.0
2015-07-02-18 18 12.785	  31.02755777 121.43941358 1.25  0.0 0.0
2015-07-02-18 18 12.887	  31.02755777 121.43941358 1.25  0.0 0.0
2015-07-02-18 18 12.990	  31.02755777 121.43941358 1.25  0.0 0.0
2015-07-02-18 18 13.093	  31.02755777 121.43941358 1.25  0.0 0.0
2015-07-02-18 18 13.217	  31.02755777 121.43941358 1.25  0.0 0.0
2015-07-02-18 18 13.339	  31.02755777 121.43941358 1.25  0.0 0.0
2015-07-02-18 18 13.462	  31.02757767 121.4394079 1.0  0.0 0.0
2015-07-02-18 18 13.595	  31.02757767 121.4394079 1.0  0.0 0.0
2015-07-02-18 18 13.710	  31.02757767 121.4394079 1.0  0.0 0.0
2015-07-02-18 18 13.830	  31.02757767 121.4394079 1.0  0.0 0.0
2015-07-02-18 18 13.952	  31.02757767 121.4394079 1.0  0.0 0.0
2015-07-02-18 18 14.076	  31.02757767 121.4394079 1.0  0.0 0.0
2015-07-02-18 18 14.198	  31.02757767 121.4394079 1.0  0.0 0.0
2015-07-02-18 18 14.321	  31.02757767 121.4394079 1.0  0.0 0.0
2015-07-02-18 18 14.446	  31.02757767 121.4394079 1.0  0.0 0.0
2015-07-02-18 18 14.572	  31.02757767 121.4394079 1.0  0.0 0.0
2015-07-02-18 18 14.694	  31.02757767 121.4394079 1.0  0.0 0.0
2015-07-02-18 18 14.816	  31.02757767 121.4394079 1.0  0.0 0.0
2015-07-02-18 18 14.979	  31.02757767 121.4394079 1.0  0.0 0.0
2015-07-02-18 18 15.103	  31.02757767 121.4394079 1.0  0.0 0.0
2015-07-02-18 18 15.245	  31.02757767 121.4394079 1.0  0.0 0.0
2015-07-02-18 18 15.394	  31.02757767 121.4394079 1.0  0.0 0.0
2015-07-02-18 18 15.499	  31.02760044 121.43939241 1.25  0.0 0.0
2015-07-02-18 18 15.611	  31.02760044 121.43939241 1.25  0.0 0.0
2015-07-02-18 18 15.713	  31.02760044 121.43939241 1.25  0.0 0.0
2015-07-02-18 18 15.815	  31.02760044 121.43939241 1.25  0.0 0.0
2015-07-02-18 18 15.917	  31.02760044 121.43939241 1.25  0.0 0.0
2015-07-02-18 18 16.112	  31.02760044 121.43939241 1.25  0.0 0.0
2015-07-02-18 18 16.233	  31.02760044 121.43939241 1.25  0.0 0.0
2015-07-02-18 18 16.354	  31.02760044 121.43939241 1.25  0.0 0.0
2015-07-02-18 18 16.558	  31.02760044 121.43939241 1.25  0.0 0.0
2015-07-02-18 18 16.660	  31.02760044 121.43939241 1.25  0.0 0.0
2015-07-02-18 18 16.763	  31.02760044 121.43939241 1.25  0.0 0.0
2015-07-02-18 18 16.866	  31.02760044 121.43939241 1.25  0.0 0.0
2015-07-02-18 18 16.968	  31.02760044 121.43939241 1.25  0.0 0.0
2015-07-02-18 18 17.080	  31.02760044 121.43939241 1.25  0.0 0.0
2015-07-02-18 18 17.245	  31.02760044 121.43939241 1.25  0.0 0.0
2015-07-02-18 18 17.378	  31.02760044 121.43939241 1.25  0.0 0.0
2015-07-02-18 18 17.546	  31.02762159 121.43937388 1.0  0.0 0.0
2015-07-02-18 18 17.648	  31.02762159 121.43937388 1.0  0.0 0.0
2015-07-02-18 18 17.751	  31.02762159 121.43937388 1.0  0.0 0.0
2015-07-02-18 18 17.871	  31.02762159 121.43937388 1.0  0.0 0.0
2015-07-02-18 18 17.988	  31.02762159 121.43937388 1.0  0.0 0.0
2015-07-02-18 18 18.113	  31.02762159 121.43937388 1.0  0.0 0.0
2015-07-02-18 18 18.238	  31.02762159 121.43937388 1.0  0.0 0.0
2015-07-02-18 18 18.364	  31.02762159 121.43937388 1.0  0.0 0.0
2015-07-02-18 18 18.489	  31.02762159 121.43937388 1.0  0.0 0.0
2015-07-02-18 18 18.621	  31.02762159 121.43937388 1.0  0.0 0.0
2015-07-02-18 18 18.746	  31.02762159 121.43937388 1.0  0.0 0.0
2015-07-02-18 18 18.873	  31.02762159 121.43937388 1.0  0.0 0.0
2015-07-02-18 18 18.998	  31.02762159 121.43937388 1.0  0.0 0.0
2015-07-02-18 18 19.124	  31.02762159 121.43937388 1.0  0.0 0.0
2015-07-02-18 18 19.254	  31.02762159 121.43937388 1.0  0.0 0.0
2015-07-02-18 18 19.377	  31.02762159 121.43937388 1.0  0.0 0.0
2015-07-02-18 18 19.502	  31.02764548 121.43936513 1.0  0.0 0.0
2015-07-02-18 18 19.628	  31.02764548 121.43936513 1.0  0.0 0.0
2015-07-02-18 18 19.752	  31.02764548 121.43936513 1.0  0.0 0.0
2015-07-02-18 18 19.879	  31.02764548 121.43936513 1.0  0.0 0.0
2015-07-02-18 18 20.005	  31.02764548 121.43936513 1.0  0.0 0.0
2015-07-02-18 18 20.131	  31.02764548 121.43936513 1.0  0.0 0.0
2015-07-02-18 18 20.258	  31.02764548 121.43936513 1.0  0.0 0.0
2015-07-02-18 18 20.383	  31.02764548 121.43936513 1.0  0.0 0.0
2015-07-02-18 18 20.508	  31.02764548 121.43936513 1.0  0.0 0.0
2015-07-02-18 18 20.635	  31.02764548 121.43936513 1.0  0.0 0.0
2015-07-02-18 18 20.765	  31.02764548 121.43936513 1.0  0.0 0.0
2015-07-02-18 18 20.891	  31.02764548 121.43936513 1.0  0.0 0.0
2015-07-02-18 18 21.038	  31.02764548 121.43936513 1.0  0.0 0.0
2015-07-02-18 18 21.207	  31.02764548 121.43936513 1.0  0.0 0.0
2015-07-02-18 18 21.325	  31.02764548 121.43936513 1.0  0.0 0.0
2015-07-02-18 18 21.464	  31.02767243 121.43935597 1.25  0.0 0.0
2015-07-02-18 18 21.612	  31.02767243 121.43935597 1.25  0.0 0.0
2015-07-02-18 18 21.730	  31.02767243 121.43935597 1.25  0.0 0.0
2015-07-02-18 18 21.870	  31.02767243 121.43935597 1.25  0.0 0.0
2015-07-02-18 18 22.012	  31.02767243 121.43935597 1.25  0.0 0.0
2015-07-02-18 18 22.154	  31.02767243 121.43935597 1.25  0.0 0.0
2015-07-02-18 18 22.272	  31.02767243 121.43935597 1.25  0.0 0.0
2015-07-02-18 18 22.422	  31.02767243 121.43935597 1.25  0.0 0.0
2015-07-02-18 18 22.594	  31.02767243 121.43935597 1.25  0.0 0.0
2015-07-02-18 18 22.708	  31.02767243 121.43935597 1.25  0.0 0.0
2015-07-02-18 18 22.833	  31.02767243 121.43935597 1.25  0.0 0.0
2015-07-02-18 18 23.007	  31.02767243 121.43935597 1.25  0.0 0.0
2015-07-02-18 18 23.123	  31.02767243 121.43935597 1.25  0.0 0.0
2015-07-02-18 18 23.242	  31.02767243 121.43935597 1.25  0.0 0.0
2015-07-02-18 18 23.377	  31.02767243 121.43935597 1.25  0.0 0.0
2015-07-02-18 18 23.557	  31.02770157 121.43934375 1.25  0.0 0.0
2015-07-02-18 18 23.674	  31.02770157 121.43934375 1.25  0.0 0.0
2015-07-02-18 18 23.790	  31.02770157 121.43934375 1.25  0.0 0.0
2015-07-02-18 18 23.910	  31.02770157 121.43934375 1.25  0.0 0.0
2015-07-02-18 18 24.055	  31.02770157 121.43934375 1.25  0.0 0.0
2015-07-02-18 18 24.209	  31.02770157 121.43934375 1.25  0.0 0.0
2015-07-02-18 18 24.352	  31.02770157 121.43934375 1.25  0.0 0.0
2015-07-02-18 18 24.493	  31.02770157 121.43934375 1.25  0.0 0.0
2015-07-02-18 18 24.652	  31.02770157 121.43934375 1.25  0.0 0.0
2015-07-02-18 18 24.791	  31.02770157 121.43934375 1.25  0.0 0.0
2015-07-02-18 18 24.957	  31.02770157 121.43934375 1.25  0.0 0.0
2015-07-02-18 18 25.077	  31.02770157 121.43934375 1.25  0.0 0.0
