2015-06-29-18 14 21.173	  0.0 0.0 0.0  0.0 0.0
2015-06-29-18 14 21.674	  0.0 0.0 0.0  0.0 0.0
2015-06-29-18 14 22.176	  0.0 0.0 0.0  0.0 0.0
2015-06-29-18 14 22.678	  31.02778635 121.43927818 1.25  0.0 0.0
2015-06-29-18 14 23.180	  31.02778635 121.43927818 1.25  0.0 0.0
2015-06-29-18 14 23.682	  31.02778635 121.43927818 1.25  0.0 0.0
2015-06-29-18 14 24.186	  31.02778635 121.43927818 1.25  0.0 0.0
2015-06-29-18 14 24.688	  31.02774789 121.43928944 1.25  0.0 0.0
2015-06-29-18 14 25.190	  31.02774789 121.43928944 1.25  0.0 0.0
2015-06-29-18 14 25.695	  31.02773093 121.43930079 1.25  0.0 0.0
2015-06-29-18 14 26.197	  31.02773093 121.43930079 1.25  0.0 0.0
2015-06-29-18 14 26.699	  31.02771334 121.43931144 1.25  0.0 0.0
2015-06-29-18 14 27.201	  31.02771334 121.43931144 1.25  0.0 0.0
2015-06-29-18 14 27.707	  31.02771334 121.43931144 1.25  0.0 0.0
2015-06-29-18 14 28.213	  31.02771334 121.43931144 1.25  0.0 0.0
2015-06-29-18 14 28.719	  31.02768026 121.43933134 1.25  0.0 0.0
2015-06-29-18 14 29.227	  31.02768026 121.43933134 1.25  0.0 0.0
2015-06-29-18 14 29.729	  31.02768026 121.43933134 1.25  0.0 0.0
2015-06-29-18 14 30.234	  31.02768026 121.43933134 1.25  0.0 0.0
2015-06-29-18 14 30.739	  31.02765053 121.4393501 1.5  0.0 0.0
2015-06-29-18 14 31.245	  31.02765053 121.4393501 1.5  0.0 0.0
2015-06-29-18 14 31.768	  31.02765053 121.4393501 1.5  0.0 0.0
2015-06-29-18 14 32.270	  31.02765053 121.4393501 1.5  0.0 0.0
2015-06-29-18 14 32.783	  31.02762227 121.4393674 1.25  0.0 0.0
2015-06-29-18 14 33.290	  31.02762227 121.4393674 1.25  0.0 0.0
2015-06-29-18 14 33.796	  31.02762227 121.4393674 1.25  0.0 0.0
2015-06-29-18 14 34.298	  31.02762227 121.4393674 1.25  0.0 0.0
2015-06-29-18 14 34.803	  31.0275956 121.43938173 1.25  0.0 0.0
2015-06-29-18 14 35.307	  31.0275956 121.43938173 1.25  0.0 0.0
2015-06-29-18 14 35.814	  31.0275956 121.43938173 1.25  0.0 0.0
2015-06-29-18 14 36.320	  31.0275956 121.43938173 1.25  0.0 0.0
2015-06-29-18 14 36.822	  31.02757062 121.43939625 1.25  0.0 0.0
2015-06-29-18 14 37.327	  31.02757062 121.43939625 1.25  0.0 0.0
2015-06-29-18 14 37.834	  31.02757062 121.43939625 1.25  0.0 0.0
2015-06-29-18 14 38.343	  31.02754719 121.43940912 1.25  0.0 0.0
2015-06-29-18 14 38.844	  31.02754719 121.43940912 1.25  0.0 0.0
2015-06-29-18 14 39.348	  31.02754719 121.43940912 1.25  0.0 0.0
2015-06-29-18 14 39.850	  31.02754719 121.43940912 1.25  0.0 0.0
2015-06-29-18 14 40.355	  31.02752617 121.43942187 1.25  0.0 0.0
2015-06-29-18 14 40.857	  31.02752617 121.43942187 1.25  0.0 0.0
2015-06-29-18 14 41.360	  31.02752617 121.43942187 1.25  0.0 0.0
2015-06-29-18 14 41.862	  31.02752617 121.43942187 1.25  0.0 0.0
2015-06-29-18 14 42.367	  31.02750464 121.43943391 1.25  0.0 0.0
2015-06-29-18 14 42.872	  31.02750464 121.43943391 1.25  0.0 0.0
2015-06-29-18 14 43.376	  31.02750464 121.43943391 1.25  0.0 0.0
2015-06-29-18 14 43.877	  31.02750464 121.43943391 1.25  0.0 0.0
2015-06-29-18 14 44.383	  31.02748156 121.43944427 1.25  0.0 0.0
2015-06-29-18 14 44.885	  31.02748156 121.43944427 1.25  0.0 0.0
2015-06-29-18 14 45.389	  31.02748156 121.43944427 1.25  0.0 0.0
2015-06-29-18 14 45.890	  31.02748156 121.43944427 1.25  0.0 0.0
2015-06-29-18 14 46.397	  31.02745725 121.43945506 1.25  0.0 0.0
2015-06-29-18 14 46.899	  31.02745725 121.43945506 1.25  0.0 0.0
2015-06-29-18 14 47.400	  31.02745725 121.43945506 1.25  0.0 0.0
2015-06-29-18 14 47.902	  31.02745725 121.43945506 1.25  0.0 0.0
2015-06-29-18 14 48.411	  31.0274346 121.4394645 1.25  0.0 0.0
2015-06-29-18 14 48.913	  31.0274346 121.4394645 1.25  0.0 0.0
2015-06-29-18 14 49.418	  31.0274346 121.4394645 1.25  0.0 0.0
2015-06-29-18 14 49.921	  31.0274346 121.4394645 1.25  0.0 0.0
2015-06-29-18 14 50.424	  31.0274106 121.43947563 1.25  0.0 0.0
2015-06-29-18 14 50.926	  31.0274106 121.43947563 1.25  0.0 0.0
2015-06-29-18 14 51.427	  31.0274106 121.43947563 1.25  0.0 0.0
2015-06-29-18 14 51.929	  31.0274106 121.43947563 1.25  0.0 0.0
2015-06-29-18 14 52.436	  31.0274106 121.43947563 1.25  0.0 0.0
2015-06-29-18 14 52.937	  31.02738727 121.43948777 1.25  0.0 0.0
2015-06-29-18 14 53.442	  31.02738727 121.43948777 1.25  0.0 0.0
2015-06-29-18 14 53.943	  31.02738727 121.43948777 1.25  0.0 0.0
2015-06-29-18 14 54.451	  31.02736457 121.43949689 1.25  0.0 0.0
2015-06-29-18 14 54.952	  31.02736457 121.43949689 1.25  0.0 0.0
2015-06-29-18 14 55.457	  31.02736457 121.43949689 1.25  0.0 0.0
2015-06-29-18 14 55.958	  31.02736457 121.43949689 1.25  0.0 0.0
2015-06-29-18 14 56.460	  31.02734145 121.43950622 1.25  0.0 0.0
2015-06-29-18 14 56.962	  31.02734145 121.43950622 1.25  0.0 0.0
2015-06-29-18 14 57.469	  31.02734145 121.43950622 1.25  0.0 0.0
2015-06-29-18 14 57.971	  31.02734145 121.43950622 1.25  0.0 0.0
2015-06-29-18 14 58.476	  31.02731625 121.43951649 1.25  0.0 0.0
2015-06-29-18 14 58.978	  31.02731625 121.43951649 1.25  0.0 0.0
2015-06-29-18 14 59.480	  31.02731625 121.43951649 1.25  0.0 0.0
2015-06-29-18 14 59.982	  31.02731625 121.43951649 1.25  0.0 0.0
2015-06-29-18 15 00.488	  31.02729017 121.4395269 1.5  0.0 0.0
2015-06-29-18 15 00.991	  31.02729017 121.4395269 1.5  0.0 0.0
2015-06-29-18 15 01.493	  31.02729017 121.4395269 1.5  0.0 0.0
2015-06-29-18 15 01.994	  31.02729017 121.4395269 1.5  0.0 0.0
2015-06-29-18 15 02.496	  31.02726494 121.43953594 1.5  0.0 0.0
2015-06-29-18 15 02.998	  31.02726494 121.43953594 1.5  0.0 0.0
2015-06-29-18 15 03.503	  31.02726494 121.43953594 1.5  0.0 0.0
2015-06-29-18 15 04.006	  31.02726494 121.43953594 1.5  0.0 0.0
2015-06-29-18 15 04.508	  31.02724113 121.43954458 1.5  0.0 0.0
2015-06-29-18 15 05.010	  31.02724113 121.43954458 1.5  0.0 0.0
2015-06-29-18 15 05.522	  31.02724113 121.43954458 1.5  0.0 0.0
2015-06-29-18 15 06.026	  31.02724113 121.43954458 1.5  0.0 0.0
2015-06-29-18 15 06.542	  31.02721911 121.43955529 1.25  0.0 0.0
2015-06-29-18 15 07.048	  31.02721911 121.43955529 1.25  0.0 0.0
2015-06-29-18 15 07.555	  31.02721911 121.43955529 1.25  0.0 0.0
2015-06-29-18 15 08.057	  31.02721911 121.43955529 1.25  0.0 0.0
2015-06-29-18 15 08.559	  31.02719673 121.43956315 1.25  0.0 0.0
2015-06-29-18 15 09.061	  31.02719673 121.43956315 1.25  0.0 0.0
2015-06-29-18 15 09.566	  31.02719673 121.43956315 1.25  0.0 0.0
2015-06-29-18 15 10.068	  31.02719673 121.43956315 1.25  0.0 0.0
2015-06-29-18 15 10.574	  31.02717574 121.4395713 1.25  0.0 0.0
2015-06-29-18 15 11.084	  31.02717574 121.4395713 1.25  0.0 0.0
2015-06-29-18 15 11.592	  31.02717574 121.4395713 1.25  0.0 0.0
2015-06-29-18 15 12.101	  31.02717574 121.4395713 1.25  0.0 0.0
2015-06-29-18 15 12.617	  31.02715355 121.43958072 1.25  0.0 0.0
2015-06-29-18 15 13.125	  31.02715355 121.43958072 1.25  0.0 0.0
2015-06-29-18 15 13.638	  31.02715355 121.43958072 1.25  0.0 0.0
2015-06-29-18 15 14.145	  31.02715355 121.43958072 1.25  0.0 0.0
2015-06-29-18 15 14.655	  31.0271306 121.43959046 1.25  0.0 0.0
2015-06-29-18 15 15.159	  31.0271306 121.43959046 1.25  0.0 0.0
2015-06-29-18 15 15.674	  31.0271306 121.43959046 1.25  0.0 0.0
2015-06-29-18 15 16.178	  31.0271306 121.43959046 1.25  0.0 0.0
2015-06-29-18 15 16.698	  31.02710691 121.43959917 1.25  0.0 0.0
2015-06-29-18 15 17.205	  31.02710691 121.43959917 1.25  0.0 0.0
2015-06-29-18 15 17.707	  31.02710691 121.43959917 1.25  0.0 0.0
2015-06-29-18 15 18.211	  31.02710691 121.43959917 1.25  0.0 0.0
2015-06-29-18 15 18.718	  31.02708266 121.43961036 1.25  0.0 0.0
2015-06-29-18 15 19.232	  31.02708266 121.43961036 1.25  0.0 0.0
2015-06-29-18 15 19.742	  31.02708266 121.43961036 1.25  0.0 0.0
2015-06-29-18 15 20.248	  31.02705793 121.43962003 1.25  0.0 0.0
2015-06-29-18 15 20.774	  31.02705793 121.43962003 1.25  0.0 0.0
2015-06-29-18 15 21.286	  31.02705793 121.43962003 1.25  0.0 0.0
2015-06-29-18 15 21.789	  31.02705793 121.43962003 1.25  0.0 0.0
2015-06-29-18 15 22.300	  31.02703459 121.43962875 1.25  0.0 0.0
2015-06-29-18 15 22.802	  31.02703459 121.43962875 1.25  0.0 0.0
2015-06-29-18 15 23.309	  31.02703459 121.43962875 1.25  0.0 0.0
2015-06-29-18 15 23.890	  31.02703459 121.43962875 1.25  0.0 0.0
2015-06-29-18 15 24.392	  31.02701189 121.4396389 1.25  0.0 0.0
2015-06-29-18 15 24.908	  31.02701189 121.4396389 1.25  0.0 0.0
2015-06-29-18 15 25.413	  31.02701189 121.4396389 1.25  0.0 0.0
2015-06-29-18 15 25.914	  31.02701189 121.4396389 1.25  0.0 0.0
2015-06-29-18 15 26.430	  31.02699043 121.43964984 1.25  0.0 0.0
2015-06-29-18 15 26.934	  31.02699043 121.43964984 1.25  0.0 0.0
2015-06-29-18 15 27.448	  31.02699043 121.43964984 1.25  0.0 0.0
2015-06-29-18 15 27.956	  31.02699043 121.43964984 1.25  0.0 0.0
2015-06-29-18 15 28.462	  31.02696799 121.43965921 1.25  0.0 0.0
2015-06-29-18 15 28.968	  31.02696799 121.43965921 1.25  0.0 0.0
2015-06-29-18 15 29.476	  31.02696799 121.43965921 1.25  0.0 0.0
2015-06-29-18 15 29.978	  31.02696799 121.43965921 1.25  0.0 0.0
2015-06-29-18 15 30.483	  31.02694494 121.43967017 1.25  0.0 0.0
2015-06-29-18 15 30.984	  31.02694494 121.43967017 1.25  0.0 0.0
2015-06-29-18 15 31.490	  31.02694494 121.43967017 1.25  0.0 0.0
2015-06-29-18 15 31.992	  31.02694494 121.43967017 1.25  0.0 0.0
2015-06-29-18 15 32.497	  31.02692218 121.43968074 1.25  0.0 0.0
2015-06-29-18 15 32.999	  31.02692218 121.43968074 1.25  0.0 0.0
2015-06-29-18 15 33.516	  31.02692218 121.43968074 1.25  0.0 0.0
2015-06-29-18 15 34.017	  31.02692218 121.43968074 1.25  0.0 0.0
2015-06-29-18 15 34.525	  31.02689975 121.439689 1.25  0.0 0.0
2015-06-29-18 15 35.027	  31.02689975 121.439689 1.25  0.0 0.0
2015-06-29-18 15 35.541	  31.02689975 121.439689 1.25  0.0 0.0
2015-06-29-18 15 36.049	  31.02689975 121.439689 1.25  0.0 0.0
2015-06-29-18 15 36.565	  31.02687724 121.43969814 1.25  0.0 0.0
2015-06-29-18 15 37.070	  31.02687724 121.43969814 1.25  0.0 0.0
2015-06-29-18 15 37.587	  31.02687724 121.43969814 1.25  0.0 0.0
2015-06-29-18 15 38.099	  31.02687724 121.43969814 1.25  0.0 0.0
2015-06-29-18 15 38.605	  31.02685254 121.4397076 1.25  0.0 0.0
2015-06-29-18 15 39.108	  31.02685254 121.4397076 1.25  0.0 0.0
2015-06-29-18 15 39.613	  31.02685254 121.4397076 1.25  0.0 0.0
2015-06-29-18 15 40.115	  31.02685254 121.4397076 1.25  0.0 0.0
2015-06-29-18 15 40.630	  31.02682604 121.43971871 1.25  0.0 0.0
2015-06-29-18 15 41.137	  31.02682604 121.43971871 1.25  0.0 0.0
2015-06-29-18 15 41.639	  31.02682604 121.43971871 1.25  0.0 0.0
2015-06-29-18 15 42.140	  31.02682604 121.43971871 1.25  0.0 0.0
2015-06-29-18 15 42.651	  31.02680139 121.43973017 1.25  0.0 0.0
2015-06-29-18 15 43.157	  31.02680139 121.43973017 1.25  0.0 0.0
2015-06-29-18 15 43.667	  31.02680139 121.43973017 1.25  0.0 0.0
2015-06-29-18 15 44.172	  31.02680139 121.43973017 1.25  0.0 0.0
2015-06-29-18 15 44.681	  31.02677688 121.4397438 1.25  0.0 0.0
2015-06-29-18 15 45.189	  31.02677688 121.4397438 1.25  0.0 0.0
2015-06-29-18 15 45.704	  31.02677688 121.4397438 1.25  0.0 0.0
2015-06-29-18 15 46.209	  31.02677688 121.4397438 1.25  0.0 0.0
2015-06-29-18 15 46.711	  31.02675166 121.43975616 1.25  0.0 0.0
2015-06-29-18 15 47.215	  31.02675166 121.43975616 1.25  0.0 0.0
2015-06-29-18 15 47.725	  31.02675166 121.43975616 1.25  0.0 0.0
2015-06-29-18 15 48.230	  31.02675166 121.43975616 1.25  0.0 0.0
2015-06-29-18 15 48.738	  31.0267263 121.4397684 1.25  0.0 0.0
2015-06-29-18 15 49.243	  31.0267263 121.4397684 1.25  0.0 0.0
2015-06-29-18 15 49.754	  31.0267263 121.4397684 1.25  0.0 0.0
2015-06-29-18 15 50.260	  31.0267263 121.4397684 1.25  0.0 0.0
2015-06-29-18 15 50.767	  31.02670278 121.43978176 1.25  0.0 0.0
2015-06-29-18 15 51.271	  31.02670278 121.43978176 1.25  0.0 0.0
2015-06-29-18 15 51.779	  31.02670278 121.43978176 1.25  0.0 0.0
2015-06-29-18 15 52.291	  31.02670278 121.43978176 1.25  0.0 0.0
2015-06-29-18 15 52.796	  31.02667829 121.4397936 1.25  0.0 0.0
2015-06-29-18 15 53.303	  31.02667829 121.4397936 1.25  0.0 0.0
2015-06-29-18 15 53.808	  31.02667829 121.4397936 1.25  0.0 0.0
2015-06-29-18 15 54.312	  31.02665518 121.4398033 1.25  0.0 0.0
2015-06-29-18 15 54.814	  31.02665518 121.4398033 1.25  0.0 0.0
2015-06-29-18 15 55.322	  31.02665518 121.4398033 1.25  0.0 0.0
2015-06-29-18 15 55.828	  31.02665518 121.4398033 1.25  0.0 0.0
2015-06-29-18 15 56.338	  31.02663144 121.43981212 1.25  0.0 0.0
2015-06-29-18 15 56.844	  31.02663144 121.43981212 1.25  0.0 0.0
2015-06-29-18 15 57.351	  31.02663144 121.43981212 1.25  0.0 0.0
2015-06-29-18 15 57.856	  31.02663144 121.43981212 1.25  0.0 0.0
2015-06-29-18 15 58.359	  31.02663144 121.43981212 1.25  0.0 0.0
2015-06-29-18 15 58.871	  31.026607 121.43982002999999 1.25  0.0 0.0
2015-06-29-18 15 59.377	  31.026607 121.43982002999999 1.25  0.0 0.0
2015-06-29-18 15 59.883	  31.026607 121.43982002999999 1.25  0.0 0.0
2015-06-29-18 16 00.386	  31.02658357 121.43983085 1.25  0.0 0.0
2015-06-29-18 16 00.888	  31.02658357 121.43983085 1.25  0.0 0.0
