2015-07-04-23 18 27.662	  0.0 0.0 0.0  0.0 0.0
2015-07-04-23 18 27.765	  31.02655643 121.43988208 0.0  0.0 0.0
2015-07-04-23 18 27.868	  31.02655643 121.43988208 0.0  0.0 0.0
2015-07-04-23 18 27.970	  31.02655643 121.43988208 0.0  0.0 0.0
2015-07-04-23 18 28.072	  31.02655643 121.43988208 0.0  0.0 0.0
2015-07-04-23 18 28.177	  31.02655643 121.43988208 0.0  0.0 0.0
2015-07-04-23 18 28.280	  31.02655643 121.43988208 0.0  0.0 0.0
2015-07-04-23 18 28.382	  31.02655643 121.43988208 0.0  0.0 0.0
2015-07-04-23 18 28.484	  31.02655643 121.43988208 0.0  0.0 0.0
2015-07-04-23 18 28.586	  31.02655643 121.43988208 0.0  0.0 0.0
2015-07-04-23 18 28.687	  31.02655643 121.43988208 0.0  0.0 0.0
2015-07-04-23 18 28.789	  31.02655643 121.43988208 0.0  0.0 0.0
2015-07-04-23 18 28.891	  31.02655643 121.43988208 0.0  0.0 0.0
2015-07-04-23 18 28.992	  31.02655643 121.43988208 0.0  0.0 0.0
2015-07-04-23 18 29.094	  31.02655643 121.43988208 0.0  0.0 0.0
2015-07-04-23 18 29.196	  31.02655643 121.43988208 0.0  0.0 0.0
2015-07-04-23 18 29.298	  31.02655643 121.43988208 0.0  0.0 0.0
2015-07-04-23 18 29.400	  31.02655643 121.43988208 0.0  0.0 0.0
2015-07-04-23 18 29.501	  31.02655643 121.43988208 0.0  0.0 0.0
2015-07-04-23 18 29.603	  31.02655643 121.43988208 0.0  0.0 0.0
2015-07-04-23 18 29.705	  31.02655643 121.43988208 0.0  0.0 0.0
2015-07-04-23 18 29.807	  31.02655643 121.43988208 0.0  0.0 0.0
2015-07-04-23 18 29.908	  31.02655643 121.43988208 0.0  0.0 0.0
2015-07-04-23 18 30.014	  31.02655643 121.43988208 0.0  0.0 0.0
2015-07-04-23 18 30.116	  31.02655643 121.43988208 0.0  0.0 0.0
2015-07-04-23 18 30.217	  31.02655643 121.43988208 0.0  0.0 0.0
2015-07-04-23 18 30.320	  31.02655643 121.43988208 0.0  0.0 0.0
2015-07-04-23 18 30.422	  31.02655643 121.43988208 0.0  0.0 0.0
2015-07-04-23 18 30.523	  31.02655643 121.43988208 0.0  0.0 0.0
2015-07-04-23 18 30.625	  31.02655643 121.43988208 0.0  0.0 0.0
2015-07-04-23 18 30.747	  31.02655643 121.43988208 0.0  0.0 0.0
2015-07-04-23 18 30.848	  31.02655643 121.43988208 0.0  0.0 0.0
2015-07-04-23 18 30.950	  31.02655643 121.43988208 0.0  0.0 0.0
2015-07-04-23 18 31.051	  31.02655643 121.43988208 0.0  0.0 0.0
2015-07-04-23 18 31.154	  31.02655643 121.43988208 0.0  0.0 0.0
2015-07-04-23 18 31.257	  31.02655643 121.43988208 0.0  0.0 0.0
2015-07-04-23 18 31.362	  31.02655643 121.43988208 0.0  0.0 0.0
2015-07-04-23 18 31.469	  31.02655643 121.43988208 0.0  0.0 0.0
2015-07-04-23 18 31.576	  31.02655643 121.43988208 0.0  0.0 0.0
2015-07-04-23 18 31.678	  31.02655643 121.43988208 0.0  0.0 0.0
2015-07-04-23 18 31.780	  31.02655643 121.43988208 0.0  0.0 0.0
2015-07-04-23 18 31.884	  31.02655643 121.43988208 0.0  0.0 0.0
2015-07-04-23 18 31.990	  31.02655643 121.43988208 0.0  0.0 0.0
2015-07-04-23 18 32.098	  31.02655643 121.43988208 0.0  0.0 0.0
2015-07-04-23 18 32.205	  31.02655643 121.43988208 0.0  0.0 0.0
2015-07-04-23 18 32.309	  31.02655643 121.43988208 0.0  0.0 0.0
2015-07-04-23 18 32.410	  31.02655643 121.43988208 0.0  0.0 0.0
2015-07-04-23 18 32.511	  31.02655643 121.43988208 0.0  0.0 0.0
2015-07-04-23 18 32.614	  31.02655643 121.43988208 0.0  0.0 0.0
2015-07-04-23 18 32.727	  31.02657817 121.4398645 0.75  0.0 0.0
2015-07-04-23 18 32.828	  31.02657817 121.4398645 0.75  0.0 0.0
2015-07-04-23 18 32.930	  31.02657817 121.4398645 0.75  0.0 0.0
2015-07-04-23 18 33.032	  31.02657817 121.4398645 0.75  0.0 0.0
2015-07-04-23 18 33.134	  31.02657817 121.4398645 0.75  0.0 0.0
2015-07-04-23 18 33.237	  31.02657817 121.4398645 0.75  0.0 0.0
2015-07-04-23 18 33.344	  31.02657817 121.4398645 0.75  0.0 0.0
2015-07-04-23 18 33.449	  31.02657817 121.4398645 0.75  0.0 0.0
2015-07-04-23 18 33.554	  31.02657817 121.4398645 0.75  0.0 0.0
2015-07-04-23 18 33.656	  31.02657817 121.4398645 0.75  0.0 0.0
2015-07-04-23 18 33.759	  31.02657817 121.4398645 0.75  0.0 0.0
2015-07-04-23 18 33.862	  31.02657817 121.4398645 0.75  0.0 0.0
2015-07-04-23 18 33.966	  31.02657817 121.4398645 0.75  0.0 0.0
2015-07-04-23 18 34.072	  31.02657817 121.4398645 0.75  0.0 0.0
2015-07-04-23 18 34.178	  31.02657817 121.4398645 0.75  0.0 0.0
2015-07-04-23 18 34.279	  31.02657817 121.4398645 0.75  0.0 0.0
2015-07-04-23 18 34.380	  31.02657817 121.4398645 0.75  0.0 0.0
2015-07-04-23 18 34.482	  31.02657817 121.4398645 0.75  0.0 0.0
2015-07-04-23 18 34.585	  31.02657817 121.4398645 0.75  0.0 0.0
2015-07-04-23 18 34.687	  31.02657817 121.4398645 0.75  0.0 0.0
2015-07-04-23 18 34.788	  31.02657817 121.4398645 0.75  0.0 0.0
2015-07-04-23 18 34.892	  31.02659657 121.43985275 1.0  0.0 0.0
2015-07-04-23 18 34.995	  31.02659657 121.43985275 1.0  0.0 0.0
2015-07-04-23 18 35.100	  31.02659657 121.43985275 1.0  0.0 0.0
2015-07-04-23 18 35.204	  31.02659657 121.43985275 1.0  0.0 0.0
2015-07-04-23 18 35.311	  31.02659657 121.43985275 1.0  0.0 0.0
2015-07-04-23 18 35.424	  31.02659657 121.43985275 1.0  0.0 0.0
2015-07-04-23 18 35.526	  31.02659657 121.43985275 1.0  0.0 0.0
2015-07-04-23 18 35.628	  31.02659657 121.43985275 1.0  0.0 0.0
2015-07-04-23 18 35.730	  31.02659657 121.43985275 1.0  0.0 0.0
2015-07-04-23 18 35.833	  31.02659657 121.43985275 1.0  0.0 0.0
2015-07-04-23 18 35.937	  31.02659657 121.43985275 1.0  0.0 0.0
2015-07-04-23 18 36.044	  31.02659657 121.43985275 1.0  0.0 0.0
2015-07-04-23 18 36.146	  31.02659657 121.43985275 1.0  0.0 0.0
2015-07-04-23 18 36.249	  31.02659657 121.43985275 1.0  0.0 0.0
2015-07-04-23 18 36.353	  31.02659657 121.43985275 1.0  0.0 0.0
2015-07-04-23 18 36.458	  31.02659657 121.43985275 1.0  0.0 0.0
2015-07-04-23 18 36.566	  31.02659657 121.43985275 1.0  0.0 0.0
2015-07-04-23 18 36.670	  31.02659657 121.43985275 1.0  0.0 0.0
2015-07-04-23 18 36.773	  31.02661594 121.43984068 1.0  0.0 0.0
2015-07-04-23 18 36.889	  31.02661594 121.43984068 1.0  0.0 0.0
2015-07-04-23 18 36.993	  31.02661594 121.43984068 1.0  0.0 0.0
2015-07-04-23 18 37.096	  31.02661594 121.43984068 1.0  0.0 0.0
2015-07-04-23 18 37.200	  31.02661594 121.43984068 1.0  0.0 0.0
2015-07-04-23 18 37.304	  31.02661594 121.43984068 1.0  0.0 0.0
2015-07-04-23 18 37.410	  31.02661594 121.43984068 1.0  0.0 0.0
2015-07-04-23 18 37.514	  31.02661594 121.43984068 1.0  0.0 0.0
2015-07-04-23 18 37.618	  31.02661594 121.43984068 1.0  0.0 0.0
2015-07-04-23 18 37.723	  31.02661594 121.43984068 1.0  0.0 0.0
2015-07-04-23 18 37.826	  31.02661594 121.43984068 1.0  0.0 0.0
2015-07-04-23 18 37.927	  31.02661594 121.43984068 1.0  0.0 0.0
2015-07-04-23 18 38.029	  31.02661594 121.43984068 1.0  0.0 0.0
2015-07-04-23 18 38.134	  31.02661594 121.43984068 1.0  0.0 0.0
2015-07-04-23 18 38.238	  31.02661594 121.43984068 1.0  0.0 0.0
2015-07-04-23 18 38.345	  31.02661594 121.43984068 1.0  0.0 0.0
2015-07-04-23 18 38.449	  31.02661594 121.43984068 1.0  0.0 0.0
2015-07-04-23 18 38.553	  31.02661594 121.43984068 1.0  0.0 0.0
2015-07-04-23 18 38.655	  31.02661594 121.43984068 1.0  0.0 0.0
2015-07-04-23 18 38.756	  31.02663632 121.43982873 1.0  0.0 0.0
2015-07-04-23 18 38.858	  31.02663632 121.43982873 1.0  0.0 0.0
2015-07-04-23 18 38.961	  31.02663632 121.43982873 1.0  0.0 0.0
2015-07-04-23 18 39.070	  31.02663632 121.43982873 1.0  0.0 0.0
2015-07-04-23 18 39.173	  31.02663632 121.43982873 1.0  0.0 0.0
2015-07-04-23 18 39.276	  31.02663632 121.43982873 1.0  0.0 0.0
2015-07-04-23 18 39.379	  31.02663632 121.43982873 1.0  0.0 0.0
2015-07-04-23 18 39.489	  31.02663632 121.43982873 1.0  0.0 0.0
2015-07-04-23 18 39.608	  31.02663632 121.43982873 1.0  0.0 0.0
2015-07-04-23 18 39.709	  31.02663632 121.43982873 1.0  0.0 0.0
2015-07-04-23 18 39.812	  31.02663632 121.43982873 1.0  0.0 0.0
2015-07-04-23 18 39.914	  31.02663632 121.43982873 1.0  0.0 0.0
2015-07-04-23 18 40.017	  31.02663632 121.43982873 1.0  0.0 0.0
2015-07-04-23 18 40.136	  31.02663632 121.43982873 1.0  0.0 0.0
2015-07-04-23 18 40.238	  31.02663632 121.43982873 1.0  0.0 0.0
2015-07-04-23 18 40.341	  31.02663632 121.43982873 1.0  0.0 0.0
2015-07-04-23 18 40.447	  31.02663632 121.43982873 1.0  0.0 0.0
2015-07-04-23 18 40.555	  31.02663632 121.43982873 1.0  0.0 0.0
2015-07-04-23 18 40.670	  31.02663632 121.43982873 1.0  0.0 0.0
2015-07-04-23 18 40.771	  31.02663632 121.43982873 1.0  0.0 0.0
2015-07-04-23 18 40.873	  31.02663632 121.43982873 1.0  0.0 0.0
2015-07-04-23 18 40.974	  31.02663632 121.43982873 1.0  0.0 0.0
2015-07-04-23 18 41.080	  31.02663632 121.43982873 1.0  0.0 0.0
2015-07-04-23 18 41.198	  31.02665682 121.43981896 1.0  0.0 0.0
2015-07-04-23 18 41.299	  31.02665682 121.43981896 1.0  0.0 0.0
2015-07-04-23 18 41.402	  31.02665682 121.43981896 1.0  0.0 0.0
2015-07-04-23 18 41.504	  31.02665682 121.43981896 1.0  0.0 0.0
2015-07-04-23 18 41.609	  31.02665682 121.43981896 1.0  0.0 0.0
2015-07-04-23 18 41.711	  31.02665682 121.43981896 1.0  0.0 0.0
2015-07-04-23 18 41.812	  31.02665682 121.43981896 1.0  0.0 0.0
2015-07-04-23 18 41.914	  31.02665682 121.43981896 1.0  0.0 0.0
2015-07-04-23 18 42.019	  31.02665682 121.43981896 1.0  0.0 0.0
2015-07-04-23 18 42.126	  31.02665682 121.43981896 1.0  0.0 0.0
2015-07-04-23 18 42.229	  31.02665682 121.43981896 1.0  0.0 0.0
2015-07-04-23 18 42.331	  31.02665682 121.43981896 1.0  0.0 0.0
2015-07-04-23 18 42.433	  31.02665682 121.43981896 1.0  0.0 0.0
2015-07-04-23 18 42.536	  31.02665682 121.43981896 1.0  0.0 0.0
2015-07-04-23 18 42.637	  31.02665682 121.43981896 1.0  0.0 0.0
2015-07-04-23 18 42.738	  31.02665682 121.43981896 1.0  0.0 0.0
2015-07-04-23 18 42.841	  31.02665682 121.43981896 1.0  0.0 0.0
2015-07-04-23 18 42.945	  31.02665682 121.43981896 1.0  0.0 0.0
2015-07-04-23 18 43.047	  31.02665682 121.43981896 1.0  0.0 0.0
2015-07-04-23 18 43.148	  31.02665682 121.43981896 1.0  0.0 0.0
2015-07-04-23 18 43.253	  31.02665682 121.43981896 1.0  0.0 0.0
2015-07-04-23 18 43.361	  31.02667711 121.43980797 1.0  0.0 0.0
2015-07-04-23 18 43.462	  31.02667711 121.43980797 1.0  0.0 0.0
2015-07-04-23 18 43.567	  31.02667711 121.43980797 1.0  0.0 0.0
2015-07-04-23 18 43.670	  31.02667711 121.43980797 1.0  0.0 0.0
2015-07-04-23 18 43.772	  31.02667711 121.43980797 1.0  0.0 0.0
2015-07-04-23 18 43.875	  31.02667711 121.43980797 1.0  0.0 0.0
2015-07-04-23 18 43.981	  31.02667711 121.43980797 1.0  0.0 0.0
2015-07-04-23 18 44.085	  31.02667711 121.43980797 1.0  0.0 0.0
2015-07-04-23 18 44.189	  31.02667711 121.43980797 1.0  0.0 0.0
2015-07-04-23 18 44.293	  31.02667711 121.43980797 1.0  0.0 0.0
2015-07-04-23 18 44.408	  31.02667711 121.43980797 1.0  0.0 0.0
2015-07-04-23 18 44.510	  31.02667711 121.43980797 1.0  0.0 0.0
2015-07-04-23 18 44.615	  31.02667711 121.43980797 1.0  0.0 0.0
2015-07-04-23 18 44.722	  31.02667711 121.43980797 1.0  0.0 0.0
2015-07-04-23 18 44.845	  31.02669637 121.43979856 1.0  0.0 0.0
2015-07-04-23 18 44.946	  31.02669637 121.43979856 1.0  0.0 0.0
2015-07-04-23 18 45.047	  31.02669637 121.43979856 1.0  0.0 0.0
2015-07-04-23 18 45.149	  31.02669637 121.43979856 1.0  0.0 0.0
2015-07-04-23 18 45.265	  31.02669637 121.43979856 1.0  0.0 0.0
2015-07-04-23 18 45.367	  31.02669637 121.43979856 1.0  0.0 0.0
2015-07-04-23 18 45.469	  31.02669637 121.43979856 1.0  0.0 0.0
2015-07-04-23 18 45.574	  31.02669637 121.43979856 1.0  0.0 0.0
2015-07-04-23 18 45.686	  31.02669637 121.43979856 1.0  0.0 0.0
2015-07-04-23 18 45.787	  31.02669637 121.43979856 1.0  0.0 0.0
2015-07-04-23 18 45.889	  31.02669637 121.43979856 1.0  0.0 0.0
2015-07-04-23 18 45.991	  31.02669637 121.43979856 1.0  0.0 0.0
2015-07-04-23 18 46.104	  31.02669637 121.43979856 1.0  0.0 0.0
2015-07-04-23 18 46.205	  31.02669637 121.43979856 1.0  0.0 0.0
2015-07-04-23 18 46.307	  31.02669637 121.43979856 1.0  0.0 0.0
2015-07-04-23 18 46.409	  31.02669637 121.43979856 1.0  0.0 0.0
2015-07-04-23 18 46.515	  31.02669637 121.43979856 1.0  0.0 0.0
2015-07-04-23 18 46.617	  31.02669637 121.43979856 1.0  0.0 0.0
2015-07-04-23 18 46.718	  31.02671549 121.43978931 1.0  0.0 0.0
2015-07-04-23 18 46.824	  31.02671549 121.43978931 1.0  0.0 0.0
2015-07-04-23 18 46.940	  31.02671549 121.43978931 1.0  0.0 0.0
2015-07-04-23 18 47.042	  31.02671549 121.43978931 1.0  0.0 0.0
2015-07-04-23 18 47.143	  31.02671549 121.43978931 1.0  0.0 0.0
2015-07-04-23 18 47.245	  31.02671549 121.43978931 1.0  0.0 0.0
2015-07-04-23 18 47.352	  31.02671549 121.43978931 1.0  0.0 0.0
2015-07-04-23 18 47.455	  31.02671549 121.43978931 1.0  0.0 0.0
2015-07-04-23 18 47.558	  31.02671549 121.43978931 1.0  0.0 0.0
2015-07-04-23 18 47.663	  31.02671549 121.43978931 1.0  0.0 0.0
2015-07-04-23 18 47.784	  31.02671549 121.43978931 1.0  0.0 0.0
2015-07-04-23 18 47.886	  31.02671549 121.43978931 1.0  0.0 0.0
2015-07-04-23 18 47.989	  31.02671549 121.43978931 1.0  0.0 0.0
2015-07-04-23 18 48.105	  31.02671549 121.43978931 1.0  0.0 0.0
2015-07-04-23 18 48.207	  31.02671549 121.43978931 1.0  0.0 0.0
2015-07-04-23 18 48.309	  31.02671549 121.43978931 1.0  0.0 0.0
2015-07-04-23 18 48.411	  31.02671549 121.43978931 1.0  0.0 0.0
2015-07-04-23 18 48.513	  31.02671549 121.43978931 1.0  0.0 0.0
2015-07-04-23 18 48.617	  31.02671549 121.43978931 1.0  0.0 0.0
2015-07-04-23 18 48.742	  31.02673565 121.43978038 1.0  0.0 0.0
2015-07-04-23 18 48.843	  31.02673565 121.43978038 1.0  0.0 0.0
2015-07-04-23 18 48.945	  31.02673565 121.43978038 1.0  0.0 0.0
2015-07-04-23 18 49.055	  31.02673565 121.43978038 1.0  0.0 0.0
2015-07-04-23 18 49.158	  31.02673565 121.43978038 1.0  0.0 0.0
2015-07-04-23 18 49.263	  31.02673565 121.43978038 1.0  0.0 0.0
2015-07-04-23 18 49.367	  31.02673565 121.43978038 1.0  0.0 0.0
2015-07-04-23 18 49.469	  31.02673565 121.43978038 1.0  0.0 0.0
2015-07-04-23 18 49.571	  31.02673565 121.43978038 1.0  0.0 0.0
2015-07-04-23 18 49.673	  31.02673565 121.43978038 1.0  0.0 0.0
2015-07-04-23 18 49.777	  31.02673565 121.43978038 1.0  0.0 0.0
2015-07-04-23 18 49.879	  31.02673565 121.43978038 1.0  0.0 0.0
2015-07-04-23 18 49.982	  31.02673565 121.43978038 1.0  0.0 0.0
2015-07-04-23 18 50.087	  31.02673565 121.43978038 1.0  0.0 0.0
2015-07-04-23 18 50.189	  31.02673565 121.43978038 1.0  0.0 0.0
2015-07-04-23 18 50.293	  31.02673565 121.43978038 1.0  0.0 0.0
2015-07-04-23 18 50.396	  31.02673565 121.43978038 1.0  0.0 0.0
2015-07-04-23 18 50.502	  31.02673565 121.43978038 1.0  0.0 0.0
2015-07-04-23 18 50.609	  31.02673565 121.43978038 1.0  0.0 0.0
2015-07-04-23 18 50.723	  31.02675678 121.43977371 1.0  0.0 0.0
2015-07-04-23 18 50.825	  31.02675678 121.43977371 1.0  0.0 0.0
2015-07-04-23 18 50.926	  31.02675678 121.43977371 1.0  0.0 0.0
2015-07-04-23 18 51.027	  31.02675678 121.43977371 1.0  0.0 0.0
2015-07-04-23 18 51.129	  31.02675678 121.43977371 1.0  0.0 0.0
2015-07-04-23 18 51.235	  31.02675678 121.43977371 1.0  0.0 0.0
2015-07-04-23 18 51.347	  31.02675678 121.43977371 1.0  0.0 0.0
2015-07-04-23 18 51.450	  31.02675678 121.43977371 1.0  0.0 0.0
2015-07-04-23 18 51.553	  31.02675678 121.43977371 1.0  0.0 0.0
2015-07-04-23 18 51.664	  31.02675678 121.43977371 1.0  0.0 0.0
2015-07-04-23 18 51.769	  31.02675678 121.43977371 1.0  0.0 0.0
2015-07-04-23 18 51.874	  31.02675678 121.43977371 1.0  0.0 0.0
2015-07-04-23 18 51.989	  31.02675678 121.43977371 1.0  0.0 0.0
2015-07-04-23 18 52.090	  31.02675678 121.43977371 1.0  0.0 0.0
2015-07-04-23 18 52.192	  31.02675678 121.43977371 1.0  0.0 0.0
2015-07-04-23 18 52.311	  31.02675678 121.43977371 1.0  0.0 0.0
2015-07-04-23 18 52.412	  31.02675678 121.43977371 1.0  0.0 0.0
2015-07-04-23 18 52.514	  31.02675678 121.43977371 1.0  0.0 0.0
2015-07-04-23 18 52.620	  31.02675678 121.43977371 1.0  0.0 0.0
2015-07-04-23 18 52.724	  31.02675678 121.43977371 1.0  0.0 0.0
2015-07-04-23 18 52.831	  31.02677888 121.43976531 1.0  0.0 0.0
2015-07-04-23 18 52.939	  31.02677888 121.43976531 1.0  0.0 0.0
2015-07-04-23 18 53.042	  31.02677888 121.43976531 1.0  0.0 0.0
2015-07-04-23 18 53.143	  31.02677888 121.43976531 1.0  0.0 0.0
2015-07-04-23 18 53.244	  31.02677888 121.43976531 1.0  0.0 0.0
2015-07-04-23 18 53.347	  31.02677888 121.43976531 1.0  0.0 0.0
2015-07-04-23 18 53.450	  31.02677888 121.43976531 1.0  0.0 0.0
2015-07-04-23 18 53.554	  31.02677888 121.43976531 1.0  0.0 0.0
2015-07-04-23 18 53.660	  31.02677888 121.43976531 1.0  0.0 0.0
2015-07-04-23 18 53.762	  31.02677888 121.43976531 1.0  0.0 0.0
2015-07-04-23 18 53.864	  31.02677888 121.43976531 1.0  0.0 0.0
2015-07-04-23 18 53.969	  31.02677888 121.43976531 1.0  0.0 0.0
2015-07-04-23 18 54.073	  31.02677888 121.43976531 1.0  0.0 0.0
2015-07-04-23 18 54.182	  31.02677888 121.43976531 1.0  0.0 0.0
2015-07-04-23 18 54.298	  31.02677888 121.43976531 1.0  0.0 0.0
2015-07-04-23 18 54.400	  31.02677888 121.43976531 1.0  0.0 0.0
2015-07-04-23 18 54.503	  31.02677888 121.43976531 1.0  0.0 0.0
2015-07-04-23 18 54.612	  31.02677888 121.43976531 1.0  0.0 0.0
2015-07-04-23 18 54.714	  31.02679941 121.43975564 1.0  0.0 0.0
2015-07-04-23 18 54.819	  31.02679941 121.43975564 1.0  0.0 0.0
2015-07-04-23 18 54.927	  31.02679941 121.43975564 1.0  0.0 0.0
2015-07-04-23 18 55.031	  31.02679941 121.43975564 1.0  0.0 0.0
2015-07-04-23 18 55.136	  31.02679941 121.43975564 1.0  0.0 0.0
2015-07-04-23 18 55.246	  31.02679941 121.43975564 1.0  0.0 0.0
2015-07-04-23 18 55.347	  31.02679941 121.43975564 1.0  0.0 0.0
2015-07-04-23 18 55.449	  31.02679941 121.43975564 1.0  0.0 0.0
2015-07-04-23 18 55.558	  31.02679941 121.43975564 1.0  0.0 0.0
2015-07-04-23 18 55.662	  31.02679941 121.43975564 1.0  0.0 0.0
2015-07-04-23 18 55.766	  31.02679941 121.43975564 1.0  0.0 0.0
2015-07-04-23 18 55.874	  31.02679941 121.43975564 1.0  0.0 0.0
2015-07-04-23 18 55.977	  31.02679941 121.43975564 1.0  0.0 0.0
2015-07-04-23 18 56.085	  31.02679941 121.43975564 1.0  0.0 0.0
2015-07-04-23 18 56.195	  31.02679941 121.43975564 1.0  0.0 0.0
2015-07-04-23 18 56.297	  31.02679941 121.43975564 1.0  0.0 0.0
2015-07-04-23 18 56.399	  31.02679941 121.43975564 1.0  0.0 0.0
2015-07-04-23 18 56.506	  31.02679941 121.43975564 1.0  0.0 0.0
2015-07-04-23 18 56.611	  31.02679941 121.43975564 1.0  0.0 0.0
2015-07-04-23 18 56.717	  31.0268205 121.43974666 1.0  0.0 0.0
2015-07-04-23 18 56.823	  31.0268205 121.43974666 1.0  0.0 0.0
2015-07-04-23 18 56.925	  31.0268205 121.43974666 1.0  0.0 0.0
2015-07-04-23 18 57.027	  31.0268205 121.43974666 1.0  0.0 0.0
2015-07-04-23 18 57.139	  31.0268205 121.43974666 1.0  0.0 0.0
2015-07-04-23 18 57.241	  31.0268205 121.43974666 1.0  0.0 0.0
2015-07-04-23 18 57.343	  31.0268205 121.43974666 1.0  0.0 0.0
2015-07-04-23 18 57.459	  31.0268205 121.43974666 1.0  0.0 0.0
2015-07-04-23 18 57.562	  31.0268205 121.43974666 1.0  0.0 0.0
2015-07-04-23 18 57.666	  31.0268205 121.43974666 1.0  0.0 0.0
2015-07-04-23 18 57.772	  31.0268205 121.43974666 1.0  0.0 0.0
2015-07-04-23 18 57.873	  31.0268205 121.43974666 1.0  0.0 0.0
2015-07-04-23 18 57.975	  31.0268205 121.43974666 1.0  0.0 0.0
2015-07-04-23 18 58.079	  31.0268205 121.43974666 1.0  0.0 0.0
2015-07-04-23 18 58.184	  31.0268205 121.43974666 1.0  0.0 0.0
2015-07-04-23 18 58.285	  31.0268205 121.43974666 1.0  0.0 0.0
2015-07-04-23 18 58.386	  31.0268205 121.43974666 1.0  0.0 0.0
2015-07-04-23 18 58.492	  31.0268205 121.43974666 1.0  0.0 0.0
2015-07-04-23 18 58.594	  31.0268205 121.43974666 1.0  0.0 0.0
2015-07-04-23 18 58.698	  31.0268205 121.43974666 1.0  0.0 0.0
2015-07-04-23 18 58.811	  31.0268205 121.43974666 1.0  0.0 0.0
2015-07-04-23 18 58.912	  31.0268205 121.43974666 1.0  0.0 0.0
2015-07-04-23 18 59.014	  31.0268205 121.43974666 1.0  0.0 0.0
2015-07-04-23 18 59.120	  31.0268205 121.43974666 1.0  0.0 0.0
2015-07-04-23 18 59.227	  31.02684023 121.4397366 1.0  0.0 0.0
2015-07-04-23 18 59.348	  31.02684023 121.4397366 1.0  0.0 0.0
2015-07-04-23 18 59.455	  31.02684023 121.4397366 1.0  0.0 0.0
2015-07-04-23 18 59.559	  31.02684023 121.4397366 1.0  0.0 0.0
2015-07-04-23 18 59.663	  31.02684023 121.4397366 1.0  0.0 0.0
2015-07-04-23 18 59.772	  31.02684023 121.4397366 1.0  0.0 0.0
2015-07-04-23 18 59.874	  31.02684023 121.4397366 1.0  0.0 0.0
2015-07-04-23 18 59.977	  31.02684023 121.4397366 1.0  0.0 0.0
2015-07-04-23 19 00.121	  31.02684023 121.4397366 1.0  0.0 0.0
2015-07-04-23 19 00.229	  31.02684023 121.4397366 1.0  0.0 0.0
2015-07-04-23 19 00.340	  31.02684023 121.4397366 1.0  0.0 0.0
2015-07-04-23 19 00.442	  31.02684023 121.4397366 1.0  0.0 0.0
2015-07-04-23 19 00.543	  31.02684023 121.4397366 1.0  0.0 0.0
2015-07-04-23 19 00.650	  31.02684023 121.4397366 1.0  0.0 0.0
2015-07-04-23 19 00.757	  31.02684023 121.4397366 1.0  0.0 0.0
2015-07-04-23 19 00.863	  31.02685991 121.43972733 1.0  0.0 0.0
2015-07-04-23 19 01.000	  31.02685991 121.43972733 1.0  0.0 0.0
2015-07-04-23 19 01.105	  31.02685991 121.43972733 1.0  0.0 0.0
2015-07-04-23 19 01.210	  31.02685991 121.43972733 1.0  0.0 0.0
2015-07-04-23 19 01.311	  31.02685991 121.43972733 1.0  0.0 0.0
2015-07-04-23 19 01.413	  31.02685991 121.43972733 1.0  0.0 0.0
2015-07-04-23 19 01.563	  31.02685991 121.43972733 1.0  0.0 0.0
2015-07-04-23 19 01.666	  31.02685991 121.43972733 1.0  0.0 0.0
2015-07-04-23 19 01.780	  31.02685991 121.43972733 1.0  0.0 0.0
2015-07-04-23 19 01.882	  31.02685991 121.43972733 1.0  0.0 0.0
2015-07-04-23 19 01.984	  31.02685991 121.43972733 1.0  0.0 0.0
2015-07-04-23 19 02.129	  31.02685991 121.43972733 1.0  0.0 0.0
2015-07-04-23 19 02.235	  31.02685991 121.43972733 1.0  0.0 0.0
2015-07-04-23 19 02.347	  31.02685991 121.43972733 1.0  0.0 0.0
2015-07-04-23 19 02.448	  31.02685991 121.43972733 1.0  0.0 0.0
2015-07-04-23 19 02.550	  31.02685991 121.43972733 1.0  0.0 0.0
2015-07-04-23 19 02.721	  31.02687947 121.43971643 1.0  0.0 0.0
2015-07-04-23 19 02.823	  31.02687947 121.43971643 1.0  0.0 0.0
2015-07-04-23 19 02.934	  31.02687947 121.43971643 1.0  0.0 0.0
2015-07-04-23 19 03.040	  31.02687947 121.43971643 1.0  0.0 0.0
2015-07-04-23 19 03.145	  31.02687947 121.43971643 1.0  0.0 0.0
2015-07-04-23 19 03.300	  31.02687947 121.43971643 1.0  0.0 0.0
2015-07-04-23 19 03.404	  31.02687947 121.43971643 1.0  0.0 0.0
2015-07-04-23 19 03.509	  31.02687947 121.43971643 1.0  0.0 0.0
2015-07-04-23 19 03.613	  31.02687947 121.43971643 1.0  0.0 0.0
2015-07-04-23 19 03.715	  31.02687947 121.43971643 1.0  0.0 0.0
2015-07-04-23 19 03.818	  31.02687947 121.43971643 1.0  0.0 0.0
2015-07-04-23 19 03.975	  31.02687947 121.43971643 1.0  0.0 0.0
2015-07-04-23 19 04.079	  31.02687947 121.43971643 1.0  0.0 0.0
2015-07-04-23 19 04.189	  31.02687947 121.43971643 1.0  0.0 0.0
2015-07-04-23 19 04.292	  31.02687947 121.43971643 1.0  0.0 0.0
2015-07-04-23 19 04.395	  31.02687947 121.43971643 1.0  0.0 0.0
2015-07-04-23 19 04.506	  31.02687947 121.43971643 1.0  0.0 0.0
2015-07-04-23 19 04.610	  31.02687947 121.43971643 1.0  0.0 0.0
2015-07-04-23 19 04.714	  31.02690066 121.43970434 1.25  0.0 0.0
2015-07-04-23 19 04.817	  31.02690066 121.43970434 1.25  0.0 0.0
2015-07-04-23 19 04.932	  31.02690066 121.43970434 1.25  0.0 0.0
2015-07-04-23 19 05.035	  31.02690066 121.43970434 1.25  0.0 0.0
2015-07-04-23 19 05.137	  31.02690066 121.43970434 1.25  0.0 0.0
2015-07-04-23 19 05.240	  31.02690066 121.43970434 1.25  0.0 0.0
2015-07-04-23 19 05.345	  31.02690066 121.43970434 1.25  0.0 0.0
2015-07-04-23 19 05.457	  31.02690066 121.43970434 1.25  0.0 0.0
2015-07-04-23 19 05.559	  31.02690066 121.43970434 1.25  0.0 0.0
2015-07-04-23 19 05.664	  31.02690066 121.43970434 1.25  0.0 0.0
2015-07-04-23 19 05.768	  31.02690066 121.43970434 1.25  0.0 0.0
2015-07-04-23 19 05.880	  31.02690066 121.43970434 1.25  0.0 0.0
2015-07-04-23 19 05.983	  31.02690066 121.43970434 1.25  0.0 0.0
2015-07-04-23 19 06.087	  31.02690066 121.43970434 1.25  0.0 0.0
2015-07-04-23 19 06.190	  31.02690066 121.43970434 1.25  0.0 0.0
2015-07-04-23 19 06.291	  31.02690066 121.43970434 1.25  0.0 0.0
2015-07-04-23 19 06.396	  31.02690066 121.43970434 1.25  0.0 0.0
2015-07-04-23 19 06.511	  31.02690066 121.43970434 1.25  0.0 0.0
2015-07-04-23 19 06.613	  31.02690066 121.43970434 1.25  0.0 0.0
2015-07-04-23 19 06.714	  31.0269205 121.4396923 1.25  0.0 0.0
2015-07-04-23 19 06.816	  31.0269205 121.4396923 1.25  0.0 0.0
2015-07-04-23 19 06.919	  31.0269205 121.4396923 1.25  0.0 0.0
2015-07-04-23 19 07.022	  31.0269205 121.4396923 1.25  0.0 0.0
2015-07-04-23 19 07.139	  31.0269205 121.4396923 1.25  0.0 0.0
2015-07-04-23 19 07.242	  31.0269205 121.4396923 1.25  0.0 0.0
2015-07-04-23 19 07.347	  31.0269205 121.4396923 1.25  0.0 0.0
2015-07-04-23 19 07.452	  31.0269205 121.4396923 1.25  0.0 0.0
2015-07-04-23 19 07.566	  31.0269205 121.4396923 1.25  0.0 0.0
2015-07-04-23 19 07.668	  31.0269205 121.4396923 1.25  0.0 0.0
2015-07-04-23 19 07.771	  31.0269205 121.4396923 1.25  0.0 0.0
2015-07-04-23 19 07.873	  31.0269205 121.4396923 1.25  0.0 0.0
2015-07-04-23 19 07.974	  31.0269205 121.4396923 1.25  0.0 0.0
2015-07-04-23 19 08.079	  31.0269205 121.4396923 1.25  0.0 0.0
2015-07-04-23 19 08.196	  31.0269205 121.4396923 1.25  0.0 0.0
2015-07-04-23 19 08.298	  31.0269205 121.4396923 1.25  0.0 0.0
2015-07-04-23 19 08.416	  31.0269205 121.4396923 1.25  0.0 0.0
2015-07-04-23 19 08.517	  31.0269205 121.4396923 1.25  0.0 0.0
2015-07-04-23 19 08.686	  31.02694124 121.43968518 1.25  0.0 0.0
2015-07-04-23 19 08.788	  31.02694124 121.43968518 1.25  0.0 0.0
2015-07-04-23 19 08.893	  31.02694124 121.43968518 1.25  0.0 0.0
2015-07-04-23 19 08.996	  31.02694124 121.43968518 1.25  0.0 0.0
2015-07-04-23 19 09.102	  31.02694124 121.43968518 1.25  0.0 0.0
2015-07-04-23 19 09.207	  31.02694124 121.43968518 1.25  0.0 0.0
2015-07-04-23 19 09.318	  31.02694124 121.43968518 1.25  0.0 0.0
2015-07-04-23 19 09.420	  31.02694124 121.43968518 1.25  0.0 0.0
2015-07-04-23 19 09.523	  31.02694124 121.43968518 1.25  0.0 0.0
2015-07-04-23 19 09.626	  31.02694124 121.43968518 1.25  0.0 0.0
2015-07-04-23 19 09.736	  31.02694124 121.43968518 1.25  0.0 0.0
2015-07-04-23 19 09.838	  31.02694124 121.43968518 1.25  0.0 0.0
2015-07-04-23 19 09.939	  31.02694124 121.43968518 1.25  0.0 0.0
2015-07-04-23 19 10.041	  31.02694124 121.43968518 1.25  0.0 0.0
2015-07-04-23 19 10.142	  31.02694124 121.43968518 1.25  0.0 0.0
2015-07-04-23 19 10.251	  31.02694124 121.43968518 1.25  0.0 0.0
2015-07-04-23 19 10.363	  31.02694124 121.43968518 1.25  0.0 0.0
2015-07-04-23 19 10.464	  31.02694124 121.43968518 1.25  0.0 0.0
2015-07-04-23 19 10.566	  31.02694124 121.43968518 1.25  0.0 0.0
2015-07-04-23 19 10.668	  31.02696241 121.4396789 1.25  0.0 0.0
2015-07-04-23 19 10.771	  31.02696241 121.4396789 1.25  0.0 0.0
2015-07-04-23 19 10.874	  31.02696241 121.4396789 1.25  0.0 0.0
2015-07-04-23 19 10.978	  31.02696241 121.4396789 1.25  0.0 0.0
2015-07-04-23 19 11.081	  31.02696241 121.4396789 1.25  0.0 0.0
2015-07-04-23 19 11.189	  31.02696241 121.4396789 1.25  0.0 0.0
2015-07-04-23 19 11.294	  31.02696241 121.4396789 1.25  0.0 0.0
2015-07-04-23 19 11.411	  31.02696241 121.4396789 1.25  0.0 0.0
2015-07-04-23 19 11.513	  31.02696241 121.4396789 1.25  0.0 0.0
2015-07-04-23 19 11.617	  31.02696241 121.4396789 1.25  0.0 0.0
2015-07-04-23 19 11.722	  31.02696241 121.4396789 1.25  0.0 0.0
2015-07-04-23 19 11.833	  31.02696241 121.4396789 1.25  0.0 0.0
2015-07-04-23 19 11.937	  31.02696241 121.4396789 1.25  0.0 0.0
2015-07-04-23 19 12.047	  31.02696241 121.4396789 1.25  0.0 0.0
2015-07-04-23 19 12.156	  31.02696241 121.4396789 1.25  0.0 0.0
2015-07-04-23 19 12.260	  31.02696241 121.4396789 1.25  0.0 0.0
2015-07-04-23 19 12.367	  31.02696241 121.4396789 1.25  0.0 0.0
2015-07-04-23 19 12.481	  31.02696241 121.4396789 1.25  0.0 0.0
2015-07-04-23 19 12.583	  31.02696241 121.4396789 1.25  0.0 0.0
2015-07-04-23 19 12.685	  31.02698052 121.43967147 1.25  0.0 0.0
2015-07-04-23 19 12.788	  31.02698052 121.43967147 1.25  0.0 0.0
2015-07-04-23 19 12.902	  31.02698052 121.43967147 1.25  0.0 0.0
2015-07-04-23 19 13.007	  31.02698052 121.43967147 1.25  0.0 0.0
2015-07-04-23 19 13.120	  31.02698052 121.43967147 1.25  0.0 0.0
2015-07-04-23 19 13.223	  31.02698052 121.43967147 1.25  0.0 0.0
2015-07-04-23 19 13.328	  31.02698052 121.43967147 1.25  0.0 0.0
2015-07-04-23 19 13.433	  31.02698052 121.43967147 1.25  0.0 0.0
2015-07-04-23 19 13.538	  31.02698052 121.43967147 1.25  0.0 0.0
2015-07-04-23 19 13.644	  31.02698052 121.43967147 1.25  0.0 0.0
2015-07-04-23 19 13.749	  31.02698052 121.43967147 1.25  0.0 0.0
2015-07-04-23 19 13.857	  31.02698052 121.43967147 1.25  0.0 0.0
2015-07-04-23 19 13.961	  31.02698052 121.43967147 1.25  0.0 0.0
2015-07-04-23 19 14.068	  31.02698052 121.43967147 1.25  0.0 0.0
2015-07-04-23 19 14.169	  31.02698052 121.43967147 1.25  0.0 0.0
2015-07-04-23 19 14.273	  31.02698052 121.43967147 1.25  0.0 0.0
2015-07-04-23 19 14.376	  31.02698052 121.43967147 1.25  0.0 0.0
2015-07-04-23 19 14.489	  31.02698052 121.43967147 1.25  0.0 0.0
2015-07-04-23 19 14.591	  31.02698052 121.43967147 1.25  0.0 0.0
2015-07-04-23 19 14.697	  31.02699833 121.43966377 1.25  0.0 0.0
2015-07-04-23 19 14.800	  31.02699833 121.43966377 1.25  0.0 0.0
2015-07-04-23 19 14.907	  31.02699833 121.43966377 1.25  0.0 0.0
2015-07-04-23 19 15.009	  31.02699833 121.43966377 1.25  0.0 0.0
2015-07-04-23 19 15.114	  31.02699833 121.43966377 1.25  0.0 0.0
2015-07-04-23 19 15.216	  31.02699833 121.43966377 1.25  0.0 0.0
2015-07-04-23 19 15.327	  31.02699833 121.43966377 1.25  0.0 0.0
2015-07-04-23 19 15.429	  31.02699833 121.43966377 1.25  0.0 0.0
2015-07-04-23 19 15.537	  31.02699833 121.43966377 1.25  0.0 0.0
2015-07-04-23 19 15.643	  31.02699833 121.43966377 1.25  0.0 0.0
2015-07-04-23 19 15.793	  31.02699833 121.43966377 1.25  0.0 0.0
2015-07-04-23 19 15.894	  31.02699833 121.43966377 1.25  0.0 0.0
2015-07-04-23 19 16.000	  31.02699833 121.43966377 1.25  0.0 0.0
2015-07-04-23 19 16.105	  31.02699833 121.43966377 1.25  0.0 0.0
2015-07-04-23 19 16.214	  31.02699833 121.43966377 1.25  0.0 0.0
2015-07-04-23 19 16.316	  31.02699833 121.43966377 1.25  0.0 0.0
2015-07-04-23 19 16.426	  31.02699833 121.43966377 1.25  0.0 0.0
2015-07-04-23 19 16.529	  31.02699833 121.43966377 1.25  0.0 0.0
2015-07-04-23 19 16.635	  31.02699833 121.43966377 1.25  0.0 0.0
2015-07-04-23 19 16.739	  31.02701678 121.43965357 1.25  0.0 0.0
2015-07-04-23 19 16.851	  31.02701678 121.43965357 1.25  0.0 0.0
2015-07-04-23 19 16.954	  31.02701678 121.43965357 1.25  0.0 0.0
2015-07-04-23 19 17.066	  31.02701678 121.43965357 1.25  0.0 0.0
2015-07-04-23 19 17.168	  31.02701678 121.43965357 1.25  0.0 0.0
2015-07-04-23 19 17.275	  31.02701678 121.43965357 1.25  0.0 0.0
2015-07-04-23 19 17.379	  31.02701678 121.43965357 1.25  0.0 0.0
2015-07-04-23 19 17.491	  31.02701678 121.43965357 1.25  0.0 0.0
2015-07-04-23 19 17.592	  31.02701678 121.43965357 1.25  0.0 0.0
2015-07-04-23 19 17.696	  31.02701678 121.43965357 1.25  0.0 0.0
2015-07-04-23 19 17.802	  31.02701678 121.43965357 1.25  0.0 0.0
2015-07-04-23 19 17.913	  31.02701678 121.43965357 1.25  0.0 0.0
2015-07-04-23 19 18.014	  31.02701678 121.43965357 1.25  0.0 0.0
2015-07-04-23 19 18.118	  31.02701678 121.43965357 1.25  0.0 0.0
2015-07-04-23 19 18.220	  31.02701678 121.43965357 1.25  0.0 0.0
2015-07-04-23 19 18.333	  31.02701678 121.43965357 1.25  0.0 0.0
2015-07-04-23 19 18.441	  31.02701678 121.43965357 1.25  0.0 0.0
2015-07-04-23 19 18.612	  31.02701678 121.43965357 1.25  0.0 0.0
2015-07-04-23 19 18.732	  31.02701678 121.43965357 1.25  0.0 0.0
2015-07-04-23 19 18.835	  31.02701678 121.43965357 1.25  0.0 0.0
2015-07-04-23 19 18.964	  31.02701678 121.43965357 1.25  0.0 0.0
2015-07-04-23 19 19.067	  31.02701678 121.43965357 1.25  0.0 0.0
2015-07-04-23 19 19.203	  31.02701678 121.43965357 1.25  0.0 0.0
2015-07-04-23 19 19.307	  31.02701678 121.43965357 1.25  0.0 0.0
2015-07-04-23 19 19.458	  31.02701678 121.43965357 1.25  0.0 0.0
2015-07-04-23 19 19.563	  31.02701678 121.43965357 1.25  0.0 0.0
2015-07-04-23 19 19.731	  31.02704312 121.43964426 1.25  0.0 0.0
2015-07-04-23 19 19.834	  31.02704312 121.43964426 1.25  0.0 0.0
2015-07-04-23 19 19.935	  31.02704312 121.43964426 1.25  0.0 0.0
2015-07-04-23 19 20.040	  31.02704312 121.43964426 1.25  0.0 0.0
2015-07-04-23 19 20.142	  31.02704312 121.43964426 1.25  0.0 0.0
2015-07-04-23 19 20.248	  31.02704312 121.43964426 1.25  0.0 0.0
2015-07-04-23 19 20.351	  31.02704312 121.43964426 1.25  0.0 0.0
2015-07-04-23 19 20.461	  31.02704312 121.43964426 1.25  0.0 0.0
2015-07-04-23 19 20.563	  31.02704312 121.43964426 1.25  0.0 0.0
2015-07-04-23 19 20.677	  31.02704312 121.43964426 1.25  0.0 0.0
2015-07-04-23 19 20.783	  31.02704312 121.43964426 1.25  0.0 0.0
2015-07-04-23 19 20.904	  31.02704312 121.43964426 1.25  0.0 0.0
2015-07-04-23 19 21.006	  31.02704312 121.43964426 1.25  0.0 0.0
2015-07-04-23 19 21.128	  31.02704312 121.43964426 1.25  0.0 0.0
2015-07-04-23 19 21.240	  31.02704312 121.43964426 1.25  0.0 0.0
2015-07-04-23 19 21.344	  31.02704312 121.43964426 1.25  0.0 0.0
2015-07-04-23 19 21.456	  31.02704312 121.43964426 1.25  0.0 0.0
2015-07-04-23 19 21.559	  31.02704312 121.43964426 1.25  0.0 0.0
2015-07-04-23 19 21.690	  31.02706115 121.43963528 1.25  0.0 0.0
2015-07-04-23 19 21.795	  31.02706115 121.43963528 1.25  0.0 0.0
2015-07-04-23 19 21.949	  31.02706115 121.43963528 1.25  0.0 0.0
2015-07-04-23 19 22.051	  31.02706115 121.43963528 1.25  0.0 0.0
2015-07-04-23 19 22.155	  31.02706115 121.43963528 1.25  0.0 0.0
2015-07-04-23 19 22.312	  31.02706115 121.43963528 1.25  0.0 0.0
2015-07-04-23 19 22.416	  31.02706115 121.43963528 1.25  0.0 0.0
2015-07-04-23 19 22.562	  31.02706115 121.43963528 1.25  0.0 0.0
2015-07-04-23 19 22.665	  31.02706115 121.43963528 1.25  0.0 0.0
2015-07-04-23 19 22.767	  31.02706115 121.43963528 1.25  0.0 0.0
2015-07-04-23 19 22.916	  31.02706115 121.43963528 1.25  0.0 0.0
2015-07-04-23 19 23.019	  31.02706115 121.43963528 1.25  0.0 0.0
2015-07-04-23 19 23.172	  31.02706115 121.43963528 1.25  0.0 0.0
2015-07-04-23 19 23.285	  31.02706115 121.43963528 1.25  0.0 0.0
2015-07-04-23 19 23.388	  31.02706115 121.43963528 1.25  0.0 0.0
2015-07-04-23 19 23.531	  31.02706115 121.43963528 1.25  0.0 0.0
2015-07-04-23 19 23.706	  31.02707938 121.43962804 1.25  0.0 0.0
2015-07-04-23 19 23.809	  31.02707938 121.43962804 1.25  0.0 0.0
2015-07-04-23 19 23.944	  31.02707938 121.43962804 1.25  0.0 0.0
2015-07-04-23 19 24.049	  31.02707938 121.43962804 1.25  0.0 0.0
2015-07-04-23 19 24.211	  31.02707938 121.43962804 1.25  0.0 0.0
2015-07-04-23 19 24.313	  31.02707938 121.43962804 1.25  0.0 0.0
2015-07-04-23 19 24.467	  31.02707938 121.43962804 1.25  0.0 0.0
2015-07-04-23 19 24.580	  31.02707938 121.43962804 1.25  0.0 0.0
2015-07-04-23 19 24.683	  31.02707938 121.43962804 1.25  0.0 0.0
2015-07-04-23 19 24.818	  31.02707938 121.43962804 1.25  0.0 0.0
2015-07-04-23 19 24.920	  31.02707938 121.43962804 1.25  0.0 0.0
2015-07-04-23 19 25.069	  31.02707938 121.43962804 1.25  0.0 0.0
2015-07-04-23 19 25.176	  31.02707938 121.43962804 1.25  0.0 0.0
2015-07-04-23 19 25.282	  31.02707938 121.43962804 1.25  0.0 0.0
2015-07-04-23 19 25.454	  31.02707938 121.43962804 1.25  0.0 0.0
2015-07-04-23 19 25.556	  31.02707938 121.43962804 1.25  0.0 0.0
2015-07-04-23 19 25.668	  31.02709641 121.43961971 1.25  0.0 0.0
2015-07-04-23 19 25.771	  31.02709641 121.43961971 1.25  0.0 0.0
2015-07-04-23 19 25.873	  31.02709641 121.43961971 1.25  0.0 0.0
2015-07-04-23 19 26.005	  31.02709641 121.43961971 1.25  0.0 0.0
2015-07-04-23 19 26.110	  31.02709641 121.43961971 1.25  0.0 0.0
2015-07-04-23 19 26.261	  31.02709641 121.43961971 1.25  0.0 0.0
2015-07-04-23 19 26.367	  31.02709641 121.43961971 1.25  0.0 0.0
2015-07-04-23 19 26.469	  31.02709641 121.43961971 1.25  0.0 0.0
2015-07-04-23 19 26.616	  31.02709641 121.43961971 1.25  0.0 0.0
2015-07-04-23 19 26.719	  31.02709641 121.43961971 1.25  0.0 0.0
2015-07-04-23 19 26.831	  31.02709641 121.43961971 1.25  0.0 0.0
2015-07-04-23 19 26.935	  31.02709641 121.43961971 1.25  0.0 0.0
2015-07-04-23 19 27.038	  31.02709641 121.43961971 1.25  0.0 0.0
2015-07-04-23 19 27.207	  31.02709641 121.43961971 1.25  0.0 0.0
2015-07-04-23 19 27.308	  31.02709641 121.43961971 1.25  0.0 0.0
2015-07-04-23 19 27.411	  31.02709641 121.43961971 1.25  0.0 0.0
2015-07-04-23 19 27.531	  31.02709641 121.43961971 1.25  0.0 0.0
2015-07-04-23 19 27.637	  31.02711606 121.43961883 1.25  0.0 0.0
2015-07-04-23 19 27.806	  31.02711606 121.43961883 1.25  0.0 0.0
2015-07-04-23 19 27.910	  31.02711606 121.43961883 1.25  0.0 0.0
2015-07-04-23 19 28.014	  31.02711606 121.43961883 1.25  0.0 0.0
2015-07-04-23 19 28.180	  31.02711606 121.43961883 1.25  0.0 0.0
2015-07-04-23 19 28.284	  31.02711606 121.43961883 1.25  0.0 0.0
2015-07-04-23 19 28.387	  31.02711606 121.43961883 1.25  0.0 0.0
2015-07-04-23 19 28.506	  31.02711606 121.43961883 1.25  0.0 0.0
2015-07-04-23 19 28.612	  31.02711606 121.43961883 1.25  0.0 0.0
2015-07-04-23 19 28.726	  31.02711606 121.43961883 1.25  0.0 0.0
2015-07-04-23 19 28.829	  31.02711606 121.43961883 1.25  0.0 0.0
2015-07-04-23 19 28.966	  31.02711606 121.43961883 1.25  0.0 0.0
2015-07-04-23 19 29.071	  31.02711606 121.43961883 1.25  0.0 0.0
2015-07-04-23 19 29.176	  31.02711606 121.43961883 1.25  0.0 0.0
2015-07-04-23 19 29.314	  31.02711606 121.43961883 1.25  0.0 0.0
2015-07-04-23 19 29.416	  31.02711606 121.43961883 1.25  0.0 0.0
2015-07-04-23 19 29.553	  31.02711606 121.43961883 1.25  0.0 0.0
2015-07-04-23 19 29.662	  31.0271368 121.43961485 1.25  0.0 0.0
2015-07-04-23 19 29.766	  31.0271368 121.43961485 1.25  0.0 0.0
2015-07-04-23 19 29.900	  31.0271368 121.43961485 1.25  0.0 0.0
2015-07-04-23 19 30.003	  31.0271368 121.43961485 1.25  0.0 0.0
2015-07-04-23 19 30.106	  31.0271368 121.43961485 1.25  0.0 0.0
2015-07-04-23 19 30.261	  31.0271368 121.43961485 1.25  0.0 0.0
2015-07-04-23 19 30.363	  31.0271368 121.43961485 1.25  0.0 0.0
2015-07-04-23 19 30.465	  31.0271368 121.43961485 1.25  0.0 0.0
2015-07-04-23 19 30.612	  31.0271368 121.43961485 1.25  0.0 0.0
2015-07-04-23 19 30.716	  31.0271368 121.43961485 1.25  0.0 0.0
2015-07-04-23 19 30.818	  31.0271368 121.43961485 1.25  0.0 0.0
2015-07-04-23 19 30.935	  31.0271368 121.43961485 1.25  0.0 0.0
2015-07-04-23 19 31.037	  31.0271368 121.43961485 1.25  0.0 0.0
2015-07-04-23 19 31.139	  31.0271368 121.43961485 1.25  0.0 0.0
2015-07-04-23 19 31.310	  31.0271368 121.43961485 1.25  0.0 0.0
2015-07-04-23 19 31.416	  31.0271368 121.43961485 1.25  0.0 0.0
2015-07-04-23 19 31.522	  31.0271368 121.43961485 1.25  0.0 0.0
2015-07-04-23 19 31.692	  31.02715657 121.43961037 1.25  0.0 0.0
2015-07-04-23 19 31.797	  31.02715657 121.43961037 1.25  0.0 0.0
2015-07-04-23 19 31.899	  31.02715657 121.43961037 1.25  0.0 0.0
2015-07-04-23 19 32.050	  31.02715657 121.43961037 1.25  0.0 0.0
2015-07-04-23 19 32.155	  31.02715657 121.43961037 1.25  0.0 0.0
2015-07-04-23 19 32.257	  31.02715657 121.43961037 1.25  0.0 0.0
2015-07-04-23 19 32.412	  31.02715657 121.43961037 1.25  0.0 0.0
2015-07-04-23 19 32.520	  31.02715657 121.43961037 1.25  0.0 0.0
2015-07-04-23 19 32.627	  31.02715657 121.43961037 1.25  0.0 0.0
2015-07-04-23 19 32.804	  31.02715657 121.43961037 1.25  0.0 0.0
2015-07-04-23 19 32.909	  31.02715657 121.43961037 1.25  0.0 0.0
2015-07-04-23 19 33.012	  31.02715657 121.43961037 1.25  0.0 0.0
2015-07-04-23 19 33.159	  31.02715657 121.43961037 1.25  0.0 0.0
2015-07-04-23 19 33.267	  31.02715657 121.43961037 1.25  0.0 0.0
2015-07-04-23 19 33.370	  31.02715657 121.43961037 1.25  0.0 0.0
2015-07-04-23 19 33.516	  31.02715657 121.43961037 1.25  0.0 0.0
2015-07-04-23 19 33.622	  31.02715657 121.43961037 1.25  0.0 0.0
2015-07-04-23 19 33.725	  31.02717438 121.4396069 1.25  0.0 0.0
2015-07-04-23 19 33.831	  31.02717438 121.4396069 1.25  0.0 0.0
2015-07-04-23 19 33.933	  31.02717438 121.4396069 1.25  0.0 0.0
2015-07-04-23 19 34.071	  31.02717438 121.4396069 1.25  0.0 0.0
2015-07-04-23 19 34.179	  31.02717438 121.4396069 1.25  0.0 0.0
2015-07-04-23 19 34.281	  31.02717438 121.4396069 1.25  0.0 0.0
2015-07-04-23 19 34.411	  31.02717438 121.4396069 1.25  0.0 0.0
2015-07-04-23 19 34.516	  31.02717438 121.4396069 1.25  0.0 0.0
2015-07-04-23 19 34.620	  31.02717438 121.4396069 1.25  0.0 0.0
2015-07-04-23 19 34.779	  31.02717438 121.4396069 1.25  0.0 0.0
2015-07-04-23 19 34.884	  31.02717438 121.4396069 1.25  0.0 0.0
2015-07-04-23 19 34.987	  31.02717438 121.4396069 1.25  0.0 0.0
2015-07-04-23 19 35.116	  31.02717438 121.4396069 1.25  0.0 0.0
2015-07-04-23 19 35.224	  31.02717438 121.4396069 1.25  0.0 0.0
2015-07-04-23 19 35.329	  31.02717438 121.4396069 1.25  0.0 0.0
2015-07-04-23 19 35.498	  31.02717438 121.4396069 1.25  0.0 0.0
2015-07-04-23 19 35.656	  31.02717438 121.4396069 1.25  0.0 0.0
2015-07-04-23 19 35.759	  31.02717438 121.4396069 1.25  0.0 0.0
2015-07-04-23 19 35.862	  31.02717438 121.4396069 1.25  0.0 0.0
2015-07-04-23 19 36.016	  31.02717438 121.4396069 1.25  0.0 0.0
2015-07-04-23 19 36.161	  31.02717438 121.4396069 1.25  0.0 0.0
2015-07-04-23 19 36.277	  31.02717438 121.4396069 1.25  0.0 0.0
2015-07-04-23 19 36.380	  31.02717438 121.4396069 1.25  0.0 0.0
2015-07-04-23 19 36.518	  31.02717438 121.4396069 1.25  0.0 0.0
2015-07-04-23 19 36.687	  31.02719898 121.43959864 1.0  0.0 0.0
2015-07-04-23 19 36.789	  31.02719898 121.43959864 1.0  0.0 0.0
2015-07-04-23 19 36.891	  31.02719898 121.43959864 1.0  0.0 0.0
2015-07-04-23 19 37.034	  31.02719898 121.43959864 1.0  0.0 0.0
2015-07-04-23 19 37.149	  31.02719898 121.43959864 1.0  0.0 0.0
2015-07-04-23 19 37.265	  31.02719898 121.43959864 1.0  0.0 0.0
2015-07-04-23 19 37.366	  31.02719898 121.43959864 1.0  0.0 0.0
2015-07-04-23 19 37.520	  31.02719898 121.43959864 1.0  0.0 0.0
2015-07-04-23 19 37.687	  31.02719898 121.43959864 1.0  0.0 0.0
2015-07-04-23 19 37.789	  31.02719898 121.43959864 1.0  0.0 0.0
2015-07-04-23 19 37.891	  31.02719898 121.43959864 1.0  0.0 0.0
2015-07-04-23 19 38.056	  31.02719898 121.43959864 1.0  0.0 0.0
2015-07-04-23 19 38.173	  31.02719898 121.43959864 1.0  0.0 0.0
2015-07-04-23 19 38.274	  31.02719898 121.43959864 1.0  0.0 0.0
2015-07-04-23 19 38.376	  31.02719898 121.43959864 1.0  0.0 0.0
2015-07-04-23 19 38.526	  31.02719898 121.43959864 1.0  0.0 0.0
2015-07-04-23 19 38.675	  31.02719898 121.43959864 1.0  0.0 0.0
2015-07-04-23 19 38.796	  31.02719898 121.43959864 1.0  0.0 0.0
2015-07-04-23 19 38.934	  31.02719898 121.43959864 1.0  0.0 0.0
2015-07-04-23 19 39.045	  31.02719898 121.43959864 1.0  0.0 0.0
2015-07-04-23 19 39.146	  31.02719898 121.43959864 1.0  0.0 0.0
2015-07-04-23 19 39.288	  31.02719898 121.43959864 1.0  0.0 0.0
2015-07-04-23 19 39.408	  31.02719898 121.43959864 1.0  0.0 0.0
2015-07-04-23 19 39.520	  31.02719898 121.43959864 1.0  0.0 0.0
2015-07-04-23 19 39.625	  31.02722295 121.43958507 1.25  0.0 0.0
2015-07-04-23 19 39.786	  31.02722295 121.43958507 1.25  0.0 0.0
2015-07-04-23 19 39.906	  31.02722295 121.43958507 1.25  0.0 0.0
2015-07-04-23 19 40.008	  31.02722295 121.43958507 1.25  0.0 0.0
2015-07-04-23 19 40.111	  31.02722295 121.43958507 1.25  0.0 0.0
2015-07-04-23 19 40.281	  31.02722295 121.43958507 1.25  0.0 0.0
2015-07-04-23 19 40.398	  31.02722295 121.43958507 1.25  0.0 0.0
2015-07-04-23 19 40.501	  31.02722295 121.43958507 1.25  0.0 0.0
2015-07-04-23 19 40.604	  31.02722295 121.43958507 1.25  0.0 0.0
2015-07-04-23 19 40.724	  31.02722295 121.43958507 1.25  0.0 0.0
2015-07-04-23 19 40.854	  31.02722295 121.43958507 1.25  0.0 0.0
2015-07-04-23 19 40.966	  31.02722295 121.43958507 1.25  0.0 0.0
2015-07-04-23 19 41.069	  31.02722295 121.43958507 1.25  0.0 0.0
2015-07-04-23 19 41.218	  31.02722295 121.43958507 1.25  0.0 0.0
2015-07-04-23 19 41.339	  31.02722295 121.43958507 1.25  0.0 0.0
2015-07-04-23 19 41.447	  31.02722295 121.43958507 1.25  0.0 0.0
2015-07-04-23 19 41.553	  31.02722295 121.43958507 1.25  0.0 0.0
2015-07-04-23 19 41.730	  31.02724 121.43957115 1.25  0.0 0.0
2015-07-04-23 19 41.849	  31.02724 121.43957115 1.25  0.0 0.0
2015-07-04-23 19 41.957	  31.02724 121.43957115 1.25  0.0 0.0
2015-07-04-23 19 42.059	  31.02724 121.43957115 1.25  0.0 0.0
2015-07-04-23 19 42.184	  31.02724 121.43957115 1.25  0.0 0.0
2015-07-04-23 19 42.288	  31.02724 121.43957115 1.25  0.0 0.0
2015-07-04-23 19 42.427	  31.02724 121.43957115 1.25  0.0 0.0
2015-07-04-23 19 42.559	  31.02724 121.43957115 1.25  0.0 0.0
2015-07-04-23 19 42.663	  31.02724 121.43957115 1.25  0.0 0.0
2015-07-04-23 19 42.766	  31.02724 121.43957115 1.25  0.0 0.0
2015-07-04-23 19 42.886	  31.02724 121.43957115 1.25  0.0 0.0
2015-07-04-23 19 43.026	  31.02724 121.43957115 1.25  0.0 0.0
2015-07-04-23 19 43.140	  31.02724 121.43957115 1.25  0.0 0.0
2015-07-04-23 19 43.243	  31.02724 121.43957115 1.25  0.0 0.0
2015-07-04-23 19 43.369	  31.02724 121.43957115 1.25  0.0 0.0
2015-07-04-23 19 43.472	  31.02724 121.43957115 1.25  0.0 0.0
2015-07-04-23 19 43.608	  31.02724 121.43957115 1.25  0.0 0.0
2015-07-04-23 19 43.739	  31.02725844 121.4395578 1.25  0.0 0.0
2015-07-04-23 19 43.879	  31.02725844 121.4395578 1.25  0.0 0.0
2015-07-04-23 19 43.993	  31.02725844 121.4395578 1.25  0.0 0.0
2015-07-04-23 19 44.167	  31.02725844 121.4395578 1.25  0.0 0.0
2015-07-04-23 19 44.271	  31.02725844 121.4395578 1.25  0.0 0.0
2015-07-04-23 19 44.373	  31.02725844 121.4395578 1.25  0.0 0.0
2015-07-04-23 19 44.492	  31.02725844 121.4395578 1.25  0.0 0.0
2015-07-04-23 19 44.634	  31.02725844 121.4395578 1.25  0.0 0.0
2015-07-04-23 19 44.736	  31.02725844 121.4395578 1.25  0.0 0.0
2015-07-04-23 19 44.838	  31.02725844 121.4395578 1.25  0.0 0.0
2015-07-04-23 19 44.964	  31.02725844 121.4395578 1.25  0.0 0.0
2015-07-04-23 19 45.112	  31.02725844 121.4395578 1.25  0.0 0.0
2015-07-04-23 19 45.217	  31.02725844 121.4395578 1.25  0.0 0.0
2015-07-04-23 19 45.322	  31.02725844 121.4395578 1.25  0.0 0.0
2015-07-04-23 19 45.509	  31.02725844 121.4395578 1.25  0.0 0.0
2015-07-04-23 19 45.646	  31.02725844 121.4395578 1.25  0.0 0.0
2015-07-04-23 19 45.767	  31.02727986 121.43954804 1.25  0.0 0.0
2015-07-04-23 19 45.869	  31.02727986 121.43954804 1.25  0.0 0.0
2015-07-04-23 19 45.986	  31.02727986 121.43954804 1.25  0.0 0.0
2015-07-04-23 19 46.126	  31.02727986 121.43954804 1.25  0.0 0.0
2015-07-04-23 19 46.238	  31.02727986 121.43954804 1.25  0.0 0.0
2015-07-04-23 19 46.341	  31.02727986 121.43954804 1.25  0.0 0.0
2015-07-04-23 19 46.486	  31.02727986 121.43954804 1.25  0.0 0.0
2015-07-04-23 19 46.605	  31.02727986 121.43954804 1.25  0.0 0.0
2015-07-04-23 19 46.711	  31.02727986 121.43954804 1.25  0.0 0.0
2015-07-04-23 19 46.815	  31.02727986 121.43954804 1.25  0.0 0.0
2015-07-04-23 19 46.968	  31.02727986 121.43954804 1.25  0.0 0.0
2015-07-04-23 19 47.154	  31.02727986 121.43954804 1.25  0.0 0.0
2015-07-04-23 19 47.262	  31.02727986 121.43954804 1.25  0.0 0.0
2015-07-04-23 19 47.364	  31.02727986 121.43954804 1.25  0.0 0.0
2015-07-04-23 19 47.506	  31.02727986 121.43954804 1.25  0.0 0.0
2015-07-04-23 19 47.655	  31.02727986 121.43954804 1.25  0.0 0.0
2015-07-04-23 19 47.763	  31.02727986 121.43954804 1.25  0.0 0.0
2015-07-04-23 19 47.865	  31.02730142 121.43954175 1.25  0.0 0.0
2015-07-04-23 19 48.014	  31.02730142 121.43954175 1.25  0.0 0.0
2015-07-04-23 19 48.162	  31.02730142 121.43954175 1.25  0.0 0.0
2015-07-04-23 19 48.269	  31.02730142 121.43954175 1.25  0.0 0.0
2015-07-04-23 19 48.372	  31.02730142 121.43954175 1.25  0.0 0.0
2015-07-04-23 19 48.510	  31.02730142 121.43954175 1.25  0.0 0.0
2015-07-04-23 19 48.658	  31.02730142 121.43954175 1.25  0.0 0.0
2015-07-04-23 19 48.771	  31.02730142 121.43954175 1.25  0.0 0.0
2015-07-04-23 19 48.872	  31.02730142 121.43954175 1.25  0.0 0.0
2015-07-04-23 19 48.978	  31.02730142 121.43954175 1.25  0.0 0.0
2015-07-04-23 19 49.081	  31.02730142 121.43954175 1.25  0.0 0.0
2015-07-04-23 19 49.193	  31.02730142 121.43954175 1.25  0.0 0.0
2015-07-04-23 19 49.360	  31.02730142 121.43954175 1.25  0.0 0.0
2015-07-04-23 19 49.462	  31.02730142 121.43954175 1.25  0.0 0.0
2015-07-04-23 19 49.564	  31.02730142 121.43954175 1.25  0.0 0.0
2015-07-04-23 19 49.678	  31.02730142 121.43954175 1.25  0.0 0.0
2015-07-04-23 19 49.862	  31.02732197 121.43953019 1.25  0.0 0.0
2015-07-04-23 19 49.968	  31.02732197 121.43953019 1.25  0.0 0.0
2015-07-04-23 19 50.071	  31.02732197 121.43953019 1.25  0.0 0.0
2015-07-04-23 19 50.195	  31.02732197 121.43953019 1.25  0.0 0.0
2015-07-04-23 19 50.338	  31.02732197 121.43953019 1.25  0.0 0.0
2015-07-04-23 19 50.479	  31.02732197 121.43953019 1.25  0.0 0.0
2015-07-04-23 19 50.633	  31.02732197 121.43953019 1.25  0.0 0.0
2015-07-04-23 19 50.773	  31.02732197 121.43953019 1.25  0.0 0.0
2015-07-04-23 19 50.912	  31.02732197 121.43953019 1.25  0.0 0.0
2015-07-04-23 19 51.052	  31.02732197 121.43953019 1.25  0.0 0.0
2015-07-04-23 19 51.210	  31.02732197 121.43953019 1.25  0.0 0.0
2015-07-04-23 19 51.349	  31.02732197 121.43953019 1.25  0.0 0.0
2015-07-04-23 19 51.467	  31.02732197 121.43953019 1.25  0.0 0.0
2015-07-04-23 19 51.607	  31.02734097 121.43951441 1.25  0.0 0.0
2015-07-04-23 19 51.785	  31.02734097 121.43951441 1.25  0.0 0.0
2015-07-04-23 19 51.902	  31.02734097 121.43951441 1.25  0.0 0.0
2015-07-04-23 19 52.023	  31.02734097 121.43951441 1.25  0.0 0.0
2015-07-04-23 19 52.195	  31.02734097 121.43951441 1.25  0.0 0.0
2015-07-04-23 19 52.336	  31.02734097 121.43951441 1.25  0.0 0.0
2015-07-04-23 19 52.517	  31.02734097 121.43951441 1.25  0.0 0.0
2015-07-04-23 19 52.678	  31.02734097 121.43951441 1.25  0.0 0.0
2015-07-04-23 19 52.827	  31.02734097 121.43951441 1.25  0.0 0.0
2015-07-04-23 19 52.942	  31.02734097 121.43951441 1.25  0.0 0.0
2015-07-04-23 19 53.107	  31.02734097 121.43951441 1.25  0.0 0.0
2015-07-04-23 19 53.225	  31.02734097 121.43951441 1.25  0.0 0.0
2015-07-04-23 19 53.339	  31.02734097 121.43951441 1.25  0.0 0.0
2015-07-04-23 19 53.503	  31.02734097 121.43951441 1.25  0.0 0.0
2015-07-04-23 19 53.644	  31.02734097 121.43951441 1.25  0.0 0.0
2015-07-04-23 19 53.748	  31.02735998 121.43949921 1.25  0.0 0.0
2015-07-04-23 19 53.850	  31.02735998 121.43949921 1.25  0.0 0.0
2015-07-04-23 19 53.952	  31.02735998 121.43949921 1.25  0.0 0.0
2015-07-04-23 19 54.079	  31.02735998 121.43949921 1.25  0.0 0.0
2015-07-04-23 19 54.254	  31.02735998 121.43949921 1.25  0.0 0.0
2015-07-04-23 19 54.367	  31.02735998 121.43949921 1.25  0.0 0.0
2015-07-04-23 19 54.532	  31.02735998 121.43949921 1.25  0.0 0.0
2015-07-04-23 19 54.661	  31.02735998 121.43949921 1.25  0.0 0.0
2015-07-04-23 19 54.788	  31.02735998 121.43949921 1.25  0.0 0.0
2015-07-04-23 19 54.931	  31.02735998 121.43949921 1.25  0.0 0.0
2015-07-04-23 19 55.106	  31.02735998 121.43949921 1.25  0.0 0.0
2015-07-04-23 19 55.241	  31.02735998 121.43949921 1.25  0.0 0.0
2015-07-04-23 19 55.379	  31.02735998 121.43949921 1.25  0.0 0.0
2015-07-04-23 19 55.495	  31.02735998 121.43949921 1.25  0.0 0.0
2015-07-04-23 19 55.651	  31.02735998 121.43949921 1.25  0.0 0.0
2015-07-04-23 19 55.754	  31.02735998 121.43949921 1.25  0.0 0.0
2015-07-04-23 19 55.856	  31.02738015 121.4394908 1.25  0.0 0.0
2015-07-04-23 19 55.966	  31.02738015 121.4394908 1.25  0.0 0.0
2015-07-04-23 19 56.068	  31.02738015 121.4394908 1.25  0.0 0.0
2015-07-04-23 19 56.171	  31.02738015 121.4394908 1.25  0.0 0.0
2015-07-04-23 19 56.274	  31.02738015 121.4394908 1.25  0.0 0.0
2015-07-04-23 19 56.379	  31.02738015 121.4394908 1.25  0.0 0.0
2015-07-04-23 19 56.513	  31.02738015 121.4394908 1.25  0.0 0.0
2015-07-04-23 19 56.647	  31.02738015 121.4394908 1.25  0.0 0.0
2015-07-04-23 19 56.786	  31.02738015 121.4394908 1.25  0.0 0.0
2015-07-04-23 19 56.919	  31.02738015 121.4394908 1.25  0.0 0.0
2015-07-04-23 19 57.056	  31.02738015 121.4394908 1.25  0.0 0.0
2015-07-04-23 19 57.204	  31.02738015 121.4394908 1.25  0.0 0.0
2015-07-04-23 19 57.324	  31.02738015 121.4394908 1.25  0.0 0.0
2015-07-04-23 19 57.477	  31.02738015 121.4394908 1.25  0.0 0.0
2015-07-04-23 19 57.649	  31.02738015 121.4394908 1.25  0.0 0.0
2015-07-04-23 19 57.789	  31.02739964 121.43947941 1.25  0.0 0.0
2015-07-04-23 19 57.906	  31.02739964 121.43947941 1.25  0.0 0.0
2015-07-04-23 19 58.053	  31.02739964 121.43947941 1.25  0.0 0.0
2015-07-04-23 19 58.207	  31.02739964 121.43947941 1.25  0.0 0.0
2015-07-04-23 19 58.350	  31.02739964 121.43947941 1.25  0.0 0.0
2015-07-04-23 19 58.510	  31.02739964 121.43947941 1.25  0.0 0.0
2015-07-04-23 19 58.658	  31.02739964 121.43947941 1.25  0.0 0.0
2015-07-04-23 19 58.816	  31.02739964 121.43947941 1.25  0.0 0.0
2015-07-04-23 19 58.920	  31.02739964 121.43947941 1.25  0.0 0.0
2015-07-04-23 19 59.029	  31.02739964 121.43947941 1.25  0.0 0.0
2015-07-04-23 19 59.138	  31.02739964 121.43947941 1.25  0.0 0.0
2015-07-04-23 19 59.249	  31.02739964 121.43947941 1.25  0.0 0.0
2015-07-04-23 19 59.350	  31.02739964 121.43947941 1.25  0.0 0.0
2015-07-04-23 19 59.470	  31.02739964 121.43947941 1.25  0.0 0.0
2015-07-04-23 19 59.576	  31.02739964 121.43947941 1.25  0.0 0.0
2015-07-04-23 19 59.681	  31.0274175 121.43946429 1.25  0.0 0.0
2015-07-04-23 19 59.795	  31.0274175 121.43946429 1.25  0.0 0.0
2015-07-04-23 19 59.904	  31.0274175 121.43946429 1.25  0.0 0.0
2015-07-04-23 20 00.014	  31.0274175 121.43946429 1.25  0.0 0.0
2015-07-04-23 20 00.121	  31.0274175 121.43946429 1.25  0.0 0.0
2015-07-04-23 20 00.230	  31.0274175 121.43946429 1.25  0.0 0.0
2015-07-04-23 20 00.335	  31.0274175 121.43946429 1.25  0.0 0.0
2015-07-04-23 20 00.441	  31.0274175 121.43946429 1.25  0.0 0.0
2015-07-04-23 20 00.545	  31.0274175 121.43946429 1.25  0.0 0.0
2015-07-04-23 20 00.660	  31.0274175 121.43946429 1.25  0.0 0.0
2015-07-04-23 20 00.776	  31.0274175 121.43946429 1.25  0.0 0.0
2015-07-04-23 20 00.883	  31.0274175 121.43946429 1.25  0.0 0.0
2015-07-04-23 20 00.987	  31.0274175 121.43946429 1.25  0.0 0.0
2015-07-04-23 20 01.092	  31.0274175 121.43946429 1.25  0.0 0.0
2015-07-04-23 20 01.200	  31.0274175 121.43946429 1.25  0.0 0.0
2015-07-04-23 20 01.302	  31.0274175 121.43946429 1.25  0.0 0.0
2015-07-04-23 20 01.404	  31.0274175 121.43946429 1.25  0.0 0.0
2015-07-04-23 20 01.509	  31.0274175 121.43946429 1.25  0.0 0.0
2015-07-04-23 20 01.615	  31.0274175 121.43946429 1.25  0.0 0.0
2015-07-04-23 20 01.728	  31.02743598 121.43945307 1.25  0.0 0.0
2015-07-04-23 20 01.830	  31.02743598 121.43945307 1.25  0.0 0.0
2015-07-04-23 20 01.934	  31.02743598 121.43945307 1.25  0.0 0.0
2015-07-04-23 20 02.039	  31.02743598 121.43945307 1.25  0.0 0.0
2015-07-04-23 20 02.146	  31.02743598 121.43945307 1.25  0.0 0.0
2015-07-04-23 20 02.254	  31.02743598 121.43945307 1.25  0.0 0.0
2015-07-04-23 20 02.367	  31.02743598 121.43945307 1.25  0.0 0.0
2015-07-04-23 20 02.473	  31.02743598 121.43945307 1.25  0.0 0.0
2015-07-04-23 20 02.583	  31.02743598 121.43945307 1.25  0.0 0.0
2015-07-04-23 20 02.692	  31.02743598 121.43945307 1.25  0.0 0.0
2015-07-04-23 20 02.796	  31.02743598 121.43945307 1.25  0.0 0.0
2015-07-04-23 20 02.900	  31.02743598 121.43945307 1.25  0.0 0.0
2015-07-04-23 20 03.053	  31.02743598 121.43945307 1.25  0.0 0.0
2015-07-04-23 20 03.211	  31.02743598 121.43945307 1.25  0.0 0.0
2015-07-04-23 20 03.329	  31.02743598 121.43945307 1.25  0.0 0.0
2015-07-04-23 20 03.451	  31.02743598 121.43945307 1.25  0.0 0.0
2015-07-04-23 20 03.576	  31.02743598 121.43945307 1.25  0.0 0.0
2015-07-04-23 20 03.724	  31.02743598 121.43945307 1.25  0.0 0.0
2015-07-04-23 20 03.846	  31.02743598 121.43945307 1.25  0.0 0.0
2015-07-04-23 20 03.989	  31.02743598 121.43945307 1.25  0.0 0.0
2015-07-04-23 20 04.155	  31.02743598 121.43945307 1.25  0.0 0.0
2015-07-04-23 20 04.293	  31.02743598 121.43945307 1.25  0.0 0.0
2015-07-04-23 20 04.410	  31.02743598 121.43945307 1.25  0.0 0.0
2015-07-04-23 20 04.515	  31.02743598 121.43945307 1.25  0.0 0.0
2015-07-04-23 20 04.617	  31.02743598 121.43945307 1.25  0.0 0.0
2015-07-04-23 20 04.722	  31.02746343 121.43943769 1.25  0.0 0.0
2015-07-04-23 20 04.827	  31.02746343 121.43943769 1.25  0.0 0.0
2015-07-04-23 20 04.933	  31.02746343 121.43943769 1.25  0.0 0.0
2015-07-04-23 20 05.105	  31.02746343 121.43943769 1.25  0.0 0.0
2015-07-04-23 20 05.224	  31.02746343 121.43943769 1.25  0.0 0.0
2015-07-04-23 20 05.344	  31.02746343 121.43943769 1.25  0.0 0.0
2015-07-04-23 20 05.511	  31.02746343 121.43943769 1.25  0.0 0.0
2015-07-04-23 20 05.649	  31.02746343 121.43943769 1.25  0.0 0.0
2015-07-04-23 20 05.812	  31.02746343 121.43943769 1.25  0.0 0.0
2015-07-04-23 20 05.928	  31.02746343 121.43943769 1.25  0.0 0.0
2015-07-04-23 20 06.064	  31.02746343 121.43943769 1.25  0.0 0.0
2015-07-04-23 20 06.240	  31.02746343 121.43943769 1.25  0.0 0.0
2015-07-04-23 20 06.385	  31.02746343 121.43943769 1.25  0.0 0.0
2015-07-04-23 20 06.532	  31.02746343 121.43943769 1.25  0.0 0.0
2015-07-04-23 20 06.662	  31.02748565 121.43943461 1.25  0.0 0.0
2015-07-04-23 20 06.808	  31.02748565 121.43943461 1.25  0.0 0.0
2015-07-04-23 20 06.946	  31.02748565 121.43943461 1.25  0.0 0.0
2015-07-04-23 20 07.090	  31.02748565 121.43943461 1.25  0.0 0.0
2015-07-04-23 20 07.233	  31.02748565 121.43943461 1.25  0.0 0.0
2015-07-04-23 20 07.418	  31.02748565 121.43943461 1.25  0.0 0.0
2015-07-04-23 20 07.537	  31.02748565 121.43943461 1.25  0.0 0.0
2015-07-04-23 20 07.692	  31.02748565 121.43943461 1.25  0.0 0.0
2015-07-04-23 20 07.832	  31.02748565 121.43943461 1.25  0.0 0.0
2015-07-04-23 20 07.989	  31.02748565 121.43943461 1.25  0.0 0.0
2015-07-04-23 20 08.140	  31.02748565 121.43943461 1.25  0.0 0.0
2015-07-04-23 20 08.299	  31.02748565 121.43943461 1.25  0.0 0.0
2015-07-04-23 20 08.450	  31.02748565 121.43943461 1.25  0.0 0.0
2015-07-04-23 20 08.615	  31.02748565 121.43943461 1.25  0.0 0.0
2015-07-04-23 20 08.737	  31.0275085 121.43942891 1.25  0.0 0.0
2015-07-04-23 20 08.864	  31.0275085 121.43942891 1.25  0.0 0.0
2015-07-04-23 20 09.009	  31.0275085 121.43942891 1.25  0.0 0.0
2015-07-04-23 20 09.161	  31.0275085 121.43942891 1.25  0.0 0.0
2015-07-04-23 20 09.277	  31.0275085 121.43942891 1.25  0.0 0.0
2015-07-04-23 20 09.422	  31.0275085 121.43942891 1.25  0.0 0.0
2015-07-04-23 20 09.542	  31.0275085 121.43942891 1.25  0.0 0.0
2015-07-04-23 20 09.710	  31.0275085 121.43942891 1.25  0.0 0.0
2015-07-04-23 20 09.820	  31.0275085 121.43942891 1.25  0.0 0.0
2015-07-04-23 20 09.945	  31.0275085 121.43942891 1.25  0.0 0.0
2015-07-04-23 20 10.049	  31.0275085 121.43942891 1.25  0.0 0.0
2015-07-04-23 20 10.155	  31.0275085 121.43942891 1.25  0.0 0.0
2015-07-04-23 20 10.261	  31.0275085 121.43942891 1.25  0.0 0.0
2015-07-04-23 20 10.370	  31.0275085 121.43942891 1.25  0.0 0.0
2015-07-04-23 20 10.479	  31.0275085 121.43942891 1.25  0.0 0.0
2015-07-04-23 20 10.613	  31.0275085 121.43942891 1.25  0.0 0.0
2015-07-04-23 20 10.731	  31.02753147 121.43942323 1.25  0.0 0.0
2015-07-04-23 20 10.901	  31.02753147 121.43942323 1.25  0.0 0.0
2015-07-04-23 20 11.017	  31.02753147 121.43942323 1.25  0.0 0.0
2015-07-04-23 20 11.163	  31.02753147 121.43942323 1.25  0.0 0.0
2015-07-04-23 20 11.312	  31.02753147 121.43942323 1.25  0.0 0.0
2015-07-04-23 20 11.455	  31.02753147 121.43942323 1.25  0.0 0.0
2015-07-04-23 20 11.609	  31.02753147 121.43942323 1.25  0.0 0.0
2015-07-04-23 20 11.727	  31.02753147 121.43942323 1.25  0.0 0.0
2015-07-04-23 20 11.869	  31.02753147 121.43942323 1.25  0.0 0.0
2015-07-04-23 20 12.057	  31.02753147 121.43942323 1.25  0.0 0.0
2015-07-04-23 20 12.176	  31.02753147 121.43942323 1.25  0.0 0.0
2015-07-04-23 20 12.302	  31.02753147 121.43942323 1.25  0.0 0.0
2015-07-04-23 20 12.457	  31.02753147 121.43942323 1.25  0.0 0.0
2015-07-04-23 20 12.599	  31.02753147 121.43942323 1.25  0.0 0.0
2015-07-04-23 20 12.760	  31.02753147 121.43942323 1.25  0.0 0.0
2015-07-04-23 20 12.891	  31.02755248 121.43941423 1.25  0.0 0.0
2015-07-04-23 20 13.037	  31.02755248 121.43941423 1.25  0.0 0.0
2015-07-04-23 20 13.162	  31.02755248 121.43941423 1.25  0.0 0.0
2015-07-04-23 20 13.313	  31.02755248 121.43941423 1.25  0.0 0.0
2015-07-04-23 20 13.464	  31.02755248 121.43941423 1.25  0.0 0.0
2015-07-04-23 20 13.614	  31.02755248 121.43941423 1.25  0.0 0.0
2015-07-04-23 20 13.720	  31.02755248 121.43941423 1.25  0.0 0.0
2015-07-04-23 20 13.887	  31.02755248 121.43941423 1.25  0.0 0.0
2015-07-04-23 20 14.012	  31.02755248 121.43941423 1.25  0.0 0.0
2015-07-04-23 20 14.129	  31.02755248 121.43941423 1.25  0.0 0.0
2015-07-04-23 20 14.279	  31.02755248 121.43941423 1.25  0.0 0.0
2015-07-04-23 20 14.386	  31.02755248 121.43941423 1.25  0.0 0.0
2015-07-04-23 20 14.530	  31.02755248 121.43941423 1.25  0.0 0.0
2015-07-04-23 20 14.660	  31.02755248 121.43941423 1.25  0.0 0.0
2015-07-04-23 20 14.800	  31.02757202 121.43940484 1.25  0.0 0.0
2015-07-04-23 20 14.916	  31.02757202 121.43940484 1.25  0.0 0.0
2015-07-04-23 20 15.065	  31.02757202 121.43940484 1.25  0.0 0.0
2015-07-04-23 20 15.213	  31.02757202 121.43940484 1.25  0.0 0.0
2015-07-04-23 20 15.396	  31.02757202 121.43940484 1.25  0.0 0.0
2015-07-04-23 20 15.512	  31.02757202 121.43940484 1.25  0.0 0.0
2015-07-04-23 20 15.658	  31.02757202 121.43940484 1.25  0.0 0.0
2015-07-04-23 20 15.823	  31.02757202 121.43940484 1.25  0.0 0.0
2015-07-04-23 20 15.940	  31.02757202 121.43940484 1.25  0.0 0.0
2015-07-04-23 20 16.107	  31.02757202 121.43940484 1.25  0.0 0.0
2015-07-04-23 20 16.241	  31.02757202 121.43940484 1.25  0.0 0.0
2015-07-04-23 20 16.411	  31.02757202 121.43940484 1.25  0.0 0.0
2015-07-04-23 20 16.528	  31.02757202 121.43940484 1.25  0.0 0.0
2015-07-04-23 20 16.670	  31.02759188 121.43939779 1.25  0.0 0.0
2015-07-04-23 20 16.809	  31.02759188 121.43939779 1.25  0.0 0.0
2015-07-04-23 20 16.936	  31.02759188 121.43939779 1.25  0.0 0.0
2015-07-04-23 20 17.066	  31.02759188 121.43939779 1.25  0.0 0.0
2015-07-04-23 20 17.208	  31.02759188 121.43939779 1.25  0.0 0.0
2015-07-04-23 20 17.327	  31.02759188 121.43939779 1.25  0.0 0.0
2015-07-04-23 20 17.498	  31.02759188 121.43939779 1.25  0.0 0.0
2015-07-04-23 20 17.639	  31.02759188 121.43939779 1.25  0.0 0.0
2015-07-04-23 20 17.797	  31.02759188 121.43939779 1.25  0.0 0.0
2015-07-04-23 20 17.917	  31.02759188 121.43939779 1.25  0.0 0.0
2015-07-04-23 20 18.099	  31.02759188 121.43939779 1.25  0.0 0.0
2015-07-04-23 20 18.236	  31.02759188 121.43939779 1.25  0.0 0.0
2015-07-04-23 20 18.352	  31.02759188 121.43939779 1.25  0.0 0.0
2015-07-04-23 20 18.470	  31.02759188 121.43939779 1.25  0.0 0.0
2015-07-04-23 20 18.604	  31.02759188 121.43939779 1.25  0.0 0.0
2015-07-04-23 20 18.746	  31.02759188 121.43939779 1.25  0.0 0.0
2015-07-04-23 20 18.889	  31.02759188 121.43939779 1.25  0.0 0.0
2015-07-04-23 20 19.025	  31.02759188 121.43939779 1.25  0.0 0.0
2015-07-04-23 20 19.176	  31.02759188 121.43939779 1.25  0.0 0.0
2015-07-04-23 20 19.358	  31.02761114 121.43938658 1.25  0.0 0.0
2015-07-04-23 20 19.474	  31.02761114 121.43938658 1.25  0.0 0.0
2015-07-04-23 20 19.635	  31.02761114 121.43938658 1.25  0.0 0.0
2015-07-04-23 20 19.788	  31.02761114 121.43938658 1.25  0.0 0.0
2015-07-04-23 20 19.930	  31.02761114 121.43938658 1.25  0.0 0.0
2015-07-04-23 20 20.081	  31.02761114 121.43938658 1.25  0.0 0.0
2015-07-04-23 20 20.216	  31.02761114 121.43938658 1.25  0.0 0.0
2015-07-04-23 20 20.358	  31.02761114 121.43938658 1.25  0.0 0.0
2015-07-04-23 20 20.506	  31.02761114 121.43938658 1.25  0.0 0.0
2015-07-04-23 20 20.664	  31.02761114 121.43938658 1.25  0.0 0.0
2015-07-04-23 20 20.813	  31.02763136 121.43937377 1.25  0.0 0.0
2015-07-04-23 20 20.963	  31.02763136 121.43937377 1.25  0.0 0.0
2015-07-04-23 20 21.067	  31.02763136 121.43937377 1.25  0.0 0.0
2015-07-04-23 20 21.202	  31.02763136 121.43937377 1.25  0.0 0.0
2015-07-04-23 20 21.333	  31.02763136 121.43937377 1.25  0.0 0.0
2015-07-04-23 20 21.500	  31.02763136 121.43937377 1.25  0.0 0.0
2015-07-04-23 20 21.619	  31.02763136 121.43937377 1.25  0.0 0.0
2015-07-04-23 20 21.776	  31.02763136 121.43937377 1.25  0.0 0.0
2015-07-04-23 20 21.879	  31.02763136 121.43937377 1.25  0.0 0.0
2015-07-04-23 20 21.984	  31.02763136 121.43937377 1.25  0.0 0.0
2015-07-04-23 20 22.092	  31.02763136 121.43937377 1.25  0.0 0.0
2015-07-04-23 20 22.240	  31.02763136 121.43937377 1.25  0.0 0.0
2015-07-04-23 20 22.370	  31.02763136 121.43937377 1.25  0.0 0.0
2015-07-04-23 20 22.520	  31.02763136 121.43937377 1.25  0.0 0.0
2015-07-04-23 20 22.675	  31.02763136 121.43937377 1.25  0.0 0.0
2015-07-04-23 20 22.846	  31.02765355 121.43936133 1.25  0.0 0.0
2015-07-04-23 20 22.951	  31.02765355 121.43936133 1.25  0.0 0.0
2015-07-04-23 20 23.110	  31.02765355 121.43936133 1.25  0.0 0.0
2015-07-04-23 20 23.246	  31.02765355 121.43936133 1.25  0.0 0.0
2015-07-04-23 20 23.365	  31.02765355 121.43936133 1.25  0.0 0.0
2015-07-04-23 20 23.503	  31.02765355 121.43936133 1.25  0.0 0.0
2015-07-04-23 20 23.637	  31.02765355 121.43936133 1.25  0.0 0.0
2015-07-04-23 20 23.746	  31.02765355 121.43936133 1.25  0.0 0.0
2015-07-04-23 20 23.861	  31.02765355 121.43936133 1.25  0.0 0.0
2015-07-04-23 20 23.987	  31.02765355 121.43936133 1.25  0.0 0.0
2015-07-04-23 20 24.165	  31.02765355 121.43936133 1.25  0.0 0.0
2015-07-04-23 20 24.280	  31.02765355 121.43936133 1.25  0.0 0.0
2015-07-04-23 20 24.411	  31.02765355 121.43936133 1.25  0.0 0.0
2015-07-04-23 20 24.621	  31.02765355 121.43936133 1.25  0.0 0.0
2015-07-04-23 20 24.722	  31.02767341 121.43935217 1.25  0.0 0.0
2015-07-04-23 20 24.824	  31.02767341 121.43935217 1.25  0.0 0.0
2015-07-04-23 20 24.927	  31.02767341 121.43935217 1.25  0.0 0.0
2015-07-04-23 20 25.034	  31.02767341 121.43935217 1.25  0.0 0.0
2015-07-04-23 20 25.137	  31.02767341 121.43935217 1.25  0.0 0.0
2015-07-04-23 20 25.239	  31.02767341 121.43935217 1.25  0.0 0.0
2015-07-04-23 20 25.341	  31.02767341 121.43935217 1.25  0.0 0.0
2015-07-04-23 20 25.448	  31.02767341 121.43935217 1.25  0.0 0.0
2015-07-04-23 20 25.552	  31.02767341 121.43935217 1.25  0.0 0.0
2015-07-04-23 20 25.657	  31.02767341 121.43935217 1.25  0.0 0.0
2015-07-04-23 20 25.761	  31.02767341 121.43935217 1.25  0.0 0.0
2015-07-04-23 20 25.864	  31.02767341 121.43935217 1.25  0.0 0.0
2015-07-04-23 20 25.968	  31.02767341 121.43935217 1.25  0.0 0.0
2015-07-04-23 20 26.072	  31.02767341 121.43935217 1.25  0.0 0.0
2015-07-04-23 20 26.173	  31.02767341 121.43935217 1.25  0.0 0.0
2015-07-04-23 20 26.275	  31.02767341 121.43935217 1.25  0.0 0.0
2015-07-04-23 20 26.377	  31.02767341 121.43935217 1.25  0.0 0.0
2015-07-04-23 20 26.480	  31.02767341 121.43935217 1.25  0.0 0.0
2015-07-04-23 20 26.584	  31.02767341 121.43935217 1.25  0.0 0.0
2015-07-04-23 20 26.690	  31.02767341 121.43935217 1.25  0.0 0.0
2015-07-04-23 20 26.804	  31.02769303 121.43934315999999 1.25  0.0 0.0
2015-07-04-23 20 26.905	  31.02769303 121.43934315999999 1.25  0.0 0.0
2015-07-04-23 20 27.006	  31.02769303 121.43934315999999 1.25  0.0 0.0
2015-07-04-23 20 27.108	  31.02769303 121.43934315999999 1.25  0.0 0.0
2015-07-04-23 20 27.211	  31.02769303 121.43934315999999 1.25  0.0 0.0
2015-07-04-23 20 27.316	  31.02769303 121.43934315999999 1.25  0.0 0.0
2015-07-04-23 20 27.420	  31.02769303 121.43934315999999 1.25  0.0 0.0
2015-07-04-23 20 27.524	  31.02769303 121.43934315999999 1.25  0.0 0.0
2015-07-04-23 20 27.628	  31.02769303 121.43934315999999 1.25  0.0 0.0
2015-07-04-23 20 27.733	  31.02769303 121.43934315999999 1.25  0.0 0.0
2015-07-04-23 20 27.834	  31.02769303 121.43934315999999 1.25  0.0 0.0
2015-07-04-23 20 27.935	  31.02769303 121.43934315999999 1.25  0.0 0.0
2015-07-04-23 20 28.037	  31.02769303 121.43934315999999 1.25  0.0 0.0
2015-07-04-23 20 28.141	  31.02769303 121.43934315999999 1.25  0.0 0.0
2015-07-04-23 20 28.247	  31.02769303 121.43934315999999 1.25  0.0 0.0
2015-07-04-23 20 28.353	  31.02769303 121.43934315999999 1.25  0.0 0.0
2015-07-04-23 20 28.459	  31.02769303 121.43934315999999 1.25  0.0 0.0
2015-07-04-23 20 28.565	  31.02769303 121.43934315999999 1.25  0.0 0.0
2015-07-04-23 20 28.680	  31.02771313 121.4393347 1.25  0.0 0.0
2015-07-04-23 20 28.784	  31.02771313 121.4393347 1.25  0.0 0.0
2015-07-04-23 20 28.887	  31.02771313 121.4393347 1.25  0.0 0.0
2015-07-04-23 20 28.992	  31.02771313 121.4393347 1.25  0.0 0.0
2015-07-04-23 20 29.095	  31.02771313 121.4393347 1.25  0.0 0.0
2015-07-04-23 20 29.199	  31.02771313 121.4393347 1.25  0.0 0.0
2015-07-04-23 20 29.303	  31.02771313 121.4393347 1.25  0.0 0.0
2015-07-04-23 20 29.408	  31.02771313 121.4393347 1.25  0.0 0.0
2015-07-04-23 20 29.514	  31.02771313 121.4393347 1.25  0.0 0.0
2015-07-04-23 20 29.617	  31.02771313 121.4393347 1.25  0.0 0.0
2015-07-04-23 20 29.719	  31.02771313 121.4393347 1.25  0.0 0.0
2015-07-04-23 20 29.823	  31.02771313 121.4393347 1.25  0.0 0.0
2015-07-04-23 20 29.927	  31.02771313 121.4393347 1.25  0.0 0.0
2015-07-04-23 20 30.030	  31.02771313 121.4393347 1.25  0.0 0.0
2015-07-04-23 20 30.138	  31.02771313 121.4393347 1.25  0.0 0.0
2015-07-04-23 20 30.240	  31.02771313 121.4393347 1.25  0.0 0.0
2015-07-04-23 20 30.342	  31.02771313 121.4393347 1.25  0.0 0.0
2015-07-04-23 20 30.443	  31.02771313 121.4393347 1.25  0.0 0.0
