2015-07-04-23 10 12.499	  0.0 0.0 0.0  0.0 0.0
2015-07-04-23 10 12.601	  0.0 0.0 0.0  0.0 0.0
2015-07-04-23 10 12.703	  0.0 0.0 0.0  0.0 0.0
2015-07-04-23 10 12.805	  0.0 0.0 0.0  0.0 0.0
2015-07-04-23 10 12.907	  0.0 0.0 0.0  0.0 0.0
2015-07-04-23 10 13.009	  0.0 0.0 0.0  0.0 0.0
2015-07-04-23 10 13.112	  0.0 0.0 0.0  0.0 0.0
2015-07-04-23 10 13.214	  0.0 0.0 0.0  0.0 0.0
2015-07-04-23 10 13.316	  0.0 0.0 0.0  0.0 0.0
2015-07-04-23 10 13.418	  0.0 0.0 0.0  0.0 0.0
2015-07-04-23 10 13.519	  0.0 0.0 0.0  0.0 0.0
2015-07-04-23 10 13.621	  0.0 0.0 0.0  0.0 0.0
2015-07-04-23 10 13.724	  0.0 0.0 0.0  0.0 0.0
2015-07-04-23 10 13.826	  0.0 0.0 0.0  0.0 0.0
2015-07-04-23 10 13.928	  0.0 0.0 0.0  0.0 0.0
2015-07-04-23 10 14.030	  0.0 0.0 0.0  0.0 0.0
2015-07-04-23 10 14.132	  0.0 0.0 0.0  0.0 0.0
2015-07-04-23 10 14.233	  0.0 0.0 0.0  0.0 0.0
2015-07-04-23 10 14.335	  0.0 0.0 0.0  0.0 0.0
2015-07-04-23 10 14.438	  0.0 0.0 0.0  0.0 0.0
2015-07-04-23 10 14.539	  0.0 0.0 0.0  0.0 0.0
2015-07-04-23 10 14.641	  0.0 0.0 0.0  0.0 0.0
2015-07-04-23 10 14.743	  0.0 0.0 0.0  0.0 0.0
2015-07-04-23 10 14.845	  0.0 0.0 0.0  0.0 0.0
2015-07-04-23 10 14.947	  0.0 0.0 0.0  0.0 0.0
2015-07-04-23 10 15.050	  0.0 0.0 0.0  0.0 0.0
2015-07-04-23 10 15.153	  0.0 0.0 0.0  0.0 0.0
2015-07-04-23 10 15.254	  0.0 0.0 0.0  0.0 0.0
2015-07-04-23 10 15.356	  0.0 0.0 0.0  0.0 0.0
2015-07-04-23 10 15.458	  0.0 0.0 0.0  0.0 0.0
2015-07-04-23 10 15.562	  0.0 0.0 0.0  0.0 0.0
2015-07-04-23 10 15.663	  0.0 0.0 0.0  0.0 0.0
2015-07-04-23 10 15.764	  0.0 0.0 0.0  0.0 0.0
2015-07-04-23 10 15.866	  0.0 0.0 0.0  0.0 0.0
2015-07-04-23 10 15.969	  0.0 0.0 0.0  0.0 0.0
2015-07-04-23 10 16.072	  0.0 0.0 0.0  0.0 0.0
2015-07-04-23 10 16.174	  0.0 0.0 0.0  0.0 0.0
2015-07-04-23 10 16.277	  0.0 0.0 0.0  0.0 0.0
2015-07-04-23 10 16.381	  0.0 0.0 0.0  0.0 0.0
2015-07-04-23 10 16.485	  0.0 0.0 0.0  0.0 0.0
2015-07-04-23 10 16.591	  0.0 0.0 0.0  0.0 0.0
2015-07-04-23 10 16.704	  0.0 0.0 0.0  0.0 0.0
2015-07-04-23 10 16.805	  0.0 0.0 0.0  0.0 0.0
2015-07-04-23 10 16.906	  31.02763446 121.43922636 1.25  0.0 0.0
2015-07-04-23 10 17.008	  31.02763446 121.43922636 1.25  0.0 0.0
2015-07-04-23 10 17.109	  31.02763446 121.43922636 1.25  0.0 0.0
2015-07-04-23 10 17.214	  31.02763446 121.43922636 1.25  0.0 0.0
2015-07-04-23 10 17.317	  31.02763446 121.43922636 1.25  0.0 0.0
2015-07-04-23 10 17.421	  31.02763446 121.43922636 1.25  0.0 0.0
2015-07-04-23 10 17.525	  31.02763446 121.43922636 1.25  0.0 0.0
2015-07-04-23 10 17.626	  31.02763446 121.43922636 1.25  0.0 0.0
2015-07-04-23 10 17.727	  31.02763446 121.43922636 1.25  0.0 0.0
2015-07-04-23 10 17.829	  31.02763446 121.43922636 1.25  0.0 0.0
2015-07-04-23 10 17.931	  31.02763446 121.43922636 1.25  0.0 0.0
2015-07-04-23 10 18.033	  31.02763446 121.43922636 1.25  0.0 0.0
2015-07-04-23 10 18.135	  31.02763446 121.43922636 1.25  0.0 0.0
2015-07-04-23 10 18.237	  31.02763446 121.43922636 1.25  0.0 0.0
2015-07-04-23 10 18.340	  31.02763446 121.43922636 1.25  0.0 0.0
2015-07-04-23 10 18.446	  31.02763446 121.43922636 1.25  0.0 0.0
2015-07-04-23 10 18.552	  31.02763446 121.43922636 1.25  0.0 0.0
2015-07-04-23 10 18.658	  31.02765526 121.4393148 1.5  0.0 0.0
2015-07-04-23 10 18.759	  31.02765526 121.4393148 1.5  0.0 0.0
2015-07-04-23 10 18.861	  31.02765526 121.4393148 1.5  0.0 0.0
2015-07-04-23 10 18.962	  31.02765526 121.4393148 1.5  0.0 0.0
2015-07-04-23 10 19.065	  31.02765526 121.4393148 1.5  0.0 0.0
2015-07-04-23 10 19.172	  31.02765526 121.4393148 1.5  0.0 0.0
2015-07-04-23 10 19.276	  31.02765526 121.4393148 1.5  0.0 0.0
2015-07-04-23 10 19.390	  31.02765526 121.4393148 1.5  0.0 0.0
2015-07-04-23 10 19.494	  31.02765526 121.4393148 1.5  0.0 0.0
2015-07-04-23 10 19.596	  31.02765526 121.4393148 1.5  0.0 0.0
2015-07-04-23 10 19.719	  31.02765526 121.4393148 1.5  0.0 0.0
2015-07-04-23 10 19.822	  31.02765526 121.4393148 1.5  0.0 0.0
2015-07-04-23 10 19.927	  31.02765526 121.4393148 1.5  0.0 0.0
2015-07-04-23 10 20.033	  31.02765526 121.4393148 1.5  0.0 0.0
2015-07-04-23 10 20.139	  31.02765526 121.4393148 1.5  0.0 0.0
2015-07-04-23 10 20.240	  31.02765526 121.4393148 1.5  0.0 0.0
2015-07-04-23 10 20.341	  31.02765526 121.4393148 1.5  0.0 0.0
2015-07-04-23 10 20.443	  31.02765526 121.4393148 1.5  0.0 0.0
2015-07-04-23 10 20.547	  31.02765526 121.4393148 1.5  0.0 0.0
2015-07-04-23 10 20.652	  31.02765526 121.4393148 1.5  0.0 0.0
2015-07-04-23 10 20.756	  31.02765526 121.4393148 1.5  0.0 0.0
2015-07-04-23 10 20.858	  31.02765526 121.4393148 1.5  0.0 0.0
2015-07-04-23 10 20.961	  31.02765526 121.4393148 1.5  0.0 0.0
2015-07-04-23 10 21.063	  31.02765526 121.4393148 1.5  0.0 0.0
2015-07-04-23 10 21.168	  31.02765526 121.4393148 1.5  0.0 0.0
2015-07-04-23 10 21.272	  31.02765526 121.4393148 1.5  0.0 0.0
2015-07-04-23 10 21.385	  31.02765526 121.4393148 1.5  0.0 0.0
2015-07-04-23 10 21.487	  31.02765526 121.4393148 1.5  0.0 0.0
2015-07-04-23 10 21.589	  31.02762787 121.43935689 1.5  0.0 0.0
2015-07-04-23 10 21.696	  31.02762787 121.43935689 1.5  0.0 0.0
2015-07-04-23 10 21.799	  31.02762787 121.43935689 1.5  0.0 0.0
2015-07-04-23 10 21.903	  31.02762787 121.43935689 1.5  0.0 0.0
2015-07-04-23 10 22.014	  31.02762787 121.43935689 1.5  0.0 0.0
2015-07-04-23 10 22.116	  31.02762787 121.43935689 1.5  0.0 0.0
2015-07-04-23 10 22.221	  31.02762787 121.43935689 1.5  0.0 0.0
2015-07-04-23 10 22.327	  31.02762787 121.43935689 1.5  0.0 0.0
2015-07-04-23 10 22.433	  31.02762787 121.43935689 1.5  0.0 0.0
2015-07-04-23 10 22.547	  31.02762787 121.43935689 1.5  0.0 0.0
2015-07-04-23 10 22.653	  31.02762787 121.43935689 1.5  0.0 0.0
2015-07-04-23 10 22.755	  31.02762787 121.43935689 1.5  0.0 0.0
2015-07-04-23 10 22.856	  31.02762787 121.43935689 1.5  0.0 0.0
2015-07-04-23 10 22.961	  31.02762787 121.43935689 1.5  0.0 0.0
2015-07-04-23 10 23.065	  31.02762787 121.43935689 1.5  0.0 0.0
2015-07-04-23 10 23.169	  31.02762787 121.43935689 1.5  0.0 0.0
2015-07-04-23 10 23.274	  31.02762787 121.43935689 1.5  0.0 0.0
2015-07-04-23 10 23.379	  31.02762787 121.43935689 1.5  0.0 0.0
2015-07-04-23 10 23.483	  31.02762787 121.43935689 1.5  0.0 0.0
2015-07-04-23 10 23.584	  31.02762787 121.43935689 1.5  0.0 0.0
2015-07-04-23 10 23.685	  31.02760123 121.43936733 1.5  0.0 0.0
2015-07-04-23 10 23.787	  31.02760123 121.43936733 1.5  0.0 0.0
2015-07-04-23 10 23.888	  31.02760123 121.43936733 1.5  0.0 0.0
2015-07-04-23 10 23.992	  31.02760123 121.43936733 1.5  0.0 0.0
2015-07-04-23 10 24.098	  31.02760123 121.43936733 1.5  0.0 0.0
2015-07-04-23 10 24.199	  31.02760123 121.43936733 1.5  0.0 0.0
2015-07-04-23 10 24.303	  31.02760123 121.43936733 1.5  0.0 0.0
2015-07-04-23 10 24.405	  31.02760123 121.43936733 1.5  0.0 0.0
2015-07-04-23 10 24.508	  31.02760123 121.43936733 1.5  0.0 0.0
2015-07-04-23 10 24.622	  31.02760123 121.43936733 1.5  0.0 0.0
2015-07-04-23 10 24.724	  31.02760123 121.43936733 1.5  0.0 0.0
2015-07-04-23 10 24.826	  31.02760123 121.43936733 1.5  0.0 0.0
2015-07-04-23 10 24.928	  31.02760123 121.43936733 1.5  0.0 0.0
2015-07-04-23 10 25.036	  31.02760123 121.43936733 1.5  0.0 0.0
2015-07-04-23 10 25.149	  31.02760123 121.43936733 1.5  0.0 0.0
2015-07-04-23 10 25.251	  31.02760123 121.43936733 1.5  0.0 0.0
2015-07-04-23 10 25.353	  31.02760123 121.43936733 1.5  0.0 0.0
2015-07-04-23 10 25.454	  31.02760123 121.43936733 1.5  0.0 0.0
2015-07-04-23 10 25.556	  31.02760123 121.43936733 1.5  0.0 0.0
2015-07-04-23 10 25.680	  31.02757756 121.43938055 1.5  0.0 0.0
2015-07-04-23 10 25.781	  31.02757756 121.43938055 1.5  0.0 0.0
2015-07-04-23 10 25.884	  31.02757756 121.43938055 1.5  0.0 0.0
2015-07-04-23 10 25.987	  31.02757756 121.43938055 1.5  0.0 0.0
2015-07-04-23 10 26.093	  31.02757756 121.43938055 1.5  0.0 0.0
2015-07-04-23 10 26.204	  31.02757756 121.43938055 1.5  0.0 0.0
2015-07-04-23 10 26.305	  31.02757756 121.43938055 1.5  0.0 0.0
2015-07-04-23 10 26.408	  31.02757756 121.43938055 1.5  0.0 0.0
2015-07-04-23 10 26.510	  31.02757756 121.43938055 1.5  0.0 0.0
2015-07-04-23 10 26.613	  31.02757756 121.43938055 1.5  0.0 0.0
2015-07-04-23 10 26.746	  31.02757756 121.43938055 1.5  0.0 0.0
2015-07-04-23 10 26.847	  31.02757756 121.43938055 1.5  0.0 0.0
2015-07-04-23 10 26.948	  31.02757756 121.43938055 1.5  0.0 0.0
2015-07-04-23 10 27.050	  31.02757756 121.43938055 1.5  0.0 0.0
2015-07-04-23 10 27.154	  31.02757756 121.43938055 1.5  0.0 0.0
2015-07-04-23 10 27.258	  31.02757756 121.43938055 1.5  0.0 0.0
2015-07-04-23 10 27.361	  31.02757756 121.43938055 1.5  0.0 0.0
2015-07-04-23 10 27.463	  31.02757756 121.43938055 1.5  0.0 0.0
2015-07-04-23 10 27.566	  31.02757756 121.43938055 1.5  0.0 0.0
2015-07-04-23 10 27.689	  31.02755377 121.43940568 1.5  0.0 0.0
2015-07-04-23 10 27.791	  31.02755377 121.43940568 1.5  0.0 0.0
2015-07-04-23 10 27.893	  31.02755377 121.43940568 1.5  0.0 0.0
2015-07-04-23 10 27.996	  31.02755377 121.43940568 1.5  0.0 0.0
2015-07-04-23 10 28.098	  31.02755377 121.43940568 1.5  0.0 0.0
2015-07-04-23 10 28.203	  31.02755377 121.43940568 1.5  0.0 0.0
2015-07-04-23 10 28.306	  31.02755377 121.43940568 1.5  0.0 0.0
2015-07-04-23 10 28.422	  31.02755377 121.43940568 1.5  0.0 0.0
2015-07-04-23 10 28.525	  31.02755377 121.43940568 1.5  0.0 0.0
2015-07-04-23 10 28.627	  31.02755377 121.43940568 1.5  0.0 0.0
2015-07-04-23 10 28.734	  31.02755377 121.43940568 1.5  0.0 0.0
2015-07-04-23 10 28.836	  31.02755377 121.43940568 1.5  0.0 0.0
2015-07-04-23 10 28.938	  31.02755377 121.43940568 1.5  0.0 0.0
2015-07-04-23 10 29.042	  31.02755377 121.43940568 1.5  0.0 0.0
2015-07-04-23 10 29.148	  31.02755377 121.43940568 1.5  0.0 0.0
2015-07-04-23 10 29.261	  31.02755377 121.43940568 1.5  0.0 0.0
2015-07-04-23 10 29.363	  31.02755377 121.43940568 1.5  0.0 0.0
2015-07-04-23 10 29.464	  31.02755377 121.43940568 1.5  0.0 0.0
2015-07-04-23 10 29.567	  31.02755377 121.43940568 1.5  0.0 0.0
2015-07-04-23 10 29.669	  31.02752493 121.4394282 1.5  0.0 0.0
2015-07-04-23 10 29.771	  31.02752493 121.4394282 1.5  0.0 0.0
2015-07-04-23 10 29.872	  31.02752493 121.4394282 1.5  0.0 0.0
2015-07-04-23 10 29.974	  31.02752493 121.4394282 1.5  0.0 0.0
2015-07-04-23 10 30.086	  31.02752493 121.4394282 1.5  0.0 0.0
2015-07-04-23 10 30.188	  31.02752493 121.4394282 1.5  0.0 0.0
2015-07-04-23 10 30.289	  31.02752493 121.4394282 1.5  0.0 0.0
2015-07-04-23 10 30.391	  31.02752493 121.4394282 1.5  0.0 0.0
2015-07-04-23 10 30.497	  31.02752493 121.4394282 1.5  0.0 0.0
2015-07-04-23 10 30.602	  31.02752493 121.4394282 1.5  0.0 0.0
2015-07-04-23 10 30.710	  31.02752493 121.4394282 1.5  0.0 0.0
2015-07-04-23 10 30.812	  31.02752493 121.4394282 1.5  0.0 0.0
2015-07-04-23 10 30.916	  31.02752493 121.4394282 1.5  0.0 0.0
2015-07-04-23 10 31.018	  31.02752493 121.4394282 1.5  0.0 0.0
2015-07-04-23 10 31.122	  31.02752493 121.4394282 1.5  0.0 0.0
2015-07-04-23 10 31.227	  31.02752493 121.4394282 1.5  0.0 0.0
2015-07-04-23 10 31.341	  31.02752493 121.4394282 1.5  0.0 0.0
2015-07-04-23 10 31.442	  31.02752493 121.4394282 1.5  0.0 0.0
2015-07-04-23 10 31.544	  31.02752493 121.4394282 1.5  0.0 0.0
2015-07-04-23 10 31.645	  31.02749561 121.43944761 1.5  0.0 0.0
2015-07-04-23 10 31.799	  31.02749561 121.43944761 1.5  0.0 0.0
2015-07-04-23 10 31.901	  31.02749561 121.43944761 1.5  0.0 0.0
2015-07-04-23 10 32.003	  31.02749561 121.43944761 1.5  0.0 0.0
2015-07-04-23 10 32.107	  31.02749561 121.43944761 1.5  0.0 0.0
2015-07-04-23 10 32.212	  31.02749561 121.43944761 1.5  0.0 0.0
2015-07-04-23 10 32.314	  31.02749561 121.43944761 1.5  0.0 0.0
2015-07-04-23 10 32.418	  31.02749561 121.43944761 1.5  0.0 0.0
2015-07-04-23 10 32.523	  31.02749561 121.43944761 1.5  0.0 0.0
2015-07-04-23 10 32.634	  31.02749561 121.43944761 1.5  0.0 0.0
2015-07-04-23 10 32.736	  31.02749561 121.43944761 1.5  0.0 0.0
2015-07-04-23 10 32.839	  31.02749561 121.43944761 1.5  0.0 0.0
2015-07-04-23 10 32.945	  31.02749561 121.43944761 1.5  0.0 0.0
2015-07-04-23 10 33.077	  31.02749561 121.43944761 1.5  0.0 0.0
2015-07-04-23 10 33.180	  31.02749561 121.43944761 1.5  0.0 0.0
2015-07-04-23 10 33.281	  31.02749561 121.43944761 1.5  0.0 0.0
2015-07-04-23 10 33.383	  31.02749561 121.43944761 1.5  0.0 0.0
2015-07-04-23 10 33.485	  31.02749561 121.43944761 1.5  0.0 0.0
2015-07-04-23 10 33.587	  31.02749561 121.43944761 1.5  0.0 0.0
2015-07-04-23 10 33.699	  31.02746741 121.43946429 1.5  0.0 0.0
2015-07-04-23 10 33.802	  31.02746741 121.43946429 1.5  0.0 0.0
2015-07-04-23 10 33.904	  31.02746741 121.43946429 1.5  0.0 0.0
2015-07-04-23 10 34.010	  31.02746741 121.43946429 1.5  0.0 0.0
2015-07-04-23 10 34.114	  31.02746741 121.43946429 1.5  0.0 0.0
2015-07-04-23 10 34.217	  31.02746741 121.43946429 1.5  0.0 0.0
2015-07-04-23 10 34.324	  31.02746741 121.43946429 1.5  0.0 0.0
2015-07-04-23 10 34.427	  31.02746741 121.43946429 1.5  0.0 0.0
2015-07-04-23 10 34.529	  31.02746741 121.43946429 1.5  0.0 0.0
2015-07-04-23 10 34.630	  31.02746741 121.43946429 1.5  0.0 0.0
2015-07-04-23 10 34.734	  31.02746741 121.43946429 1.5  0.0 0.0
2015-07-04-23 10 34.877	  31.02746741 121.43946429 1.5  0.0 0.0
2015-07-04-23 10 34.978	  31.02746741 121.43946429 1.5  0.0 0.0
2015-07-04-23 10 35.080	  31.02746741 121.43946429 1.5  0.0 0.0
2015-07-04-23 10 35.196	  31.02746741 121.43946429 1.5  0.0 0.0
2015-07-04-23 10 35.298	  31.02746741 121.43946429 1.5  0.0 0.0
2015-07-04-23 10 35.399	  31.02746741 121.43946429 1.5  0.0 0.0
2015-07-04-23 10 35.502	  31.02746741 121.43946429 1.5  0.0 0.0
2015-07-04-23 10 35.605	  31.02744029 121.43948217 1.5  0.0 0.0
2015-07-04-23 10 35.718	  31.02744029 121.43948217 1.5  0.0 0.0
2015-07-04-23 10 35.822	  31.02744029 121.43948217 1.5  0.0 0.0
2015-07-04-23 10 35.926	  31.02744029 121.43948217 1.5  0.0 0.0
2015-07-04-23 10 36.031	  31.02744029 121.43948217 1.5  0.0 0.0
2015-07-04-23 10 36.135	  31.02744029 121.43948217 1.5  0.0 0.0
2015-07-04-23 10 36.256	  31.02744029 121.43948217 1.5  0.0 0.0
2015-07-04-23 10 36.358	  31.02744029 121.43948217 1.5  0.0 0.0
2015-07-04-23 10 36.460	  31.02744029 121.43948217 1.5  0.0 0.0
2015-07-04-23 10 36.575	  31.02744029 121.43948217 1.5  0.0 0.0
2015-07-04-23 10 36.677	  31.02744029 121.43948217 1.5  0.0 0.0
2015-07-04-23 10 36.780	  31.02744029 121.43948217 1.5  0.0 0.0
2015-07-04-23 10 36.883	  31.02744029 121.43948217 1.5  0.0 0.0
2015-07-04-23 10 36.985	  31.02744029 121.43948217 1.5  0.0 0.0
2015-07-04-23 10 37.089	  31.02744029 121.43948217 1.5  0.0 0.0
2015-07-04-23 10 37.205	  31.02744029 121.43948217 1.5  0.0 0.0
2015-07-04-23 10 37.306	  31.02744029 121.43948217 1.5  0.0 0.0
2015-07-04-23 10 37.408	  31.02744029 121.43948217 1.5  0.0 0.0
2015-07-04-23 10 37.509	  31.02744029 121.43948217 1.5  0.0 0.0
2015-07-04-23 10 37.612	  31.02744029 121.43948217 1.5  0.0 0.0
2015-07-04-23 10 37.715	  31.0274128 121.43950036 1.5  0.0 0.0
2015-07-04-23 10 37.829	  31.0274128 121.43950036 1.5  0.0 0.0
2015-07-04-23 10 37.934	  31.0274128 121.43950036 1.5  0.0 0.0
2015-07-04-23 10 38.037	  31.0274128 121.43950036 1.5  0.0 0.0
2015-07-04-23 10 38.179	  31.0274128 121.43950036 1.5  0.0 0.0
2015-07-04-23 10 38.281	  31.0274128 121.43950036 1.5  0.0 0.0
2015-07-04-23 10 38.389	  31.0274128 121.43950036 1.5  0.0 0.0
2015-07-04-23 10 38.492	  31.0274128 121.43950036 1.5  0.0 0.0
2015-07-04-23 10 38.596	  31.0274128 121.43950036 1.5  0.0 0.0
2015-07-04-23 10 38.709	  31.0274128 121.43950036 1.5  0.0 0.0
2015-07-04-23 10 38.812	  31.0274128 121.43950036 1.5  0.0 0.0
2015-07-04-23 10 38.913	  31.0274128 121.43950036 1.5  0.0 0.0
2015-07-04-23 10 39.018	  31.0274128 121.43950036 1.5  0.0 0.0
2015-07-04-23 10 39.120	  31.0274128 121.43950036 1.5  0.0 0.0
2015-07-04-23 10 39.224	  31.0274128 121.43950036 1.5  0.0 0.0
2015-07-04-23 10 39.338	  31.0274128 121.43950036 1.5  0.0 0.0
2015-07-04-23 10 39.441	  31.0274128 121.43950036 1.5  0.0 0.0
2015-07-04-23 10 39.542	  31.0274128 121.43950036 1.5  0.0 0.0
2015-07-04-23 10 39.650	  31.0274128 121.43950036 1.5  0.0 0.0
2015-07-04-23 10 39.752	  31.0274128 121.43950036 1.5  0.0 0.0
2015-07-04-23 10 39.854	  31.0274128 121.43950036 1.5  0.0 0.0
2015-07-04-23 10 39.964	  31.0274128 121.43950036 1.5  0.0 0.0
2015-07-04-23 10 40.067	  31.0274128 121.43950036 1.5  0.0 0.0
2015-07-04-23 10 40.169	  31.0274128 121.43950036 1.5  0.0 0.0
2015-07-04-23 10 40.290	  31.02738541 121.43951461 1.5  0.0 0.0
2015-07-04-23 10 40.391	  31.02738541 121.43951461 1.5  0.0 0.0
2015-07-04-23 10 40.493	  31.02738541 121.43951461 1.5  0.0 0.0
2015-07-04-23 10 40.595	  31.02738541 121.43951461 1.5  0.0 0.0
2015-07-04-23 10 40.698	  31.02738541 121.43951461 1.5  0.0 0.0
2015-07-04-23 10 40.822	  31.02738541 121.43951461 1.5  0.0 0.0
2015-07-04-23 10 40.927	  31.02738541 121.43951461 1.5  0.0 0.0
2015-07-04-23 10 41.030	  31.02738541 121.43951461 1.5  0.0 0.0
2015-07-04-23 10 41.132	  31.02738541 121.43951461 1.5  0.0 0.0
2015-07-04-23 10 41.245	  31.02738541 121.43951461 1.5  0.0 0.0
2015-07-04-23 10 41.346	  31.02738541 121.43951461 1.5  0.0 0.0
2015-07-04-23 10 41.449	  31.02738541 121.43951461 1.5  0.0 0.0
2015-07-04-23 10 41.562	  31.02738541 121.43951461 1.5  0.0 0.0
2015-07-04-23 10 41.664	  31.02738541 121.43951461 1.5  0.0 0.0
2015-07-04-23 10 41.769	  31.02735729 121.43952452 1.5  0.0 0.0
2015-07-04-23 10 41.872	  31.02735729 121.43952452 1.5  0.0 0.0
2015-07-04-23 10 41.974	  31.02735729 121.43952452 1.5  0.0 0.0
2015-07-04-23 10 42.076	  31.02735729 121.43952452 1.5  0.0 0.0
2015-07-04-23 10 42.185	  31.02735729 121.43952452 1.5  0.0 0.0
2015-07-04-23 10 42.288	  31.02735729 121.43952452 1.5  0.0 0.0
2015-07-04-23 10 42.393	  31.02735729 121.43952452 1.5  0.0 0.0
2015-07-04-23 10 42.510	  31.02735729 121.43952452 1.5  0.0 0.0
2015-07-04-23 10 42.611	  31.02735729 121.43952452 1.5  0.0 0.0
2015-07-04-23 10 42.713	  31.02735729 121.43952452 1.5  0.0 0.0
2015-07-04-23 10 42.823	  31.02735729 121.43952452 1.5  0.0 0.0
2015-07-04-23 10 42.928	  31.02735729 121.43952452 1.5  0.0 0.0
2015-07-04-23 10 43.032	  31.02735729 121.43952452 1.5  0.0 0.0
2015-07-04-23 10 43.146	  31.02735729 121.43952452 1.5  0.0 0.0
2015-07-04-23 10 43.250	  31.02735729 121.43952452 1.5  0.0 0.0
2015-07-04-23 10 43.355	  31.02735729 121.43952452 1.5  0.0 0.0
2015-07-04-23 10 43.457	  31.02735729 121.43952452 1.5  0.0 0.0
2015-07-04-23 10 43.564	  31.02735729 121.43952452 1.5  0.0 0.0
2015-07-04-23 10 43.680	  31.02732893 121.43953446 1.5  0.0 0.0
2015-07-04-23 10 43.781	  31.02732893 121.43953446 1.5  0.0 0.0
2015-07-04-23 10 43.883	  31.02732893 121.43953446 1.5  0.0 0.0
2015-07-04-23 10 43.988	  31.02732893 121.43953446 1.5  0.0 0.0
2015-07-04-23 10 44.091	  31.02732893 121.43953446 1.5  0.0 0.0
2015-07-04-23 10 44.194	  31.02732893 121.43953446 1.5  0.0 0.0
2015-07-04-23 10 44.308	  31.02732893 121.43953446 1.5  0.0 0.0
2015-07-04-23 10 44.409	  31.02732893 121.43953446 1.5  0.0 0.0
2015-07-04-23 10 44.510	  31.02732893 121.43953446 1.5  0.0 0.0
2015-07-04-23 10 44.622	  31.02732893 121.43953446 1.5  0.0 0.0
2015-07-04-23 10 44.724	  31.02732893 121.43953446 1.5  0.0 0.0
2015-07-04-23 10 44.826	  31.02732893 121.43953446 1.5  0.0 0.0
2015-07-04-23 10 44.940	  31.02732893 121.43953446 1.5  0.0 0.0
2015-07-04-23 10 45.042	  31.02732893 121.43953446 1.5  0.0 0.0
2015-07-04-23 10 45.143	  31.02732893 121.43953446 1.5  0.0 0.0
2015-07-04-23 10 45.256	  31.02732893 121.43953446 1.5  0.0 0.0
2015-07-04-23 10 45.358	  31.02732893 121.43953446 1.5  0.0 0.0
2015-07-04-23 10 45.460	  31.02732893 121.43953446 1.5  0.0 0.0
2015-07-04-23 10 45.563	  31.02732893 121.43953446 1.5  0.0 0.0
2015-07-04-23 10 45.665	  31.02730193 121.43954615 1.5  0.0 0.0
2015-07-04-23 10 45.768	  31.02730193 121.43954615 1.5  0.0 0.0
2015-07-04-23 10 45.879	  31.02730193 121.43954615 1.5  0.0 0.0
2015-07-04-23 10 45.986	  31.02730193 121.43954615 1.5  0.0 0.0
2015-07-04-23 10 46.090	  31.02730193 121.43954615 1.5  0.0 0.0
2015-07-04-23 10 46.243	  31.02730193 121.43954615 1.5  0.0 0.0
2015-07-04-23 10 46.346	  31.02730193 121.43954615 1.5  0.0 0.0
2015-07-04-23 10 46.449	  31.02730193 121.43954615 1.5  0.0 0.0
2015-07-04-23 10 46.556	  31.02730193 121.43954615 1.5  0.0 0.0
2015-07-04-23 10 46.661	  31.02730193 121.43954615 1.5  0.0 0.0
2015-07-04-23 10 46.781	  31.02730193 121.43954615 1.5  0.0 0.0
2015-07-04-23 10 46.884	  31.02730193 121.43954615 1.5  0.0 0.0
2015-07-04-23 10 46.990	  31.02730193 121.43954615 1.5  0.0 0.0
2015-07-04-23 10 47.091	  31.02730193 121.43954615 1.5  0.0 0.0
2015-07-04-23 10 47.193	  31.02730193 121.43954615 1.5  0.0 0.0
2015-07-04-23 10 47.360	  31.02730193 121.43954615 1.5  0.0 0.0
2015-07-04-23 10 47.461	  31.02730193 121.43954615 1.5  0.0 0.0
2015-07-04-23 10 47.563	  31.02730193 121.43954615 1.5  0.0 0.0
2015-07-04-23 10 47.665	  31.02730193 121.43954615 1.5  0.0 0.0
2015-07-04-23 10 47.769	  31.02730193 121.43954615 1.5  0.0 0.0
2015-07-04-23 10 47.911	  31.02730193 121.43954615 1.5  0.0 0.0
2015-07-04-23 10 48.013	  31.02730193 121.43954615 1.5  0.0 0.0
2015-07-04-23 10 48.118	  31.02730193 121.43954615 1.5  0.0 0.0
2015-07-04-23 10 48.223	  31.02727409 121.43955719 1.5  0.0 0.0
2015-07-04-23 10 48.324	  31.02727409 121.43955719 1.5  0.0 0.0
2015-07-04-23 10 48.426	  31.02727409 121.43955719 1.5  0.0 0.0
2015-07-04-23 10 48.532	  31.02727409 121.43955719 1.5  0.0 0.0
2015-07-04-23 10 48.644	  31.02727409 121.43955719 1.5  0.0 0.0
2015-07-04-23 10 48.750	  31.02727409 121.43955719 1.5  0.0 0.0
2015-07-04-23 10 48.852	  31.02727409 121.43955719 1.5  0.0 0.0
2015-07-04-23 10 48.954	  31.02727409 121.43955719 1.5  0.0 0.0
2015-07-04-23 10 49.112	  31.02727409 121.43955719 1.5  0.0 0.0
2015-07-04-23 10 49.216	  31.02727409 121.43955719 1.5  0.0 0.0
2015-07-04-23 10 49.329	  31.02727409 121.43955719 1.5  0.0 0.0
2015-07-04-23 10 49.434	  31.02727409 121.43955719 1.5  0.0 0.0
2015-07-04-23 10 49.538	  31.02727409 121.43955719 1.5  0.0 0.0
2015-07-04-23 10 49.706	  31.02727409 121.43955719 1.5  0.0 0.0
2015-07-04-23 10 49.810	  31.02727409 121.43955719 1.5  0.0 0.0
2015-07-04-23 10 49.917	  31.02727409 121.43955719 1.5  0.0 0.0
2015-07-04-23 10 50.021	  31.02727409 121.43955719 1.5  0.0 0.0
2015-07-04-23 10 50.130	  31.02727409 121.43955719 1.5  0.0 0.0
2015-07-04-23 10 50.234	  31.02724678 121.43957105 1.5  0.0 0.0
2015-07-04-23 10 50.335	  31.02724678 121.43957105 1.5  0.0 0.0
2015-07-04-23 10 50.438	  31.02724678 121.43957105 1.5  0.0 0.0
2015-07-04-23 10 50.548	  31.02724678 121.43957105 1.5  0.0 0.0
2015-07-04-23 10 50.711	  31.02724678 121.43957105 1.5  0.0 0.0
2015-07-04-23 10 50.814	  31.02724678 121.43957105 1.5  0.0 0.0
2015-07-04-23 10 50.920	  31.02724678 121.43957105 1.5  0.0 0.0
2015-07-04-23 10 51.025	  31.02724678 121.43957105 1.5  0.0 0.0
2015-07-04-23 10 51.131	  31.02724678 121.43957105 1.5  0.0 0.0
2015-07-04-23 10 51.234	  31.02724678 121.43957105 1.5  0.0 0.0
2015-07-04-23 10 51.337	  31.02724678 121.43957105 1.5  0.0 0.0
2015-07-04-23 10 51.440	  31.02724678 121.43957105 1.5  0.0 0.0
2015-07-04-23 10 51.542	  31.02724678 121.43957105 1.5  0.0 0.0
2015-07-04-23 10 51.707	  31.0272197 121.43958606 1.5  0.0 0.0
2015-07-04-23 10 51.809	  31.0272197 121.43958606 1.5  0.0 0.0
2015-07-04-23 10 51.914	  31.0272197 121.43958606 1.5  0.0 0.0
2015-07-04-23 10 52.019	  31.0272197 121.43958606 1.5  0.0 0.0
2015-07-04-23 10 52.130	  31.0272197 121.43958606 1.5  0.0 0.0
2015-07-04-23 10 52.232	  31.0272197 121.43958606 1.5  0.0 0.0
2015-07-04-23 10 52.334	  31.0272197 121.43958606 1.5  0.0 0.0
2015-07-04-23 10 52.437	  31.0272197 121.43958606 1.5  0.0 0.0
2015-07-04-23 10 52.558	  31.0272197 121.43958606 1.5  0.0 0.0
2015-07-04-23 10 52.660	  31.0272197 121.43958606 1.5  0.0 0.0
2015-07-04-23 10 52.765	  31.0272197 121.43958606 1.5  0.0 0.0
2015-07-04-23 10 52.869	  31.0272197 121.43958606 1.5  0.0 0.0
2015-07-04-23 10 52.986	  31.0272197 121.43958606 1.5  0.0 0.0
2015-07-04-23 10 53.089	  31.0272197 121.43958606 1.5  0.0 0.0
2015-07-04-23 10 53.193	  31.0272197 121.43958606 1.5  0.0 0.0
2015-07-04-23 10 53.298	  31.0272197 121.43958606 1.5  0.0 0.0
2015-07-04-23 10 53.448	  31.0272197 121.43958606 1.5  0.0 0.0
2015-07-04-23 10 53.550	  31.0272197 121.43958606 1.5  0.0 0.0
2015-07-04-23 10 53.669	  31.02719441 121.43960167 1.5  0.0 0.0
2015-07-04-23 10 53.771	  31.02719441 121.43960167 1.5  0.0 0.0
2015-07-04-23 10 53.889	  31.02719441 121.43960167 1.5  0.0 0.0
2015-07-04-23 10 53.991	  31.02719441 121.43960167 1.5  0.0 0.0
2015-07-04-23 10 54.101	  31.02719441 121.43960167 1.5  0.0 0.0
2015-07-04-23 10 54.205	  31.02719441 121.43960167 1.5  0.0 0.0
2015-07-04-23 10 54.309	  31.02719441 121.43960167 1.5  0.0 0.0
2015-07-04-23 10 54.416	  31.02719441 121.43960167 1.5  0.0 0.0
2015-07-04-23 10 54.526	  31.02719441 121.43960167 1.5  0.0 0.0
2015-07-04-23 10 54.630	  31.02719441 121.43960167 1.5  0.0 0.0
2015-07-04-23 10 54.746	  31.02719441 121.43960167 1.5  0.0 0.0
2015-07-04-23 10 54.847	  31.02719441 121.43960167 1.5  0.0 0.0
2015-07-04-23 10 54.952	  31.02719441 121.43960167 1.5  0.0 0.0
2015-07-04-23 10 55.054	  31.02719441 121.43960167 1.5  0.0 0.0
2015-07-04-23 10 55.168	  31.02719441 121.43960167 1.5  0.0 0.0
2015-07-04-23 10 55.269	  31.02719441 121.43960167 1.5  0.0 0.0
2015-07-04-23 10 55.371	  31.02719441 121.43960167 1.5  0.0 0.0
2015-07-04-23 10 55.473	  31.02719441 121.43960167 1.5  0.0 0.0
2015-07-04-23 10 55.574	  31.02719441 121.43960167 1.5  0.0 0.0
2015-07-04-23 10 55.679	  31.02719441 121.43960167 1.5  0.0 0.0
2015-07-04-23 10 55.786	  31.02719441 121.43960167 1.5  0.0 0.0
2015-07-04-23 10 55.888	  31.02719441 121.43960167 1.5  0.0 0.0
2015-07-04-23 10 55.992	  31.02719441 121.43960167 1.5  0.0 0.0
2015-07-04-23 10 56.094	  31.02719441 121.43960167 1.5  0.0 0.0
2015-07-04-23 10 56.201	  31.02717099 121.43961875 1.5  0.0 0.0
2015-07-04-23 10 56.303	  31.02717099 121.43961875 1.5  0.0 0.0
2015-07-04-23 10 56.413	  31.02717099 121.43961875 1.5  0.0 0.0
2015-07-04-23 10 56.515	  31.02717099 121.43961875 1.5  0.0 0.0
2015-07-04-23 10 56.616	  31.02717099 121.43961875 1.5  0.0 0.0
2015-07-04-23 10 56.719	  31.02717099 121.43961875 1.5  0.0 0.0
2015-07-04-23 10 56.832	  31.02717099 121.43961875 1.5  0.0 0.0
2015-07-04-23 10 56.934	  31.02717099 121.43961875 1.5  0.0 0.0
2015-07-04-23 10 57.039	  31.02717099 121.43961875 1.5  0.0 0.0
2015-07-04-23 10 57.143	  31.02717099 121.43961875 1.5  0.0 0.0
2015-07-04-23 10 57.250	  31.02717099 121.43961875 1.5  0.0 0.0
2015-07-04-23 10 57.353	  31.02717099 121.43961875 1.5  0.0 0.0
2015-07-04-23 10 57.455	  31.02717099 121.43961875 1.5  0.0 0.0
2015-07-04-23 10 57.557	  31.02717099 121.43961875 1.5  0.0 0.0
2015-07-04-23 10 57.659	  31.02717099 121.43961875 1.5  0.0 0.0
2015-07-04-23 10 57.767	  31.02714733 121.43963391 1.5  0.0 0.0
2015-07-04-23 10 57.871	  31.02714733 121.43963391 1.5  0.0 0.0
2015-07-04-23 10 57.974	  31.02714733 121.43963391 1.5  0.0 0.0
2015-07-04-23 10 58.079	  31.02714733 121.43963391 1.5  0.0 0.0
2015-07-04-23 10 58.183	  31.02714733 121.43963391 1.5  0.0 0.0
2015-07-04-23 10 58.294	  31.02714733 121.43963391 1.5  0.0 0.0
2015-07-04-23 10 58.396	  31.02714733 121.43963391 1.5  0.0 0.0
2015-07-04-23 10 58.497	  31.02714733 121.43963391 1.5  0.0 0.0
2015-07-04-23 10 58.602	  31.02714733 121.43963391 1.5  0.0 0.0
2015-07-04-23 10 58.708	  31.02714733 121.43963391 1.5  0.0 0.0
2015-07-04-23 10 58.818	  31.02714733 121.43963391 1.5  0.0 0.0
2015-07-04-23 10 58.920	  31.02714733 121.43963391 1.5  0.0 0.0
2015-07-04-23 10 59.025	  31.02714733 121.43963391 1.5  0.0 0.0
2015-07-04-23 10 59.132	  31.02714733 121.43963391 1.5  0.0 0.0
2015-07-04-23 10 59.248	  31.02714733 121.43963391 1.5  0.0 0.0
2015-07-04-23 10 59.349	  31.02714733 121.43963391 1.5  0.0 0.0
2015-07-04-23 10 59.454	  31.02714733 121.43963391 1.5  0.0 0.0
2015-07-04-23 10 59.560	  31.02714733 121.43963391 1.5  0.0 0.0
2015-07-04-23 10 59.677	  31.02712187 121.43964654 1.5  0.0 0.0
2015-07-04-23 10 59.778	  31.02712187 121.43964654 1.5  0.0 0.0
2015-07-04-23 10 59.882	  31.02712187 121.43964654 1.5  0.0 0.0
2015-07-04-23 10 59.985	  31.02712187 121.43964654 1.5  0.0 0.0
2015-07-04-23 11 00.100	  31.02712187 121.43964654 1.5  0.0 0.0
2015-07-04-23 11 00.201	  31.02712187 121.43964654 1.5  0.0 0.0
2015-07-04-23 11 00.308	  31.02712187 121.43964654 1.5  0.0 0.0
2015-07-04-23 11 00.414	  31.02712187 121.43964654 1.5  0.0 0.0
2015-07-04-23 11 00.525	  31.02712187 121.43964654 1.5  0.0 0.0
2015-07-04-23 11 00.627	  31.02712187 121.43964654 1.5  0.0 0.0
2015-07-04-23 11 00.734	  31.02712187 121.43964654 1.5  0.0 0.0
2015-07-04-23 11 00.836	  31.02712187 121.43964654 1.5  0.0 0.0
2015-07-04-23 11 00.946	  31.02712187 121.43964654 1.5  0.0 0.0
2015-07-04-23 11 01.048	  31.02712187 121.43964654 1.5  0.0 0.0
2015-07-04-23 11 01.156	  31.02712187 121.43964654 1.5  0.0 0.0
2015-07-04-23 11 01.262	  31.02712187 121.43964654 1.5  0.0 0.0
2015-07-04-23 11 01.371	  31.02712187 121.43964654 1.5  0.0 0.0
2015-07-04-23 11 01.473	  31.02712187 121.43964654 1.5  0.0 0.0
2015-07-04-23 11 01.579	  31.02712187 121.43964654 1.5  0.0 0.0
2015-07-04-23 11 01.693	  31.02709599 121.43965677999999 1.5  0.0 0.0
2015-07-04-23 11 01.797	  31.02709599 121.43965677999999 1.5  0.0 0.0
2015-07-04-23 11 01.901	  31.02709599 121.43965677999999 1.5  0.0 0.0
2015-07-04-23 11 02.008	  31.02709599 121.43965677999999 1.5  0.0 0.0
2015-07-04-23 11 02.110	  31.02709599 121.43965677999999 1.5  0.0 0.0
2015-07-04-23 11 02.216	  31.02709599 121.43965677999999 1.5  0.0 0.0
2015-07-04-23 11 02.319	  31.02709599 121.43965677999999 1.5  0.0 0.0
2015-07-04-23 11 02.426	  31.02709599 121.43965677999999 1.5  0.0 0.0
2015-07-04-23 11 02.528	  31.02709599 121.43965677999999 1.5  0.0 0.0
2015-07-04-23 11 02.642	  31.02709599 121.43965677999999 1.5  0.0 0.0
2015-07-04-23 11 02.743	  31.02709599 121.43965677999999 1.5  0.0 0.0
2015-07-04-23 11 02.848	  31.02709599 121.43965677999999 1.5  0.0 0.0
2015-07-04-23 11 02.949	  31.02709599 121.43965677999999 1.5  0.0 0.0
2015-07-04-23 11 03.055	  31.02709599 121.43965677999999 1.5  0.0 0.0
2015-07-04-23 11 03.157	  31.02709599 121.43965677999999 1.5  0.0 0.0
2015-07-04-23 11 03.263	  31.02709599 121.43965677999999 1.5  0.0 0.0
2015-07-04-23 11 03.366	  31.02709599 121.43965677999999 1.5  0.0 0.0
2015-07-04-23 11 03.477	  31.02709599 121.43965677999999 1.5  0.0 0.0
2015-07-04-23 11 03.579	  31.02709599 121.43965677999999 1.5  0.0 0.0
2015-07-04-23 11 03.680	  31.02706996 121.43966797 1.5  0.0 0.0
2015-07-04-23 11 03.812	  31.02706996 121.43966797 1.5  0.0 0.0
2015-07-04-23 11 03.914	  31.02706996 121.43966797 1.5  0.0 0.0
2015-07-04-23 11 04.018	  31.02706996 121.43966797 1.5  0.0 0.0
2015-07-04-23 11 04.129	  31.02706996 121.43966797 1.5  0.0 0.0
2015-07-04-23 11 04.235	  31.02706996 121.43966797 1.5  0.0 0.0
2015-07-04-23 11 04.367	  31.02706996 121.43966797 1.5  0.0 0.0
2015-07-04-23 11 04.469	  31.02706996 121.43966797 1.5  0.0 0.0
2015-07-04-23 11 04.609	  31.02706996 121.43966797 1.5  0.0 0.0
2015-07-04-23 11 04.711	  31.02706996 121.43966797 1.5  0.0 0.0
2015-07-04-23 11 04.814	  31.02706996 121.43966797 1.5  0.0 0.0
2015-07-04-23 11 04.928	  31.02706996 121.43966797 1.5  0.0 0.0
2015-07-04-23 11 05.034	  31.02706996 121.43966797 1.5  0.0 0.0
2015-07-04-23 11 05.148	  31.02706996 121.43966797 1.5  0.0 0.0
2015-07-04-23 11 05.250	  31.02706996 121.43966797 1.5  0.0 0.0
2015-07-04-23 11 05.358	  31.02706996 121.43966797 1.5  0.0 0.0
2015-07-04-23 11 05.461	  31.02706996 121.43966797 1.5  0.0 0.0
2015-07-04-23 11 05.572	  31.02706996 121.43966797 1.5  0.0 0.0
2015-07-04-23 11 05.682	  31.02704381 121.43967979 1.5  0.0 0.0
2015-07-04-23 11 05.789	  31.02704381 121.43967979 1.5  0.0 0.0
2015-07-04-23 11 05.892	  31.02704381 121.43967979 1.5  0.0 0.0
2015-07-04-23 11 05.998	  31.02704381 121.43967979 1.5  0.0 0.0
2015-07-04-23 11 06.103	  31.02704381 121.43967979 1.5  0.0 0.0
2015-07-04-23 11 06.214	  31.02704381 121.43967979 1.5  0.0 0.0
2015-07-04-23 11 06.323	  31.02704381 121.43967979 1.5  0.0 0.0
2015-07-04-23 11 06.486	  31.02704381 121.43967979 1.5  0.0 0.0
2015-07-04-23 11 06.588	  31.02704381 121.43967979 1.5  0.0 0.0
2015-07-04-23 11 06.748	  31.02704381 121.43967979 1.5  0.0 0.0
2015-07-04-23 11 06.850	  31.02704381 121.43967979 1.5  0.0 0.0
2015-07-04-23 11 06.988	  31.02704381 121.43967979 1.5  0.0 0.0
2015-07-04-23 11 07.091	  31.02704381 121.43967979 1.5  0.0 0.0
2015-07-04-23 11 07.194	  31.02704381 121.43967979 1.5  0.0 0.0
2015-07-04-23 11 07.333	  31.02704381 121.43967979 1.5  0.0 0.0
2015-07-04-23 11 07.439	  31.02704381 121.43967979 1.5  0.0 0.0
2015-07-04-23 11 07.613	  31.02701801 121.43969026 1.5  0.0 0.0
2015-07-04-23 11 07.714	  31.02701801 121.43969026 1.5  0.0 0.0
2015-07-04-23 11 07.816	  31.02701801 121.43969026 1.5  0.0 0.0
2015-07-04-23 11 07.960	  31.02701801 121.43969026 1.5  0.0 0.0
2015-07-04-23 11 08.063	  31.02701801 121.43969026 1.5  0.0 0.0
2015-07-04-23 11 08.202	  31.02701801 121.43969026 1.5  0.0 0.0
2015-07-04-23 11 08.307	  31.02701801 121.43969026 1.5  0.0 0.0
2015-07-04-23 11 08.412	  31.02701801 121.43969026 1.5  0.0 0.0
2015-07-04-23 11 08.583	  31.02701801 121.43969026 1.5  0.0 0.0
2015-07-04-23 11 08.702	  31.02701801 121.43969026 1.5  0.0 0.0
2015-07-04-23 11 08.804	  31.02701801 121.43969026 1.5  0.0 0.0
2015-07-04-23 11 08.957	  31.02701801 121.43969026 1.5  0.0 0.0
2015-07-04-23 11 09.062	  31.02701801 121.43969026 1.5  0.0 0.0
2015-07-04-23 11 09.165	  31.02701801 121.43969026 1.5  0.0 0.0
2015-07-04-23 11 09.313	  31.02701801 121.43969026 1.5  0.0 0.0
2015-07-04-23 11 09.414	  31.02701801 121.43969026 1.5  0.0 0.0
2015-07-04-23 11 09.558	  31.02701801 121.43969026 1.5  0.0 0.0
2015-07-04-23 11 09.661	  31.02698991 121.43969534 1.5  0.0 0.0
2015-07-04-23 11 09.804	  31.02698991 121.43969534 1.5  0.0 0.0
2015-07-04-23 11 09.916	  31.02698991 121.43969534 1.5  0.0 0.0
2015-07-04-23 11 10.022	  31.02698991 121.43969534 1.5  0.0 0.0
2015-07-04-23 11 10.177	  31.02698991 121.43969534 1.5  0.0 0.0
2015-07-04-23 11 10.279	  31.02698991 121.43969534 1.5  0.0 0.0
2015-07-04-23 11 10.429	  31.02698991 121.43969534 1.5  0.0 0.0
2015-07-04-23 11 10.541	  31.02698991 121.43969534 1.5  0.0 0.0
2015-07-04-23 11 10.643	  31.02698991 121.43969534 1.5  0.0 0.0
2015-07-04-23 11 10.764	  31.02698991 121.43969534 1.5  0.0 0.0
2015-07-04-23 11 10.866	  31.02698991 121.43969534 1.5  0.0 0.0
2015-07-04-23 11 11.006	  31.02698991 121.43969534 1.5  0.0 0.0
2015-07-04-23 11 11.113	  31.02698991 121.43969534 1.5  0.0 0.0
2015-07-04-23 11 11.215	  31.02698991 121.43969534 1.5  0.0 0.0
2015-07-04-23 11 11.331	  31.02698991 121.43969534 1.5  0.0 0.0
2015-07-04-23 11 11.437	  31.02698991 121.43969534 1.5  0.0 0.0
2015-07-04-23 11 11.540	  31.02698991 121.43969534 1.5  0.0 0.0
2015-07-04-23 11 11.678	  31.02696168 121.43970493 1.5  0.0 0.0
2015-07-04-23 11 11.781	  31.02696168 121.43970493 1.5  0.0 0.0
2015-07-04-23 11 11.899	  31.02696168 121.43970493 1.5  0.0 0.0
2015-07-04-23 11 12.002	  31.02696168 121.43970493 1.5  0.0 0.0
2015-07-04-23 11 12.107	  31.02696168 121.43970493 1.5  0.0 0.0
2015-07-04-23 11 12.254	  31.02696168 121.43970493 1.5  0.0 0.0
2015-07-04-23 11 12.356	  31.02696168 121.43970493 1.5  0.0 0.0
2015-07-04-23 11 12.478	  31.02696168 121.43970493 1.5  0.0 0.0
2015-07-04-23 11 12.581	  31.02696168 121.43970493 1.5  0.0 0.0
2015-07-04-23 11 12.683	  31.02696168 121.43970493 1.5  0.0 0.0
2015-07-04-23 11 12.821	  31.02696168 121.43970493 1.5  0.0 0.0
2015-07-04-23 11 12.930	  31.02696168 121.43970493 1.5  0.0 0.0
2015-07-04-23 11 13.106	  31.02696168 121.43970493 1.5  0.0 0.0
2015-07-04-23 11 13.255	  31.02696168 121.43970493 1.5  0.0 0.0
2015-07-04-23 11 13.371	  31.02696168 121.43970493 1.5  0.0 0.0
2015-07-04-23 11 13.509	  31.02696168 121.43970493 1.5  0.0 0.0
2015-07-04-23 11 13.638	  31.0269352 121.43971803 1.5  0.0 0.0
2015-07-04-23 11 13.815	  31.0269352 121.43971803 1.5  0.0 0.0
2015-07-04-23 11 13.919	  31.0269352 121.43971803 1.5  0.0 0.0
2015-07-04-23 11 14.025	  31.0269352 121.43971803 1.5  0.0 0.0
2015-07-04-23 11 14.187	  31.0269352 121.43971803 1.5  0.0 0.0
2015-07-04-23 11 14.307	  31.0269352 121.43971803 1.5  0.0 0.0
2015-07-04-23 11 14.411	  31.0269352 121.43971803 1.5  0.0 0.0
2015-07-04-23 11 14.513	  31.0269352 121.43971803 1.5  0.0 0.0
2015-07-04-23 11 14.652	  31.0269352 121.43971803 1.5  0.0 0.0
2015-07-04-23 11 14.756	  31.0269352 121.43971803 1.5  0.0 0.0
2015-07-04-23 11 14.913	  31.0269352 121.43971803 1.5  0.0 0.0
2015-07-04-23 11 15.032	  31.0269352 121.43971803 1.5  0.0 0.0
2015-07-04-23 11 15.134	  31.0269352 121.43971803 1.5  0.0 0.0
2015-07-04-23 11 15.288	  31.0269352 121.43971803 1.5  0.0 0.0
2015-07-04-23 11 15.407	  31.0269352 121.43971803 1.5  0.0 0.0
2015-07-04-23 11 15.509	  31.0269352 121.43971803 1.5  0.0 0.0
2015-07-04-23 11 15.616	  31.0269352 121.43971803 1.5  0.0 0.0
2015-07-04-23 11 15.760	  31.02691036 121.43973006 1.5  0.0 0.0
2015-07-04-23 11 15.864	  31.02691036 121.43973006 1.5  0.0 0.0
2015-07-04-23 11 15.967	  31.02691036 121.43973006 1.5  0.0 0.0
2015-07-04-23 11 16.143	  31.02691036 121.43973006 1.5  0.0 0.0
2015-07-04-23 11 16.245	  31.02691036 121.43973006 1.5  0.0 0.0
2015-07-04-23 11 16.349	  31.02691036 121.43973006 1.5  0.0 0.0
2015-07-04-23 11 16.513	  31.02691036 121.43973006 1.5  0.0 0.0
2015-07-04-23 11 16.615	  31.02691036 121.43973006 1.5  0.0 0.0
2015-07-04-23 11 16.723	  31.02691036 121.43973006 1.5  0.0 0.0
2015-07-04-23 11 16.842	  31.02691036 121.43973006 1.5  0.0 0.0
2015-07-04-23 11 16.979	  31.02691036 121.43973006 1.5  0.0 0.0
2015-07-04-23 11 17.119	  31.02691036 121.43973006 1.5  0.0 0.0
2015-07-04-23 11 17.225	  31.02691036 121.43973006 1.5  0.0 0.0
2015-07-04-23 11 17.346	  31.02691036 121.43973006 1.5  0.0 0.0
2015-07-04-23 11 17.461	  31.02691036 121.43973006 1.5  0.0 0.0
2015-07-04-23 11 17.587	  31.02691036 121.43973006 1.5  0.0 0.0
2015-07-04-23 11 17.707	  31.02688707 121.43974019 1.5  0.0 0.0
2015-07-04-23 11 17.811	  31.02688707 121.43974019 1.5  0.0 0.0
2015-07-04-23 11 17.914	  31.02688707 121.43974019 1.5  0.0 0.0
2015-07-04-23 11 18.062	  31.02688707 121.43974019 1.5  0.0 0.0
2015-07-04-23 11 18.210	  31.02688707 121.43974019 1.5  0.0 0.0
2015-07-04-23 11 18.358	  31.02688707 121.43974019 1.5  0.0 0.0
2015-07-04-23 11 18.464	  31.02688707 121.43974019 1.5  0.0 0.0
2015-07-04-23 11 18.566	  31.02688707 121.43974019 1.5  0.0 0.0
2015-07-04-23 11 18.697	  31.02688707 121.43974019 1.5  0.0 0.0
2015-07-04-23 11 18.800	  31.02688707 121.43974019 1.5  0.0 0.0
2015-07-04-23 11 18.901	  31.02688707 121.43974019 1.5  0.0 0.0
2015-07-04-23 11 19.023	  31.02688707 121.43974019 1.5  0.0 0.0
2015-07-04-23 11 19.144	  31.02688707 121.43974019 1.5  0.0 0.0
2015-07-04-23 11 19.247	  31.02688707 121.43974019 1.5  0.0 0.0
2015-07-04-23 11 19.348	  31.02688707 121.43974019 1.5  0.0 0.0
2015-07-04-23 11 19.492	  31.02688707 121.43974019 1.5  0.0 0.0
2015-07-04-23 11 19.656	  31.02688707 121.43974019 1.5  0.0 0.0
2015-07-04-23 11 19.791	  31.02688707 121.43974019 1.5  0.0 0.0
2015-07-04-23 11 19.894	  31.02688707 121.43974019 1.5  0.0 0.0
2015-07-04-23 11 19.996	  31.02688707 121.43974019 1.5  0.0 0.0
2015-07-04-23 11 20.116	  31.02686231 121.43975332 1.5  0.0 0.0
2015-07-04-23 11 20.314	  31.02686231 121.43975332 1.5  0.0 0.0
2015-07-04-23 11 20.464	  31.02686231 121.43975332 1.5  0.0 0.0
2015-07-04-23 11 20.568	  31.02686231 121.43975332 1.5  0.0 0.0
2015-07-04-23 11 20.673	  31.02686231 121.43975332 1.5  0.0 0.0
2015-07-04-23 11 20.826	  31.02686231 121.43975332 1.5  0.0 0.0
2015-07-04-23 11 20.984	  31.02686231 121.43975332 1.5  0.0 0.0
2015-07-04-23 11 21.116	  31.02686231 121.43975332 1.5  0.0 0.0
2015-07-04-23 11 21.218	  31.02686231 121.43975332 1.5  0.0 0.0
2015-07-04-23 11 21.325	  31.02686231 121.43975332 1.5  0.0 0.0
2015-07-04-23 11 21.496	  31.02686231 121.43975332 1.5  0.0 0.0
2015-07-04-23 11 21.598	  31.02686231 121.43975332 1.5  0.0 0.0
2015-07-04-23 11 21.716	  31.02683662 121.43976905 1.5  0.0 0.0
2015-07-04-23 11 21.877	  31.02683662 121.43976905 1.5  0.0 0.0
2015-07-04-23 11 22.003	  31.02683662 121.43976905 1.5  0.0 0.0
2015-07-04-23 11 22.110	  31.02683662 121.43976905 1.5  0.0 0.0
2015-07-04-23 11 22.214	  31.02683662 121.43976905 1.5  0.0 0.0
2015-07-04-23 11 22.374	  31.02683662 121.43976905 1.5  0.0 0.0
2015-07-04-23 11 22.498	  31.02683662 121.43976905 1.5  0.0 0.0
2015-07-04-23 11 22.633	  31.02683662 121.43976905 1.5  0.0 0.0
2015-07-04-23 11 22.750	  31.02683662 121.43976905 1.5  0.0 0.0
2015-07-04-23 11 22.874	  31.02683662 121.43976905 1.5  0.0 0.0
2015-07-04-23 11 23.054	  31.02683662 121.43976905 1.5  0.0 0.0
2015-07-04-23 11 23.168	  31.02683662 121.43976905 1.5  0.0 0.0
2015-07-04-23 11 23.303	  31.02683662 121.43976905 1.5  0.0 0.0
2015-07-04-23 11 23.470	  31.02683662 121.43976905 1.5  0.0 0.0
2015-07-04-23 11 23.590	  31.02683662 121.43976905 1.5  0.0 0.0
2015-07-04-23 11 23.707	  31.02680899 121.43978349 1.5  0.0 0.0
2015-07-04-23 11 23.839	  31.02680899 121.43978349 1.5  0.0 0.0
2015-07-04-23 11 23.993	  31.02680899 121.43978349 1.5  0.0 0.0
2015-07-04-23 11 24.107	  31.02680899 121.43978349 1.5  0.0 0.0
2015-07-04-23 11 24.234	  31.02680899 121.43978349 1.5  0.0 0.0
2015-07-04-23 11 24.413	  31.02680899 121.43978349 1.5  0.0 0.0
2015-07-04-23 11 24.528	  31.02680899 121.43978349 1.5  0.0 0.0
2015-07-04-23 11 24.663	  31.02680899 121.43978349 1.5  0.0 0.0
2015-07-04-23 11 24.787	  31.02680899 121.43978349 1.5  0.0 0.0
2015-07-04-23 11 24.912	  31.02680899 121.43978349 1.5  0.0 0.0
2015-07-04-23 11 25.058	  31.02680899 121.43978349 1.5  0.0 0.0
2015-07-04-23 11 25.206	  31.02680899 121.43978349 1.5  0.0 0.0
2015-07-04-23 11 25.366	  31.02680899 121.43978349 1.5  0.0 0.0
2015-07-04-23 11 25.509	  31.02680899 121.43978349 1.5  0.0 0.0
2015-07-04-23 11 25.647	  31.02678079 121.43979692 1.5  0.0 0.0
2015-07-04-23 11 25.789	  31.02678079 121.43979692 1.5  0.0 0.0
2015-07-04-23 11 25.905	  31.02678079 121.43979692 1.5  0.0 0.0
2015-07-04-23 11 26.058	  31.02678079 121.43979692 1.5  0.0 0.0
2015-07-04-23 11 26.200	  31.02678079 121.43979692 1.5  0.0 0.0
2015-07-04-23 11 26.337	  31.02678079 121.43979692 1.5  0.0 0.0
2015-07-04-23 11 26.471	  31.02678079 121.43979692 1.5  0.0 0.0
2015-07-04-23 11 26.605	  31.02678079 121.43979692 1.5  0.0 0.0
2015-07-04-23 11 26.764	  31.02678079 121.43979692 1.5  0.0 0.0
2015-07-04-23 11 26.879	  31.02678079 121.43979692 1.5  0.0 0.0
2015-07-04-23 11 27.000	  31.02678079 121.43979692 1.5  0.0 0.0
2015-07-04-23 11 27.117	  31.02678079 121.43979692 1.5  0.0 0.0
2015-07-04-23 11 27.280	  31.02678079 121.43979692 1.5  0.0 0.0
2015-07-04-23 11 27.415	  31.02678079 121.43979692 1.5  0.0 0.0
2015-07-04-23 11 27.552	  31.02678079 121.43979692 1.5  0.0 0.0
2015-07-04-23 11 27.668	  31.02678079 121.43979692 1.5  0.0 0.0
2015-07-04-23 11 27.795	  31.02678079 121.43979692 1.5  0.0 0.0
2015-07-04-23 11 27.945	  31.02678079 121.43979692 1.5  0.0 0.0
2015-07-04-23 11 28.062	  31.02678079 121.43979692 1.5  0.0 0.0
2015-07-04-23 11 28.189	  31.02678079 121.43979692 1.5  0.0 0.0
2015-07-04-23 11 28.366	  31.02675196 121.43980842 1.5  0.0 0.0
2015-07-04-23 11 28.481	  31.02675196 121.43980842 1.5  0.0 0.0
2015-07-04-23 11 28.597	  31.02675196 121.43980842 1.5  0.0 0.0
2015-07-04-23 11 28.713	  31.02675196 121.43980842 1.5  0.0 0.0
2015-07-04-23 11 28.851	  31.02675196 121.43980842 1.5  0.0 0.0
2015-07-04-23 11 28.991	  31.02675196 121.43980842 1.5  0.0 0.0
2015-07-04-23 11 29.107	  31.02675196 121.43980842 1.5  0.0 0.0
2015-07-04-23 11 29.241	  31.02675196 121.43980842 1.5  0.0 0.0
2015-07-04-23 11 29.373	  31.02675196 121.43980842 1.5  0.0 0.0
2015-07-04-23 11 29.530	  31.02675196 121.43980842 1.5  0.0 0.0
2015-07-04-23 11 29.674	  31.02675196 121.43980842 1.5  0.0 0.0
2015-07-04-23 11 29.806	  31.02672524 121.43981831 1.5  0.0 0.0
2015-07-04-23 11 29.952	  31.02672524 121.43981831 1.5  0.0 0.0
2015-07-04-23 11 30.068	  31.02672524 121.43981831 1.5  0.0 0.0
2015-07-04-23 11 30.190	  31.02672524 121.43981831 1.5  0.0 0.0
2015-07-04-23 11 30.337	  31.02672524 121.43981831 1.5  0.0 0.0
2015-07-04-23 11 30.480	  31.02672524 121.43981831 1.5  0.0 0.0
2015-07-04-23 11 30.623	  31.02672524 121.43981831 1.5  0.0 0.0
2015-07-04-23 11 30.785	  31.02672524 121.43981831 1.5  0.0 0.0
2015-07-04-23 11 30.900	  31.02672524 121.43981831 1.5  0.0 0.0
2015-07-04-23 11 31.035	  31.02672524 121.43981831 1.5  0.0 0.0
2015-07-04-23 11 31.174	  31.02672524 121.43981831 1.5  0.0 0.0
2015-07-04-23 11 31.332	  31.02672524 121.43981831 1.5  0.0 0.0
2015-07-04-23 11 31.449	  31.02672524 121.43981831 1.5  0.0 0.0
2015-07-04-23 11 31.580	  31.02672524 121.43981831 1.5  0.0 0.0
2015-07-04-23 11 31.729	  31.02670094 121.43982978 1.5  0.0 0.0
2015-07-04-23 11 31.845	  31.02670094 121.43982978 1.5  0.0 0.0
2015-07-04-23 11 31.988	  31.02670094 121.43982978 1.5  0.0 0.0
2015-07-04-23 11 32.145	  31.02670094 121.43982978 1.5  0.0 0.0
2015-07-04-23 11 32.260	  31.02670094 121.43982978 1.5  0.0 0.0
2015-07-04-23 11 32.393	  31.02670094 121.43982978 1.5  0.0 0.0
2015-07-04-23 11 32.533	  31.02670094 121.43982978 1.5  0.0 0.0
2015-07-04-23 11 32.691	  31.02670094 121.43982978 1.5  0.0 0.0
2015-07-04-23 11 32.808	  31.02670094 121.43982978 1.5  0.0 0.0
2015-07-04-23 11 32.922	  31.02670094 121.43982978 1.5  0.0 0.0
2015-07-04-23 11 33.071	  31.02670094 121.43982978 1.5  0.0 0.0
2015-07-04-23 11 33.231	  31.02670094 121.43982978 1.5  0.0 0.0
2015-07-04-23 11 33.374	  31.02670094 121.43982978 1.5  0.0 0.0
2015-07-04-23 11 33.489	  31.02670094 121.43982978 1.5  0.0 0.0
2015-07-04-23 11 33.635	  31.02667634 121.43984208 1.5  0.0 0.0
2015-07-04-23 11 33.809	  31.02667634 121.43984208 1.5  0.0 0.0
2015-07-04-23 11 33.923	  31.02667634 121.43984208 1.5  0.0 0.0
2015-07-04-23 11 34.045	  31.02667634 121.43984208 1.5  0.0 0.0
2015-07-04-23 11 34.206	  31.02667634 121.43984208 1.5  0.0 0.0
2015-07-04-23 11 34.344	  31.02667634 121.43984208 1.5  0.0 0.0
2015-07-04-23 11 34.465	  31.02667634 121.43984208 1.5  0.0 0.0
2015-07-04-23 11 34.629	  31.02667634 121.43984208 1.5  0.0 0.0
2015-07-04-23 11 34.756	  31.02667634 121.43984208 1.5  0.0 0.0
2015-07-04-23 11 34.883	  31.02667634 121.43984208 1.5  0.0 0.0
2015-07-04-23 11 35.056	  31.02667634 121.43984208 1.5  0.0 0.0
2015-07-04-23 11 35.195	  31.02667634 121.43984208 1.5  0.0 0.0
2015-07-04-23 11 35.335	  31.02667634 121.43984208 1.5  0.0 0.0
2015-07-04-23 11 35.496	  31.02667634 121.43984208 1.5  0.0 0.0
2015-07-04-23 11 35.665	  31.02664838 121.4398541 1.5  0.0 0.0
2015-07-04-23 11 35.811	  31.02664838 121.4398541 1.5  0.0 0.0
2015-07-04-23 11 35.955	  31.02664838 121.4398541 1.5  0.0 0.0
2015-07-04-23 11 36.098	  31.02664838 121.4398541 1.5  0.0 0.0
2015-07-04-23 11 36.256	  31.02664838 121.4398541 1.5  0.0 0.0
2015-07-04-23 11 36.388	  31.02664838 121.4398541 1.5  0.0 0.0
2015-07-04-23 11 36.558	  31.02664838 121.4398541 1.5  0.0 0.0
2015-07-04-23 11 36.679	  31.02664838 121.4398541 1.5  0.0 0.0
2015-07-04-23 11 36.812	  31.02664838 121.4398541 1.5  0.0 0.0
2015-07-04-23 11 36.952	  31.02664838 121.4398541 1.5  0.0 0.0
2015-07-04-23 11 37.069	  31.02664838 121.4398541 1.5  0.0 0.0
2015-07-04-23 11 37.213	  31.02664838 121.4398541 1.5  0.0 0.0
2015-07-04-23 11 37.371	  31.02664838 121.4398541 1.5  0.0 0.0
2015-07-04-23 11 37.487	  31.02664838 121.4398541 1.5  0.0 0.0
2015-07-04-23 11 37.627	  31.02661904 121.43986414 1.5  0.0 0.0
2015-07-04-23 11 37.743	  31.02661904 121.43986414 1.5  0.0 0.0
2015-07-04-23 11 37.892	  31.02661904 121.43986414 1.5  0.0 0.0
2015-07-04-23 11 38.032	  31.02661904 121.43986414 1.5  0.0 0.0
2015-07-04-23 11 38.173	  31.02661904 121.43986414 1.5  0.0 0.0
2015-07-04-23 11 38.307	  31.02661904 121.43986414 1.5  0.0 0.0
2015-07-04-23 11 38.437	  31.02661904 121.43986414 1.5  0.0 0.0
2015-07-04-23 11 38.577	  31.02661904 121.43986414 1.5  0.0 0.0
2015-07-04-23 11 38.748	  31.02661904 121.43986414 1.5  0.0 0.0
2015-07-04-23 11 38.866	  31.02661904 121.43986414 1.5  0.0 0.0
2015-07-04-23 11 38.991	  31.02661904 121.43986414 1.5  0.0 0.0
2015-07-04-23 11 39.135	  31.02661904 121.43986414 1.5  0.0 0.0
2015-07-04-23 11 39.317	  31.02661904 121.43986414 1.5  0.0 0.0
2015-07-04-23 11 39.434	  31.02661904 121.43986414 1.5  0.0 0.0
2015-07-04-23 11 39.564	  31.02661904 121.43986414 1.5  0.0 0.0
2015-07-04-23 11 39.679	  31.02659033 121.43987258 1.5  0.0 0.0
2015-07-04-23 11 39.836	  31.02659033 121.43987258 1.5  0.0 0.0
2015-07-04-23 11 40.018	  31.02659033 121.43987258 1.5  0.0 0.0
2015-07-04-23 11 40.132	  31.02659033 121.43987258 1.5  0.0 0.0
2015-07-04-23 11 40.306	  31.02659033 121.43987258 1.5  0.0 0.0
2015-07-04-23 11 40.439	  31.02659033 121.43987258 1.5  0.0 0.0
2015-07-04-23 11 40.595	  31.02659033 121.43987258 1.5  0.0 0.0
2015-07-04-23 11 40.714	  31.02659033 121.43987258 1.5  0.0 0.0
2015-07-04-23 11 40.865	  31.02659033 121.43987258 1.5  0.0 0.0
2015-07-04-23 11 41.010	  31.02659033 121.43987258 1.5  0.0 0.0
2015-07-04-23 11 41.126	  31.02659033 121.43987258 1.5  0.0 0.0
2015-07-04-23 11 41.267	  31.02659033 121.43987258 1.5  0.0 0.0
2015-07-04-23 11 41.407	  31.02659033 121.43987258 1.5  0.0 0.0
2015-07-04-23 11 41.530	  31.02659033 121.43987258 1.5  0.0 0.0
