2015-07-01-20 59 33.636	  0.0 0.0 0.0  0.0 0.0
2015-07-01-20 59 33.738	  0.0 0.0 0.0  0.0 0.0
2015-07-01-20 59 33.840	  0.0 0.0 0.0  0.0 0.0
2015-07-01-20 59 33.947	  0.0 0.0 0.0  0.0 0.0
2015-07-01-20 59 34.051	  0.0 0.0 0.0  0.0 0.0
2015-07-01-20 59 34.153	  0.0 0.0 0.0  0.0 0.0
2015-07-01-20 59 34.255	  0.0 0.0 0.0  0.0 0.0
2015-07-01-20 59 34.357	  0.0 0.0 0.0  0.0 0.0
2015-07-01-20 59 34.459	  0.0 0.0 0.0  0.0 0.0
2015-07-01-20 59 34.561	  0.0 0.0 0.0  0.0 0.0
2015-07-01-20 59 34.663	  0.0 0.0 0.0  0.0 0.0
2015-07-01-20 59 34.764	  0.0 0.0 0.0  0.0 0.0
2015-07-01-20 59 34.866	  0.0 0.0 0.0  0.0 0.0
2015-07-01-20 59 34.969	  0.0 0.0 0.0  0.0 0.0
2015-07-01-20 59 35.070	  0.0 0.0 0.0  0.0 0.0
2015-07-01-20 59 35.172	  0.0 0.0 0.0  0.0 0.0
2015-07-01-20 59 35.274	  0.0 0.0 0.0  0.0 0.0
2015-07-01-20 59 35.376	  0.0 0.0 0.0  0.0 0.0
2015-07-01-20 59 35.477	  0.0 0.0 0.0  0.0 0.0
2015-07-01-20 59 35.579	  0.0 0.0 0.0  0.0 0.0
2015-07-01-20 59 35.681	  0.0 0.0 0.0  0.0 0.0
2015-07-01-20 59 35.783	  0.0 0.0 0.0  0.0 0.0
2015-07-01-20 59 35.885	  31.02652038 121.43983939 0.25  0.0 0.0
2015-07-01-20 59 35.987	  31.02652038 121.43983939 0.25  0.0 0.0
2015-07-01-20 59 36.088	  31.02652038 121.43983939 0.25  0.0 0.0
2015-07-01-20 59 36.192	  31.02652038 121.43983939 0.25  0.0 0.0
2015-07-01-20 59 36.294	  31.02652038 121.43983939 0.25  0.0 0.0
2015-07-01-20 59 36.396	  31.02652038 121.43983939 0.25  0.0 0.0
2015-07-01-20 59 36.498	  31.02652038 121.43983939 0.25  0.0 0.0
2015-07-01-20 59 36.600	  31.02652038 121.43983939 0.25  0.0 0.0
2015-07-01-20 59 36.702	  31.02652038 121.43983939 0.25  0.0 0.0
2015-07-01-20 59 36.803	  31.02652038 121.43983939 0.25  0.0 0.0
2015-07-01-20 59 36.905	  31.02652038 121.43983939 0.25  0.0 0.0
2015-07-01-20 59 37.007	  31.02652038 121.43983939 0.25  0.0 0.0
2015-07-01-20 59 37.113	  31.02652038 121.43983939 0.25  0.0 0.0
2015-07-01-20 59 37.215	  31.02652038 121.43983939 0.25  0.0 0.0
2015-07-01-20 59 37.317	  31.02652038 121.43983939 0.25  0.0 0.0
2015-07-01-20 59 37.423	  31.02652038 121.43983939 0.25  0.0 0.0
2015-07-01-20 59 37.527	  31.02652038 121.43983939 0.25  0.0 0.0
2015-07-01-20 59 37.638	  31.02652038 121.43983939 0.25  0.0 0.0
2015-07-01-20 59 37.743	  31.02652038 121.43983939 0.25  0.0 0.0
2015-07-01-20 59 37.845	  31.02652038 121.43983939 0.25  0.0 0.0
2015-07-01-20 59 37.946	  31.02652038 121.43983939 0.25  0.0 0.0
2015-07-01-20 59 38.048	  31.02652038 121.43983939 0.25  0.0 0.0
2015-07-01-20 59 38.154	  31.02652038 121.43983939 0.25  0.0 0.0
2015-07-01-20 59 38.258	  31.02652038 121.43983939 0.25  0.0 0.0
2015-07-01-20 59 38.366	  31.02652038 121.43983939 0.25  0.0 0.0
2015-07-01-20 59 38.476	  31.02652038 121.43983939 0.25  0.0 0.0
2015-07-01-20 59 38.590	  31.02652038 121.43983939 0.25  0.0 0.0
2015-07-01-20 59 38.691	  31.02652038 121.43983939 0.25  0.0 0.0
2015-07-01-20 59 38.793	  31.02652038 121.43983939 0.25  0.0 0.0
2015-07-01-20 59 38.900	  31.02652038 121.43983939 0.25  0.0 0.0
2015-07-01-20 59 39.001	  31.02652038 121.43983939 0.25  0.0 0.0
2015-07-01-20 59 39.104	  31.02652038 121.43983939 0.25  0.0 0.0
2015-07-01-20 59 39.211	  31.02652038 121.43983939 0.25  0.0 0.0
2015-07-01-20 59 39.315	  31.02652038 121.43983939 0.25  0.0 0.0
2015-07-01-20 59 39.419	  31.02652038 121.43983939 0.25  0.0 0.0
2015-07-01-20 59 39.524	  31.02652038 121.43983939 0.25  0.0 0.0
2015-07-01-20 59 39.628	  31.02652038 121.43983939 0.25  0.0 0.0
2015-07-01-20 59 39.730	  31.02652038 121.43983939 0.25  0.0 0.0
2015-07-01-20 59 39.834	  31.02654133 121.43984457 0.75  0.0 0.0
2015-07-01-20 59 39.938	  31.02654133 121.43984457 0.75  0.0 0.0
2015-07-01-20 59 40.041	  31.02654133 121.43984457 0.75  0.0 0.0
2015-07-01-20 59 40.145	  31.02654133 121.43984457 0.75  0.0 0.0
2015-07-01-20 59 40.247	  31.02654133 121.43984457 0.75  0.0 0.0
2015-07-01-20 59 40.353	  31.02654133 121.43984457 0.75  0.0 0.0
2015-07-01-20 59 40.460	  31.02654133 121.43984457 0.75  0.0 0.0
2015-07-01-20 59 40.566	  31.02654133 121.43984457 0.75  0.0 0.0
2015-07-01-20 59 40.677	  31.02654133 121.43984457 0.75  0.0 0.0
2015-07-01-20 59 40.783	  31.02654133 121.43984457 0.75  0.0 0.0
2015-07-01-20 59 40.892	  31.02654133 121.43984457 0.75  0.0 0.0
2015-07-01-20 59 40.997	  31.02654133 121.43984457 0.75  0.0 0.0
2015-07-01-20 59 41.099	  31.02654133 121.43984457 0.75  0.0 0.0
2015-07-01-20 59 41.203	  31.02654133 121.43984457 0.75  0.0 0.0
2015-07-01-20 59 41.306	  31.02654133 121.43984457 0.75  0.0 0.0
2015-07-01-20 59 41.411	  31.02654133 121.43984457 0.75  0.0 0.0
2015-07-01-20 59 41.516	  31.02654133 121.43984457 0.75  0.0 0.0
2015-07-01-20 59 41.629	  31.02654133 121.43984457 0.75  0.0 0.0
2015-07-01-20 59 41.732	  31.02654133 121.43984457 0.75  0.0 0.0
2015-07-01-20 59 41.833	  31.02657241 121.43984637 0.0  0.0 0.0
2015-07-01-20 59 41.935	  31.02657241 121.43984637 0.0  0.0 0.0
2015-07-01-20 59 42.038	  31.02657241 121.43984637 0.0  0.0 0.0
2015-07-01-20 59 42.142	  31.02657241 121.43984637 0.0  0.0 0.0
2015-07-01-20 59 42.252	  31.02657241 121.43984637 0.0  0.0 0.0
2015-07-01-20 59 42.355	  31.02657241 121.43984637 0.0  0.0 0.0
2015-07-01-20 59 42.460	  31.02657241 121.43984637 0.0  0.0 0.0
2015-07-01-20 59 42.567	  31.02657241 121.43984637 0.0  0.0 0.0
2015-07-01-20 59 42.671	  31.02657241 121.43984637 0.0  0.0 0.0
2015-07-01-20 59 42.777	  31.02657241 121.43984637 0.0  0.0 0.0
2015-07-01-20 59 42.888	  31.02657241 121.43984637 0.0  0.0 0.0
2015-07-01-20 59 42.989	  31.02657241 121.43984637 0.0  0.0 0.0
2015-07-01-20 59 43.094	  31.02657241 121.43984637 0.0  0.0 0.0
2015-07-01-20 59 43.199	  31.02657241 121.43984637 0.0  0.0 0.0
2015-07-01-20 59 43.305	  31.02657241 121.43984637 0.0  0.0 0.0
2015-07-01-20 59 43.412	  31.02657241 121.43984637 0.0  0.0 0.0
2015-07-01-20 59 43.520	  31.02657241 121.43984637 0.0  0.0 0.0
2015-07-01-20 59 43.622	  31.02657241 121.43984637 0.0  0.0 0.0
2015-07-01-20 59 43.723	  31.02657241 121.43984637 0.0  0.0 0.0
2015-07-01-20 59 43.827	  31.02659761 121.43984261 0.75  0.0 0.0
2015-07-01-20 59 43.951	  31.02659761 121.43984261 0.75  0.0 0.0
2015-07-01-20 59 44.054	  31.02659761 121.43984261 0.75  0.0 0.0
2015-07-01-20 59 44.157	  31.02659761 121.43984261 0.75  0.0 0.0
2015-07-01-20 59 44.261	  31.02659761 121.43984261 0.75  0.0 0.0
2015-07-01-20 59 44.371	  31.02659761 121.43984261 0.75  0.0 0.0
2015-07-01-20 59 44.473	  31.02659761 121.43984261 0.75  0.0 0.0
2015-07-01-20 59 44.575	  31.02659761 121.43984261 0.75  0.0 0.0
2015-07-01-20 59 44.679	  31.02659761 121.43984261 0.75  0.0 0.0
2015-07-01-20 59 44.786	  31.02659761 121.43984261 0.75  0.0 0.0
2015-07-01-20 59 44.896	  31.02659761 121.43984261 0.75  0.0 0.0
2015-07-01-20 59 44.998	  31.02659761 121.43984261 0.75  0.0 0.0
2015-07-01-20 59 45.100	  31.02659761 121.43984261 0.75  0.0 0.0
2015-07-01-20 59 45.204	  31.02659761 121.43984261 0.75  0.0 0.0
2015-07-01-20 59 45.309	  31.02659761 121.43984261 0.75  0.0 0.0
2015-07-01-20 59 45.425	  31.02659761 121.43984261 0.75  0.0 0.0
2015-07-01-20 59 45.527	  31.02659761 121.43984261 0.75  0.0 0.0
2015-07-01-20 59 45.630	  31.02659761 121.43984261 0.75  0.0 0.0
2015-07-01-20 59 45.731	  31.02659761 121.43984261 0.75  0.0 0.0
2015-07-01-20 59 45.836	  31.02662719 121.43983704 1.0  0.0 0.0
2015-07-01-20 59 45.955	  31.02662719 121.43983704 1.0  0.0 0.0
2015-07-01-20 59 46.057	  31.02662719 121.43983704 1.0  0.0 0.0
2015-07-01-20 59 46.161	  31.02662719 121.43983704 1.0  0.0 0.0
2015-07-01-20 59 46.267	  31.02662719 121.43983704 1.0  0.0 0.0
2015-07-01-20 59 46.372	  31.02662719 121.43983704 1.0  0.0 0.0
2015-07-01-20 59 46.486	  31.02662719 121.43983704 1.0  0.0 0.0
2015-07-01-20 59 46.587	  31.02662719 121.43983704 1.0  0.0 0.0
2015-07-01-20 59 46.690	  31.02662719 121.43983704 1.0  0.0 0.0
2015-07-01-20 59 46.793	  31.02662719 121.43983704 1.0  0.0 0.0
2015-07-01-20 59 46.956	  31.02662719 121.43983704 1.0  0.0 0.0
2015-07-01-20 59 47.059	  31.02662719 121.43983704 1.0  0.0 0.0
2015-07-01-20 59 47.162	  31.02662719 121.43983704 1.0  0.0 0.0
2015-07-01-20 59 47.274	  31.02662719 121.43983704 1.0  0.0 0.0
2015-07-01-20 59 47.380	  31.02662719 121.43983704 1.0  0.0 0.0
2015-07-01-20 59 47.491	  31.02662719 121.43983704 1.0  0.0 0.0
2015-07-01-20 59 47.596	  31.02662719 121.43983704 1.0  0.0 0.0
2015-07-01-20 59 47.704	  31.02662719 121.43983704 1.0  0.0 0.0
2015-07-01-20 59 47.812	  31.02665718 121.43982963 1.0  0.0 0.0
2015-07-01-20 59 47.933	  31.02665718 121.43982963 1.0  0.0 0.0
2015-07-01-20 59 48.034	  31.02665718 121.43982963 1.0  0.0 0.0
2015-07-01-20 59 48.138	  31.02665718 121.43982963 1.0  0.0 0.0
2015-07-01-20 59 48.243	  31.02665718 121.43982963 1.0  0.0 0.0
2015-07-01-20 59 48.352	  31.02665718 121.43982963 1.0  0.0 0.0
2015-07-01-20 59 48.455	  31.02665718 121.43982963 1.0  0.0 0.0
2015-07-01-20 59 48.557	  31.02665718 121.43982963 1.0  0.0 0.0
2015-07-01-20 59 48.663	  31.02665718 121.43982963 1.0  0.0 0.0
2015-07-01-20 59 48.767	  31.02665718 121.43982963 1.0  0.0 0.0
2015-07-01-20 59 48.878	  31.02665718 121.43982963 1.0  0.0 0.0
2015-07-01-20 59 48.979	  31.02665718 121.43982963 1.0  0.0 0.0
2015-07-01-20 59 49.081	  31.02665718 121.43982963 1.0  0.0 0.0
2015-07-01-20 59 49.183	  31.02665718 121.43982963 1.0  0.0 0.0
2015-07-01-20 59 49.287	  31.02665718 121.43982963 1.0  0.0 0.0
2015-07-01-20 59 49.392	  31.02665718 121.43982963 1.0  0.0 0.0
2015-07-01-20 59 49.496	  31.02665718 121.43982963 1.0  0.0 0.0
2015-07-01-20 59 49.598	  31.02665718 121.43982963 1.0  0.0 0.0
2015-07-01-20 59 49.699	  31.02665718 121.43982963 1.0  0.0 0.0
2015-07-01-20 59 49.803	  31.02665718 121.43982963 1.0  0.0 0.0
2015-07-01-20 59 49.911	  31.02668489 121.43981875 1.0  0.0 0.0
2015-07-01-20 59 50.013	  31.02668489 121.43981875 1.0  0.0 0.0
2015-07-01-20 59 50.114	  31.02668489 121.43981875 1.0  0.0 0.0
2015-07-01-20 59 50.218	  31.02668489 121.43981875 1.0  0.0 0.0
2015-07-01-20 59 50.330	  31.02668489 121.43981875 1.0  0.0 0.0
2015-07-01-20 59 50.432	  31.02668489 121.43981875 1.0  0.0 0.0
2015-07-01-20 59 50.533	  31.02668489 121.43981875 1.0  0.0 0.0
2015-07-01-20 59 50.636	  31.02668489 121.43981875 1.0  0.0 0.0
2015-07-01-20 59 50.738	  31.02668489 121.43981875 1.0  0.0 0.0
2015-07-01-20 59 50.840	  31.02668489 121.43981875 1.0  0.0 0.0
2015-07-01-20 59 50.942	  31.02668489 121.43981875 1.0  0.0 0.0
2015-07-01-20 59 51.048	  31.02668489 121.43981875 1.0  0.0 0.0
2015-07-01-20 59 51.161	  31.02668489 121.43981875 1.0  0.0 0.0
2015-07-01-20 59 51.263	  31.02668489 121.43981875 1.0  0.0 0.0
2015-07-01-20 59 51.364	  31.02668489 121.43981875 1.0  0.0 0.0
2015-07-01-20 59 51.466	  31.02668489 121.43981875 1.0  0.0 0.0
2015-07-01-20 59 51.571	  31.02668489 121.43981875 1.0  0.0 0.0
2015-07-01-20 59 51.680	  31.02668489 121.43981875 1.0  0.0 0.0
2015-07-01-20 59 51.786	  31.026713 121.43980887 1.0  0.0 0.0
2015-07-01-20 59 51.902	  31.026713 121.43980887 1.0  0.0 0.0
2015-07-01-20 59 52.007	  31.026713 121.43980887 1.0  0.0 0.0
2015-07-01-20 59 52.110	  31.026713 121.43980887 1.0  0.0 0.0
2015-07-01-20 59 52.214	  31.026713 121.43980887 1.0  0.0 0.0
2015-07-01-20 59 52.322	  31.026713 121.43980887 1.0  0.0 0.0
2015-07-01-20 59 52.439	  31.026713 121.43980887 1.0  0.0 0.0
2015-07-01-20 59 52.542	  31.026713 121.43980887 1.0  0.0 0.0
2015-07-01-20 59 52.644	  31.026713 121.43980887 1.0  0.0 0.0
2015-07-01-20 59 52.746	  31.026713 121.43980887 1.0  0.0 0.0
2015-07-01-20 59 52.862	  31.026713 121.43980887 1.0  0.0 0.0
2015-07-01-20 59 52.963	  31.026713 121.43980887 1.0  0.0 0.0
2015-07-01-20 59 53.065	  31.026713 121.43980887 1.0  0.0 0.0
2015-07-01-20 59 53.167	  31.026713 121.43980887 1.0  0.0 0.0
2015-07-01-20 59 53.341	  31.026713 121.43980887 1.0  0.0 0.0
2015-07-01-20 59 53.444	  31.026713 121.43980887 1.0  0.0 0.0
2015-07-01-20 59 53.546	  31.026713 121.43980887 1.0  0.0 0.0
2015-07-01-20 59 53.649	  31.026713 121.43980887 1.0  0.0 0.0
2015-07-01-20 59 53.751	  31.026713 121.43980887 1.0  0.0 0.0
2015-07-01-20 59 53.853	  31.02673859 121.43980042 1.0  0.0 0.0
2015-07-01-20 59 53.956	  31.02673859 121.43980042 1.0  0.0 0.0
2015-07-01-20 59 54.071	  31.02673859 121.43980042 1.0  0.0 0.0
2015-07-01-20 59 54.173	  31.02673859 121.43980042 1.0  0.0 0.0
2015-07-01-20 59 54.277	  31.02673859 121.43980042 1.0  0.0 0.0
2015-07-01-20 59 54.388	  31.02673859 121.43980042 1.0  0.0 0.0
2015-07-01-20 59 54.489	  31.02673859 121.43980042 1.0  0.0 0.0
2015-07-01-20 59 54.591	  31.02673859 121.43980042 1.0  0.0 0.0
2015-07-01-20 59 54.696	  31.02673859 121.43980042 1.0  0.0 0.0
2015-07-01-20 59 54.810	  31.02673859 121.43980042 1.0  0.0 0.0
2015-07-01-20 59 54.911	  31.02673859 121.43980042 1.0  0.0 0.0
2015-07-01-20 59 55.013	  31.02673859 121.43980042 1.0  0.0 0.0
2015-07-01-20 59 55.114	  31.02673859 121.43980042 1.0  0.0 0.0
2015-07-01-20 59 55.223	  31.02673859 121.43980042 1.0  0.0 0.0
2015-07-01-20 59 55.325	  31.02673859 121.43980042 1.0  0.0 0.0
2015-07-01-20 59 55.426	  31.02673859 121.43980042 1.0  0.0 0.0
2015-07-01-20 59 55.529	  31.02673859 121.43980042 1.0  0.0 0.0
2015-07-01-20 59 55.632	  31.02673859 121.43980042 1.0  0.0 0.0
2015-07-01-20 59 55.736	  31.02673859 121.43980042 1.0  0.0 0.0
2015-07-01-20 59 55.842	  31.02673859 121.43980042 1.0  0.0 0.0
2015-07-01-20 59 55.949	  31.02676306 121.43978997 1.0  0.0 0.0
2015-07-01-20 59 56.051	  31.02676306 121.43978997 1.0  0.0 0.0
2015-07-01-20 59 56.154	  31.02676306 121.43978997 1.0  0.0 0.0
2015-07-01-20 59 56.260	  31.02676306 121.43978997 1.0  0.0 0.0
2015-07-01-20 59 56.362	  31.02676306 121.43978997 1.0  0.0 0.0
2015-07-01-20 59 56.463	  31.02676306 121.43978997 1.0  0.0 0.0
2015-07-01-20 59 56.565	  31.02676306 121.43978997 1.0  0.0 0.0
2015-07-01-20 59 56.670	  31.02676306 121.43978997 1.0  0.0 0.0
2015-07-01-20 59 56.772	  31.02676306 121.43978997 1.0  0.0 0.0
2015-07-01-20 59 56.877	  31.02676306 121.43978997 1.0  0.0 0.0
2015-07-01-20 59 56.982	  31.02676306 121.43978997 1.0  0.0 0.0
2015-07-01-20 59 57.084	  31.02676306 121.43978997 1.0  0.0 0.0
2015-07-01-20 59 57.187	  31.02676306 121.43978997 1.0  0.0 0.0
2015-07-01-20 59 57.294	  31.02676306 121.43978997 1.0  0.0 0.0
2015-07-01-20 59 57.396	  31.02676306 121.43978997 1.0  0.0 0.0
2015-07-01-20 59 57.498	  31.02676306 121.43978997 1.0  0.0 0.0
2015-07-01-20 59 57.599	  31.02676306 121.43978997 1.0  0.0 0.0
2015-07-01-20 59 57.705	  31.02676306 121.43978997 1.0  0.0 0.0
2015-07-01-20 59 57.809	  31.02678702 121.43978015 1.0  0.0 0.0
2015-07-01-20 59 57.932	  31.02678702 121.43978015 1.0  0.0 0.0
2015-07-01-20 59 58.034	  31.02678702 121.43978015 1.0  0.0 0.0
2015-07-01-20 59 58.138	  31.02678702 121.43978015 1.0  0.0 0.0
2015-07-01-20 59 58.241	  31.02678702 121.43978015 1.0  0.0 0.0
2015-07-01-20 59 58.343	  31.02678702 121.43978015 1.0  0.0 0.0
2015-07-01-20 59 58.447	  31.02678702 121.43978015 1.0  0.0 0.0
2015-07-01-20 59 58.558	  31.02678702 121.43978015 1.0  0.0 0.0
2015-07-01-20 59 58.659	  31.02678702 121.43978015 1.0  0.0 0.0
2015-07-01-20 59 58.761	  31.02678702 121.43978015 1.0  0.0 0.0
2015-07-01-20 59 58.863	  31.02678702 121.43978015 1.0  0.0 0.0
2015-07-01-20 59 58.965	  31.02678702 121.43978015 1.0  0.0 0.0
2015-07-01-20 59 59.078	  31.02678702 121.43978015 1.0  0.0 0.0
2015-07-01-20 59 59.217	  31.02678702 121.43978015 1.0  0.0 0.0
2015-07-01-20 59 59.319	  31.02678702 121.43978015 1.0  0.0 0.0
2015-07-01-20 59 59.430	  31.02678702 121.43978015 1.0  0.0 0.0
2015-07-01-20 59 59.534	  31.02678702 121.43978015 1.0  0.0 0.0
2015-07-01-20 59 59.637	  31.02678702 121.43978015 1.0  0.0 0.0
2015-07-01-20 59 59.747	  31.02678702 121.43978015 1.0  0.0 0.0
2015-07-01-20 59 59.850	  31.02681042 121.43976879 1.0  0.0 0.0
2015-07-01-20 59 59.951	  31.02681042 121.43976879 1.0  0.0 0.0
2015-07-01-21 00 00.057	  31.02681042 121.43976879 1.0  0.0 0.0
2015-07-01-21 00 00.158	  31.02681042 121.43976879 1.0  0.0 0.0
2015-07-01-21 00 00.260	  31.02681042 121.43976879 1.0  0.0 0.0
2015-07-01-21 00 00.367	  31.02681042 121.43976879 1.0  0.0 0.0
2015-07-01-21 00 00.470	  31.02681042 121.43976879 1.0  0.0 0.0
2015-07-01-21 00 00.572	  31.02681042 121.43976879 1.0  0.0 0.0
2015-07-01-21 00 00.682	  31.02681042 121.43976879 1.0  0.0 0.0
2015-07-01-21 00 00.784	  31.02681042 121.43976879 1.0  0.0 0.0
2015-07-01-21 00 00.886	  31.02681042 121.43976879 1.0  0.0 0.0
2015-07-01-21 00 00.991	  31.02681042 121.43976879 1.0  0.0 0.0
2015-07-01-21 00 01.093	  31.02681042 121.43976879 1.0  0.0 0.0
2015-07-01-21 00 01.196	  31.02681042 121.43976879 1.0  0.0 0.0
2015-07-01-21 00 01.305	  31.02681042 121.43976879 1.0  0.0 0.0
2015-07-01-21 00 01.407	  31.02681042 121.43976879 1.0  0.0 0.0
2015-07-01-21 00 01.511	  31.02681042 121.43976879 1.0  0.0 0.0
2015-07-01-21 00 01.631	  31.02681042 121.43976879 1.0  0.0 0.0
2015-07-01-21 00 01.734	  31.02681042 121.43976879 1.0  0.0 0.0
2015-07-01-21 00 01.836	  31.02683556 121.43975812 1.25  0.0 0.0
2015-07-01-21 00 01.949	  31.02683556 121.43975812 1.25  0.0 0.0
2015-07-01-21 00 02.051	  31.02683556 121.43975812 1.25  0.0 0.0
2015-07-01-21 00 02.157	  31.02683556 121.43975812 1.25  0.0 0.0
2015-07-01-21 00 02.263	  31.02683556 121.43975812 1.25  0.0 0.0
2015-07-01-21 00 02.365	  31.02683556 121.43975812 1.25  0.0 0.0
2015-07-01-21 00 02.467	  31.02683556 121.43975812 1.25  0.0 0.0
2015-07-01-21 00 02.573	  31.02683556 121.43975812 1.25  0.0 0.0
2015-07-01-21 00 02.675	  31.02683556 121.43975812 1.25  0.0 0.0
2015-07-01-21 00 02.778	  31.02683556 121.43975812 1.25  0.0 0.0
2015-07-01-21 00 02.894	  31.02683556 121.43975812 1.25  0.0 0.0
2015-07-01-21 00 02.996	  31.02683556 121.43975812 1.25  0.0 0.0
2015-07-01-21 00 03.098	  31.02683556 121.43975812 1.25  0.0 0.0
2015-07-01-21 00 03.207	  31.02683556 121.43975812 1.25  0.0 0.0
2015-07-01-21 00 03.309	  31.02683556 121.43975812 1.25  0.0 0.0
2015-07-01-21 00 03.413	  31.02683556 121.43975812 1.25  0.0 0.0
2015-07-01-21 00 03.524	  31.02683556 121.43975812 1.25  0.0 0.0
2015-07-01-21 00 03.627	  31.02683556 121.43975812 1.25  0.0 0.0
2015-07-01-21 00 03.730	  31.02683556 121.43975812 1.25  0.0 0.0
2015-07-01-21 00 03.841	  31.02686003 121.43974584 1.25  0.0 0.0
2015-07-01-21 00 03.945	  31.02686003 121.43974584 1.25  0.0 0.0
2015-07-01-21 00 04.047	  31.02686003 121.43974584 1.25  0.0 0.0
2015-07-01-21 00 04.152	  31.02686003 121.43974584 1.25  0.0 0.0
2015-07-01-21 00 04.258	  31.02686003 121.43974584 1.25  0.0 0.0
2015-07-01-21 00 04.359	  31.02686003 121.43974584 1.25  0.0 0.0
2015-07-01-21 00 04.462	  31.02686003 121.43974584 1.25  0.0 0.0
2015-07-01-21 00 04.569	  31.02686003 121.43974584 1.25  0.0 0.0
2015-07-01-21 00 04.671	  31.02686003 121.43974584 1.25  0.0 0.0
2015-07-01-21 00 04.775	  31.02686003 121.43974584 1.25  0.0 0.0
2015-07-01-21 00 04.914	  31.02686003 121.43974584 1.25  0.0 0.0
2015-07-01-21 00 05.017	  31.02686003 121.43974584 1.25  0.0 0.0
2015-07-01-21 00 05.118	  31.02686003 121.43974584 1.25  0.0 0.0
2015-07-01-21 00 05.290	  31.02686003 121.43974584 1.25  0.0 0.0
2015-07-01-21 00 05.392	  31.02686003 121.43974584 1.25  0.0 0.0
2015-07-01-21 00 05.493	  31.02686003 121.43974584 1.25  0.0 0.0
2015-07-01-21 00 05.605	  31.02686003 121.43974584 1.25  0.0 0.0
2015-07-01-21 00 05.707	  31.02686003 121.43974584 1.25  0.0 0.0
2015-07-01-21 00 05.809	  31.02688292 121.43973372 1.25  0.0 0.0
2015-07-01-21 00 05.958	  31.02688292 121.43973372 1.25  0.0 0.0
2015-07-01-21 00 06.060	  31.02688292 121.43973372 1.25  0.0 0.0
2015-07-01-21 00 06.170	  31.02688292 121.43973372 1.25  0.0 0.0
2015-07-01-21 00 06.275	  31.02688292 121.43973372 1.25  0.0 0.0
2015-07-01-21 00 06.381	  31.02688292 121.43973372 1.25  0.0 0.0
2015-07-01-21 00 06.497	  31.02688292 121.43973372 1.25  0.0 0.0
2015-07-01-21 00 06.599	  31.02688292 121.43973372 1.25  0.0 0.0
2015-07-01-21 00 06.702	  31.02688292 121.43973372 1.25  0.0 0.0
2015-07-01-21 00 06.814	  31.02688292 121.43973372 1.25  0.0 0.0
2015-07-01-21 00 06.917	  31.02688292 121.43973372 1.25  0.0 0.0
2015-07-01-21 00 07.022	  31.02688292 121.43973372 1.25  0.0 0.0
2015-07-01-21 00 07.196	  31.02688292 121.43973372 1.25  0.0 0.0
2015-07-01-21 00 07.297	  31.02688292 121.43973372 1.25  0.0 0.0
2015-07-01-21 00 07.399	  31.02688292 121.43973372 1.25  0.0 0.0
2015-07-01-21 00 07.503	  31.02688292 121.43973372 1.25  0.0 0.0
2015-07-01-21 00 07.606	  31.02688292 121.43973372 1.25  0.0 0.0
2015-07-01-21 00 07.799	  31.02690582 121.43972221 1.25  0.0 0.0
2015-07-01-21 00 07.902	  31.02690582 121.43972221 1.25  0.0 0.0
2015-07-01-21 00 08.009	  31.02690582 121.43972221 1.25  0.0 0.0
2015-07-01-21 00 08.114	  31.02690582 121.43972221 1.25  0.0 0.0
2015-07-01-21 00 08.222	  31.02690582 121.43972221 1.25  0.0 0.0
2015-07-01-21 00 08.390	  31.02690582 121.43972221 1.25  0.0 0.0
2015-07-01-21 00 08.492	  31.02690582 121.43972221 1.25  0.0 0.0
2015-07-01-21 00 08.597	  31.02690582 121.43972221 1.25  0.0 0.0
2015-07-01-21 00 08.702	  31.02690582 121.43972221 1.25  0.0 0.0
2015-07-01-21 00 08.806	  31.02690582 121.43972221 1.25  0.0 0.0
2015-07-01-21 00 08.929	  31.02690582 121.43972221 1.25  0.0 0.0
2015-07-01-21 00 09.033	  31.02690582 121.43972221 1.25  0.0 0.0
2015-07-01-21 00 09.145	  31.02690582 121.43972221 1.25  0.0 0.0
2015-07-01-21 00 09.246	  31.02690582 121.43972221 1.25  0.0 0.0
2015-07-01-21 00 09.347	  31.02690582 121.43972221 1.25  0.0 0.0
2015-07-01-21 00 09.450	  31.02690582 121.43972221 1.25  0.0 0.0
2015-07-01-21 00 09.629	  31.02690582 121.43972221 1.25  0.0 0.0
2015-07-01-21 00 09.732	  31.02690582 121.43972221 1.25  0.0 0.0
2015-07-01-21 00 09.837	  31.0269281 121.43971123 1.25  0.0 0.0
2015-07-01-21 00 09.940	  31.0269281 121.43971123 1.25  0.0 0.0
2015-07-01-21 00 10.044	  31.0269281 121.43971123 1.25  0.0 0.0
2015-07-01-21 00 10.147	  31.0269281 121.43971123 1.25  0.0 0.0
2015-07-01-21 00 10.253	  31.0269281 121.43971123 1.25  0.0 0.0
2015-07-01-21 00 10.404	  31.0269281 121.43971123 1.25  0.0 0.0
2015-07-01-21 00 10.507	  31.0269281 121.43971123 1.25  0.0 0.0
2015-07-01-21 00 10.614	  31.0269281 121.43971123 1.25  0.0 0.0
2015-07-01-21 00 10.718	  31.0269281 121.43971123 1.25  0.0 0.0
2015-07-01-21 00 10.821	  31.0269281 121.43971123 1.25  0.0 0.0
2015-07-01-21 00 10.926	  31.0269281 121.43971123 1.25  0.0 0.0
2015-07-01-21 00 11.028	  31.0269281 121.43971123 1.25  0.0 0.0
2015-07-01-21 00 11.129	  31.0269281 121.43971123 1.25  0.0 0.0
2015-07-01-21 00 11.234	  31.0269281 121.43971123 1.25  0.0 0.0
2015-07-01-21 00 11.340	  31.0269281 121.43971123 1.25  0.0 0.0
2015-07-01-21 00 11.454	  31.0269281 121.43971123 1.25  0.0 0.0
2015-07-01-21 00 11.556	  31.0269281 121.43971123 1.25  0.0 0.0
2015-07-01-21 00 11.665	  31.0269281 121.43971123 1.25  0.0 0.0
2015-07-01-21 00 11.774	  31.0269281 121.43971123 1.25  0.0 0.0
2015-07-01-21 00 11.884	  31.02695054 121.43970139 1.25  0.0 0.0
2015-07-01-21 00 11.986	  31.02695054 121.43970139 1.25  0.0 0.0
2015-07-01-21 00 12.088	  31.02695054 121.43970139 1.25  0.0 0.0
2015-07-01-21 00 12.192	  31.02695054 121.43970139 1.25  0.0 0.0
2015-07-01-21 00 12.297	  31.02695054 121.43970139 1.25  0.0 0.0
2015-07-01-21 00 12.400	  31.02695054 121.43970139 1.25  0.0 0.0
2015-07-01-21 00 12.501	  31.02695054 121.43970139 1.25  0.0 0.0
2015-07-01-21 00 12.603	  31.02695054 121.43970139 1.25  0.0 0.0
2015-07-01-21 00 12.710	  31.02695054 121.43970139 1.25  0.0 0.0
2015-07-01-21 00 12.811	  31.02695054 121.43970139 1.25  0.0 0.0
2015-07-01-21 00 12.913	  31.02695054 121.43970139 1.25  0.0 0.0
2015-07-01-21 00 13.015	  31.02695054 121.43970139 1.25  0.0 0.0
2015-07-01-21 00 13.116	  31.02695054 121.43970139 1.25  0.0 0.0
2015-07-01-21 00 13.218	  31.02695054 121.43970139 1.25  0.0 0.0
2015-07-01-21 00 13.329	  31.02695054 121.43970139 1.25  0.0 0.0
2015-07-01-21 00 13.432	  31.02695054 121.43970139 1.25  0.0 0.0
2015-07-01-21 00 13.539	  31.02695054 121.43970139 1.25  0.0 0.0
2015-07-01-21 00 13.642	  31.02695054 121.43970139 1.25  0.0 0.0
2015-07-01-21 00 13.754	  31.02695054 121.43970139 1.25  0.0 0.0
2015-07-01-21 00 13.857	  31.02697394 121.43969054 1.25  0.0 0.0
2015-07-01-21 00 13.964	  31.02697394 121.43969054 1.25  0.0 0.0
2015-07-01-21 00 14.066	  31.02697394 121.43969054 1.25  0.0 0.0
2015-07-01-21 00 14.173	  31.02697394 121.43969054 1.25  0.0 0.0
2015-07-01-21 00 14.279	  31.02697394 121.43969054 1.25  0.0 0.0
2015-07-01-21 00 14.387	  31.02697394 121.43969054 1.25  0.0 0.0
2015-07-01-21 00 14.491	  31.02697394 121.43969054 1.25  0.0 0.0
2015-07-01-21 00 14.594	  31.02697394 121.43969054 1.25  0.0 0.0
2015-07-01-21 00 14.708	  31.02697394 121.43969054 1.25  0.0 0.0
2015-07-01-21 00 14.810	  31.02697394 121.43969054 1.25  0.0 0.0
2015-07-01-21 00 14.914	  31.02697394 121.43969054 1.25  0.0 0.0
2015-07-01-21 00 15.016	  31.02697394 121.43969054 1.25  0.0 0.0
2015-07-01-21 00 15.117	  31.02697394 121.43969054 1.25  0.0 0.0
2015-07-01-21 00 15.222	  31.02697394 121.43969054 1.25  0.0 0.0
2015-07-01-21 00 15.338	  31.02697394 121.43969054 1.25  0.0 0.0
2015-07-01-21 00 15.440	  31.02697394 121.43969054 1.25  0.0 0.0
2015-07-01-21 00 15.542	  31.02697394 121.43969054 1.25  0.0 0.0
2015-07-01-21 00 15.644	  31.02697394 121.43969054 1.25  0.0 0.0
2015-07-01-21 00 15.746	  31.02697394 121.43969054 1.25  0.0 0.0
2015-07-01-21 00 15.849	  31.02699658 121.43968157 1.25  0.0 0.0
2015-07-01-21 00 15.951	  31.02699658 121.43968157 1.25  0.0 0.0
2015-07-01-21 00 16.052	  31.02699658 121.43968157 1.25  0.0 0.0
2015-07-01-21 00 16.159	  31.02699658 121.43968157 1.25  0.0 0.0
2015-07-01-21 00 16.261	  31.02699658 121.43968157 1.25  0.0 0.0
2015-07-01-21 00 16.363	  31.02699658 121.43968157 1.25  0.0 0.0
2015-07-01-21 00 16.471	  31.02699658 121.43968157 1.25  0.0 0.0
2015-07-01-21 00 16.584	  31.02699658 121.43968157 1.25  0.0 0.0
2015-07-01-21 00 16.686	  31.02699658 121.43968157 1.25  0.0 0.0
2015-07-01-21 00 16.789	  31.02699658 121.43968157 1.25  0.0 0.0
2015-07-01-21 00 16.909	  31.02699658 121.43968157 1.25  0.0 0.0
2015-07-01-21 00 17.016	  31.02699658 121.43968157 1.25  0.0 0.0
2015-07-01-21 00 17.118	  31.02699658 121.43968157 1.25  0.0 0.0
2015-07-01-21 00 17.236	  31.02699658 121.43968157 1.25  0.0 0.0
2015-07-01-21 00 17.339	  31.02699658 121.43968157 1.25  0.0 0.0
2015-07-01-21 00 17.442	  31.02699658 121.43968157 1.25  0.0 0.0
2015-07-01-21 00 17.544	  31.02699658 121.43968157 1.25  0.0 0.0
2015-07-01-21 00 17.656	  31.02699658 121.43968157 1.25  0.0 0.0
2015-07-01-21 00 17.758	  31.02699658 121.43968157 1.25  0.0 0.0
2015-07-01-21 00 17.859	  31.02701775 121.43967157 1.25  0.0 0.0
2015-07-01-21 00 17.961	  31.02701775 121.43967157 1.25  0.0 0.0
2015-07-01-21 00 18.064	  31.02701775 121.43967157 1.25  0.0 0.0
2015-07-01-21 00 18.169	  31.02701775 121.43967157 1.25  0.0 0.0
2015-07-01-21 00 18.280	  31.02701775 121.43967157 1.25  0.0 0.0
2015-07-01-21 00 18.381	  31.02701775 121.43967157 1.25  0.0 0.0
2015-07-01-21 00 18.490	  31.02701775 121.43967157 1.25  0.0 0.0
2015-07-01-21 00 18.593	  31.02701775 121.43967157 1.25  0.0 0.0
2015-07-01-21 00 18.737	  31.02701775 121.43967157 1.25  0.0 0.0
2015-07-01-21 00 18.839	  31.02701775 121.43967157 1.25  0.0 0.0
2015-07-01-21 00 18.962	  31.02701775 121.43967157 1.25  0.0 0.0
2015-07-01-21 00 19.071	  31.02701775 121.43967157 1.25  0.0 0.0
2015-07-01-21 00 19.180	  31.02701775 121.43967157 1.25  0.0 0.0
2015-07-01-21 00 19.285	  31.02701775 121.43967157 1.25  0.0 0.0
2015-07-01-21 00 19.400	  31.02701775 121.43967157 1.25  0.0 0.0
2015-07-01-21 00 19.502	  31.02701775 121.43967157 1.25  0.0 0.0
2015-07-01-21 00 19.604	  31.02701775 121.43967157 1.25  0.0 0.0
2015-07-01-21 00 19.709	  31.02701775 121.43967157 1.25  0.0 0.0
2015-07-01-21 00 19.821	  31.02703841 121.4396629 1.25  0.0 0.0
2015-07-01-21 00 19.925	  31.02703841 121.4396629 1.25  0.0 0.0
2015-07-01-21 00 20.031	  31.02703841 121.4396629 1.25  0.0 0.0
2015-07-01-21 00 20.134	  31.02703841 121.4396629 1.25  0.0 0.0
2015-07-01-21 00 20.280	  31.02703841 121.4396629 1.25  0.0 0.0
2015-07-01-21 00 20.387	  31.02703841 121.4396629 1.25  0.0 0.0
2015-07-01-21 00 20.545	  31.02703841 121.4396629 1.25  0.0 0.0
2015-07-01-21 00 20.647	  31.02703841 121.4396629 1.25  0.0 0.0
2015-07-01-21 00 20.752	  31.02703841 121.4396629 1.25  0.0 0.0
2015-07-01-21 00 20.877	  31.02703841 121.4396629 1.25  0.0 0.0
2015-07-01-21 00 20.981	  31.02703841 121.4396629 1.25  0.0 0.0
2015-07-01-21 00 21.086	  31.02703841 121.4396629 1.25  0.0 0.0
2015-07-01-21 00 21.189	  31.02703841 121.4396629 1.25  0.0 0.0
2015-07-01-21 00 21.305	  31.02703841 121.4396629 1.25  0.0 0.0
2015-07-01-21 00 21.408	  31.02703841 121.4396629 1.25  0.0 0.0
2015-07-01-21 00 21.548	  31.02703841 121.4396629 1.25  0.0 0.0
2015-07-01-21 00 21.653	  31.02703841 121.4396629 1.25  0.0 0.0
2015-07-01-21 00 21.846	  31.02705919 121.43965162 1.25  0.0 0.0
2015-07-01-21 00 21.947	  31.02705919 121.43965162 1.25  0.0 0.0
2015-07-01-21 00 22.067	  31.02705919 121.43965162 1.25  0.0 0.0
2015-07-01-21 00 22.170	  31.02705919 121.43965162 1.25  0.0 0.0
2015-07-01-21 00 22.284	  31.02705919 121.43965162 1.25  0.0 0.0
2015-07-01-21 00 22.386	  31.02705919 121.43965162 1.25  0.0 0.0
2015-07-01-21 00 22.534	  31.02705919 121.43965162 1.25  0.0 0.0
2015-07-01-21 00 22.638	  31.02705919 121.43965162 1.25  0.0 0.0
2015-07-01-21 00 22.799	  31.02705919 121.43965162 1.25  0.0 0.0
2015-07-01-21 00 22.900	  31.02705919 121.43965162 1.25  0.0 0.0
2015-07-01-21 00 23.019	  31.02705919 121.43965162 1.25  0.0 0.0
2015-07-01-21 00 23.121	  31.02705919 121.43965162 1.25  0.0 0.0
2015-07-01-21 00 23.224	  31.02705919 121.43965162 1.25  0.0 0.0
2015-07-01-21 00 23.345	  31.02705919 121.43965162 1.25  0.0 0.0
2015-07-01-21 00 23.446	  31.02705919 121.43965162 1.25  0.0 0.0
2015-07-01-21 00 23.562	  31.02705919 121.43965162 1.25  0.0 0.0
2015-07-01-21 00 23.664	  31.02705919 121.43965162 1.25  0.0 0.0
2015-07-01-21 00 23.834	  31.02708258 121.43963945 1.25  0.0 0.0
2015-07-01-21 00 23.935	  31.02708258 121.43963945 1.25  0.0 0.0
2015-07-01-21 00 24.038	  31.02708258 121.43963945 1.25  0.0 0.0
2015-07-01-21 00 24.157	  31.02708258 121.43963945 1.25  0.0 0.0
2015-07-01-21 00 24.260	  31.02708258 121.43963945 1.25  0.0 0.0
2015-07-01-21 00 24.401	  31.02708258 121.43963945 1.25  0.0 0.0
2015-07-01-21 00 24.511	  31.02708258 121.43963945 1.25  0.0 0.0
2015-07-01-21 00 24.645	  31.02708258 121.43963945 1.25  0.0 0.0
2015-07-01-21 00 24.748	  31.02708258 121.43963945 1.25  0.0 0.0
2015-07-01-21 00 24.929	  31.02708258 121.43963945 1.25  0.0 0.0
2015-07-01-21 00 25.031	  31.02708258 121.43963945 1.25  0.0 0.0
2015-07-01-21 00 25.153	  31.02708258 121.43963945 1.25  0.0 0.0
2015-07-01-21 00 25.314	  31.02708258 121.43963945 1.25  0.0 0.0
2015-07-01-21 00 25.420	  31.02708258 121.43963945 1.25  0.0 0.0
2015-07-01-21 00 25.585	  31.02708258 121.43963945 1.25  0.0 0.0
2015-07-01-21 00 25.691	  31.02708258 121.43963945 1.25  0.0 0.0
2015-07-01-21 00 25.794	  31.02710568 121.43962849 1.25  0.0 0.0
2015-07-01-21 00 25.949	  31.02710568 121.43962849 1.25  0.0 0.0
2015-07-01-21 00 26.052	  31.02710568 121.43962849 1.25  0.0 0.0
2015-07-01-21 00 26.194	  31.02710568 121.43962849 1.25  0.0 0.0
2015-07-01-21 00 26.307	  31.02710568 121.43962849 1.25  0.0 0.0
2015-07-01-21 00 26.413	  31.02710568 121.43962849 1.25  0.0 0.0
2015-07-01-21 00 26.576	  31.02710568 121.43962849 1.25  0.0 0.0
2015-07-01-21 00 26.678	  31.02710568 121.43962849 1.25  0.0 0.0
2015-07-01-21 00 26.781	  31.02710568 121.43962849 1.25  0.0 0.0
2015-07-01-21 00 26.935	  31.02710568 121.43962849 1.25  0.0 0.0
2015-07-01-21 00 27.037	  31.02710568 121.43962849 1.25  0.0 0.0
2015-07-01-21 00 27.172	  31.02710568 121.43962849 1.25  0.0 0.0
2015-07-01-21 00 27.360	  31.02710568 121.43962849 1.25  0.0 0.0
2015-07-01-21 00 27.478	  31.02710568 121.43962849 1.25  0.0 0.0
2015-07-01-21 00 27.579	  31.02710568 121.43962849 1.25  0.0 0.0
2015-07-01-21 00 27.741	  31.02710568 121.43962849 1.25  0.0 0.0
2015-07-01-21 00 27.884	  31.02712859 121.43961959 1.25  0.0 0.0
2015-07-01-21 00 28.010	  31.02712859 121.43961959 1.25  0.0 0.0
2015-07-01-21 00 28.117	  31.02712859 121.43961959 1.25  0.0 0.0
2015-07-01-21 00 28.304	  31.02712859 121.43961959 1.25  0.0 0.0
2015-07-01-21 00 28.441	  31.02712859 121.43961959 1.25  0.0 0.0
2015-07-01-21 00 28.557	  31.02712859 121.43961959 1.25  0.0 0.0
2015-07-01-21 00 28.711	  31.02712859 121.43961959 1.25  0.0 0.0
2015-07-01-21 00 28.842	  31.02712859 121.43961959 1.25  0.0 0.0
2015-07-01-21 00 28.989	  31.02712859 121.43961959 1.25  0.0 0.0
2015-07-01-21 00 29.139	  31.02712859 121.43961959 1.25  0.0 0.0
2015-07-01-21 00 29.296	  31.02712859 121.43961959 1.25  0.0 0.0
2015-07-01-21 00 29.430	  31.02712859 121.43961959 1.25  0.0 0.0
2015-07-01-21 00 29.596	  31.02712859 121.43961959 1.25  0.0 0.0
2015-07-01-21 00 29.712	  31.02712859 121.43961959 1.25  0.0 0.0
2015-07-01-21 00 29.867	  31.02715049 121.43961068 1.25  0.0 0.0
2015-07-01-21 00 30.013	  31.02715049 121.43961068 1.25  0.0 0.0
2015-07-01-21 00 30.131	  31.02715049 121.43961068 1.25  0.0 0.0
2015-07-01-21 00 30.239	  31.02715049 121.43961068 1.25  0.0 0.0
2015-07-01-21 00 30.344	  31.02715049 121.43961068 1.25  0.0 0.0
2015-07-01-21 00 30.493	  31.02715049 121.43961068 1.25  0.0 0.0
2015-07-01-21 00 30.595	  31.02715049 121.43961068 1.25  0.0 0.0
2015-07-01-21 00 30.696	  31.02715049 121.43961068 1.25  0.0 0.0
2015-07-01-21 00 30.838	  31.02715049 121.43961068 1.25  0.0 0.0
2015-07-01-21 00 30.940	  31.02715049 121.43961068 1.25  0.0 0.0
2015-07-01-21 00 31.102	  31.02715049 121.43961068 1.25  0.0 0.0
2015-07-01-21 00 31.243	  31.02715049 121.43961068 1.25  0.0 0.0
2015-07-01-21 00 31.346	  31.02715049 121.43961068 1.25  0.0 0.0
2015-07-01-21 00 31.488	  31.02715049 121.43961068 1.25  0.0 0.0
2015-07-01-21 00 31.607	  31.02715049 121.43961068 1.25  0.0 0.0
2015-07-01-21 00 31.709	  31.02715049 121.43961068 1.25  0.0 0.0
2015-07-01-21 00 31.844	  31.02717031 121.43959929 1.25  0.0 0.0
2015-07-01-21 00 31.962	  31.02717031 121.43959929 1.25  0.0 0.0
2015-07-01-21 00 32.063	  31.02717031 121.43959929 1.25  0.0 0.0
2015-07-01-21 00 32.219	  31.02717031 121.43959929 1.25  0.0 0.0
2015-07-01-21 00 32.358	  31.02717031 121.43959929 1.25  0.0 0.0
2015-07-01-21 00 32.470	  31.02717031 121.43959929 1.25  0.0 0.0
2015-07-01-21 00 32.653	  31.02717031 121.43959929 1.25  0.0 0.0
2015-07-01-21 00 32.777	  31.02717031 121.43959929 1.25  0.0 0.0
2015-07-01-21 00 32.888	  31.02717031 121.43959929 1.25  0.0 0.0
2015-07-01-21 00 33.012	  31.02717031 121.43959929 1.25  0.0 0.0
2015-07-01-21 00 33.153	  31.02717031 121.43959929 1.25  0.0 0.0
2015-07-01-21 00 33.289	  31.02717031 121.43959929 1.25  0.0 0.0
2015-07-01-21 00 33.395	  31.02717031 121.43959929 1.25  0.0 0.0
2015-07-01-21 00 33.548	  31.02717031 121.43959929 1.25  0.0 0.0
2015-07-01-21 00 33.690	  31.02717031 121.43959929 1.25  0.0 0.0
2015-07-01-21 00 33.798	  31.02717031 121.43959929 1.25  0.0 0.0
2015-07-01-21 00 33.953	  31.02719003 121.43958967 1.25  0.0 0.0
2015-07-01-21 00 34.081	  31.02719003 121.43958967 1.25  0.0 0.0
2015-07-01-21 00 34.238	  31.02719003 121.43958967 1.25  0.0 0.0
2015-07-01-21 00 34.343	  31.02719003 121.43958967 1.25  0.0 0.0
2015-07-01-21 00 34.474	  31.02719003 121.43958967 1.25  0.0 0.0
2015-07-01-21 00 34.618	  31.02719003 121.43958967 1.25  0.0 0.0
2015-07-01-21 00 34.801	  31.02719003 121.43958967 1.25  0.0 0.0
2015-07-01-21 00 34.905	  31.02719003 121.43958967 1.25  0.0 0.0
2015-07-01-21 00 35.009	  31.02719003 121.43958967 1.25  0.0 0.0
2015-07-01-21 00 35.168	  31.02719003 121.43958967 1.25  0.0 0.0
2015-07-01-21 00 35.298	  31.02719003 121.43958967 1.25  0.0 0.0
2015-07-01-21 00 35.404	  31.02719003 121.43958967 1.25  0.0 0.0
2015-07-01-21 00 35.507	  31.02719003 121.43958967 1.25  0.0 0.0
2015-07-01-21 00 35.647	  31.02719003 121.43958967 1.25  0.0 0.0
2015-07-01-21 00 35.755	  31.02719003 121.43958967 1.25  0.0 0.0
2015-07-01-21 00 35.857	  31.02721002 121.43958447 1.25  0.0 0.0
2015-07-01-21 00 35.975	  31.02721002 121.43958447 1.25  0.0 0.0
2015-07-01-21 00 36.083	  31.02721002 121.43958447 1.25  0.0 0.0
2015-07-01-21 00 36.184	  31.02721002 121.43958447 1.25  0.0 0.0
2015-07-01-21 00 36.309	  31.02721002 121.43958447 1.25  0.0 0.0
2015-07-01-21 00 36.413	  31.02721002 121.43958447 1.25  0.0 0.0
2015-07-01-21 00 36.603	  31.02721002 121.43958447 1.25  0.0 0.0
2015-07-01-21 00 36.710	  31.02721002 121.43958447 1.25  0.0 0.0
2015-07-01-21 00 36.816	  31.02721002 121.43958447 1.25  0.0 0.0
2015-07-01-21 00 36.945	  31.02721002 121.43958447 1.25  0.0 0.0
2015-07-01-21 00 37.079	  31.02721002 121.43958447 1.25  0.0 0.0
2015-07-01-21 00 37.185	  31.02721002 121.43958447 1.25  0.0 0.0
2015-07-01-21 00 37.309	  31.02721002 121.43958447 1.25  0.0 0.0
2015-07-01-21 00 37.450	  31.02721002 121.43958447 1.25  0.0 0.0
2015-07-01-21 00 37.564	  31.02721002 121.43958447 1.25  0.0 0.0
2015-07-01-21 00 37.666	  31.02721002 121.43958447 1.25  0.0 0.0
2015-07-01-21 00 37.772	  31.02721002 121.43958447 1.25  0.0 0.0
2015-07-01-21 00 37.956	  31.02722944 121.4395766 1.25  0.0 0.0
2015-07-01-21 00 38.072	  31.02722944 121.4395766 1.25  0.0 0.0
2015-07-01-21 00 38.215	  31.02722944 121.4395766 1.25  0.0 0.0
2015-07-01-21 00 38.356	  31.02722944 121.4395766 1.25  0.0 0.0
2015-07-01-21 00 38.498	  31.02722944 121.4395766 1.25  0.0 0.0
2015-07-01-21 00 38.649	  31.02722944 121.4395766 1.25  0.0 0.0
2015-07-01-21 00 38.792	  31.02722944 121.4395766 1.25  0.0 0.0
2015-07-01-21 00 38.915	  31.02722944 121.4395766 1.25  0.0 0.0
2015-07-01-21 00 39.045	  31.02722944 121.4395766 1.25  0.0 0.0
2015-07-01-21 00 39.182	  31.02722944 121.4395766 1.25  0.0 0.0
2015-07-01-21 00 39.301	  31.02722944 121.4395766 1.25  0.0 0.0
2015-07-01-21 00 39.451	  31.02722944 121.4395766 1.25  0.0 0.0
2015-07-01-21 00 39.603	  31.02722944 121.4395766 1.25  0.0 0.0
2015-07-01-21 00 39.719	  31.02722944 121.4395766 1.25  0.0 0.0
2015-07-01-21 00 39.857	  31.02724956 121.43956801 1.25  0.0 0.0
2015-07-01-21 00 39.973	  31.02724956 121.43956801 1.25  0.0 0.0
2015-07-01-21 00 40.093	  31.02724956 121.43956801 1.25  0.0 0.0
2015-07-01-21 00 40.231	  31.02724956 121.43956801 1.25  0.0 0.0
2015-07-01-21 00 40.379	  31.02724956 121.43956801 1.25  0.0 0.0
2015-07-01-21 00 40.483	  31.02724956 121.43956801 1.25  0.0 0.0
2015-07-01-21 00 40.585	  31.02724956 121.43956801 1.25  0.0 0.0
2015-07-01-21 00 40.749	  31.02724956 121.43956801 1.25  0.0 0.0
2015-07-01-21 00 40.853	  31.02724956 121.43956801 1.25  0.0 0.0
2015-07-01-21 00 40.995	  31.02724956 121.43956801 1.25  0.0 0.0
2015-07-01-21 00 41.164	  31.02724956 121.43956801 1.25  0.0 0.0
2015-07-01-21 00 41.337	  31.02724956 121.43956801 1.25  0.0 0.0
2015-07-01-21 00 41.452	  31.02724956 121.43956801 1.25  0.0 0.0
2015-07-01-21 00 41.567	  31.02724956 121.43956801 1.25  0.0 0.0
2015-07-01-21 00 41.751	  31.02724956 121.43956801 1.25  0.0 0.0
2015-07-01-21 00 41.889	  31.02724956 121.43956801 1.25  0.0 0.0
2015-07-01-21 00 42.013	  31.02724956 121.43956801 1.25  0.0 0.0
2015-07-01-21 00 42.174	  31.02724956 121.43956801 1.25  0.0 0.0
2015-07-01-21 00 42.293	  31.02724956 121.43956801 1.25  0.0 0.0
2015-07-01-21 00 42.449	  31.02724956 121.43956801 1.25  0.0 0.0
2015-07-01-21 00 42.592	  31.02724956 121.43956801 1.25  0.0 0.0
2015-07-01-21 00 42.723	  31.02724956 121.43956801 1.25  0.0 0.0
2015-07-01-21 00 42.904	  31.02726999 121.43956146 0.5  0.0 0.0
2015-07-01-21 00 43.027	  31.02726999 121.43956146 0.5  0.0 0.0
2015-07-01-21 00 43.168	  31.02726999 121.43956146 0.5  0.0 0.0
2015-07-01-21 00 43.318	  31.02726999 121.43956146 0.5  0.0 0.0
2015-07-01-21 00 43.465	  31.02726999 121.43956146 0.5  0.0 0.0
2015-07-01-21 00 43.615	  31.02726999 121.43956146 0.5  0.0 0.0
2015-07-01-21 00 43.752	  31.02726999 121.43956146 0.5  0.0 0.0
2015-07-01-21 00 43.891	  31.02726999 121.43956146 0.5  0.0 0.0
2015-07-01-21 00 44.027	  31.02726999 121.43956146 0.5  0.0 0.0
2015-07-01-21 00 44.188	  31.02726999 121.43956146 0.5  0.0 0.0
2015-07-01-21 00 44.325	  31.02726999 121.43956146 0.5  0.0 0.0
2015-07-01-21 00 44.498	  31.02726999 121.43956146 0.5  0.0 0.0
2015-07-01-21 00 44.636	  31.02726999 121.43956146 0.5  0.0 0.0
2015-07-01-21 00 44.776	  31.02726999 121.43956146 0.5  0.0 0.0
2015-07-01-21 00 44.898	  31.02728862 121.43955722 1.0  0.0 0.0
2015-07-01-21 00 45.017	  31.02728862 121.43955722 1.0  0.0 0.0
2015-07-01-21 00 45.134	  31.02728862 121.43955722 1.0  0.0 0.0
2015-07-01-21 00 45.273	  31.02728862 121.43955722 1.0  0.0 0.0
2015-07-01-21 00 45.417	  31.02728862 121.43955722 1.0  0.0 0.0
2015-07-01-21 00 45.535	  31.02728862 121.43955722 1.0  0.0 0.0
2015-07-01-21 00 45.684	  31.02728862 121.43955722 1.0  0.0 0.0
2015-07-01-21 00 45.846	  31.02728862 121.43955722 1.0  0.0 0.0
2015-07-01-21 00 45.969	  31.02728862 121.43955722 1.0  0.0 0.0
2015-07-01-21 00 46.096	  31.02728862 121.43955722 1.0  0.0 0.0
2015-07-01-21 00 46.269	  31.02728862 121.43955722 1.0  0.0 0.0
2015-07-01-21 00 46.410	  31.02728862 121.43955722 1.0  0.0 0.0
2015-07-01-21 00 46.550	  31.02728862 121.43955722 1.0  0.0 0.0
2015-07-01-21 00 46.702	  31.02728862 121.43955722 1.0  0.0 0.0
2015-07-01-21 00 46.848	  31.02731052 121.43954879 1.0  0.0 0.0
2015-07-01-21 00 46.963	  31.02731052 121.43954879 1.0  0.0 0.0
2015-07-01-21 00 47.102	  31.02731052 121.43954879 1.0  0.0 0.0
2015-07-01-21 00 47.249	  31.02731052 121.43954879 1.0  0.0 0.0
2015-07-01-21 00 47.387	  31.02731052 121.43954879 1.0  0.0 0.0
2015-07-01-21 00 47.541	  31.02731052 121.43954879 1.0  0.0 0.0
2015-07-01-21 00 47.681	  31.02731052 121.43954879 1.0  0.0 0.0
2015-07-01-21 00 47.821	  31.02731052 121.43954879 1.0  0.0 0.0
2015-07-01-21 00 47.960	  31.02731052 121.43954879 1.0  0.0 0.0
2015-07-01-21 00 48.099	  31.02731052 121.43954879 1.0  0.0 0.0
2015-07-01-21 00 48.262	  31.02731052 121.43954879 1.0  0.0 0.0
2015-07-01-21 00 48.412	  31.02731052 121.43954879 1.0  0.0 0.0
2015-07-01-21 00 48.561	  31.02731052 121.43954879 1.0  0.0 0.0
2015-07-01-21 00 48.716	  31.02731052 121.43954879 1.0  0.0 0.0
2015-07-01-21 00 48.856	  31.02733367 121.43954042 1.0  0.0 0.0
2015-07-01-21 00 48.973	  31.02733367 121.43954042 1.0  0.0 0.0
2015-07-01-21 00 49.102	  31.02733367 121.43954042 1.0  0.0 0.0
2015-07-01-21 00 49.299	  31.02733367 121.43954042 1.0  0.0 0.0
2015-07-01-21 00 49.454	  31.02733367 121.43954042 1.0  0.0 0.0
2015-07-01-21 00 49.593	  31.02733367 121.43954042 1.0  0.0 0.0
2015-07-01-21 00 49.732	  31.02733367 121.43954042 1.0  0.0 0.0
2015-07-01-21 00 49.899	  31.02733367 121.43954042 1.0  0.0 0.0
2015-07-01-21 00 50.023	  31.02733367 121.43954042 1.0  0.0 0.0
2015-07-01-21 00 50.160	  31.02733367 121.43954042 1.0  0.0 0.0
2015-07-01-21 00 50.303	  31.02733367 121.43954042 1.0  0.0 0.0
2015-07-01-21 00 50.469	  31.02733367 121.43954042 1.0  0.0 0.0
2015-07-01-21 00 50.608	  31.02733367 121.43954042 1.0  0.0 0.0
2015-07-01-21 00 50.772	  31.02733367 121.43954042 1.0  0.0 0.0
2015-07-01-21 00 50.910	  31.02735497 121.43953048 1.0  0.0 0.0
2015-07-01-21 00 51.027	  31.02735497 121.43953048 1.0  0.0 0.0
2015-07-01-21 00 51.148	  31.02735497 121.43953048 1.0  0.0 0.0
2015-07-01-21 00 51.299	  31.02735497 121.43953048 1.0  0.0 0.0
2015-07-01-21 00 51.417	  31.02735497 121.43953048 1.0  0.0 0.0
2015-07-01-21 00 51.555	  31.02735497 121.43953048 1.0  0.0 0.0
2015-07-01-21 00 51.690	  31.02735497 121.43953048 1.0  0.0 0.0
2015-07-01-21 00 51.849	  31.02735497 121.43953048 1.0  0.0 0.0
2015-07-01-21 00 51.966	  31.02735497 121.43953048 1.0  0.0 0.0
2015-07-01-21 00 52.116	  31.02735497 121.43953048 1.0  0.0 0.0
2015-07-01-21 00 52.260	  31.02735497 121.43953048 1.0  0.0 0.0
2015-07-01-21 00 52.378	  31.02735497 121.43953048 1.0  0.0 0.0
2015-07-01-21 00 52.547	  31.02735497 121.43953048 1.0  0.0 0.0
2015-07-01-21 00 52.707	  31.02735497 121.43953048 1.0  0.0 0.0
2015-07-01-21 00 52.847	  31.02737527 121.43952072 1.0  0.0 0.0
2015-07-01-21 00 52.965	  31.02737527 121.43952072 1.0  0.0 0.0
2015-07-01-21 00 53.096	  31.02737527 121.43952072 1.0  0.0 0.0
2015-07-01-21 00 53.228	  31.02737527 121.43952072 1.0  0.0 0.0
2015-07-01-21 00 53.393	  31.02737527 121.43952072 1.0  0.0 0.0
2015-07-01-21 00 53.536	  31.02737527 121.43952072 1.0  0.0 0.0
2015-07-01-21 00 53.651	  31.02737527 121.43952072 1.0  0.0 0.0
2015-07-01-21 00 53.767	  31.02737527 121.43952072 1.0  0.0 0.0
2015-07-01-21 00 53.931	  31.02737527 121.43952072 1.0  0.0 0.0
2015-07-01-21 00 54.056	  31.02737527 121.43952072 1.0  0.0 0.0
2015-07-01-21 00 54.225	  31.02737527 121.43952072 1.0  0.0 0.0
2015-07-01-21 00 54.343	  31.02737527 121.43952072 1.0  0.0 0.0
2015-07-01-21 00 54.460	  31.02737527 121.43952072 1.0  0.0 0.0
2015-07-01-21 00 54.577	  31.02737527 121.43952072 1.0  0.0 0.0
2015-07-01-21 00 54.736	  31.02737527 121.43952072 1.0  0.0 0.0
2015-07-01-21 00 54.854	  31.02739658 121.43951258 1.0  0.0 0.0
2015-07-01-21 00 54.968	  31.02739658 121.43951258 1.0  0.0 0.0
2015-07-01-21 00 55.089	  31.02739658 121.43951258 1.0  0.0 0.0
2015-07-01-21 00 55.236	  31.02739658 121.43951258 1.0  0.0 0.0
2015-07-01-21 00 55.352	  31.02739658 121.43951258 1.0  0.0 0.0
2015-07-01-21 00 55.515	  31.02739658 121.43951258 1.0  0.0 0.0
2015-07-01-21 00 55.679	  31.02739658 121.43951258 1.0  0.0 0.0
2015-07-01-21 00 55.797	  31.02739658 121.43951258 1.0  0.0 0.0
2015-07-01-21 00 55.921	  31.02739658 121.43951258 1.0  0.0 0.0
2015-07-01-21 00 56.053	  31.02739658 121.43951258 1.0  0.0 0.0
2015-07-01-21 00 56.184	  31.02739658 121.43951258 1.0  0.0 0.0
2015-07-01-21 00 56.345	  31.02739658 121.43951258 1.0  0.0 0.0
2015-07-01-21 00 56.499	  31.02739658 121.43951258 1.0  0.0 0.0
2015-07-01-21 00 56.642	  31.02739658 121.43951258 1.0  0.0 0.0
2015-07-01-21 00 56.759	  31.02739658 121.43951258 1.0  0.0 0.0
2015-07-01-21 00 56.893	  31.02741655 121.43950312 1.0  0.0 0.0
2015-07-01-21 00 57.023	  31.02741655 121.43950312 1.0  0.0 0.0
2015-07-01-21 00 57.180	  31.02741655 121.43950312 1.0  0.0 0.0
2015-07-01-21 00 57.298	  31.02741655 121.43950312 1.0  0.0 0.0
2015-07-01-21 00 57.431	  31.02741655 121.43950312 1.0  0.0 0.0
2015-07-01-21 00 57.587	  31.02741655 121.43950312 1.0  0.0 0.0
2015-07-01-21 00 57.703	  31.02741655 121.43950312 1.0  0.0 0.0
2015-07-01-21 00 57.847	  31.02741655 121.43950312 1.0  0.0 0.0
2015-07-01-21 00 57.966	  31.02741655 121.43950312 1.0  0.0 0.0
2015-07-01-21 00 58.102	  31.02741655 121.43950312 1.0  0.0 0.0
2015-07-01-21 00 58.231	  31.02741655 121.43950312 1.0  0.0 0.0
2015-07-01-21 00 58.349	  31.02741655 121.43950312 1.0  0.0 0.0
2015-07-01-21 00 58.523	  31.02741655 121.43950312 1.0  0.0 0.0
2015-07-01-21 00 58.678	  31.02741655 121.43950312 1.0  0.0 0.0
2015-07-01-21 00 58.817	  31.02743589 121.43949298 1.0  0.0 0.0
2015-07-01-21 00 58.959	  31.02743589 121.43949298 1.0  0.0 0.0
2015-07-01-21 00 59.074	  31.02743589 121.43949298 1.0  0.0 0.0
2015-07-01-21 00 59.197	  31.02743589 121.43949298 1.0  0.0 0.0
2015-07-01-21 00 59.352	  31.02743589 121.43949298 1.0  0.0 0.0
2015-07-01-21 00 59.480	  31.02743589 121.43949298 1.0  0.0 0.0
2015-07-01-21 00 59.632	  31.02743589 121.43949298 1.0  0.0 0.0
2015-07-01-21 00 59.775	  31.02743589 121.43949298 1.0  0.0 0.0
2015-07-01-21 00 59.955	  31.02743589 121.43949298 1.0  0.0 0.0
2015-07-01-21 01 00.091	  31.02743589 121.43949298 1.0  0.0 0.0
2015-07-01-21 01 00.235	  31.02743589 121.43949298 1.0  0.0 0.0
2015-07-01-21 01 00.352	  31.02743589 121.43949298 1.0  0.0 0.0
2015-07-01-21 01 00.522	  31.02743589 121.43949298 1.0  0.0 0.0
2015-07-01-21 01 00.676	  31.02743589 121.43949298 1.0  0.0 0.0
2015-07-01-21 01 00.792	  31.02745794 121.43948427 1.0  0.0 0.0
2015-07-01-21 01 00.917	  31.02745794 121.43948427 1.0  0.0 0.0
2015-07-01-21 01 01.048	  31.02745794 121.43948427 1.0  0.0 0.0
2015-07-01-21 01 01.200	  31.02745794 121.43948427 1.0  0.0 0.0
2015-07-01-21 01 01.315	  31.02745794 121.43948427 1.0  0.0 0.0
2015-07-01-21 01 01.441	  31.02745794 121.43948427 1.0  0.0 0.0
2015-07-01-21 01 01.557	  31.02745794 121.43948427 1.0  0.0 0.0
2015-07-01-21 01 01.705	  31.02745794 121.43948427 1.0  0.0 0.0
2015-07-01-21 01 01.846	  31.02745794 121.43948427 1.0  0.0 0.0
2015-07-01-21 01 01.985	  31.02745794 121.43948427 1.0  0.0 0.0
2015-07-01-21 01 02.105	  31.02745794 121.43948427 1.0  0.0 0.0
2015-07-01-21 01 02.228	  31.02745794 121.43948427 1.0  0.0 0.0
2015-07-01-21 01 02.390	  31.02745794 121.43948427 1.0  0.0 0.0
2015-07-01-21 01 02.506	  31.02745794 121.43948427 1.0  0.0 0.0
2015-07-01-21 01 02.654	  31.02745794 121.43948427 1.0  0.0 0.0
2015-07-01-21 01 02.800	  31.02747954 121.43947407 1.0  0.0 0.0
2015-07-01-21 01 02.943	  31.02747954 121.43947407 1.0  0.0 0.0
2015-07-01-21 01 03.075	  31.02747954 121.43947407 1.0  0.0 0.0
2015-07-01-21 01 03.213	  31.02747954 121.43947407 1.0  0.0 0.0
2015-07-01-21 01 03.397	  31.02747954 121.43947407 1.0  0.0 0.0
2015-07-01-21 01 03.509	  31.02747954 121.43947407 1.0  0.0 0.0
2015-07-01-21 01 03.662	  31.02747954 121.43947407 1.0  0.0 0.0
2015-07-01-21 01 03.811	  31.02747954 121.43947407 1.0  0.0 0.0
2015-07-01-21 01 03.929	  31.02747954 121.43947407 1.0  0.0 0.0
2015-07-01-21 01 04.048	  31.02747954 121.43947407 1.0  0.0 0.0
2015-07-01-21 01 04.165	  31.02747954 121.43947407 1.0  0.0 0.0
2015-07-01-21 01 04.313	  31.02747954 121.43947407 1.0  0.0 0.0
2015-07-01-21 01 04.478	  31.02747954 121.43947407 1.0  0.0 0.0
2015-07-01-21 01 04.582	  31.02747954 121.43947407 1.0  0.0 0.0
2015-07-01-21 01 04.745	  31.02747954 121.43947407 1.0  0.0 0.0
2015-07-01-21 01 04.898	  31.02750113 121.43946232 1.0  0.0 0.0
2015-07-01-21 01 05.001	  31.02750113 121.43946232 1.0  0.0 0.0
2015-07-01-21 01 05.141	  31.02750113 121.43946232 1.0  0.0 0.0
2015-07-01-21 01 05.308	  31.02750113 121.43946232 1.0  0.0 0.0
2015-07-01-21 01 05.423	  31.02750113 121.43946232 1.0  0.0 0.0
2015-07-01-21 01 05.560	  31.02750113 121.43946232 1.0  0.0 0.0
2015-07-01-21 01 05.705	  31.02750113 121.43946232 1.0  0.0 0.0
2015-07-01-21 01 05.847	  31.02750113 121.43946232 1.0  0.0 0.0
2015-07-01-21 01 05.950	  31.02750113 121.43946232 1.0  0.0 0.0
2015-07-01-21 01 06.064	  31.02750113 121.43946232 1.0  0.0 0.0
2015-07-01-21 01 06.180	  31.02750113 121.43946232 1.0  0.0 0.0
2015-07-01-21 01 06.304	  31.02750113 121.43946232 1.0  0.0 0.0
2015-07-01-21 01 06.415	  31.02750113 121.43946232 1.0  0.0 0.0
2015-07-01-21 01 06.590	  31.02750113 121.43946232 1.0  0.0 0.0
2015-07-01-21 01 06.708	  31.02750113 121.43946232 1.0  0.0 0.0
2015-07-01-21 01 06.841	  31.0275215 121.43945262 1.0  0.0 0.0
2015-07-01-21 01 06.965	  31.0275215 121.43945262 1.0  0.0 0.0
2015-07-01-21 01 07.095	  31.0275215 121.43945262 1.0  0.0 0.0
2015-07-01-21 01 07.247	  31.0275215 121.43945262 1.0  0.0 0.0
2015-07-01-21 01 07.402	  31.0275215 121.43945262 1.0  0.0 0.0
2015-07-01-21 01 07.543	  31.0275215 121.43945262 1.0  0.0 0.0
2015-07-01-21 01 07.686	  31.0275215 121.43945262 1.0  0.0 0.0
2015-07-01-21 01 07.831	  31.0275215 121.43945262 1.0  0.0 0.0
2015-07-01-21 01 07.951	  31.0275215 121.43945262 1.0  0.0 0.0
2015-07-01-21 01 08.078	  31.0275215 121.43945262 1.0  0.0 0.0
2015-07-01-21 01 08.228	  31.0275215 121.43945262 1.0  0.0 0.0
2015-07-01-21 01 08.387	  31.0275215 121.43945262 1.0  0.0 0.0
2015-07-01-21 01 08.557	  31.0275215 121.43945262 1.0  0.0 0.0
2015-07-01-21 01 08.698	  31.0275215 121.43945262 1.0  0.0 0.0
2015-07-01-21 01 08.850	  31.02754361 121.43944597 1.0  0.0 0.0
2015-07-01-21 01 08.965	  31.02754361 121.43944597 1.0  0.0 0.0
2015-07-01-21 01 09.095	  31.02754361 121.43944597 1.0  0.0 0.0
2015-07-01-21 01 09.238	  31.02754361 121.43944597 1.0  0.0 0.0
2015-07-01-21 01 09.378	  31.02754361 121.43944597 1.0  0.0 0.0
2015-07-01-21 01 09.547	  31.02754361 121.43944597 1.0  0.0 0.0
2015-07-01-21 01 09.684	  31.02754361 121.43944597 1.0  0.0 0.0
2015-07-01-21 01 09.849	  31.02754361 121.43944597 1.0  0.0 0.0
2015-07-01-21 01 09.967	  31.02754361 121.43944597 1.0  0.0 0.0
2015-07-01-21 01 10.101	  31.02754361 121.43944597 1.0  0.0 0.0
2015-07-01-21 01 10.240	  31.02754361 121.43944597 1.0  0.0 0.0
2015-07-01-21 01 10.357	  31.02754361 121.43944597 1.0  0.0 0.0
2015-07-01-21 01 10.503	  31.02754361 121.43944597 1.0  0.0 0.0
2015-07-01-21 01 10.701	  31.02754361 121.43944597 1.0  0.0 0.0
2015-07-01-21 01 10.826	  31.02756571 121.43943868 1.0  0.0 0.0
2015-07-01-21 01 10.942	  31.02756571 121.43943868 1.0  0.0 0.0
2015-07-01-21 01 11.094	  31.02756571 121.43943868 1.0  0.0 0.0
2015-07-01-21 01 11.252	  31.02756571 121.43943868 1.0  0.0 0.0
2015-07-01-21 01 11.373	  31.02756571 121.43943868 1.0  0.0 0.0
2015-07-01-21 01 11.551	  31.02756571 121.43943868 1.0  0.0 0.0
2015-07-01-21 01 11.689	  31.02756571 121.43943868 1.0  0.0 0.0
2015-07-01-21 01 11.819	  31.02756571 121.43943868 1.0  0.0 0.0
2015-07-01-21 01 11.960	  31.02756571 121.43943868 1.0  0.0 0.0
2015-07-01-21 01 12.080	  31.02756571 121.43943868 1.0  0.0 0.0
2015-07-01-21 01 12.226	  31.02756571 121.43943868 1.0  0.0 0.0
2015-07-01-21 01 12.375	  31.02756571 121.43943868 1.0  0.0 0.0
2015-07-01-21 01 12.479	  31.02756571 121.43943868 1.0  0.0 0.0
2015-07-01-21 01 12.588	  31.02756571 121.43943868 1.0  0.0 0.0
2015-07-01-21 01 12.695	  31.02756571 121.43943868 1.0  0.0 0.0
2015-07-01-21 01 12.803	  31.02758731 121.4394301 1.0  0.0 0.0
2015-07-01-21 01 12.908	  31.02758731 121.4394301 1.0  0.0 0.0
2015-07-01-21 01 13.018	  31.02758731 121.4394301 1.0  0.0 0.0
2015-07-01-21 01 13.133	  31.02758731 121.4394301 1.0  0.0 0.0
2015-07-01-21 01 13.236	  31.02758731 121.4394301 1.0  0.0 0.0
2015-07-01-21 01 13.338	  31.02758731 121.4394301 1.0  0.0 0.0
2015-07-01-21 01 13.444	  31.02758731 121.4394301 1.0  0.0 0.0
2015-07-01-21 01 13.552	  31.02758731 121.4394301 1.0  0.0 0.0
2015-07-01-21 01 13.668	  31.02758731 121.4394301 1.0  0.0 0.0
2015-07-01-21 01 13.822	  31.02758731 121.4394301 1.0  0.0 0.0
2015-07-01-21 01 13.963	  31.02758731 121.4394301 1.0  0.0 0.0
2015-07-01-21 01 14.097	  31.02758731 121.4394301 1.0  0.0 0.0
2015-07-01-21 01 14.248	  31.02758731 121.4394301 1.0  0.0 0.0
2015-07-01-21 01 14.366	  31.02758731 121.4394301 1.0  0.0 0.0
2015-07-01-21 01 14.505	  31.02758731 121.4394301 1.0  0.0 0.0
2015-07-01-21 01 14.640	  31.02758731 121.4394301 1.0  0.0 0.0
2015-07-01-21 01 14.790	  31.02758731 121.4394301 1.0  0.0 0.0
2015-07-01-21 01 14.908	  31.02761014 121.43942095 1.25  0.0 0.0
2015-07-01-21 01 15.028	  31.02761014 121.43942095 1.25  0.0 0.0
2015-07-01-21 01 15.148	  31.02761014 121.43942095 1.25  0.0 0.0
2015-07-01-21 01 15.302	  31.02761014 121.43942095 1.25  0.0 0.0
2015-07-01-21 01 15.421	  31.02761014 121.43942095 1.25  0.0 0.0
2015-07-01-21 01 15.565	  31.02761014 121.43942095 1.25  0.0 0.0
2015-07-01-21 01 15.699	  31.02761014 121.43942095 1.25  0.0 0.0
2015-07-01-21 01 15.899	  31.02761014 121.43942095 1.25  0.0 0.0
2015-07-01-21 01 16.038	  31.02761014 121.43942095 1.25  0.0 0.0
2015-07-01-21 01 16.176	  31.02761014 121.43942095 1.25  0.0 0.0
2015-07-01-21 01 16.310	  31.02761014 121.43942095 1.25  0.0 0.0
2015-07-01-21 01 16.480	  31.02761014 121.43942095 1.25  0.0 0.0
2015-07-01-21 01 16.598	  31.02761014 121.43942095 1.25  0.0 0.0
2015-07-01-21 01 16.716	  31.02761014 121.43942095 1.25  0.0 0.0
2015-07-01-21 01 16.908	  31.02763305 121.43941145 1.25  0.0 0.0
2015-07-01-21 01 17.042	  31.02763305 121.43941145 1.25  0.0 0.0
2015-07-01-21 01 17.202	  31.02763305 121.43941145 1.25  0.0 0.0
2015-07-01-21 01 17.319	  31.02763305 121.43941145 1.25  0.0 0.0
2015-07-01-21 01 17.458	  31.02763305 121.43941145 1.25  0.0 0.0
2015-07-01-21 01 17.575	  31.02763305 121.43941145 1.25  0.0 0.0
2015-07-01-21 01 17.701	  31.02763305 121.43941145 1.25  0.0 0.0
2015-07-01-21 01 17.839	  31.02763305 121.43941145 1.25  0.0 0.0
2015-07-01-21 01 17.985	  31.02763305 121.43941145 1.25  0.0 0.0
2015-07-01-21 01 18.103	  31.02763305 121.43941145 1.25  0.0 0.0
2015-07-01-21 01 18.252	  31.02763305 121.43941145 1.25  0.0 0.0
2015-07-01-21 01 18.370	  31.02763305 121.43941145 1.25  0.0 0.0
2015-07-01-21 01 18.504	  31.02763305 121.43941145 1.25  0.0 0.0
2015-07-01-21 01 18.628	  31.02763305 121.43941145 1.25  0.0 0.0
2015-07-01-21 01 18.796	  31.02763305 121.43941145 1.25  0.0 0.0
2015-07-01-21 01 18.939	  31.0276558 121.43940186 1.25  0.0 0.0
2015-07-01-21 01 19.115	  31.0276558 121.43940186 1.25  0.0 0.0
2015-07-01-21 01 19.243	  31.0276558 121.43940186 1.25  0.0 0.0
2015-07-01-21 01 19.363	  31.0276558 121.43940186 1.25  0.0 0.0
2015-07-01-21 01 19.548	  31.0276558 121.43940186 1.25  0.0 0.0
2015-07-01-21 01 19.696	  31.0276558 121.43940186 1.25  0.0 0.0
2015-07-01-21 01 19.851	  31.0276558 121.43940186 1.25  0.0 0.0
2015-07-01-21 01 19.968	  31.0276558 121.43940186 1.25  0.0 0.0
2015-07-01-21 01 20.091	  31.0276558 121.43940186 1.25  0.0 0.0
2015-07-01-21 01 20.228	  31.0276558 121.43940186 1.25  0.0 0.0
2015-07-01-21 01 20.362	  31.0276558 121.43940186 1.25  0.0 0.0
2015-07-01-21 01 20.502	  31.0276558 121.43940186 1.25  0.0 0.0
2015-07-01-21 01 20.632	  31.0276558 121.43940186 1.25  0.0 0.0
2015-07-01-21 01 20.797	  31.0276558 121.43940186 1.25  0.0 0.0
2015-07-01-21 01 20.915	  31.0276785 121.43939163 1.25  0.0 0.0
2015-07-01-21 01 21.040	  31.0276785 121.43939163 1.25  0.0 0.0
2015-07-01-21 01 21.161	  31.0276785 121.43939163 1.25  0.0 0.0
2015-07-01-21 01 21.308	  31.0276785 121.43939163 1.25  0.0 0.0
2015-07-01-21 01 21.457	  31.0276785 121.43939163 1.25  0.0 0.0
2015-07-01-21 01 21.578	  31.0276785 121.43939163 1.25  0.0 0.0
2015-07-01-21 01 21.711	  31.0276785 121.43939163 1.25  0.0 0.0
2015-07-01-21 01 21.856	  31.0276785 121.43939163 1.25  0.0 0.0
2015-07-01-21 01 22.001	  31.0276785 121.43939163 1.25  0.0 0.0
2015-07-01-21 01 22.140	  31.0276785 121.43939163 1.25  0.0 0.0
2015-07-01-21 01 22.257	  31.0276785 121.43939163 1.25  0.0 0.0
2015-07-01-21 01 22.398	  31.0276785 121.43939163 1.25  0.0 0.0
2015-07-01-21 01 22.531	  31.0276785 121.43939163 1.25  0.0 0.0
2015-07-01-21 01 22.640	  31.0276785 121.43939163 1.25  0.0 0.0
2015-07-01-21 01 22.756	  31.0276785 121.43939163 1.25  0.0 0.0
2015-07-01-21 01 22.924	  31.0276785 121.43939163 1.25  0.0 0.0
2015-07-01-21 01 23.043	  31.0276785 121.43939163 1.25  0.0 0.0
2015-07-01-21 01 23.188	  31.0276785 121.43939163 1.25  0.0 0.0
2015-07-01-21 01 23.305	  31.0276785 121.43939163 1.25  0.0 0.0
2015-07-01-21 01 23.440	  31.0276785 121.43939163 1.25  0.0 0.0
2015-07-01-21 01 23.562	  31.0276785 121.43939163 1.25  0.0 0.0
2015-07-01-21 01 23.741	  31.0276785 121.43939163 1.25  0.0 0.0
2015-07-01-21 01 23.895	  31.0276785 121.43939163 1.25  0.0 0.0
2015-07-01-21 01 24.024	  31.0276785 121.43939163 1.25  0.0 0.0
2015-07-01-21 01 24.178	  31.0276785 121.43939163 1.25  0.0 0.0
2015-07-01-21 01 24.318	  31.0276785 121.43939163 1.25  0.0 0.0
2015-07-01-21 01 24.464	  31.0276785 121.43939163 1.25  0.0 0.0
2015-07-01-21 01 24.629	  31.0276785 121.43939163 1.25  0.0 0.0
2015-07-01-21 01 24.760	  31.0276785 121.43939163 1.25  0.0 0.0
