2015-07-01-20 57 25.973	  0.0 0.0 0.0  0.0 0.0
2015-07-01-20 57 26.076	  0.0 0.0 0.0  0.0 0.0
2015-07-01-20 57 26.177	  0.0 0.0 0.0  0.0 0.0
2015-07-01-20 57 26.279	  0.0 0.0 0.0  0.0 0.0
2015-07-01-20 57 26.382	  0.0 0.0 0.0  0.0 0.0
2015-07-01-20 57 26.483	  0.0 0.0 0.0  0.0 0.0
2015-07-01-20 57 26.585	  0.0 0.0 0.0  0.0 0.0
2015-07-01-20 57 26.687	  0.0 0.0 0.0  0.0 0.0
2015-07-01-20 57 26.789	  0.0 0.0 0.0  0.0 0.0
2015-07-01-20 57 26.891	  31.02773978 121.43936078 0.75  0.0 0.0
2015-07-01-20 57 26.993	  31.02773978 121.43936078 0.75  0.0 0.0
2015-07-01-20 57 27.095	  31.02773978 121.43936078 0.75  0.0 0.0
2015-07-01-20 57 27.196	  31.02773978 121.43936078 0.75  0.0 0.0
2015-07-01-20 57 27.298	  31.02773978 121.43936078 0.75  0.0 0.0
2015-07-01-20 57 27.401	  31.02773978 121.43936078 0.75  0.0 0.0
2015-07-01-20 57 27.502	  31.02773978 121.43936078 0.75  0.0 0.0
2015-07-01-20 57 27.607	  31.02773978 121.43936078 0.75  0.0 0.0
2015-07-01-20 57 27.709	  31.02773978 121.43936078 0.75  0.0 0.0
2015-07-01-20 57 27.811	  31.02773978 121.43936078 0.75  0.0 0.0
2015-07-01-20 57 27.914	  31.02773978 121.43936078 0.75  0.0 0.0
2015-07-01-20 57 28.015	  31.02773978 121.43936078 0.75  0.0 0.0
2015-07-01-20 57 28.117	  31.02773978 121.43936078 0.75  0.0 0.0
2015-07-01-20 57 28.219	  31.02773978 121.43936078 0.75  0.0 0.0
2015-07-01-20 57 28.321	  31.02773978 121.43936078 0.75  0.0 0.0
2015-07-01-20 57 28.428	  31.02773978 121.43936078 0.75  0.0 0.0
2015-07-01-20 57 28.530	  31.02773978 121.43936078 0.75  0.0 0.0
2015-07-01-20 57 28.632	  31.02773978 121.43936078 0.75  0.0 0.0
2015-07-01-20 57 28.734	  31.02773978 121.43936078 0.75  0.0 0.0
2015-07-01-20 57 28.836	  31.02773978 121.43936078 0.75  0.0 0.0
2015-07-01-20 57 28.939	  31.02773978 121.43936078 0.75  0.0 0.0
2015-07-01-20 57 29.046	  31.02773978 121.43936078 0.75  0.0 0.0
2015-07-01-20 57 29.149	  31.02773978 121.43936078 0.75  0.0 0.0
2015-07-01-20 57 29.251	  31.02773978 121.43936078 0.75  0.0 0.0
2015-07-01-20 57 29.355	  31.02772233 121.43937364 1.0  0.0 0.0
2015-07-01-20 57 29.456	  31.02772233 121.43937364 1.0  0.0 0.0
2015-07-01-20 57 29.559	  31.02772233 121.43937364 1.0  0.0 0.0
2015-07-01-20 57 29.664	  31.02772233 121.43937364 1.0  0.0 0.0
2015-07-01-20 57 29.771	  31.02772233 121.43937364 1.0  0.0 0.0
2015-07-01-20 57 29.873	  31.02772233 121.43937364 1.0  0.0 0.0
2015-07-01-20 57 29.975	  31.02772233 121.43937364 1.0  0.0 0.0
2015-07-01-20 57 30.076	  31.02772233 121.43937364 1.0  0.0 0.0
2015-07-01-20 57 30.178	  31.02772233 121.43937364 1.0  0.0 0.0
2015-07-01-20 57 30.283	  31.02772233 121.43937364 1.0  0.0 0.0
2015-07-01-20 57 30.387	  31.02772233 121.43937364 1.0  0.0 0.0
2015-07-01-20 57 30.494	  31.02772233 121.43937364 1.0  0.0 0.0
2015-07-01-20 57 30.600	  31.02772233 121.43937364 1.0  0.0 0.0
2015-07-01-20 57 30.702	  31.02772233 121.43937364 1.0  0.0 0.0
2015-07-01-20 57 30.803	  31.02770024 121.43938147 1.25  0.0 0.0
2015-07-01-20 57 30.905	  31.02770024 121.43938147 1.25  0.0 0.0
2015-07-01-20 57 31.006	  31.02770024 121.43938147 1.25  0.0 0.0
2015-07-01-20 57 31.108	  31.02770024 121.43938147 1.25  0.0 0.0
2015-07-01-20 57 31.211	  31.02770024 121.43938147 1.25  0.0 0.0
2015-07-01-20 57 31.316	  31.02770024 121.43938147 1.25  0.0 0.0
2015-07-01-20 57 31.419	  31.02770024 121.43938147 1.25  0.0 0.0
2015-07-01-20 57 31.520	  31.02770024 121.43938147 1.25  0.0 0.0
2015-07-01-20 57 31.627	  31.02770024 121.43938147 1.25  0.0 0.0
2015-07-01-20 57 31.731	  31.02770024 121.43938147 1.25  0.0 0.0
2015-07-01-20 57 31.841	  31.02770024 121.43938147 1.25  0.0 0.0
2015-07-01-20 57 31.942	  31.02770024 121.43938147 1.25  0.0 0.0
2015-07-01-20 57 32.045	  31.02770024 121.43938147 1.25  0.0 0.0
2015-07-01-20 57 32.147	  31.02770024 121.43938147 1.25  0.0 0.0
2015-07-01-20 57 32.254	  31.02770024 121.43938147 1.25  0.0 0.0
2015-07-01-20 57 32.363	  31.02770024 121.43938147 1.25  0.0 0.0
2015-07-01-20 57 32.469	  31.02770024 121.43938147 1.25  0.0 0.0
2015-07-01-20 57 32.576	  31.02770024 121.43938147 1.25  0.0 0.0
2015-07-01-20 57 32.678	  31.02770024 121.43938147 1.25  0.0 0.0
2015-07-01-20 57 32.779	  31.02770024 121.43938147 1.25  0.0 0.0
2015-07-01-20 57 32.881	  31.02770024 121.43938147 1.25  0.0 0.0
2015-07-01-20 57 32.984	  31.02767849 121.43939113 1.25  0.0 0.0
2015-07-01-20 57 33.086	  31.02767849 121.43939113 1.25  0.0 0.0
2015-07-01-20 57 33.187	  31.02767849 121.43939113 1.25  0.0 0.0
2015-07-01-20 57 33.291	  31.02767849 121.43939113 1.25  0.0 0.0
2015-07-01-20 57 33.395	  31.02767849 121.43939113 1.25  0.0 0.0
2015-07-01-20 57 33.500	  31.02767849 121.43939113 1.25  0.0 0.0
2015-07-01-20 57 33.607	  31.02767849 121.43939113 1.25  0.0 0.0
2015-07-01-20 57 33.713	  31.02767849 121.43939113 1.25  0.0 0.0
2015-07-01-20 57 33.819	  31.02767849 121.43939113 1.25  0.0 0.0
2015-07-01-20 57 33.920	  31.02767849 121.43939113 1.25  0.0 0.0
2015-07-01-20 57 34.022	  31.02767849 121.43939113 1.25  0.0 0.0
2015-07-01-20 57 34.124	  31.02767849 121.43939113 1.25  0.0 0.0
2015-07-01-20 57 34.227	  31.02767849 121.43939113 1.25  0.0 0.0
2015-07-01-20 57 34.329	  31.02767849 121.43939113 1.25  0.0 0.0
2015-07-01-20 57 34.435	  31.02767849 121.43939113 1.25  0.0 0.0
2015-07-01-20 57 34.539	  31.02767849 121.43939113 1.25  0.0 0.0
2015-07-01-20 57 34.643	  31.02767849 121.43939113 1.25  0.0 0.0
2015-07-01-20 57 34.748	  31.02767849 121.43939113 1.25  0.0 0.0
2015-07-01-20 57 34.855	  31.0276583 121.43940082 1.25  0.0 0.0
2015-07-01-20 57 34.956	  31.0276583 121.43940082 1.25  0.0 0.0
2015-07-01-20 57 35.059	  31.0276583 121.43940082 1.25  0.0 0.0
2015-07-01-20 57 35.161	  31.0276583 121.43940082 1.25  0.0 0.0
2015-07-01-20 57 35.264	  31.0276583 121.43940082 1.25  0.0 0.0
2015-07-01-20 57 35.368	  31.0276583 121.43940082 1.25  0.0 0.0
2015-07-01-20 57 35.472	  31.0276583 121.43940082 1.25  0.0 0.0
2015-07-01-20 57 35.581	  31.0276583 121.43940082 1.25  0.0 0.0
2015-07-01-20 57 35.684	  31.0276583 121.43940082 1.25  0.0 0.0
2015-07-01-20 57 35.785	  31.0276583 121.43940082 1.25  0.0 0.0
2015-07-01-20 57 35.902	  31.0276583 121.43940082 1.25  0.0 0.0
2015-07-01-20 57 36.004	  31.0276583 121.43940082 1.25  0.0 0.0
2015-07-01-20 57 36.110	  31.0276583 121.43940082 1.25  0.0 0.0
2015-07-01-20 57 36.211	  31.0276583 121.43940082 1.25  0.0 0.0
2015-07-01-20 57 36.313	  31.0276583 121.43940082 1.25  0.0 0.0
2015-07-01-20 57 36.415	  31.0276583 121.43940082 1.25  0.0 0.0
2015-07-01-20 57 36.516	  31.0276583 121.43940082 1.25  0.0 0.0
2015-07-01-20 57 36.618	  31.0276583 121.43940082 1.25  0.0 0.0
2015-07-01-20 57 36.721	  31.0276583 121.43940082 1.25  0.0 0.0
2015-07-01-20 57 36.825	  31.02763867 121.43940978 1.25  0.0 0.0
2015-07-01-20 57 36.968	  31.02763867 121.43940978 1.25  0.0 0.0
2015-07-01-20 57 37.070	  31.02763867 121.43940978 1.25  0.0 0.0
2015-07-01-20 57 37.173	  31.02763867 121.43940978 1.25  0.0 0.0
2015-07-01-20 57 37.275	  31.02763867 121.43940978 1.25  0.0 0.0
2015-07-01-20 57 37.379	  31.02763867 121.43940978 1.25  0.0 0.0
2015-07-01-20 57 37.487	  31.02763867 121.43940978 1.25  0.0 0.0
2015-07-01-20 57 37.588	  31.02763867 121.43940978 1.25  0.0 0.0
2015-07-01-20 57 37.690	  31.02763867 121.43940978 1.25  0.0 0.0
2015-07-01-20 57 37.793	  31.02763867 121.43940978 1.25  0.0 0.0
2015-07-01-20 57 37.907	  31.02763867 121.43940978 1.25  0.0 0.0
2015-07-01-20 57 38.010	  31.02763867 121.43940978 1.25  0.0 0.0
2015-07-01-20 57 38.112	  31.02763867 121.43940978 1.25  0.0 0.0
2015-07-01-20 57 38.214	  31.02763867 121.43940978 1.25  0.0 0.0
2015-07-01-20 57 38.321	  31.02763867 121.43940978 1.25  0.0 0.0
2015-07-01-20 57 38.430	  31.02763867 121.43940978 1.25  0.0 0.0
2015-07-01-20 57 38.544	  31.02763867 121.43940978 1.25  0.0 0.0
2015-07-01-20 57 38.645	  31.02763867 121.43940978 1.25  0.0 0.0
2015-07-01-20 57 38.746	  31.02763867 121.43940978 1.25  0.0 0.0
2015-07-01-20 57 38.848	  31.02763867 121.43940978 1.25  0.0 0.0
2015-07-01-20 57 38.954	  31.02763867 121.43940978 1.25  0.0 0.0
2015-07-01-20 57 39.069	  31.02763867 121.43940978 1.25  0.0 0.0
2015-07-01-20 57 39.172	  31.02763867 121.43940978 1.25  0.0 0.0
2015-07-01-20 57 39.275	  31.02763867 121.43940978 1.25  0.0 0.0
2015-07-01-20 57 39.379	  31.02763867 121.43940978 1.25  0.0 0.0
2015-07-01-20 57 39.491	  31.02763867 121.43940978 1.25  0.0 0.0
2015-07-01-20 57 39.593	  31.02763867 121.43940978 1.25  0.0 0.0
2015-07-01-20 57 39.695	  31.02763867 121.43940978 1.25  0.0 0.0
2015-07-01-20 57 39.798	  31.02763867 121.43940978 1.25  0.0 0.0
2015-07-01-20 57 39.900	  31.02761362 121.43941798 1.0  0.0 0.0
2015-07-01-20 57 40.012	  31.02761362 121.43941798 1.0  0.0 0.0
2015-07-01-20 57 40.113	  31.02761362 121.43941798 1.0  0.0 0.0
2015-07-01-20 57 40.216	  31.02761362 121.43941798 1.0  0.0 0.0
2015-07-01-20 57 40.320	  31.02761362 121.43941798 1.0  0.0 0.0
2015-07-01-20 57 40.425	  31.02761362 121.43941798 1.0  0.0 0.0
2015-07-01-20 57 40.532	  31.02761362 121.43941798 1.0  0.0 0.0
2015-07-01-20 57 40.635	  31.02761362 121.43941798 1.0  0.0 0.0
2015-07-01-20 57 40.736	  31.02761362 121.43941798 1.0  0.0 0.0
2015-07-01-20 57 40.841	  31.02761362 121.43941798 1.0  0.0 0.0
2015-07-01-20 57 40.943	  31.02761362 121.43941798 1.0  0.0 0.0
2015-07-01-20 57 41.044	  31.02761362 121.43941798 1.0  0.0 0.0
2015-07-01-20 57 41.147	  31.02761362 121.43941798 1.0  0.0 0.0
2015-07-01-20 57 41.249	  31.02761362 121.43941798 1.0  0.0 0.0
2015-07-01-20 57 41.350	  31.02761362 121.43941798 1.0  0.0 0.0
2015-07-01-20 57 41.452	  31.02761362 121.43941798 1.0  0.0 0.0
2015-07-01-20 57 41.554	  31.02761362 121.43941798 1.0  0.0 0.0
2015-07-01-20 57 41.657	  31.02761362 121.43941798 1.0  0.0 0.0
2015-07-01-20 57 41.759	  31.02761362 121.43941798 1.0  0.0 0.0
2015-07-01-20 57 41.870	  31.02761362 121.43941798 1.0  0.0 0.0
2015-07-01-20 57 41.971	  31.02761362 121.43941798 1.0  0.0 0.0
2015-07-01-20 57 42.074	  31.02761362 121.43941798 1.0  0.0 0.0
2015-07-01-20 57 42.175	  31.02761362 121.43941798 1.0  0.0 0.0
2015-07-01-20 57 42.277	  31.02761362 121.43941798 1.0  0.0 0.0
2015-07-01-20 57 42.386	  31.02761362 121.43941798 1.0  0.0 0.0
2015-07-01-20 57 42.488	  31.02761362 121.43941798 1.0  0.0 0.0
2015-07-01-20 57 42.590	  31.02761362 121.43941798 1.0  0.0 0.0
2015-07-01-20 57 42.694	  31.02761362 121.43941798 1.0  0.0 0.0
2015-07-01-20 57 42.799	  31.02758827 121.43942704 1.0  0.0 0.0
2015-07-01-20 57 42.902	  31.02758827 121.43942704 1.0  0.0 0.0
2015-07-01-20 57 43.005	  31.02758827 121.43942704 1.0  0.0 0.0
2015-07-01-20 57 43.108	  31.02758827 121.43942704 1.0  0.0 0.0
2015-07-01-20 57 43.219	  31.02758827 121.43942704 1.0  0.0 0.0
2015-07-01-20 57 43.324	  31.02758827 121.43942704 1.0  0.0 0.0
2015-07-01-20 57 43.428	  31.02758827 121.43942704 1.0  0.0 0.0
2015-07-01-20 57 43.533	  31.02758827 121.43942704 1.0  0.0 0.0
2015-07-01-20 57 43.644	  31.02758827 121.43942704 1.0  0.0 0.0
2015-07-01-20 57 43.746	  31.02758827 121.43942704 1.0  0.0 0.0
2015-07-01-20 57 43.848	  31.02758827 121.43942704 1.0  0.0 0.0
2015-07-01-20 57 43.950	  31.02758827 121.43942704 1.0  0.0 0.0
2015-07-01-20 57 44.056	  31.02758827 121.43942704 1.0  0.0 0.0
2015-07-01-20 57 44.159	  31.02758827 121.43942704 1.0  0.0 0.0
2015-07-01-20 57 44.263	  31.02758827 121.43942704 1.0  0.0 0.0
2015-07-01-20 57 44.368	  31.02758827 121.43942704 1.0  0.0 0.0
2015-07-01-20 57 44.478	  31.02758827 121.43942704 1.0  0.0 0.0
2015-07-01-20 57 44.580	  31.02758827 121.43942704 1.0  0.0 0.0
2015-07-01-20 57 44.683	  31.02758827 121.43942704 1.0  0.0 0.0
2015-07-01-20 57 44.785	  31.02758827 121.43942704 1.0  0.0 0.0
2015-07-01-20 57 44.892	  31.02758827 121.43942704 1.0  0.0 0.0
2015-07-01-20 57 44.994	  31.02758827 121.43942704 1.0  0.0 0.0
2015-07-01-20 57 45.097	  31.02758827 121.43942704 1.0  0.0 0.0
2015-07-01-20 57 45.203	  31.02758827 121.43942704 1.0  0.0 0.0
2015-07-01-20 57 45.319	  31.02758827 121.43942704 1.0  0.0 0.0
2015-07-01-20 57 45.423	  31.02758827 121.43942704 1.0  0.0 0.0
2015-07-01-20 57 45.526	  31.02758827 121.43942704 1.0  0.0 0.0
2015-07-01-20 57 45.632	  31.02758827 121.43942704 1.0  0.0 0.0
2015-07-01-20 57 45.747	  31.02758827 121.43942704 1.0  0.0 0.0
2015-07-01-20 57 45.848	  31.02756327 121.43944096 1.0  0.0 0.0
2015-07-01-20 57 45.949	  31.02756327 121.43944096 1.0  0.0 0.0
2015-07-01-20 57 46.054	  31.02756327 121.43944096 1.0  0.0 0.0
2015-07-01-20 57 46.165	  31.02756327 121.43944096 1.0  0.0 0.0
2015-07-01-20 57 46.266	  31.02756327 121.43944096 1.0  0.0 0.0
2015-07-01-20 57 46.410	  31.02756327 121.43944096 1.0  0.0 0.0
2015-07-01-20 57 46.515	  31.02756327 121.43944096 1.0  0.0 0.0
2015-07-01-20 57 46.631	  31.02756327 121.43944096 1.0  0.0 0.0
2015-07-01-20 57 46.733	  31.02756327 121.43944096 1.0  0.0 0.0
2015-07-01-20 57 46.836	  31.02756327 121.43944096 1.0  0.0 0.0
2015-07-01-20 57 46.944	  31.02756327 121.43944096 1.0  0.0 0.0
2015-07-01-20 57 47.046	  31.02756327 121.43944096 1.0  0.0 0.0
2015-07-01-20 57 47.148	  31.02756327 121.43944096 1.0  0.0 0.0
2015-07-01-20 57 47.255	  31.02756327 121.43944096 1.0  0.0 0.0
2015-07-01-20 57 47.400	  31.02756327 121.43944096 1.0  0.0 0.0
2015-07-01-20 57 47.502	  31.02756327 121.43944096 1.0  0.0 0.0
2015-07-01-20 57 47.605	  31.02756327 121.43944096 1.0  0.0 0.0
2015-07-01-20 57 47.706	  31.02756327 121.43944096 1.0  0.0 0.0
2015-07-01-20 57 47.810	  31.02754597 121.43944903 1.0  0.0 0.0
2015-07-01-20 57 47.942	  31.02754597 121.43944903 1.0  0.0 0.0
2015-07-01-20 57 48.044	  31.02754597 121.43944903 1.0  0.0 0.0
2015-07-01-20 57 48.147	  31.02754597 121.43944903 1.0  0.0 0.0
2015-07-01-20 57 48.249	  31.02754597 121.43944903 1.0  0.0 0.0
2015-07-01-20 57 48.351	  31.02754597 121.43944903 1.0  0.0 0.0
2015-07-01-20 57 48.453	  31.02754597 121.43944903 1.0  0.0 0.0
2015-07-01-20 57 48.554	  31.02754597 121.43944903 1.0  0.0 0.0
2015-07-01-20 57 48.657	  31.02754597 121.43944903 1.0  0.0 0.0
2015-07-01-20 57 48.759	  31.02754597 121.43944903 1.0  0.0 0.0
2015-07-01-20 57 48.865	  31.02754597 121.43944903 1.0  0.0 0.0
2015-07-01-20 57 48.966	  31.02754597 121.43944903 1.0  0.0 0.0
2015-07-01-20 57 49.068	  31.02754597 121.43944903 1.0  0.0 0.0
2015-07-01-20 57 49.170	  31.02754597 121.43944903 1.0  0.0 0.0
2015-07-01-20 57 49.271	  31.02754597 121.43944903 1.0  0.0 0.0
2015-07-01-20 57 49.373	  31.02754597 121.43944903 1.0  0.0 0.0
2015-07-01-20 57 49.478	  31.02754597 121.43944903 1.0  0.0 0.0
2015-07-01-20 57 49.586	  31.02754597 121.43944903 1.0  0.0 0.0
2015-07-01-20 57 49.689	  31.02754597 121.43944903 1.0  0.0 0.0
2015-07-01-20 57 49.790	  31.02754597 121.43944903 1.0  0.0 0.0
2015-07-01-20 57 49.896	  31.02754597 121.43944903 1.0  0.0 0.0
2015-07-01-20 57 49.998	  31.02754597 121.43944903 1.0  0.0 0.0
2015-07-01-20 57 50.103	  31.02754597 121.43944903 1.0  0.0 0.0
2015-07-01-20 57 50.212	  31.02754597 121.43944903 1.0  0.0 0.0
2015-07-01-20 57 50.317	  31.02754597 121.43944903 1.0  0.0 0.0
2015-07-01-20 57 50.422	  31.0275275 121.4394561 1.0  0.0 0.0
2015-07-01-20 57 50.532	  31.0275275 121.4394561 1.0  0.0 0.0
2015-07-01-20 57 50.637	  31.0275275 121.4394561 1.0  0.0 0.0
2015-07-01-20 57 50.743	  31.0275275 121.4394561 1.0  0.0 0.0
2015-07-01-20 57 50.901	  31.0275275 121.4394561 1.0  0.0 0.0
2015-07-01-20 57 51.007	  31.0275275 121.4394561 1.0  0.0 0.0
2015-07-01-20 57 51.111	  31.0275275 121.4394561 1.0  0.0 0.0
2015-07-01-20 57 51.256	  31.0275275 121.4394561 1.0  0.0 0.0
2015-07-01-20 57 51.358	  31.0275275 121.4394561 1.0  0.0 0.0
2015-07-01-20 57 51.498	  31.0275275 121.4394561 1.0  0.0 0.0
2015-07-01-20 57 51.601	  31.0275275 121.4394561 1.0  0.0 0.0
2015-07-01-20 57 51.770	  31.0275275 121.4394561 1.0  0.0 0.0
2015-07-01-20 57 51.877	  31.02750818 121.43946594 1.0  0.0 0.0
2015-07-01-20 57 51.993	  31.02750818 121.43946594 1.0  0.0 0.0
2015-07-01-20 57 52.095	  31.02750818 121.43946594 1.0  0.0 0.0
2015-07-01-20 57 52.200	  31.02750818 121.43946594 1.0  0.0 0.0
2015-07-01-20 57 52.352	  31.02750818 121.43946594 1.0  0.0 0.0
2015-07-01-20 57 52.454	  31.02750818 121.43946594 1.0  0.0 0.0
2015-07-01-20 57 52.560	  31.02750818 121.43946594 1.0  0.0 0.0
2015-07-01-20 57 52.662	  31.02750818 121.43946594 1.0  0.0 0.0
2015-07-01-20 57 52.765	  31.02750818 121.43946594 1.0  0.0 0.0
2015-07-01-20 57 52.921	  31.02750818 121.43946594 1.0  0.0 0.0
2015-07-01-20 57 53.022	  31.02750818 121.43946594 1.0  0.0 0.0
2015-07-01-20 57 53.136	  31.02750818 121.43946594 1.0  0.0 0.0
2015-07-01-20 57 53.238	  31.02750818 121.43946594 1.0  0.0 0.0
2015-07-01-20 57 53.341	  31.02750818 121.43946594 1.0  0.0 0.0
2015-07-01-20 57 53.504	  31.02750818 121.43946594 1.0  0.0 0.0
2015-07-01-20 57 53.607	  31.02750818 121.43946594 1.0  0.0 0.0
2015-07-01-20 57 53.717	  31.02750818 121.43946594 1.0  0.0 0.0
2015-07-01-20 57 53.819	  31.02748814 121.43947315 1.0  0.0 0.0
2015-07-01-20 57 53.921	  31.02748814 121.43947315 1.0  0.0 0.0
2015-07-01-20 57 54.054	  31.02748814 121.43947315 1.0  0.0 0.0
2015-07-01-20 57 54.160	  31.02748814 121.43947315 1.0  0.0 0.0
2015-07-01-20 57 54.324	  31.02748814 121.43947315 1.0  0.0 0.0
2015-07-01-20 57 54.426	  31.02748814 121.43947315 1.0  0.0 0.0
2015-07-01-20 57 54.564	  31.02748814 121.43947315 1.0  0.0 0.0
2015-07-01-20 57 54.667	  31.02748814 121.43947315 1.0  0.0 0.0
2015-07-01-20 57 54.788	  31.02748814 121.43947315 1.0  0.0 0.0
2015-07-01-20 57 54.924	  31.02748814 121.43947315 1.0  0.0 0.0
2015-07-01-20 57 55.025	  31.02748814 121.43947315 1.0  0.0 0.0
2015-07-01-20 57 55.142	  31.02748814 121.43947315 1.0  0.0 0.0
2015-07-01-20 57 55.243	  31.02748814 121.43947315 1.0  0.0 0.0
2015-07-01-20 57 55.381	  31.02748814 121.43947315 1.0  0.0 0.0
2015-07-01-20 57 55.487	  31.02748814 121.43947315 1.0  0.0 0.0
2015-07-01-20 57 55.651	  31.02748814 121.43947315 1.0  0.0 0.0
2015-07-01-20 57 55.753	  31.02748814 121.43947315 1.0  0.0 0.0
2015-07-01-20 57 55.946	  31.02746891 121.43947715 1.0  0.0 0.0
2015-07-01-20 57 56.048	  31.02746891 121.43947715 1.0  0.0 0.0
2015-07-01-20 57 56.187	  31.02746891 121.43947715 1.0  0.0 0.0
2015-07-01-20 57 56.290	  31.02746891 121.43947715 1.0  0.0 0.0
2015-07-01-20 57 56.433	  31.02746891 121.43947715 1.0  0.0 0.0
2015-07-01-20 57 56.535	  31.02746891 121.43947715 1.0  0.0 0.0
2015-07-01-20 57 56.665	  31.02746891 121.43947715 1.0  0.0 0.0
2015-07-01-20 57 56.768	  31.02746891 121.43947715 1.0  0.0 0.0
2015-07-01-20 57 56.873	  31.02746891 121.43947715 1.0  0.0 0.0
2015-07-01-20 57 56.975	  31.02746891 121.43947715 1.0  0.0 0.0
2015-07-01-20 57 57.102	  31.02746891 121.43947715 1.0  0.0 0.0
2015-07-01-20 57 57.207	  31.02746891 121.43947715 1.0  0.0 0.0
2015-07-01-20 57 57.391	  31.02746891 121.43947715 1.0  0.0 0.0
2015-07-01-20 57 57.493	  31.02746891 121.43947715 1.0  0.0 0.0
2015-07-01-20 57 57.625	  31.02746891 121.43947715 1.0  0.0 0.0
2015-07-01-20 57 57.727	  31.02746891 121.43947715 1.0  0.0 0.0
2015-07-01-20 57 57.873	  31.02744954 121.43948363 1.0  0.0 0.0
2015-07-01-20 57 57.974	  31.02744954 121.43948363 1.0  0.0 0.0
2015-07-01-20 57 58.104	  31.02744954 121.43948363 1.0  0.0 0.0
2015-07-01-20 57 58.206	  31.02744954 121.43948363 1.0  0.0 0.0
2015-07-01-20 57 58.354	  31.02744954 121.43948363 1.0  0.0 0.0
2015-07-01-20 57 58.457	  31.02744954 121.43948363 1.0  0.0 0.0
2015-07-01-20 57 58.596	  31.02744954 121.43948363 1.0  0.0 0.0
2015-07-01-20 57 58.703	  31.02744954 121.43948363 1.0  0.0 0.0
2015-07-01-20 57 58.858	  31.02744954 121.43948363 1.0  0.0 0.0
2015-07-01-20 57 58.961	  31.02744954 121.43948363 1.0  0.0 0.0
2015-07-01-20 57 59.086	  31.02744954 121.43948363 1.0  0.0 0.0
2015-07-01-20 57 59.187	  31.02744954 121.43948363 1.0  0.0 0.0
2015-07-01-20 57 59.346	  31.02744954 121.43948363 1.0  0.0 0.0
2015-07-01-20 57 59.449	  31.02744954 121.43948363 1.0  0.0 0.0
2015-07-01-20 57 59.585	  31.02744954 121.43948363 1.0  0.0 0.0
2015-07-01-20 57 59.687	  31.02744954 121.43948363 1.0  0.0 0.0
2015-07-01-20 57 59.846	  31.02743075 121.43948696 1.0  0.0 0.0
2015-07-01-20 57 59.948	  31.02743075 121.43948696 1.0  0.0 0.0
2015-07-01-20 58 00.101	  31.02743075 121.43948696 1.0  0.0 0.0
2015-07-01-20 58 00.205	  31.02743075 121.43948696 1.0  0.0 0.0
2015-07-01-20 58 00.346	  31.02743075 121.43948696 1.0  0.0 0.0
2015-07-01-20 58 00.451	  31.02743075 121.43948696 1.0  0.0 0.0
2015-07-01-20 58 00.604	  31.02743075 121.43948696 1.0  0.0 0.0
2015-07-01-20 58 00.706	  31.02743075 121.43948696 1.0  0.0 0.0
2015-07-01-20 58 00.861	  31.02743075 121.43948696 1.0  0.0 0.0
2015-07-01-20 58 00.963	  31.02743075 121.43948696 1.0  0.0 0.0
2015-07-01-20 58 01.101	  31.02743075 121.43948696 1.0  0.0 0.0
2015-07-01-20 58 01.204	  31.02743075 121.43948696 1.0  0.0 0.0
2015-07-01-20 58 01.390	  31.02743075 121.43948696 1.0  0.0 0.0
2015-07-01-20 58 01.493	  31.02743075 121.43948696 1.0  0.0 0.0
2015-07-01-20 58 01.636	  31.02743075 121.43948696 1.0  0.0 0.0
2015-07-01-20 58 01.739	  31.02743075 121.43948696 1.0  0.0 0.0
2015-07-01-20 58 01.892	  31.02741147 121.43949662 1.0  0.0 0.0
2015-07-01-20 58 02.035	  31.02741147 121.43949662 1.0  0.0 0.0
2015-07-01-20 58 02.174	  31.02741147 121.43949662 1.0  0.0 0.0
2015-07-01-20 58 02.347	  31.02741147 121.43949662 1.0  0.0 0.0
2015-07-01-20 58 02.448	  31.02741147 121.43949662 1.0  0.0 0.0
2015-07-01-20 58 02.592	  31.02741147 121.43949662 1.0  0.0 0.0
2015-07-01-20 58 02.694	  31.02741147 121.43949662 1.0  0.0 0.0
2015-07-01-20 58 02.842	  31.02741147 121.43949662 1.0  0.0 0.0
2015-07-01-20 58 02.943	  31.02741147 121.43949662 1.0  0.0 0.0
2015-07-01-20 58 03.103	  31.02741147 121.43949662 1.0  0.0 0.0
2015-07-01-20 58 03.207	  31.02741147 121.43949662 1.0  0.0 0.0
2015-07-01-20 58 03.368	  31.02741147 121.43949662 1.0  0.0 0.0
2015-07-01-20 58 03.472	  31.02741147 121.43949662 1.0  0.0 0.0
2015-07-01-20 58 03.634	  31.02741147 121.43949662 1.0  0.0 0.0
2015-07-01-20 58 03.736	  31.02741147 121.43949662 1.0  0.0 0.0
2015-07-01-20 58 03.897	  31.0273922 121.43950882 1.0  0.0 0.0
2015-07-01-20 58 04.000	  31.0273922 121.43950882 1.0  0.0 0.0
2015-07-01-20 58 04.149	  31.0273922 121.43950882 1.0  0.0 0.0
2015-07-01-20 58 04.253	  31.0273922 121.43950882 1.0  0.0 0.0
2015-07-01-20 58 04.398	  31.0273922 121.43950882 1.0  0.0 0.0
2015-07-01-20 58 04.500	  31.0273922 121.43950882 1.0  0.0 0.0
2015-07-01-20 58 04.647	  31.0273922 121.43950882 1.0  0.0 0.0
2015-07-01-20 58 04.749	  31.0273922 121.43950882 1.0  0.0 0.0
2015-07-01-20 58 04.871	  31.0273922 121.43950882 1.0  0.0 0.0
2015-07-01-20 58 04.973	  31.0273922 121.43950882 1.0  0.0 0.0
2015-07-01-20 58 05.100	  31.0273922 121.43950882 1.0  0.0 0.0
2015-07-01-20 58 05.202	  31.0273922 121.43950882 1.0  0.0 0.0
2015-07-01-20 58 05.386	  31.0273922 121.43950882 1.0  0.0 0.0
2015-07-01-20 58 05.488	  31.0273922 121.43950882 1.0  0.0 0.0
2015-07-01-20 58 05.645	  31.0273922 121.43950882 1.0  0.0 0.0
2015-07-01-20 58 05.751	  31.02737464 121.43951979 1.25  0.0 0.0
2015-07-01-20 58 05.912	  31.02737464 121.43951979 1.25  0.0 0.0
2015-07-01-20 58 06.015	  31.02737464 121.43951979 1.25  0.0 0.0
2015-07-01-20 58 06.168	  31.02737464 121.43951979 1.25  0.0 0.0
2015-07-01-20 58 06.272	  31.02737464 121.43951979 1.25  0.0 0.0
2015-07-01-20 58 06.427	  31.02737464 121.43951979 1.25  0.0 0.0
2015-07-01-20 58 06.530	  31.02737464 121.43951979 1.25  0.0 0.0
2015-07-01-20 58 06.632	  31.02737464 121.43951979 1.25  0.0 0.0
2015-07-01-20 58 06.734	  31.02737464 121.43951979 1.25  0.0 0.0
2015-07-01-20 58 06.838	  31.02737464 121.43951979 1.25  0.0 0.0
2015-07-01-20 58 06.941	  31.02737464 121.43951979 1.25  0.0 0.0
2015-07-01-20 58 07.044	  31.02737464 121.43951979 1.25  0.0 0.0
2015-07-01-20 58 07.154	  31.02737464 121.43951979 1.25  0.0 0.0
2015-07-01-20 58 07.257	  31.02737464 121.43951979 1.25  0.0 0.0
2015-07-01-20 58 07.399	  31.02737464 121.43951979 1.25  0.0 0.0
2015-07-01-20 58 07.501	  31.02737464 121.43951979 1.25  0.0 0.0
2015-07-01-20 58 07.643	  31.02737464 121.43951979 1.25  0.0 0.0
2015-07-01-20 58 07.748	  31.02737464 121.43951979 1.25  0.0 0.0
2015-07-01-20 58 07.850	  31.02735653 121.43952942 1.25  0.0 0.0
2015-07-01-20 58 07.952	  31.02735653 121.43952942 1.25  0.0 0.0
2015-07-01-20 58 08.055	  31.02735653 121.43952942 1.25  0.0 0.0
2015-07-01-20 58 08.162	  31.02735653 121.43952942 1.25  0.0 0.0
2015-07-01-20 58 08.264	  31.02735653 121.43952942 1.25  0.0 0.0
2015-07-01-20 58 08.379	  31.02735653 121.43952942 1.25  0.0 0.0
2015-07-01-20 58 08.483	  31.02735653 121.43952942 1.25  0.0 0.0
2015-07-01-20 58 08.639	  31.02735653 121.43952942 1.25  0.0 0.0
2015-07-01-20 58 08.755	  31.02735653 121.43952942 1.25  0.0 0.0
2015-07-01-20 58 08.857	  31.02735653 121.43952942 1.25  0.0 0.0
2015-07-01-20 58 08.973	  31.02735653 121.43952942 1.25  0.0 0.0
2015-07-01-20 58 09.100	  31.02735653 121.43952942 1.25  0.0 0.0
2015-07-01-20 58 09.268	  31.02735653 121.43952942 1.25  0.0 0.0
2015-07-01-20 58 09.369	  31.02735653 121.43952942 1.25  0.0 0.0
2015-07-01-20 58 09.538	  31.02735653 121.43952942 1.25  0.0 0.0
2015-07-01-20 58 09.663	  31.02735653 121.43952942 1.25  0.0 0.0
2015-07-01-20 58 09.769	  31.02733894 121.43953875 1.0  0.0 0.0
2015-07-01-20 58 09.926	  31.02733894 121.43953875 1.0  0.0 0.0
2015-07-01-20 58 10.040	  31.02733894 121.43953875 1.0  0.0 0.0
2015-07-01-20 58 10.145	  31.02733894 121.43953875 1.0  0.0 0.0
2015-07-01-20 58 10.318	  31.02733894 121.43953875 1.0  0.0 0.0
2015-07-01-20 58 10.450	  31.02733894 121.43953875 1.0  0.0 0.0
2015-07-01-20 58 10.600	  31.02733894 121.43953875 1.0  0.0 0.0
2015-07-01-20 58 10.702	  31.02733894 121.43953875 1.0  0.0 0.0
2015-07-01-20 58 10.845	  31.02733894 121.43953875 1.0  0.0 0.0
2015-07-01-20 58 10.989	  31.02733894 121.43953875 1.0  0.0 0.0
2015-07-01-20 58 11.093	  31.02733894 121.43953875 1.0  0.0 0.0
2015-07-01-20 58 11.253	  31.02733894 121.43953875 1.0  0.0 0.0
2015-07-01-20 58 11.368	  31.02733894 121.43953875 1.0  0.0 0.0
2015-07-01-20 58 11.472	  31.02733894 121.43953875 1.0  0.0 0.0
2015-07-01-20 58 11.632	  31.02733894 121.43953875 1.0  0.0 0.0
2015-07-01-20 58 11.748	  31.02733894 121.43953875 1.0  0.0 0.0
2015-07-01-20 58 11.910	  31.02732093 121.43954413 1.0  0.0 0.0
2015-07-01-20 58 12.014	  31.02732093 121.43954413 1.0  0.0 0.0
2015-07-01-20 58 12.145	  31.02732093 121.43954413 1.0  0.0 0.0
2015-07-01-20 58 12.301	  31.02732093 121.43954413 1.0  0.0 0.0
2015-07-01-20 58 12.407	  31.02732093 121.43954413 1.0  0.0 0.0
2015-07-01-20 58 12.563	  31.02732093 121.43954413 1.0  0.0 0.0
2015-07-01-20 58 12.677	  31.02732093 121.43954413 1.0  0.0 0.0
2015-07-01-20 58 12.816	  31.02732093 121.43954413 1.0  0.0 0.0
2015-07-01-20 58 12.953	  31.02732093 121.43954413 1.0  0.0 0.0
2015-07-01-20 58 13.058	  31.02732093 121.43954413 1.0  0.0 0.0
2015-07-01-20 58 13.198	  31.02732093 121.43954413 1.0  0.0 0.0
2015-07-01-20 58 13.299	  31.02732093 121.43954413 1.0  0.0 0.0
2015-07-01-20 58 13.402	  31.02732093 121.43954413 1.0  0.0 0.0
2015-07-01-20 58 13.551	  31.02732093 121.43954413 1.0  0.0 0.0
2015-07-01-20 58 13.716	  31.02732093 121.43954413 1.0  0.0 0.0
2015-07-01-20 58 13.822	  31.02730126 121.4395521 1.0  0.0 0.0
2015-07-01-20 58 13.937	  31.02730126 121.4395521 1.0  0.0 0.0
2015-07-01-20 58 14.067	  31.02730126 121.4395521 1.0  0.0 0.0
2015-07-01-20 58 14.170	  31.02730126 121.4395521 1.0  0.0 0.0
2015-07-01-20 58 14.325	  31.02730126 121.4395521 1.0  0.0 0.0
2015-07-01-20 58 14.427	  31.02730126 121.4395521 1.0  0.0 0.0
2015-07-01-20 58 14.528	  31.02730126 121.4395521 1.0  0.0 0.0
2015-07-01-20 58 14.635	  31.02730126 121.4395521 1.0  0.0 0.0
2015-07-01-20 58 14.737	  31.02730126 121.4395521 1.0  0.0 0.0
2015-07-01-20 58 14.903	  31.02730126 121.4395521 1.0  0.0 0.0
2015-07-01-20 58 15.005	  31.02730126 121.4395521 1.0  0.0 0.0
2015-07-01-20 58 15.107	  31.02730126 121.4395521 1.0  0.0 0.0
2015-07-01-20 58 15.264	  31.02730126 121.4395521 1.0  0.0 0.0
2015-07-01-20 58 15.366	  31.02730126 121.4395521 1.0  0.0 0.0
2015-07-01-20 58 15.530	  31.02730126 121.4395521 1.0  0.0 0.0
2015-07-01-20 58 15.664	  31.02730126 121.4395521 1.0  0.0 0.0
2015-07-01-20 58 15.769	  31.02728158 121.43956433 1.0  0.0 0.0
2015-07-01-20 58 15.923	  31.02728158 121.43956433 1.0  0.0 0.0
2015-07-01-20 58 16.025	  31.02728158 121.43956433 1.0  0.0 0.0
2015-07-01-20 58 16.129	  31.02728158 121.43956433 1.0  0.0 0.0
2015-07-01-20 58 16.244	  31.02728158 121.43956433 1.0  0.0 0.0
2015-07-01-20 58 16.345	  31.02728158 121.43956433 1.0  0.0 0.0
2015-07-01-20 58 16.487	  31.02728158 121.43956433 1.0  0.0 0.0
2015-07-01-20 58 16.604	  31.02728158 121.43956433 1.0  0.0 0.0
2015-07-01-20 58 16.707	  31.02728158 121.43956433 1.0  0.0 0.0
2015-07-01-20 58 16.866	  31.02728158 121.43956433 1.0  0.0 0.0
2015-07-01-20 58 16.970	  31.02728158 121.43956433 1.0  0.0 0.0
2015-07-01-20 58 17.073	  31.02728158 121.43956433 1.0  0.0 0.0
2015-07-01-20 58 17.201	  31.02728158 121.43956433 1.0  0.0 0.0
2015-07-01-20 58 17.311	  31.02728158 121.43956433 1.0  0.0 0.0
2015-07-01-20 58 17.413	  31.02728158 121.43956433 1.0  0.0 0.0
2015-07-01-20 58 17.554	  31.02728158 121.43956433 1.0  0.0 0.0
2015-07-01-20 58 17.671	  31.02728158 121.43956433 1.0  0.0 0.0
2015-07-01-20 58 17.774	  31.02728158 121.43956433 1.0  0.0 0.0
2015-07-01-20 58 17.908	  31.02726227 121.43957637 1.0  0.0 0.0
2015-07-01-20 58 18.033	  31.02726227 121.43957637 1.0  0.0 0.0
2015-07-01-20 58 18.139	  31.02726227 121.43957637 1.0  0.0 0.0
2015-07-01-20 58 18.301	  31.02726227 121.43957637 1.0  0.0 0.0
2015-07-01-20 58 18.454	  31.02726227 121.43957637 1.0  0.0 0.0
2015-07-01-20 58 18.601	  31.02726227 121.43957637 1.0  0.0 0.0
2015-07-01-20 58 18.717	  31.02726227 121.43957637 1.0  0.0 0.0
2015-07-01-20 58 18.848	  31.02726227 121.43957637 1.0  0.0 0.0
2015-07-01-20 58 18.972	  31.02726227 121.43957637 1.0  0.0 0.0
2015-07-01-20 58 19.126	  31.02726227 121.43957637 1.0  0.0 0.0
2015-07-01-20 58 19.285	  31.02726227 121.43957637 1.0  0.0 0.0
2015-07-01-20 58 19.411	  31.02726227 121.43957637 1.0  0.0 0.0
2015-07-01-20 58 19.578	  31.02726227 121.43957637 1.0  0.0 0.0
2015-07-01-20 58 19.716	  31.02726227 121.43957637 1.0  0.0 0.0
2015-07-01-20 58 19.835	  31.02724282 121.43958013 1.0  0.0 0.0
2015-07-01-20 58 19.991	  31.02724282 121.43958013 1.0  0.0 0.0
2015-07-01-20 58 20.107	  31.02724282 121.43958013 1.0  0.0 0.0
2015-07-01-20 58 20.248	  31.02724282 121.43958013 1.0  0.0 0.0
2015-07-01-20 58 20.385	  31.02724282 121.43958013 1.0  0.0 0.0
2015-07-01-20 58 20.529	  31.02724282 121.43958013 1.0  0.0 0.0
2015-07-01-20 58 20.645	  31.02724282 121.43958013 1.0  0.0 0.0
2015-07-01-20 58 20.761	  31.02724282 121.43958013 1.0  0.0 0.0
2015-07-01-20 58 20.922	  31.02724282 121.43958013 1.0  0.0 0.0
2015-07-01-20 58 21.036	  31.02724282 121.43958013 1.0  0.0 0.0
2015-07-01-20 58 21.152	  31.02724282 121.43958013 1.0  0.0 0.0
2015-07-01-20 58 21.319	  31.02724282 121.43958013 1.0  0.0 0.0
2015-07-01-20 58 21.450	  31.02724282 121.43958013 1.0  0.0 0.0
2015-07-01-20 58 21.602	  31.02724282 121.43958013 1.0  0.0 0.0
2015-07-01-20 58 21.717	  31.02724282 121.43958013 1.0  0.0 0.0
2015-07-01-20 58 21.858	  31.02722303 121.43958859 1.0  0.0 0.0
2015-07-01-20 58 21.996	  31.02722303 121.43958859 1.0  0.0 0.0
2015-07-01-20 58 22.111	  31.02722303 121.43958859 1.0  0.0 0.0
2015-07-01-20 58 22.277	  31.02722303 121.43958859 1.0  0.0 0.0
2015-07-01-20 58 22.399	  31.02722303 121.43958859 1.0  0.0 0.0
2015-07-01-20 58 22.556	  31.02722303 121.43958859 1.0  0.0 0.0
2015-07-01-20 58 22.714	  31.02722303 121.43958859 1.0  0.0 0.0
2015-07-01-20 58 22.905	  31.02722303 121.43958859 1.0  0.0 0.0
2015-07-01-20 58 23.028	  31.02722303 121.43958859 1.0  0.0 0.0
2015-07-01-20 58 23.163	  31.02722303 121.43958859 1.0  0.0 0.0
2015-07-01-20 58 23.360	  31.02722303 121.43958859 1.0  0.0 0.0
2015-07-01-20 58 23.499	  31.02722303 121.43958859 1.0  0.0 0.0
2015-07-01-20 58 23.644	  31.02722303 121.43958859 1.0  0.0 0.0
2015-07-01-20 58 23.807	  31.02720325 121.43959665 1.0  0.0 0.0
2015-07-01-20 58 23.929	  31.02720325 121.43959665 1.0  0.0 0.0
2015-07-01-20 58 24.121	  31.02720325 121.43959665 1.0  0.0 0.0
2015-07-01-20 58 24.260	  31.02720325 121.43959665 1.0  0.0 0.0
2015-07-01-20 58 24.487	  31.02720325 121.43959665 1.0  0.0 0.0
2015-07-01-20 58 24.641	  31.02720325 121.43959665 1.0  0.0 0.0
2015-07-01-20 58 24.811	  31.02720325 121.43959665 1.0  0.0 0.0
2015-07-01-20 58 24.946	  31.02720325 121.43959665 1.0  0.0 0.0
2015-07-01-20 58 25.152	  31.02720325 121.43959665 1.0  0.0 0.0
2015-07-01-20 58 25.268	  31.02720325 121.43959665 1.0  0.0 0.0
2015-07-01-20 58 25.406	  31.02720325 121.43959665 1.0  0.0 0.0
2015-07-01-20 58 25.567	  31.02720325 121.43959665 1.0  0.0 0.0
2015-07-01-20 58 25.743	  31.02720325 121.43959665 1.0  0.0 0.0
2015-07-01-20 58 25.911	  31.02718267 121.43960632 1.0  0.0 0.0
2015-07-01-20 58 26.054	  31.02718267 121.43960632 1.0  0.0 0.0
2015-07-01-20 58 26.172	  31.02718267 121.43960632 1.0  0.0 0.0
2015-07-01-20 58 26.312	  31.02718267 121.43960632 1.0  0.0 0.0
2015-07-01-20 58 26.442	  31.02718267 121.43960632 1.0  0.0 0.0
2015-07-01-20 58 26.598	  31.02718267 121.43960632 1.0  0.0 0.0
2015-07-01-20 58 26.756	  31.02718267 121.43960632 1.0  0.0 0.0
2015-07-01-20 58 26.942	  31.02718267 121.43960632 1.0  0.0 0.0
2015-07-01-20 58 27.064	  31.02718267 121.43960632 1.0  0.0 0.0
2015-07-01-20 58 27.250	  31.02718267 121.43960632 1.0  0.0 0.0
2015-07-01-20 58 27.371	  31.02718267 121.43960632 1.0  0.0 0.0
2015-07-01-20 58 27.559	  31.02718267 121.43960632 1.0  0.0 0.0
2015-07-01-20 58 27.723	  31.02718267 121.43960632 1.0  0.0 0.0
2015-07-01-20 58 27.902	  31.02716101 121.43961581 1.25  0.0 0.0
2015-07-01-20 58 28.020	  31.02716101 121.43961581 1.25  0.0 0.0
2015-07-01-20 58 28.167	  31.02716101 121.43961581 1.25  0.0 0.0
2015-07-01-20 58 28.316	  31.02716101 121.43961581 1.25  0.0 0.0
2015-07-01-20 58 28.506	  31.02716101 121.43961581 1.25  0.0 0.0
2015-07-01-20 58 28.633	  31.02716101 121.43961581 1.25  0.0 0.0
2015-07-01-20 58 28.798	  31.02716101 121.43961581 1.25  0.0 0.0
2015-07-01-20 58 28.916	  31.02716101 121.43961581 1.25  0.0 0.0
2015-07-01-20 58 29.081	  31.02716101 121.43961581 1.25  0.0 0.0
2015-07-01-20 58 29.222	  31.02716101 121.43961581 1.25  0.0 0.0
2015-07-01-20 58 29.400	  31.02716101 121.43961581 1.25  0.0 0.0
2015-07-01-20 58 29.556	  31.02716101 121.43961581 1.25  0.0 0.0
2015-07-01-20 58 29.752	  31.02713855 121.43962342 1.25  0.0 0.0
2015-07-01-20 58 29.911	  31.02713855 121.43962342 1.25  0.0 0.0
2015-07-01-20 58 30.037	  31.02713855 121.43962342 1.25  0.0 0.0
2015-07-01-20 58 30.213	  31.02713855 121.43962342 1.25  0.0 0.0
2015-07-01-20 58 30.327	  31.02713855 121.43962342 1.25  0.0 0.0
2015-07-01-20 58 30.462	  31.02713855 121.43962342 1.25  0.0 0.0
2015-07-01-20 58 30.604	  31.02713855 121.43962342 1.25  0.0 0.0
2015-07-01-20 58 30.766	  31.02713855 121.43962342 1.25  0.0 0.0
2015-07-01-20 58 30.916	  31.02713855 121.43962342 1.25  0.0 0.0
2015-07-01-20 58 31.042	  31.02713855 121.43962342 1.25  0.0 0.0
2015-07-01-20 58 31.172	  31.02713855 121.43962342 1.25  0.0 0.0
2015-07-01-20 58 31.360	  31.02713855 121.43962342 1.25  0.0 0.0
2015-07-01-20 58 31.493	  31.02713855 121.43962342 1.25  0.0 0.0
2015-07-01-20 58 31.686	  31.02713855 121.43962342 1.25  0.0 0.0
2015-07-01-20 58 31.814	  31.02711649 121.43963183 1.25  0.0 0.0
2015-07-01-20 58 31.945	  31.02711649 121.43963183 1.25  0.0 0.0
2015-07-01-20 58 32.087	  31.02711649 121.43963183 1.25  0.0 0.0
2015-07-01-20 58 32.253	  31.02711649 121.43963183 1.25  0.0 0.0
2015-07-01-20 58 32.371	  31.02711649 121.43963183 1.25  0.0 0.0
2015-07-01-20 58 32.603	  31.02711649 121.43963183 1.25  0.0 0.0
2015-07-01-20 58 32.742	  31.02711649 121.43963183 1.25  0.0 0.0
2015-07-01-20 58 32.929	  31.02711649 121.43963183 1.25  0.0 0.0
2015-07-01-20 58 33.059	  31.02711649 121.43963183 1.25  0.0 0.0
2015-07-01-20 58 33.215	  31.02711649 121.43963183 1.25  0.0 0.0
2015-07-01-20 58 33.374	  31.02711649 121.43963183 1.25  0.0 0.0
2015-07-01-20 58 33.544	  31.02711649 121.43963183 1.25  0.0 0.0
2015-07-01-20 58 33.688	  31.02711649 121.43963183 1.25  0.0 0.0
2015-07-01-20 58 33.851	  31.02709631 121.43963909 1.25  0.0 0.0
2015-07-01-20 58 33.967	  31.02709631 121.43963909 1.25  0.0 0.0
2015-07-01-20 58 34.143	  31.02709631 121.43963909 1.25  0.0 0.0
2015-07-01-20 58 34.287	  31.02709631 121.43963909 1.25  0.0 0.0
2015-07-01-20 58 34.458	  31.02709631 121.43963909 1.25  0.0 0.0
2015-07-01-20 58 34.573	  31.02709631 121.43963909 1.25  0.0 0.0
2015-07-01-20 58 34.733	  31.02709631 121.43963909 1.25  0.0 0.0
2015-07-01-20 58 34.857	  31.02709631 121.43963909 1.25  0.0 0.0
2015-07-01-20 58 34.986	  31.02709631 121.43963909 1.25  0.0 0.0
2015-07-01-20 58 35.141	  31.02709631 121.43963909 1.25  0.0 0.0
2015-07-01-20 58 35.328	  31.02709631 121.43963909 1.25  0.0 0.0
2015-07-01-20 58 35.466	  31.02709631 121.43963909 1.25  0.0 0.0
2015-07-01-20 58 35.702	  31.02709631 121.43963909 1.25  0.0 0.0
2015-07-01-20 58 35.860	  31.02707514 121.43964502 1.25  0.0 0.0
2015-07-01-20 58 36.034	  31.02707514 121.43964502 1.25  0.0 0.0
2015-07-01-20 58 36.148	  31.02707514 121.43964502 1.25  0.0 0.0
2015-07-01-20 58 36.321	  31.02707514 121.43964502 1.25  0.0 0.0
2015-07-01-20 58 36.453	  31.02707514 121.43964502 1.25  0.0 0.0
2015-07-01-20 58 36.615	  31.02707514 121.43964502 1.25  0.0 0.0
2015-07-01-20 58 36.733	  31.02707514 121.43964502 1.25  0.0 0.0
2015-07-01-20 58 36.870	  31.02707514 121.43964502 1.25  0.0 0.0
2015-07-01-20 58 36.988	  31.02707514 121.43964502 1.25  0.0 0.0
2015-07-01-20 58 37.160	  31.02707514 121.43964502 1.25  0.0 0.0
2015-07-01-20 58 37.324	  31.02707514 121.43964502 1.25  0.0 0.0
2015-07-01-20 58 37.461	  31.02707514 121.43964502 1.25  0.0 0.0
2015-07-01-20 58 37.599	  31.02707514 121.43964502 1.25  0.0 0.0
2015-07-01-20 58 37.806	  31.02705274 121.43965258 1.25  0.0 0.0
2015-07-01-20 58 37.927	  31.02705274 121.43965258 1.25  0.0 0.0
2015-07-01-20 58 38.087	  31.02705274 121.43965258 1.25  0.0 0.0
2015-07-01-20 58 38.223	  31.02705274 121.43965258 1.25  0.0 0.0
2015-07-01-20 58 38.438	  31.02705274 121.43965258 1.25  0.0 0.0
2015-07-01-20 58 38.570	  31.02705274 121.43965258 1.25  0.0 0.0
2015-07-01-20 58 38.715	  31.02705274 121.43965258 1.25  0.0 0.0
2015-07-01-20 58 38.832	  31.02705274 121.43965258 1.25  0.0 0.0
2015-07-01-20 58 38.967	  31.02705274 121.43965258 1.25  0.0 0.0
2015-07-01-20 58 39.083	  31.02705274 121.43965258 1.25  0.0 0.0
2015-07-01-20 58 39.268	  31.02705274 121.43965258 1.25  0.0 0.0
2015-07-01-20 58 39.416	  31.02705274 121.43965258 1.25  0.0 0.0
2015-07-01-20 58 39.568	  31.02705274 121.43965258 1.25  0.0 0.0
2015-07-01-20 58 39.724	  31.02705274 121.43965258 1.25  0.0 0.0
2015-07-01-20 58 39.878	  31.02703083 121.43966252 1.25  0.0 0.0
2015-07-01-20 58 40.002	  31.02703083 121.43966252 1.25  0.0 0.0
2015-07-01-20 58 40.227	  31.02703083 121.43966252 1.25  0.0 0.0
2015-07-01-20 58 40.362	  31.02703083 121.43966252 1.25  0.0 0.0
2015-07-01-20 58 40.590	  31.02703083 121.43966252 1.25  0.0 0.0
2015-07-01-20 58 40.705	  31.02703083 121.43966252 1.25  0.0 0.0
2015-07-01-20 58 40.838	  31.02703083 121.43966252 1.25  0.0 0.0
2015-07-01-20 58 40.973	  31.02703083 121.43966252 1.25  0.0 0.0
2015-07-01-20 58 41.089	  31.02703083 121.43966252 1.25  0.0 0.0
2015-07-01-20 58 41.230	  31.02703083 121.43966252 1.25  0.0 0.0
2015-07-01-20 58 41.397	  31.02703083 121.43966252 1.25  0.0 0.0
2015-07-01-20 58 41.515	  31.02703083 121.43966252 1.25  0.0 0.0
2015-07-01-20 58 41.648	  31.02703083 121.43966252 1.25  0.0 0.0
2015-07-01-20 58 41.798	  31.02700817 121.43967256 1.25  0.0 0.0
2015-07-01-20 58 41.918	  31.02700817 121.43967256 1.25  0.0 0.0
2015-07-01-20 58 42.050	  31.02700817 121.43967256 1.25  0.0 0.0
2015-07-01-20 58 42.203	  31.02700817 121.43967256 1.25  0.0 0.0
2015-07-01-20 58 42.346	  31.02700817 121.43967256 1.25  0.0 0.0
2015-07-01-20 58 42.480	  31.02700817 121.43967256 1.25  0.0 0.0
2015-07-01-20 58 42.649	  31.02700817 121.43967256 1.25  0.0 0.0
2015-07-01-20 58 42.781	  31.02700817 121.43967256 1.25  0.0 0.0
2015-07-01-20 58 42.956	  31.02700817 121.43967256 1.25  0.0 0.0
2015-07-01-20 58 43.091	  31.02700817 121.43967256 1.25  0.0 0.0
2015-07-01-20 58 43.224	  31.02700817 121.43967256 1.25  0.0 0.0
2015-07-01-20 58 43.403	  31.02700817 121.43967256 1.25  0.0 0.0
2015-07-01-20 58 43.546	  31.02700817 121.43967256 1.25  0.0 0.0
2015-07-01-20 58 43.685	  31.02700817 121.43967256 1.25  0.0 0.0
2015-07-01-20 58 43.850	  31.02698495 121.43968219 1.25  0.0 0.0
2015-07-01-20 58 43.968	  31.02698495 121.43968219 1.25  0.0 0.0
2015-07-01-20 58 44.098	  31.02698495 121.43968219 1.25  0.0 0.0
2015-07-01-20 58 44.250	  31.02698495 121.43968219 1.25  0.0 0.0
2015-07-01-20 58 44.423	  31.02698495 121.43968219 1.25  0.0 0.0
2015-07-01-20 58 44.561	  31.02698495 121.43968219 1.25  0.0 0.0
2015-07-01-20 58 44.696	  31.02698495 121.43968219 1.25  0.0 0.0
2015-07-01-20 58 44.869	  31.02698495 121.43968219 1.25  0.0 0.0
2015-07-01-20 58 44.989	  31.02698495 121.43968219 1.25  0.0 0.0
2015-07-01-20 58 45.124	  31.02698495 121.43968219 1.25  0.0 0.0
2015-07-01-20 58 45.249	  31.02698495 121.43968219 1.25  0.0 0.0
2015-07-01-20 58 45.364	  31.02698495 121.43968219 1.25  0.0 0.0
2015-07-01-20 58 45.503	  31.02698495 121.43968219 1.25  0.0 0.0
2015-07-01-20 58 45.642	  31.02698495 121.43968219 1.25  0.0 0.0
2015-07-01-20 58 45.804	  31.02696322 121.4396927 1.25  0.0 0.0
2015-07-01-20 58 45.920	  31.02696322 121.4396927 1.25  0.0 0.0
2015-07-01-20 58 46.057	  31.02696322 121.4396927 1.25  0.0 0.0
2015-07-01-20 58 46.173	  31.02696322 121.4396927 1.25  0.0 0.0
2015-07-01-20 58 46.317	  31.02696322 121.4396927 1.25  0.0 0.0
2015-07-01-20 58 46.453	  31.02696322 121.4396927 1.25  0.0 0.0
2015-07-01-20 58 46.601	  31.02696322 121.4396927 1.25  0.0 0.0
2015-07-01-20 58 46.745	  31.02696322 121.4396927 1.25  0.0 0.0
2015-07-01-20 58 46.863	  31.02696322 121.4396927 1.25  0.0 0.0
2015-07-01-20 58 47.004	  31.02696322 121.4396927 1.25  0.0 0.0
2015-07-01-20 58 47.154	  31.02696322 121.4396927 1.25  0.0 0.0
2015-07-01-20 58 47.320	  31.02696322 121.4396927 1.25  0.0 0.0
2015-07-01-20 58 47.448	  31.02696322 121.4396927 1.25  0.0 0.0
2015-07-01-20 58 47.566	  31.02696322 121.4396927 1.25  0.0 0.0
2015-07-01-20 58 47.707	  31.02696322 121.4396927 1.25  0.0 0.0
2015-07-01-20 58 47.845	  31.0269415 121.43970119 1.25  0.0 0.0
2015-07-01-20 58 47.988	  31.0269415 121.43970119 1.25  0.0 0.0
2015-07-01-20 58 48.103	  31.0269415 121.43970119 1.25  0.0 0.0
2015-07-01-20 58 48.220	  31.0269415 121.43970119 1.25  0.0 0.0
2015-07-01-20 58 48.335	  31.0269415 121.43970119 1.25  0.0 0.0
2015-07-01-20 58 48.481	  31.0269415 121.43970119 1.25  0.0 0.0
2015-07-01-20 58 48.639	  31.0269415 121.43970119 1.25  0.0 0.0
2015-07-01-20 58 48.757	  31.0269415 121.43970119 1.25  0.0 0.0
2015-07-01-20 58 48.944	  31.0269415 121.43970119 1.25  0.0 0.0
2015-07-01-20 58 49.082	  31.0269415 121.43970119 1.25  0.0 0.0
2015-07-01-20 58 49.196	  31.0269415 121.43970119 1.25  0.0 0.0
2015-07-01-20 58 49.334	  31.0269415 121.43970119 1.25  0.0 0.0
2015-07-01-20 58 49.476	  31.0269415 121.43970119 1.25  0.0 0.0
2015-07-01-20 58 49.615	  31.0269415 121.43970119 1.25  0.0 0.0
2015-07-01-20 58 49.731	  31.0269415 121.43970119 1.25  0.0 0.0
2015-07-01-20 58 49.878	  31.02692048 121.43971044 1.25  0.0 0.0
2015-07-01-20 58 49.993	  31.02692048 121.43971044 1.25  0.0 0.0
2015-07-01-20 58 50.122	  31.02692048 121.43971044 1.25  0.0 0.0
2015-07-01-20 58 50.302	  31.02692048 121.43971044 1.25  0.0 0.0
2015-07-01-20 58 50.441	  31.02692048 121.43971044 1.25  0.0 0.0
2015-07-01-20 58 50.572	  31.02692048 121.43971044 1.25  0.0 0.0
2015-07-01-20 58 50.725	  31.02692048 121.43971044 1.25  0.0 0.0
2015-07-01-20 58 50.900	  31.02692048 121.43971044 1.25  0.0 0.0
2015-07-01-20 58 51.045	  31.02692048 121.43971044 1.25  0.0 0.0
2015-07-01-20 58 51.160	  31.02692048 121.43971044 1.25  0.0 0.0
2015-07-01-20 58 51.317	  31.02692048 121.43971044 1.25  0.0 0.0
2015-07-01-20 58 51.448	  31.02692048 121.43971044 1.25  0.0 0.0
2015-07-01-20 58 51.601	  31.02692048 121.43971044 1.25  0.0 0.0
2015-07-01-20 58 51.716	  31.02692048 121.43971044 1.25  0.0 0.0
2015-07-01-20 58 51.843	  31.02690026 121.43972008 1.25  0.0 0.0
2015-07-01-20 58 51.987	  31.02690026 121.43972008 1.25  0.0 0.0
2015-07-01-20 58 52.103	  31.02690026 121.43972008 1.25  0.0 0.0
2015-07-01-20 58 52.234	  31.02690026 121.43972008 1.25  0.0 0.0
2015-07-01-20 58 52.399	  31.02690026 121.43972008 1.25  0.0 0.0
2015-07-01-20 58 52.515	  31.02690026 121.43972008 1.25  0.0 0.0
2015-07-01-20 58 52.654	  31.02690026 121.43972008 1.25  0.0 0.0
2015-07-01-20 58 52.769	  31.02690026 121.43972008 1.25  0.0 0.0
2015-07-01-20 58 52.936	  31.02690026 121.43972008 1.25  0.0 0.0
2015-07-01-20 58 53.052	  31.02690026 121.43972008 1.25  0.0 0.0
2015-07-01-20 58 53.195	  31.02690026 121.43972008 1.25  0.0 0.0
2015-07-01-20 58 53.336	  31.02690026 121.43972008 1.25  0.0 0.0
2015-07-01-20 58 53.464	  31.02690026 121.43972008 1.25  0.0 0.0
2015-07-01-20 58 53.580	  31.02690026 121.43972008 1.25  0.0 0.0
2015-07-01-20 58 53.725	  31.02690026 121.43972008 1.25  0.0 0.0
2015-07-01-20 58 53.841	  31.02688003 121.43973028 1.25  0.0 0.0
2015-07-01-20 58 53.983	  31.02688003 121.43973028 1.25  0.0 0.0
2015-07-01-20 58 54.127	  31.02688003 121.43973028 1.25  0.0 0.0
2015-07-01-20 58 54.270	  31.02688003 121.43973028 1.25  0.0 0.0
2015-07-01-20 58 54.387	  31.02688003 121.43973028 1.25  0.0 0.0
2015-07-01-20 58 54.555	  31.02688003 121.43973028 1.25  0.0 0.0
2015-07-01-20 58 54.694	  31.02688003 121.43973028 1.25  0.0 0.0
2015-07-01-20 58 54.851	  31.02688003 121.43973028 1.25  0.0 0.0
2015-07-01-20 58 54.965	  31.02688003 121.43973028 1.25  0.0 0.0
2015-07-01-20 58 55.096	  31.02688003 121.43973028 1.25  0.0 0.0
2015-07-01-20 58 55.231	  31.02688003 121.43973028 1.25  0.0 0.0
2015-07-01-20 58 55.398	  31.02688003 121.43973028 1.25  0.0 0.0
2015-07-01-20 58 55.516	  31.02688003 121.43973028 1.25  0.0 0.0
2015-07-01-20 58 55.649	  31.02688003 121.43973028 1.25  0.0 0.0
2015-07-01-20 58 55.783	  31.02688003 121.43973028 1.25  0.0 0.0
2015-07-01-20 58 55.948	  31.02686012 121.43973718 1.25  0.0 0.0
2015-07-01-20 58 56.092	  31.02686012 121.43973718 1.25  0.0 0.0
2015-07-01-20 58 56.232	  31.02686012 121.43973718 1.25  0.0 0.0
2015-07-01-20 58 56.373	  31.02686012 121.43973718 1.25  0.0 0.0
2015-07-01-20 58 56.539	  31.02686012 121.43973718 1.25  0.0 0.0
2015-07-01-20 58 56.671	  31.02686012 121.43973718 1.25  0.0 0.0
2015-07-01-20 58 56.828	  31.02686012 121.43973718 1.25  0.0 0.0
2015-07-01-20 58 56.943	  31.02686012 121.43973718 1.25  0.0 0.0
2015-07-01-20 58 57.082	  31.02686012 121.43973718 1.25  0.0 0.0
2015-07-01-20 58 57.248	  31.02686012 121.43973718 1.25  0.0 0.0
2015-07-01-20 58 57.365	  31.02686012 121.43973718 1.25  0.0 0.0
2015-07-01-20 58 57.509	  31.02686012 121.43973718 1.25  0.0 0.0
2015-07-01-20 58 57.668	  31.02686012 121.43973718 1.25  0.0 0.0
2015-07-01-20 58 57.785	  31.02684038 121.43974437 1.25  0.0 0.0
2015-07-01-20 58 57.926	  31.02684038 121.43974437 1.25  0.0 0.0
2015-07-01-20 58 58.042	  31.02684038 121.43974437 1.25  0.0 0.0
2015-07-01-20 58 58.182	  31.02684038 121.43974437 1.25  0.0 0.0
2015-07-01-20 58 58.297	  31.02684038 121.43974437 1.25  0.0 0.0
2015-07-01-20 58 58.435	  31.02684038 121.43974437 1.25  0.0 0.0
2015-07-01-20 58 58.576	  31.02684038 121.43974437 1.25  0.0 0.0
2015-07-01-20 58 58.717	  31.02684038 121.43974437 1.25  0.0 0.0
2015-07-01-20 58 58.856	  31.02684038 121.43974437 1.25  0.0 0.0
2015-07-01-20 58 58.995	  31.02684038 121.43974437 1.25  0.0 0.0
2015-07-01-20 58 59.147	  31.02684038 121.43974437 1.25  0.0 0.0
2015-07-01-20 58 59.262	  31.02684038 121.43974437 1.25  0.0 0.0
2015-07-01-20 58 59.380	  31.02684038 121.43974437 1.25  0.0 0.0
2015-07-01-20 58 59.495	  31.02684038 121.43974437 1.25  0.0 0.0
2015-07-01-20 58 59.633	  31.02684038 121.43974437 1.25  0.0 0.0
2015-07-01-20 58 59.775	  31.02684038 121.43974437 1.25  0.0 0.0
2015-07-01-20 58 59.913	  31.02681876 121.43975242 1.25  0.0 0.0
2015-07-01-20 59 00.049	  31.02681876 121.43975242 1.25  0.0 0.0
2015-07-01-20 59 00.200	  31.02681876 121.43975242 1.25  0.0 0.0
2015-07-01-20 59 00.317	  31.02681876 121.43975242 1.25  0.0 0.0
2015-07-01-20 59 00.459	  31.02681876 121.43975242 1.25  0.0 0.0
2015-07-01-20 59 00.601	  31.02681876 121.43975242 1.25  0.0 0.0
2015-07-01-20 59 00.715	  31.02681876 121.43975242 1.25  0.0 0.0
2015-07-01-20 59 00.849	  31.02681876 121.43975242 1.25  0.0 0.0
2015-07-01-20 59 00.990	  31.02681876 121.43975242 1.25  0.0 0.0
2015-07-01-20 59 01.107	  31.02681876 121.43975242 1.25  0.0 0.0
2015-07-01-20 59 01.249	  31.02681876 121.43975242 1.25  0.0 0.0
2015-07-01-20 59 01.405	  31.02681876 121.43975242 1.25  0.0 0.0
2015-07-01-20 59 01.535	  31.02681876 121.43975242 1.25  0.0 0.0
2015-07-01-20 59 01.653	  31.02681876 121.43975242 1.25  0.0 0.0
2015-07-01-20 59 01.790	  31.02679745 121.43976222 1.25  0.0 0.0
2015-07-01-20 59 01.922	  31.02679745 121.43976222 1.25  0.0 0.0
2015-07-01-20 59 02.072	  31.02679745 121.43976222 1.25  0.0 0.0
2015-07-01-20 59 02.254	  31.02679745 121.43976222 1.25  0.0 0.0
2015-07-01-20 59 02.373	  31.02679745 121.43976222 1.25  0.0 0.0
2015-07-01-20 59 02.528	  31.02679745 121.43976222 1.25  0.0 0.0
2015-07-01-20 59 02.658	  31.02679745 121.43976222 1.25  0.0 0.0
2015-07-01-20 59 02.787	  31.02679745 121.43976222 1.25  0.0 0.0
2015-07-01-20 59 02.910	  31.02679745 121.43976222 1.25  0.0 0.0
2015-07-01-20 59 03.055	  31.02679745 121.43976222 1.25  0.0 0.0
2015-07-01-20 59 03.202	  31.02679745 121.43976222 1.25  0.0 0.0
2015-07-01-20 59 03.354	  31.02679745 121.43976222 1.25  0.0 0.0
2015-07-01-20 59 03.496	  31.02679745 121.43976222 1.25  0.0 0.0
2015-07-01-20 59 03.622	  31.02679745 121.43976222 1.25  0.0 0.0
2015-07-01-20 59 03.774	  31.02677643 121.43977388 1.25  0.0 0.0
2015-07-01-20 59 03.934	  31.02677643 121.43977388 1.25  0.0 0.0
2015-07-01-20 59 04.049	  31.02677643 121.43977388 1.25  0.0 0.0
2015-07-01-20 59 04.182	  31.02677643 121.43977388 1.25  0.0 0.0
2015-07-01-20 59 04.362	  31.02677643 121.43977388 1.25  0.0 0.0
2015-07-01-20 59 04.469	  31.02677643 121.43977388 1.25  0.0 0.0
2015-07-01-20 59 04.618	  31.02677643 121.43977388 1.25  0.0 0.0
2015-07-01-20 59 04.745	  31.02677643 121.43977388 1.25  0.0 0.0
2015-07-01-20 59 04.879	  31.02677643 121.43977388 1.25  0.0 0.0
2015-07-01-20 59 04.981	  31.02677643 121.43977388 1.25  0.0 0.0
2015-07-01-20 59 05.093	  31.02677643 121.43977388 1.25  0.0 0.0
2015-07-01-20 59 05.262	  31.02677643 121.43977388 1.25  0.0 0.0
2015-07-01-20 59 05.378	  31.02677643 121.43977388 1.25  0.0 0.0
2015-07-01-20 59 05.520	  31.02677643 121.43977388 1.25  0.0 0.0
2015-07-01-20 59 05.656	  31.02677643 121.43977388 1.25  0.0 0.0
2015-07-01-20 59 05.758	  31.02675498 121.4397843 1.25  0.0 0.0
2015-07-01-20 59 05.896	  31.02675498 121.4397843 1.25  0.0 0.0
2015-07-01-20 59 06.032	  31.02675498 121.4397843 1.25  0.0 0.0
2015-07-01-20 59 06.150	  31.02675498 121.4397843 1.25  0.0 0.0
2015-07-01-20 59 06.255	  31.02675498 121.4397843 1.25  0.0 0.0
2015-07-01-20 59 06.356	  31.02675498 121.4397843 1.25  0.0 0.0
2015-07-01-20 59 06.458	  31.02675498 121.4397843 1.25  0.0 0.0
2015-07-01-20 59 06.577	  31.02675498 121.4397843 1.25  0.0 0.0
2015-07-01-20 59 06.703	  31.02675498 121.4397843 1.25  0.0 0.0
2015-07-01-20 59 06.842	  31.02675498 121.4397843 1.25  0.0 0.0
2015-07-01-20 59 06.956	  31.02675498 121.4397843 1.25  0.0 0.0
2015-07-01-20 59 07.095	  31.02675498 121.4397843 1.25  0.0 0.0
2015-07-01-20 59 07.223	  31.02675498 121.4397843 1.25  0.0 0.0
2015-07-01-20 59 07.357	  31.02675498 121.4397843 1.25  0.0 0.0
2015-07-01-20 59 07.463	  31.02675498 121.4397843 1.25  0.0 0.0
2015-07-01-20 59 07.564	  31.02675498 121.4397843 1.25  0.0 0.0
2015-07-01-20 59 07.666	  31.02675498 121.4397843 1.25  0.0 0.0
2015-07-01-20 59 07.770	  31.02675498 121.4397843 1.25  0.0 0.0
2015-07-01-20 59 07.871	  31.02673339 121.43979274 1.25  0.0 0.0
2015-07-01-20 59 07.977	  31.02673339 121.43979274 1.25  0.0 0.0
2015-07-01-20 59 08.105	  31.02673339 121.43979274 1.25  0.0 0.0
2015-07-01-20 59 08.237	  31.02673339 121.43979274 1.25  0.0 0.0
2015-07-01-20 59 08.369	  31.02673339 121.43979274 1.25  0.0 0.0
2015-07-01-20 59 08.486	  31.02673339 121.43979274 1.25  0.0 0.0
2015-07-01-20 59 08.631	  31.02673339 121.43979274 1.25  0.0 0.0
2015-07-01-20 59 08.752	  31.02673339 121.43979274 1.25  0.0 0.0
2015-07-01-20 59 08.918	  31.02673339 121.43979274 1.25  0.0 0.0
2015-07-01-20 59 09.022	  31.02673339 121.43979274 1.25  0.0 0.0
2015-07-01-20 59 09.140	  31.02673339 121.43979274 1.25  0.0 0.0
2015-07-01-20 59 09.311	  31.02673339 121.43979274 1.25  0.0 0.0
2015-07-01-20 59 09.457	  31.02673339 121.43979274 1.25  0.0 0.0
2015-07-01-20 59 09.561	  31.02673339 121.43979274 1.25  0.0 0.0
2015-07-01-20 59 09.669	  31.02673339 121.43979274 1.25  0.0 0.0
2015-07-01-20 59 09.774	  31.02673339 121.43979274 1.25  0.0 0.0
2015-07-01-20 59 09.925	  31.02671065 121.43980263 1.25  0.0 0.0
2015-07-01-20 59 10.069	  31.02671065 121.43980263 1.25  0.0 0.0
2015-07-01-20 59 10.209	  31.02671065 121.43980263 1.25  0.0 0.0
2015-07-01-20 59 10.400	  31.02671065 121.43980263 1.25  0.0 0.0
2015-07-01-20 59 10.519	  31.02671065 121.43980263 1.25  0.0 0.0
2015-07-01-20 59 10.626	  31.02671065 121.43980263 1.25  0.0 0.0
2015-07-01-20 59 10.754	  31.02671065 121.43980263 1.25  0.0 0.0
2015-07-01-20 59 10.933	  31.02671065 121.43980263 1.25  0.0 0.0
2015-07-01-20 59 11.075	  31.02671065 121.43980263 1.25  0.0 0.0
2015-07-01-20 59 11.185	  31.02671065 121.43980263 1.25  0.0 0.0
2015-07-01-20 59 11.339	  31.02671065 121.43980263 1.25  0.0 0.0
2015-07-01-20 59 11.470	  31.02671065 121.43980263 1.25  0.0 0.0
2015-07-01-20 59 11.639	  31.02671065 121.43980263 1.25  0.0 0.0
2015-07-01-20 59 11.754	  31.02671065 121.43980263 1.25  0.0 0.0
2015-07-01-20 59 11.857	  31.0266881 121.43981326 1.25  0.0 0.0
2015-07-01-20 59 11.959	  31.0266881 121.43981326 1.25  0.0 0.0
2015-07-01-20 59 12.111	  31.0266881 121.43981326 1.25  0.0 0.0
2015-07-01-20 59 12.275	  31.0266881 121.43981326 1.25  0.0 0.0
2015-07-01-20 59 12.402	  31.0266881 121.43981326 1.25  0.0 0.0
2015-07-01-20 59 12.535	  31.0266881 121.43981326 1.25  0.0 0.0
2015-07-01-20 59 12.679	  31.0266881 121.43981326 1.25  0.0 0.0
2015-07-01-20 59 12.847	  31.0266881 121.43981326 1.25  0.0 0.0
2015-07-01-20 59 12.985	  31.0266881 121.43981326 1.25  0.0 0.0
2015-07-01-20 59 13.149	  31.0266881 121.43981326 1.25  0.0 0.0
2015-07-01-20 59 13.284	  31.0266881 121.43981326 1.25  0.0 0.0
2015-07-01-20 59 13.465	  31.0266881 121.43981326 1.25  0.0 0.0
2015-07-01-20 59 13.579	  31.0266881 121.43981326 1.25  0.0 0.0
2015-07-01-20 59 13.709	  31.02666648 121.439824 1.25  0.0 0.0
2015-07-01-20 59 13.905	  31.02666648 121.439824 1.25  0.0 0.0
2015-07-01-20 59 14.037	  31.02666648 121.439824 1.25  0.0 0.0
2015-07-01-20 59 14.176	  31.02666648 121.439824 1.25  0.0 0.0
2015-07-01-20 59 14.349	  31.02666648 121.439824 1.25  0.0 0.0
2015-07-01-20 59 14.505	  31.02666648 121.439824 1.25  0.0 0.0
2015-07-01-20 59 14.647	  31.02666648 121.439824 1.25  0.0 0.0
2015-07-01-20 59 14.794	  31.02666648 121.439824 1.25  0.0 0.0
2015-07-01-20 59 14.918	  31.02666648 121.439824 1.25  0.0 0.0
2015-07-01-20 59 15.051	  31.02666648 121.439824 1.25  0.0 0.0
2015-07-01-20 59 15.197	  31.02666648 121.439824 1.25  0.0 0.0
2015-07-01-20 59 15.322	  31.02666648 121.439824 1.25  0.0 0.0
2015-07-01-20 59 15.449	  31.02666648 121.439824 1.25  0.0 0.0
2015-07-01-20 59 15.568	  31.02666648 121.439824 1.25  0.0 0.0
2015-07-01-20 59 15.710	  31.02666648 121.439824 1.25  0.0 0.0
2015-07-01-20 59 15.828	  31.02664609 121.43983486 1.25  0.0 0.0
2015-07-01-20 59 15.950	  31.02664609 121.43983486 1.25  0.0 0.0
2015-07-01-20 59 16.090	  31.02664609 121.43983486 1.25  0.0 0.0
2015-07-01-20 59 16.229	  31.02664609 121.43983486 1.25  0.0 0.0
2015-07-01-20 59 16.349	  31.02664609 121.43983486 1.25  0.0 0.0
2015-07-01-20 59 16.515	  31.02664609 121.43983486 1.25  0.0 0.0
2015-07-01-20 59 16.631	  31.02664609 121.43983486 1.25  0.0 0.0
2015-07-01-20 59 16.756	  31.02664609 121.43983486 1.25  0.0 0.0
2015-07-01-20 59 16.932	  31.02664609 121.43983486 1.25  0.0 0.0
2015-07-01-20 59 17.056	  31.02664609 121.43983486 1.25  0.0 0.0
2015-07-01-20 59 17.203	  31.02664609 121.43983486 1.25  0.0 0.0
2015-07-01-20 59 17.371	  31.02664609 121.43983486 1.25  0.0 0.0
2015-07-01-20 59 17.498	  31.02664609 121.43983486 1.25  0.0 0.0
2015-07-01-20 59 17.655	  31.02664609 121.43983486 1.25  0.0 0.0
2015-07-01-20 59 17.786	  31.02664609 121.43983486 1.25  0.0 0.0
2015-07-01-20 59 17.945	  31.02662611 121.43984569 1.25  0.0 0.0
2015-07-01-20 59 18.083	  31.02662611 121.43984569 1.25  0.0 0.0
2015-07-01-20 59 18.236	  31.02662611 121.43984569 1.25  0.0 0.0
2015-07-01-20 59 18.380	  31.02662611 121.43984569 1.25  0.0 0.0
2015-07-01-20 59 18.563	  31.02662611 121.43984569 1.25  0.0 0.0
2015-07-01-20 59 18.724	  31.02662611 121.43984569 1.25  0.0 0.0
2015-07-01-20 59 18.872	  31.02662611 121.43984569 1.25  0.0 0.0
2015-07-01-20 59 18.991	  31.02662611 121.43984569 1.25  0.0 0.0
2015-07-01-20 59 19.136	  31.02662611 121.43984569 1.25  0.0 0.0
2015-07-01-20 59 19.320	  31.02662611 121.43984569 1.25  0.0 0.0
2015-07-01-20 59 19.496	  31.02662611 121.43984569 1.25  0.0 0.0
2015-07-01-20 59 19.644	  31.02662611 121.43984569 1.25  0.0 0.0
2015-07-01-20 59 19.799	  31.02660648 121.43985407 1.25  0.0 0.0
2015-07-01-20 59 19.915	  31.02660648 121.43985407 1.25  0.0 0.0
2015-07-01-20 59 20.032	  31.02660648 121.43985407 1.25  0.0 0.0
2015-07-01-20 59 20.165	  31.02660648 121.43985407 1.25  0.0 0.0
2015-07-01-20 59 20.312	  31.02660648 121.43985407 1.25  0.0 0.0
2015-07-01-20 59 20.438	  31.02660648 121.43985407 1.25  0.0 0.0
2015-07-01-20 59 20.599	  31.02660648 121.43985407 1.25  0.0 0.0
2015-07-01-20 59 20.766	  31.02660648 121.43985407 1.25  0.0 0.0
2015-07-01-20 59 20.935	  31.02660648 121.43985407 1.25  0.0 0.0
2015-07-01-20 59 21.075	  31.02660648 121.43985407 1.25  0.0 0.0
2015-07-01-20 59 21.238	  31.02660648 121.43985407 1.25  0.0 0.0
2015-07-01-20 59 21.386	  31.02660648 121.43985407 1.25  0.0 0.0
2015-07-01-20 59 21.514	  31.02660648 121.43985407 1.25  0.0 0.0
2015-07-01-20 59 21.665	  31.02660648 121.43985407 1.25  0.0 0.0
2015-07-01-20 59 21.834	  31.02658682 121.4398632 1.25  0.0 0.0
2015-07-01-20 59 21.950	  31.02658682 121.4398632 1.25  0.0 0.0
2015-07-01-20 59 22.095	  31.02658682 121.4398632 1.25  0.0 0.0
2015-07-01-20 59 22.270	  31.02658682 121.4398632 1.25  0.0 0.0
2015-07-01-20 59 22.440	  31.02658682 121.4398632 1.25  0.0 0.0
2015-07-01-20 59 22.568	  31.02658682 121.4398632 1.25  0.0 0.0
2015-07-01-20 59 22.705	  31.02658682 121.4398632 1.25  0.0 0.0
2015-07-01-20 59 22.858	  31.02658682 121.4398632 1.25  0.0 0.0
2015-07-01-20 59 22.976	  31.02658682 121.4398632 1.25  0.0 0.0
2015-07-01-20 59 23.145	  31.02658682 121.4398632 1.25  0.0 0.0
2015-07-01-20 59 23.285	  31.02658682 121.4398632 1.25  0.0 0.0
2015-07-01-20 59 23.468	  31.02658682 121.4398632 1.25  0.0 0.0
2015-07-01-20 59 23.652	  31.02658682 121.4398632 1.25  0.0 0.0
2015-07-01-20 59 23.813	  31.02656624 121.43987371 1.25  0.0 0.0
2015-07-01-20 59 23.962	  31.02656624 121.43987371 1.25  0.0 0.0
2015-07-01-20 59 24.152	  31.02656624 121.43987371 1.25  0.0 0.0
2015-07-01-20 59 24.348	  31.02656624 121.43987371 1.25  0.0 0.0
2015-07-01-20 59 24.510	  31.02656624 121.43987371 1.25  0.0 0.0
2015-07-01-20 59 24.667	  31.02656624 121.43987371 1.25  0.0 0.0
2015-07-01-20 59 24.802	  31.02656624 121.43987371 1.25  0.0 0.0
2015-07-01-20 59 24.949	  31.02656624 121.43987371 1.25  0.0 0.0
2015-07-01-20 59 25.122	  31.02656624 121.43987371 1.25  0.0 0.0
2015-07-01-20 59 25.247	  31.02656624 121.43987371 1.25  0.0 0.0
