2015-07-10-13 07 12.461	  0.0 0.0 0.0  0.0 0.0
2015-07-10-13 07 12.563	  0.0 0.0 0.0  0.0 0.0
2015-07-10-13 07 12.665	  0.0 0.0 0.0  0.0 0.0
2015-07-10-13 07 12.768	  0.0 0.0 0.0  0.0 0.0
2015-07-10-13 07 12.871	  0.0 0.0 0.0  0.0 0.0
2015-07-10-13 07 12.973	  0.0 0.0 0.0  0.0 0.0
2015-07-10-13 07 13.075	  0.0 0.0 0.0  0.0 0.0
2015-07-10-13 07 13.179	  0.0 0.0 0.0  0.0 0.0
2015-07-10-13 07 13.281	  0.0 0.0 0.0  0.0 0.0
2015-07-10-13 07 13.382	  0.0 0.0 0.0  0.0 0.0
2015-07-10-13 07 13.484	  0.0 0.0 0.0  0.0 0.0
2015-07-10-13 07 13.586	  0.0 0.0 0.0  0.0 0.0
2015-07-10-13 07 13.688	  0.0 0.0 0.0  0.0 0.0
2015-07-10-13 07 13.790	  0.0 0.0 0.0  0.0 0.0
2015-07-10-13 07 13.891	  0.0 0.0 0.0  0.0 0.0
2015-07-10-13 07 13.993	  0.0 0.0 0.0  0.0 0.0
2015-07-10-13 07 14.095	  0.0 0.0 0.0  0.0 0.0
2015-07-10-13 07 14.197	  0.0 0.0 0.0  0.0 0.0
2015-07-10-13 07 14.298	  0.0 0.0 0.0  0.0 0.0
2015-07-10-13 07 14.400	  0.0 0.0 0.0  0.0 0.0
2015-07-10-13 07 14.504	  0.0 0.0 0.0  0.0 0.0
2015-07-10-13 07 14.606	  0.0 0.0 0.0  0.0 0.0
2015-07-10-13 07 14.707	  0.0 0.0 0.0  0.0 0.0
2015-07-10-13 07 14.809	  0.0 0.0 0.0  0.0 0.0
2015-07-10-13 07 14.911	  0.0 0.0 0.0  0.0 0.0
2015-07-10-13 07 15.013	  0.0 0.0 0.0  0.0 0.0
2015-07-10-13 07 15.114	  0.0 0.0 0.0  0.0 0.0
2015-07-10-13 07 15.216	  0.0 0.0 0.0  0.0 0.0
2015-07-10-13 07 15.319	  0.0 0.0 0.0  0.0 0.0
2015-07-10-13 07 15.420	  0.0 0.0 0.0  0.0 0.0
2015-07-10-13 07 15.531	  0.0 0.0 0.0  0.0 0.0
2015-07-10-13 07 15.632	  0.0 0.0 0.0  0.0 0.0
2015-07-10-13 07 15.734	  0.0 0.0 0.0  0.0 0.0
2015-07-10-13 07 15.843	  0.0 0.0 0.0  0.0 0.0
2015-07-10-13 07 15.945	  0.0 0.0 0.0  0.0 0.0
2015-07-10-13 07 16.048	  0.0 0.0 0.0  0.0 0.0
2015-07-10-13 07 16.154	  0.0 0.0 0.0  0.0 0.0
2015-07-10-13 07 16.259	  0.0 0.0 0.0  0.0 0.0
2015-07-10-13 07 16.363	  0.0 0.0 0.0  0.0 0.0
2015-07-10-13 07 16.467	  0.0 0.0 0.0  0.0 0.0
2015-07-10-13 07 16.575	  0.0 0.0 0.0  0.0 0.0
2015-07-10-13 07 16.678	  0.0 0.0 0.0  0.0 0.0
2015-07-10-13 07 16.782	  0.0 0.0 0.0  0.0 0.0
2015-07-10-13 07 16.887	  0.0 0.0 0.0  0.0 0.0
2015-07-10-13 07 16.988	  0.0 0.0 0.0  0.0 0.0
2015-07-10-13 07 17.089	  0.0 0.0 0.0  0.0 0.0
2015-07-10-13 07 17.192	  0.0 0.0 0.0  0.0 0.0
2015-07-10-13 07 17.294	  0.0 0.0 0.0  0.0 0.0
2015-07-10-13 07 17.396	  0.0 0.0 0.0  0.0 0.0
2015-07-10-13 07 17.498	  0.0 0.0 0.0  0.0 0.0
2015-07-10-13 07 17.602	  0.0 0.0 0.0  0.0 0.0
2015-07-10-13 07 17.709	  0.0 0.0 0.0  0.0 0.0
2015-07-10-13 07 17.812	  0.0 0.0 0.0  0.0 0.0
2015-07-10-13 07 17.914	  0.0 0.0 0.0  0.0 0.0
2015-07-10-13 07 18.015	  0.0 0.0 0.0  0.0 0.0
2015-07-10-13 07 18.117	  0.0 0.0 0.0  0.0 0.0
2015-07-10-13 07 18.219	  0.0 0.0 0.0  0.0 0.0
2015-07-10-13 07 18.330	  0.0 0.0 0.0  0.0 0.0
2015-07-10-13 07 18.432	  0.0 0.0 0.0  0.0 0.0
2015-07-10-13 07 18.533	  0.0 0.0 0.0  0.0 0.0
2015-07-10-13 07 18.635	  0.0 0.0 0.0  0.0 0.0
2015-07-10-13 07 18.736	  0.0 0.0 0.0  0.0 0.0
2015-07-10-13 07 18.838	  0.0 0.0 0.0  0.0 0.0
2015-07-10-13 07 18.942	  0.0 0.0 0.0  0.0 0.0
2015-07-10-13 07 19.046	  0.0 0.0 0.0  0.0 0.0
2015-07-10-13 07 19.150	  0.0 0.0 0.0  0.0 0.0
2015-07-10-13 07 19.252	  0.0 0.0 0.0  0.0 0.0
2015-07-10-13 07 19.354	  0.0 0.0 0.0  0.0 0.0
2015-07-10-13 07 19.456	  0.0 0.0 0.0  0.0 0.0
2015-07-10-13 07 19.565	  0.0 0.0 0.0  0.0 0.0
2015-07-10-13 07 19.671	  0.0 0.0 0.0  0.0 0.0
2015-07-10-13 07 19.776	  0.0 0.0 0.0  0.0 0.0
2015-07-10-13 07 19.879	  0.0 0.0 0.0  0.0 0.0
2015-07-10-13 07 19.981	  0.0 0.0 0.0  0.0 0.0
2015-07-10-13 07 20.082	  0.0 0.0 0.0  0.0 0.0
2015-07-10-13 07 20.183	  0.0 0.0 0.0  0.0 0.0
2015-07-10-13 07 20.285	  0.0 0.0 0.0  0.0 0.0
2015-07-10-13 07 20.392	  0.0 0.0 0.0  0.0 0.0
2015-07-10-13 07 20.498	  0.0 0.0 0.0  0.0 0.0
2015-07-10-13 07 20.614	  0.0 0.0 0.0  0.0 0.0
2015-07-10-13 07 20.716	  0.0 0.0 0.0  0.0 0.0
2015-07-10-13 07 20.819	  0.0 0.0 0.0  0.0 0.0
2015-07-10-13 07 20.923	  0.0 0.0 0.0  0.0 0.0
2015-07-10-13 07 21.031	  0.0 0.0 0.0  0.0 0.0
2015-07-10-13 07 21.138	  0.0 0.0 0.0  0.0 0.0
2015-07-10-13 07 21.242	  0.0 0.0 0.0  0.0 0.0
2015-07-10-13 07 21.344	  0.0 0.0 0.0  0.0 0.0
2015-07-10-13 07 21.446	  0.0 0.0 0.0  0.0 0.0
2015-07-10-13 07 21.550	  0.0 0.0 0.0  0.0 0.0
2015-07-10-13 07 21.657	  0.0 0.0 0.0  0.0 0.0
2015-07-10-13 07 21.763	  0.0 0.0 0.0  0.0 0.0
2015-07-10-13 07 21.867	  0.0 0.0 0.0  0.0 0.0
2015-07-10-13 07 21.972	  0.0 0.0 0.0  0.0 0.0
2015-07-10-13 07 22.074	  0.0 0.0 0.0  0.0 0.0
2015-07-10-13 07 22.177	  0.0 0.0 0.0  0.0 0.0
2015-07-10-13 07 22.279	  0.0 0.0 0.0  0.0 0.0
2015-07-10-13 07 22.380	  0.0 0.0 0.0  0.0 0.0
2015-07-10-13 07 22.486	  0.0 0.0 0.0  0.0 0.0
2015-07-10-13 07 22.589	  0.0 0.0 0.0  0.0 0.0
2015-07-10-13 07 22.691	  0.0 0.0 0.0  0.0 0.0
2015-07-10-13 07 22.797	  0.0 0.0 0.0  0.0 0.0
2015-07-10-13 07 22.898	  0.0 0.0 0.0  0.0 0.0
2015-07-10-13 07 23.002	  0.0 0.0 0.0  0.0 0.0
2015-07-10-13 07 23.108	  0.0 0.0 0.0  0.0 0.0
2015-07-10-13 07 23.213	  0.0 0.0 0.0  0.0 0.0
2015-07-10-13 07 23.317	  0.0 0.0 0.0  0.0 0.0
2015-07-10-13 07 23.434	  0.0 0.0 0.0  0.0 0.0
2015-07-10-13 07 23.535	  0.0 0.0 0.0  0.0 0.0
2015-07-10-13 07 23.638	  0.0 0.0 0.0  0.0 0.0
2015-07-10-13 07 23.741	  0.0 0.0 0.0  0.0 0.0
2015-07-10-13 07 23.849	  0.0 0.0 0.0  0.0 0.0
2015-07-10-13 07 23.952	  0.0 0.0 0.0  0.0 0.0
2015-07-10-13 07 24.062	  0.0 0.0 0.0  0.0 0.0
2015-07-10-13 07 24.164	  0.0 0.0 0.0  0.0 0.0
2015-07-10-13 07 24.267	  0.0 0.0 0.0  0.0 0.0
2015-07-10-13 07 24.371	  0.0 0.0 0.0  0.0 0.0
2015-07-10-13 07 24.475	  0.0 0.0 0.0  0.0 0.0
2015-07-10-13 07 24.581	  0.0 0.0 0.0  0.0 0.0
2015-07-10-13 07 24.688	  0.0 0.0 0.0  0.0 0.0
2015-07-10-13 07 24.790	  0.0 0.0 0.0  0.0 0.0
2015-07-10-13 07 24.892	  0.0 0.0 0.0  0.0 0.0
2015-07-10-13 07 24.994	  0.0 0.0 0.0  0.0 0.0
2015-07-10-13 07 25.103	  0.0 0.0 0.0  0.0 0.0
2015-07-10-13 07 25.208	  0.0 0.0 0.0  0.0 0.0
2015-07-10-13 07 25.313	  0.0 0.0 0.0  0.0 0.0
2015-07-10-13 07 25.415	  0.0 0.0 0.0  0.0 0.0
2015-07-10-13 07 25.516	  0.0 0.0 0.0  0.0 0.0
2015-07-10-13 07 25.618	  0.0 0.0 0.0  0.0 0.0
2015-07-10-13 07 25.720	  0.0 0.0 0.0  0.0 0.0
2015-07-10-13 07 25.828	  0.0 0.0 0.0  0.0 0.0
2015-07-10-13 07 25.930	  0.0 0.0 0.0  0.0 0.0
2015-07-10-13 07 26.032	  0.0 0.0 0.0  0.0 0.0
2015-07-10-13 07 26.137	  0.0 0.0 0.0  0.0 0.0
2015-07-10-13 07 26.241	  0.0 0.0 0.0  0.0 0.0
2015-07-10-13 07 26.347	  0.0 0.0 0.0  0.0 0.0
2015-07-10-13 07 26.451	  0.0 0.0 0.0  0.0 0.0
2015-07-10-13 07 26.554	  0.0 0.0 0.0  0.0 0.0
2015-07-10-13 07 26.655	  0.0 0.0 0.0  0.0 0.0
2015-07-10-13 07 26.758	  0.0 0.0 0.0  0.0 0.0
2015-07-10-13 07 26.864	  0.0 0.0 0.0  0.0 0.0
2015-07-10-13 07 26.965	  0.0 0.0 0.0  0.0 0.0
2015-07-10-13 07 27.066	  0.0 0.0 0.0  0.0 0.0
2015-07-10-13 07 27.168	  0.0 0.0 0.0  0.0 0.0
2015-07-10-13 07 27.270	  0.0 0.0 0.0  0.0 0.0
2015-07-10-13 07 27.381	  0.0 0.0 0.0  0.0 0.0
2015-07-10-13 07 27.483	  0.0 0.0 0.0  0.0 0.0
2015-07-10-13 07 27.585	  0.0 0.0 0.0  0.0 0.0
2015-07-10-13 07 27.686	  0.0 0.0 0.0  0.0 0.0
2015-07-10-13 07 27.793	  0.0 0.0 0.0  0.0 0.0
2015-07-10-13 07 27.908	  0.0 0.0 0.0  0.0 0.0
2015-07-10-13 07 28.014	  0.0 0.0 0.0  0.0 0.0
2015-07-10-13 07 28.118	  0.0 0.0 0.0  0.0 0.0
2015-07-10-13 07 28.222	  0.0 0.0 0.0  0.0 0.0
2015-07-10-13 07 28.325	  0.0 0.0 0.0  0.0 0.0
2015-07-10-13 07 28.430	  0.0 0.0 0.0  0.0 0.0
2015-07-10-13 07 28.534	  0.0 0.0 0.0  0.0 0.0
2015-07-10-13 07 28.648	  0.0 0.0 0.0  0.0 0.0
2015-07-10-13 07 28.750	  0.0 0.0 0.0  0.0 0.0
2015-07-10-13 07 28.852	  0.0 0.0 0.0  0.0 0.0
2015-07-10-13 07 28.960	  0.0 0.0 0.0  0.0 0.0
2015-07-10-13 07 29.066	  0.0 0.0 0.0  0.0 0.0
2015-07-10-13 07 29.179	  0.0 0.0 0.0  0.0 0.0
2015-07-10-13 07 29.280	  0.0 0.0 0.0  0.0 0.0
2015-07-10-13 07 29.382	  0.0 0.0 0.0  0.0 0.0
2015-07-10-13 07 29.487	  0.0 0.0 0.0  0.0 0.0
2015-07-10-13 07 29.593	  0.0 0.0 0.0  0.0 0.0
2015-07-10-13 07 29.709	  31.02682876 121.4397021 1.5  0.0 0.0
2015-07-10-13 07 29.813	  31.02682876 121.4397021 1.5  0.0 0.0
2015-07-10-13 07 29.915	  31.02682876 121.4397021 1.5  0.0 0.0
2015-07-10-13 07 30.017	  31.02682876 121.4397021 1.5  0.0 0.0
2015-07-10-13 07 30.120	  31.02682876 121.4397021 1.5  0.0 0.0
2015-07-10-13 07 30.232	  31.02682876 121.4397021 1.5  0.0 0.0
2015-07-10-13 07 30.333	  31.02682876 121.4397021 1.5  0.0 0.0
2015-07-10-13 07 30.437	  31.02682876 121.4397021 1.5  0.0 0.0
2015-07-10-13 07 30.538	  31.02682876 121.4397021 1.5  0.0 0.0
2015-07-10-13 07 30.640	  31.02682876 121.4397021 1.5  0.0 0.0
2015-07-10-13 07 30.741	  31.02682876 121.4397021 1.5  0.0 0.0
2015-07-10-13 07 30.842	  31.02682876 121.4397021 1.5  0.0 0.0
2015-07-10-13 07 30.944	  31.02682876 121.4397021 1.5  0.0 0.0
2015-07-10-13 07 31.046	  31.02682876 121.4397021 1.5  0.0 0.0
2015-07-10-13 07 31.148	  31.02682876 121.4397021 1.5  0.0 0.0
2015-07-10-13 07 31.252	  31.02682876 121.4397021 1.5  0.0 0.0
2015-07-10-13 07 31.355	  31.02682876 121.4397021 1.5  0.0 0.0
2015-07-10-13 07 31.459	  31.02682876 121.4397021 1.5  0.0 0.0
2015-07-10-13 07 31.565	  31.02682876 121.4397021 1.5  0.0 0.0
2015-07-10-13 07 31.668	  31.02682876 121.4397021 1.5  0.0 0.0
2015-07-10-13 07 31.772	  31.02682876 121.4397021 1.5  0.0 0.0
2015-07-10-13 07 31.875	  31.02682876 121.4397021 1.5  0.0 0.0
2015-07-10-13 07 31.978	  31.02682876 121.4397021 1.5  0.0 0.0
2015-07-10-13 07 32.082	  31.02682876 121.4397021 1.5  0.0 0.0
2015-07-10-13 07 32.189	  31.02682876 121.4397021 1.5  0.0 0.0
2015-07-10-13 07 32.293	  31.02682876 121.4397021 1.5  0.0 0.0
2015-07-10-13 07 32.398	  31.02682876 121.4397021 1.5  0.0 0.0
2015-07-10-13 07 32.502	  31.02682876 121.4397021 1.5  0.0 0.0
2015-07-10-13 07 32.612	  31.02682876 121.4397021 1.5  0.0 0.0
2015-07-10-13 07 32.715	  31.02682876 121.4397021 1.5  0.0 0.0
2015-07-10-13 07 32.822	  31.02682876 121.4397021 1.5  0.0 0.0
2015-07-10-13 07 32.924	  31.02682876 121.4397021 1.5  0.0 0.0
2015-07-10-13 07 33.031	  31.02682876 121.4397021 1.5  0.0 0.0
2015-07-10-13 07 33.133	  31.02682876 121.4397021 1.5  0.0 0.0
2015-07-10-13 07 33.240	  31.02682876 121.4397021 1.5  0.0 0.0
2015-07-10-13 07 33.346	  31.02682876 121.4397021 1.5  0.0 0.0
2015-07-10-13 07 33.455	  31.02682876 121.4397021 1.5  0.0 0.0
2015-07-10-13 07 33.558	  31.02682876 121.4397021 1.5  0.0 0.0
2015-07-10-13 07 33.661	  31.02682876 121.4397021 1.5  0.0 0.0
2015-07-10-13 07 33.763	  31.02682876 121.4397021 1.5  0.0 0.0
2015-07-10-13 07 33.876	  31.02685495 121.43970109 1.25  0.0 0.0
2015-07-10-13 07 33.978	  31.02685495 121.43970109 1.25  0.0 0.0
2015-07-10-13 07 34.081	  31.02685495 121.43970109 1.25  0.0 0.0
2015-07-10-13 07 34.183	  31.02685495 121.43970109 1.25  0.0 0.0
2015-07-10-13 07 34.288	  31.02685495 121.43970109 1.25  0.0 0.0
2015-07-10-13 07 34.398	  31.02685495 121.43970109 1.25  0.0 0.0
2015-07-10-13 07 34.503	  31.02685495 121.43970109 1.25  0.0 0.0
2015-07-10-13 07 34.609	  31.02685495 121.43970109 1.25  0.0 0.0
2015-07-10-13 07 34.723	  31.02685495 121.43970109 1.25  0.0 0.0
2015-07-10-13 07 34.824	  31.02685495 121.43970109 1.25  0.0 0.0
2015-07-10-13 07 34.931	  31.02685495 121.43970109 1.25  0.0 0.0
2015-07-10-13 07 35.037	  31.02685495 121.43970109 1.25  0.0 0.0
2015-07-10-13 07 35.155	  31.02685495 121.43970109 1.25  0.0 0.0
2015-07-10-13 07 35.257	  31.02685495 121.43970109 1.25  0.0 0.0
2015-07-10-13 07 35.360	  31.02685495 121.43970109 1.25  0.0 0.0
2015-07-10-13 07 35.463	  31.02685495 121.43970109 1.25  0.0 0.0
2015-07-10-13 07 35.576	  31.02685495 121.43970109 1.25  0.0 0.0
2015-07-10-13 07 35.678	  31.02685495 121.43970109 1.25  0.0 0.0
2015-07-10-13 07 35.782	  31.02685495 121.43970109 1.25  0.0 0.0
2015-07-10-13 07 35.894	  31.02685495 121.43970109 1.25  0.0 0.0
2015-07-10-13 07 35.998	  31.02685495 121.43970109 1.25  0.0 0.0
2015-07-10-13 07 36.099	  31.02685495 121.43970109 1.25  0.0 0.0
2015-07-10-13 07 36.201	  31.02685495 121.43970109 1.25  0.0 0.0
2015-07-10-13 07 36.302	  31.02685495 121.43970109 1.25  0.0 0.0
2015-07-10-13 07 36.412	  31.02685495 121.43970109 1.25  0.0 0.0
2015-07-10-13 07 36.514	  31.02685495 121.43970109 1.25  0.0 0.0
2015-07-10-13 07 36.624	  31.02685495 121.43970109 1.25  0.0 0.0
2015-07-10-13 07 36.729	  31.02685495 121.43970109 1.25  0.0 0.0
2015-07-10-13 07 36.845	  31.02687569 121.43970857 1.25  0.0 0.0
2015-07-10-13 07 36.949	  31.02687569 121.43970857 1.25  0.0 0.0
2015-07-10-13 07 37.051	  31.02687569 121.43970857 1.25  0.0 0.0
2015-07-10-13 07 37.153	  31.02687569 121.43970857 1.25  0.0 0.0
2015-07-10-13 07 37.278	  31.02687569 121.43970857 1.25  0.0 0.0
2015-07-10-13 07 37.379	  31.02687569 121.43970857 1.25  0.0 0.0
2015-07-10-13 07 37.480	  31.02687569 121.43970857 1.25  0.0 0.0
2015-07-10-13 07 37.585	  31.02687569 121.43970857 1.25  0.0 0.0
2015-07-10-13 07 37.697	  31.02687569 121.43970857 1.25  0.0 0.0
2015-07-10-13 07 37.799	  31.02687569 121.43970857 1.25  0.0 0.0
2015-07-10-13 07 37.900	  31.02687569 121.43970857 1.25  0.0 0.0
2015-07-10-13 07 38.002	  31.02687569 121.43970857 1.25  0.0 0.0
2015-07-10-13 07 38.104	  31.02687569 121.43970857 1.25  0.0 0.0
2015-07-10-13 07 38.211	  31.02687569 121.43970857 1.25  0.0 0.0
2015-07-10-13 07 38.320	  31.02687569 121.43970857 1.25  0.0 0.0
2015-07-10-13 07 38.422	  31.02687569 121.43970857 1.25  0.0 0.0
2015-07-10-13 07 38.523	  31.02687569 121.43970857 1.25  0.0 0.0
2015-07-10-13 07 38.624	  31.02687569 121.43970857 1.25  0.0 0.0
2015-07-10-13 07 38.731	  31.02687569 121.43970857 1.25  0.0 0.0
2015-07-10-13 07 38.836	  31.02687569 121.43970857 1.25  0.0 0.0
2015-07-10-13 07 38.939	  31.02687569 121.43970857 1.25  0.0 0.0
2015-07-10-13 07 39.041	  31.02687569 121.43970857 1.25  0.0 0.0
2015-07-10-13 07 39.147	  31.02687569 121.43970857 1.25  0.0 0.0
2015-07-10-13 07 39.251	  31.02687569 121.43970857 1.25  0.0 0.0
2015-07-10-13 07 39.354	  31.02687569 121.43970857 1.25  0.0 0.0
2015-07-10-13 07 39.459	  31.02687569 121.43970857 1.25  0.0 0.0
2015-07-10-13 07 39.566	  31.02687569 121.43970857 1.25  0.0 0.0
2015-07-10-13 07 39.672	  31.02687569 121.43970857 1.25  0.0 0.0
2015-07-10-13 07 39.775	  31.02689963 121.43970667 1.25  0.0 0.0
2015-07-10-13 07 39.879	  31.02689963 121.43970667 1.25  0.0 0.0
2015-07-10-13 07 39.988	  31.02689963 121.43970667 1.25  0.0 0.0
2015-07-10-13 07 40.090	  31.02689963 121.43970667 1.25  0.0 0.0
2015-07-10-13 07 40.199	  31.02689963 121.43970667 1.25  0.0 0.0
2015-07-10-13 07 40.311	  31.02689963 121.43970667 1.25  0.0 0.0
2015-07-10-13 07 40.415	  31.02689963 121.43970667 1.25  0.0 0.0
2015-07-10-13 07 40.518	  31.02689963 121.43970667 1.25  0.0 0.0
2015-07-10-13 07 40.631	  31.02689963 121.43970667 1.25  0.0 0.0
2015-07-10-13 07 40.734	  31.02689963 121.43970667 1.25  0.0 0.0
2015-07-10-13 07 40.836	  31.02689963 121.43970667 1.25  0.0 0.0
2015-07-10-13 07 40.941	  31.02689963 121.43970667 1.25  0.0 0.0
2015-07-10-13 07 41.044	  31.02689963 121.43970667 1.25  0.0 0.0
2015-07-10-13 07 41.152	  31.02689963 121.43970667 1.25  0.0 0.0
2015-07-10-13 07 41.267	  31.02689963 121.43970667 1.25  0.0 0.0
2015-07-10-13 07 41.368	  31.02689963 121.43970667 1.25  0.0 0.0
2015-07-10-13 07 41.470	  31.02689963 121.43970667 1.25  0.0 0.0
2015-07-10-13 07 41.575	  31.02689963 121.43970667 1.25  0.0 0.0
2015-07-10-13 07 41.680	  31.02689963 121.43970667 1.25  0.0 0.0
2015-07-10-13 07 41.786	  31.02689963 121.43970667 1.25  0.0 0.0
2015-07-10-13 07 41.906	  31.02692288 121.43971047 1.25  0.0 0.0
2015-07-10-13 07 42.007	  31.02692288 121.43971047 1.25  0.0 0.0
2015-07-10-13 07 42.108	  31.02692288 121.43971047 1.25  0.0 0.0
2015-07-10-13 07 42.214	  31.02692288 121.43971047 1.25  0.0 0.0
2015-07-10-13 07 42.317	  31.02692288 121.43971047 1.25  0.0 0.0
2015-07-10-13 07 42.425	  31.02692288 121.43971047 1.25  0.0 0.0
2015-07-10-13 07 42.535	  31.02692288 121.43971047 1.25  0.0 0.0
2015-07-10-13 07 42.636	  31.02692288 121.43971047 1.25  0.0 0.0
2015-07-10-13 07 42.737	  31.02692288 121.43971047 1.25  0.0 0.0
2015-07-10-13 07 42.843	  31.02692288 121.43971047 1.25  0.0 0.0
2015-07-10-13 07 42.946	  31.02692288 121.43971047 1.25  0.0 0.0
2015-07-10-13 07 43.050	  31.02692288 121.43971047 1.25  0.0 0.0
2015-07-10-13 07 43.151	  31.02692288 121.43971047 1.25  0.0 0.0
2015-07-10-13 07 43.267	  31.02692288 121.43971047 1.25  0.0 0.0
2015-07-10-13 07 43.369	  31.02692288 121.43971047 1.25  0.0 0.0
2015-07-10-13 07 43.471	  31.02692288 121.43971047 1.25  0.0 0.0
2015-07-10-13 07 43.574	  31.02692288 121.43971047 1.25  0.0 0.0
2015-07-10-13 07 43.679	  31.02692288 121.43971047 1.25  0.0 0.0
2015-07-10-13 07 43.789	  31.02694466 121.43971396 1.25  0.0 0.0
2015-07-10-13 07 43.890	  31.02694466 121.43971396 1.25  0.0 0.0
2015-07-10-13 07 43.993	  31.02694466 121.43971396 1.25  0.0 0.0
2015-07-10-13 07 44.131	  31.02694466 121.43971396 1.25  0.0 0.0
2015-07-10-13 07 44.233	  31.02694466 121.43971396 1.25  0.0 0.0
2015-07-10-13 07 44.343	  31.02694466 121.43971396 1.25  0.0 0.0
2015-07-10-13 07 44.446	  31.02694466 121.43971396 1.25  0.0 0.0
2015-07-10-13 07 44.550	  31.02694466 121.43971396 1.25  0.0 0.0
2015-07-10-13 07 44.695	  31.02694466 121.43971396 1.25  0.0 0.0
2015-07-10-13 07 44.796	  31.02694466 121.43971396 1.25  0.0 0.0
2015-07-10-13 07 44.897	  31.02694466 121.43971396 1.25  0.0 0.0
2015-07-10-13 07 45.000	  31.02694466 121.43971396 1.25  0.0 0.0
2015-07-10-13 07 45.102	  31.02694466 121.43971396 1.25  0.0 0.0
2015-07-10-13 07 45.248	  31.02694466 121.43971396 1.25  0.0 0.0
2015-07-10-13 07 45.356	  31.02694466 121.43971396 1.25  0.0 0.0
2015-07-10-13 07 45.463	  31.02694466 121.43971396 1.25  0.0 0.0
2015-07-10-13 07 45.631	  31.02694466 121.43971396 1.25  0.0 0.0
2015-07-10-13 07 45.732	  31.02696715 121.43971507 1.25  0.0 0.0
2015-07-10-13 07 45.853	  31.02696715 121.43971507 1.25  0.0 0.0
2015-07-10-13 07 45.955	  31.02696715 121.43971507 1.25  0.0 0.0
2015-07-10-13 07 46.056	  31.02696715 121.43971507 1.25  0.0 0.0
2015-07-10-13 07 46.170	  31.02696715 121.43971507 1.25  0.0 0.0
2015-07-10-13 07 46.273	  31.02696715 121.43971507 1.25  0.0 0.0
2015-07-10-13 07 46.436	  31.02696715 121.43971507 1.25  0.0 0.0
2015-07-10-13 07 46.538	  31.02696715 121.43971507 1.25  0.0 0.0
2015-07-10-13 07 46.640	  31.02696715 121.43971507 1.25  0.0 0.0
2015-07-10-13 07 46.743	  31.02696715 121.43971507 1.25  0.0 0.0
2015-07-10-13 07 46.845	  31.02696715 121.43971507 1.25  0.0 0.0
2015-07-10-13 07 46.988	  31.02696715 121.43971507 1.25  0.0 0.0
2015-07-10-13 07 47.094	  31.02696715 121.43971507 1.25  0.0 0.0
2015-07-10-13 07 47.200	  31.02696715 121.43971507 1.25  0.0 0.0
2015-07-10-13 07 47.335	  31.02696715 121.43971507 1.25  0.0 0.0
2015-07-10-13 07 47.437	  31.02696715 121.43971507 1.25  0.0 0.0
2015-07-10-13 07 47.551	  31.02696715 121.43971507 1.25  0.0 0.0
2015-07-10-13 07 47.654	  31.02696715 121.43971507 1.25  0.0 0.0
2015-07-10-13 07 47.759	  31.02698732 121.43971302 1.25  0.0 0.0
2015-07-10-13 07 47.864	  31.02698732 121.43971302 1.25  0.0 0.0
2015-07-10-13 07 47.967	  31.02698732 121.43971302 1.25  0.0 0.0
2015-07-10-13 07 48.130	  31.02698732 121.43971302 1.25  0.0 0.0
2015-07-10-13 07 48.248	  31.02698732 121.43971302 1.25  0.0 0.0
2015-07-10-13 07 48.349	  31.02698732 121.43971302 1.25  0.0 0.0
2015-07-10-13 07 48.459	  31.02698732 121.43971302 1.25  0.0 0.0
2015-07-10-13 07 48.560	  31.02698732 121.43971302 1.25  0.0 0.0
2015-07-10-13 07 48.662	  31.02698732 121.43971302 1.25  0.0 0.0
2015-07-10-13 07 48.792	  31.02698732 121.43971302 1.25  0.0 0.0
2015-07-10-13 07 48.896	  31.02698732 121.43971302 1.25  0.0 0.0
2015-07-10-13 07 49.037	  31.02698732 121.43971302 1.25  0.0 0.0
2015-07-10-13 07 49.140	  31.02698732 121.43971302 1.25  0.0 0.0
2015-07-10-13 07 49.294	  31.02698732 121.43971302 1.25  0.0 0.0
2015-07-10-13 07 49.400	  31.02698732 121.43971302 1.25  0.0 0.0
2015-07-10-13 07 49.560	  31.02698732 121.43971302 1.25  0.0 0.0
2015-07-10-13 07 49.663	  31.02698732 121.43971302 1.25  0.0 0.0
2015-07-10-13 07 49.773	  31.02700758 121.43969882 1.25  0.0 0.0
2015-07-10-13 07 49.875	  31.02700758 121.43969882 1.25  0.0 0.0
2015-07-10-13 07 49.976	  31.02700758 121.43969882 1.25  0.0 0.0
2015-07-10-13 07 50.124	  31.02700758 121.43969882 1.25  0.0 0.0
2015-07-10-13 07 50.225	  31.02700758 121.43969882 1.25  0.0 0.0
2015-07-10-13 07 50.341	  31.02700758 121.43969882 1.25  0.0 0.0
2015-07-10-13 07 50.443	  31.02700758 121.43969882 1.25  0.0 0.0
2015-07-10-13 07 50.578	  31.02700758 121.43969882 1.25  0.0 0.0
2015-07-10-13 07 50.680	  31.02700758 121.43969882 1.25  0.0 0.0
2015-07-10-13 07 50.795	  31.02700758 121.43969882 1.25  0.0 0.0
2015-07-10-13 07 50.900	  31.02700758 121.43969882 1.25  0.0 0.0
2015-07-10-13 07 51.077	  31.02700758 121.43969882 1.25  0.0 0.0
2015-07-10-13 07 51.179	  31.02700758 121.43969882 1.25  0.0 0.0
2015-07-10-13 07 51.297	  31.02700758 121.43969882 1.25  0.0 0.0
2015-07-10-13 07 51.406	  31.02700758 121.43969882 1.25  0.0 0.0
2015-07-10-13 07 51.580	  31.02700758 121.43969882 1.25  0.0 0.0
2015-07-10-13 07 51.685	  31.02700758 121.43969882 1.25  0.0 0.0
2015-07-10-13 07 51.830	  31.0270295 121.43968087 1.25  0.0 0.0
2015-07-10-13 07 51.932	  31.0270295 121.43968087 1.25  0.0 0.0
2015-07-10-13 07 52.085	  31.0270295 121.43968087 1.25  0.0 0.0
2015-07-10-13 07 52.190	  31.0270295 121.43968087 1.25  0.0 0.0
2015-07-10-13 07 52.333	  31.0270295 121.43968087 1.25  0.0 0.0
2015-07-10-13 07 52.435	  31.0270295 121.43968087 1.25  0.0 0.0
2015-07-10-13 07 52.599	  31.0270295 121.43968087 1.25  0.0 0.0
2015-07-10-13 07 52.702	  31.0270295 121.43968087 1.25  0.0 0.0
2015-07-10-13 07 52.884	  31.0270295 121.43968087 1.25  0.0 0.0
2015-07-10-13 07 52.986	  31.0270295 121.43968087 1.25  0.0 0.0
2015-07-10-13 07 53.121	  31.0270295 121.43968087 1.25  0.0 0.0
2015-07-10-13 07 53.232	  31.0270295 121.43968087 1.25  0.0 0.0
2015-07-10-13 07 53.394	  31.0270295 121.43968087 1.25  0.0 0.0
2015-07-10-13 07 53.537	  31.0270295 121.43968087 1.25  0.0 0.0
2015-07-10-13 07 53.643	  31.0270295 121.43968087 1.25  0.0 0.0
2015-07-10-13 07 53.836	  31.02705389 121.4396698 1.25  0.0 0.0
2015-07-10-13 07 53.939	  31.02705389 121.4396698 1.25  0.0 0.0
2015-07-10-13 07 54.088	  31.02705389 121.4396698 1.25  0.0 0.0
2015-07-10-13 07 54.192	  31.02705389 121.4396698 1.25  0.0 0.0
2015-07-10-13 07 54.345	  31.02705389 121.4396698 1.25  0.0 0.0
2015-07-10-13 07 54.452	  31.02705389 121.4396698 1.25  0.0 0.0
2015-07-10-13 07 54.574	  31.02705389 121.4396698 1.25  0.0 0.0
2015-07-10-13 07 54.678	  31.02705389 121.4396698 1.25  0.0 0.0
2015-07-10-13 07 54.835	  31.02705389 121.4396698 1.25  0.0 0.0
2015-07-10-13 07 54.936	  31.02705389 121.4396698 1.25  0.0 0.0
2015-07-10-13 07 55.051	  31.02705389 121.4396698 1.25  0.0 0.0
2015-07-10-13 07 55.157	  31.02705389 121.4396698 1.25  0.0 0.0
2015-07-10-13 07 55.335	  31.02705389 121.4396698 1.25  0.0 0.0
2015-07-10-13 07 55.437	  31.02705389 121.4396698 1.25  0.0 0.0
2015-07-10-13 07 55.540	  31.02705389 121.4396698 1.25  0.0 0.0
2015-07-10-13 07 55.645	  31.02705389 121.4396698 1.25  0.0 0.0
2015-07-10-13 07 55.784	  31.02708275 121.43965722 1.25  0.0 0.0
2015-07-10-13 07 55.885	  31.02708275 121.43965722 1.25  0.0 0.0
2015-07-10-13 07 55.988	  31.02708275 121.43965722 1.25  0.0 0.0
2015-07-10-13 07 56.093	  31.02708275 121.43965722 1.25  0.0 0.0
2015-07-10-13 07 56.194	  31.02708275 121.43965722 1.25  0.0 0.0
2015-07-10-13 07 56.297	  31.02708275 121.43965722 1.25  0.0 0.0
2015-07-10-13 07 56.403	  31.02708275 121.43965722 1.25  0.0 0.0
2015-07-10-13 07 56.510	  31.02708275 121.43965722 1.25  0.0 0.0
2015-07-10-13 07 56.677	  31.02708275 121.43965722 1.25  0.0 0.0
2015-07-10-13 07 56.780	  31.02708275 121.43965722 1.25  0.0 0.0
2015-07-10-13 07 56.882	  31.02708275 121.43965722 1.25  0.0 0.0
2015-07-10-13 07 56.993	  31.02708275 121.43965722 1.25  0.0 0.0
2015-07-10-13 07 57.095	  31.02708275 121.43965722 1.25  0.0 0.0
2015-07-10-13 07 57.229	  31.02708275 121.43965722 1.25  0.0 0.0
2015-07-10-13 07 57.334	  31.02708275 121.43965722 1.25  0.0 0.0
2015-07-10-13 07 57.487	  31.02708275 121.43965722 1.25  0.0 0.0
2015-07-10-13 07 57.591	  31.02708275 121.43965722 1.25  0.0 0.0
2015-07-10-13 07 57.693	  31.02708275 121.43965722 1.25  0.0 0.0
2015-07-10-13 07 57.798	  31.02711072 121.43963957 1.25  0.0 0.0
2015-07-10-13 07 57.901	  31.02711072 121.43963957 1.25  0.0 0.0
2015-07-10-13 07 58.060	  31.02711072 121.43963957 1.25  0.0 0.0
2015-07-10-13 07 58.165	  31.02711072 121.43963957 1.25  0.0 0.0
2015-07-10-13 07 58.330	  31.02711072 121.43963957 1.25  0.0 0.0
2015-07-10-13 07 58.437	  31.02711072 121.43963957 1.25  0.0 0.0
2015-07-10-13 07 58.539	  31.02711072 121.43963957 1.25  0.0 0.0
2015-07-10-13 07 58.716	  31.02711072 121.43963957 1.25  0.0 0.0
2015-07-10-13 07 58.835	  31.02711072 121.43963957 1.25  0.0 0.0
2015-07-10-13 07 58.938	  31.02711072 121.43963957 1.25  0.0 0.0
2015-07-10-13 07 59.106	  31.02711072 121.43963957 1.25  0.0 0.0
2015-07-10-13 07 59.210	  31.02711072 121.43963957 1.25  0.0 0.0
2015-07-10-13 07 59.313	  31.02711072 121.43963957 1.25  0.0 0.0
2015-07-10-13 07 59.471	  31.02711072 121.43963957 1.25  0.0 0.0
2015-07-10-13 07 59.574	  31.02711072 121.43963957 1.25  0.0 0.0
2015-07-10-13 07 59.735	  31.02711072 121.43963957 1.25  0.0 0.0
2015-07-10-13 07 59.836	  31.02713977 121.43961907 1.25  0.0 0.0
2015-07-10-13 07 59.941	  31.02713977 121.43961907 1.25  0.0 0.0
2015-07-10-13 08 00.056	  31.02713977 121.43961907 1.25  0.0 0.0
2015-07-10-13 08 00.158	  31.02713977 121.43961907 1.25  0.0 0.0
2015-07-10-13 08 00.274	  31.02713977 121.43961907 1.25  0.0 0.0
2015-07-10-13 08 00.381	  31.02713977 121.43961907 1.25  0.0 0.0
2015-07-10-13 08 00.537	  31.02713977 121.43961907 1.25  0.0 0.0
2015-07-10-13 08 00.638	  31.02713977 121.43961907 1.25  0.0 0.0
2015-07-10-13 08 00.740	  31.02713977 121.43961907 1.25  0.0 0.0
2015-07-10-13 08 00.857	  31.02713977 121.43961907 1.25  0.0 0.0
2015-07-10-13 08 00.959	  31.02713977 121.43961907 1.25  0.0 0.0
2015-07-10-13 08 01.098	  31.02713977 121.43961907 1.25  0.0 0.0
2015-07-10-13 08 01.205	  31.02713977 121.43961907 1.25  0.0 0.0
2015-07-10-13 08 01.361	  31.02713977 121.43961907 1.25  0.0 0.0
2015-07-10-13 08 01.462	  31.02713977 121.43961907 1.25  0.0 0.0
2015-07-10-13 08 01.565	  31.02713977 121.43961907 1.25  0.0 0.0
2015-07-10-13 08 01.670	  31.02716589 121.43959964 1.25  0.0 0.0
2015-07-10-13 08 01.773	  31.02716589 121.43959964 1.25  0.0 0.0
2015-07-10-13 08 01.874	  31.02716589 121.43959964 1.25  0.0 0.0
2015-07-10-13 08 01.982	  31.02716589 121.43959964 1.25  0.0 0.0
2015-07-10-13 08 02.095	  31.02716589 121.43959964 1.25  0.0 0.0
2015-07-10-13 08 02.197	  31.02716589 121.43959964 1.25  0.0 0.0
2015-07-10-13 08 02.312	  31.02716589 121.43959964 1.25  0.0 0.0
2015-07-10-13 08 02.416	  31.02716589 121.43959964 1.25  0.0 0.0
2015-07-10-13 08 02.593	  31.02716589 121.43959964 1.25  0.0 0.0
2015-07-10-13 08 02.696	  31.02716589 121.43959964 1.25  0.0 0.0
2015-07-10-13 08 02.798	  31.02716589 121.43959964 1.25  0.0 0.0
2015-07-10-13 08 02.900	  31.02716589 121.43959964 1.25  0.0 0.0
2015-07-10-13 08 03.004	  31.02716589 121.43959964 1.25  0.0 0.0
2015-07-10-13 08 03.109	  31.02716589 121.43959964 1.25  0.0 0.0
2015-07-10-13 08 03.210	  31.02716589 121.43959964 1.25  0.0 0.0
2015-07-10-13 08 03.328	  31.02716589 121.43959964 1.25  0.0 0.0
2015-07-10-13 08 03.434	  31.02716589 121.43959964 1.25  0.0 0.0
2015-07-10-13 08 03.589	  31.02716589 121.43959964 1.25  0.0 0.0
2015-07-10-13 08 03.690	  31.02716589 121.43959964 1.25  0.0 0.0
2015-07-10-13 08 03.792	  31.02719493 121.43958922 1.25  0.0 0.0
2015-07-10-13 08 03.896	  31.02719493 121.43958922 1.25  0.0 0.0
2015-07-10-13 08 04.011	  31.02719493 121.43958922 1.25  0.0 0.0
2015-07-10-13 08 04.113	  31.02719493 121.43958922 1.25  0.0 0.0
2015-07-10-13 08 04.216	  31.02719493 121.43958922 1.25  0.0 0.0
2015-07-10-13 08 04.321	  31.02719493 121.43958922 1.25  0.0 0.0
2015-07-10-13 08 04.424	  31.02719493 121.43958922 1.25  0.0 0.0
2015-07-10-13 08 04.583	  31.02719493 121.43958922 1.25  0.0 0.0
2015-07-10-13 08 04.722	  31.02719493 121.43958922 1.25  0.0 0.0
2015-07-10-13 08 04.827	  31.02719493 121.43958922 1.25  0.0 0.0
2015-07-10-13 08 04.944	  31.02719493 121.43958922 1.25  0.0 0.0
2015-07-10-13 08 05.083	  31.02719493 121.43958922 1.25  0.0 0.0
2015-07-10-13 08 05.188	  31.02719493 121.43958922 1.25  0.0 0.0
2015-07-10-13 08 05.337	  31.02719493 121.43958922 1.25  0.0 0.0
2015-07-10-13 08 05.453	  31.02719493 121.43958922 1.25  0.0 0.0
2015-07-10-13 08 05.588	  31.02719493 121.43958922 1.25  0.0 0.0
2015-07-10-13 08 05.751	  31.02719493 121.43958922 1.25  0.0 0.0
2015-07-10-13 08 05.886	  31.02722449 121.4395849 1.25  0.0 0.0
2015-07-10-13 08 06.064	  31.02722449 121.4395849 1.25  0.0 0.0
2015-07-10-13 08 06.200	  31.02722449 121.4395849 1.25  0.0 0.0
2015-07-10-13 08 06.346	  31.02722449 121.4395849 1.25  0.0 0.0
2015-07-10-13 08 06.494	  31.02722449 121.4395849 1.25  0.0 0.0
2015-07-10-13 08 06.610	  31.02722449 121.4395849 1.25  0.0 0.0
2015-07-10-13 08 06.728	  31.02722449 121.4395849 1.25  0.0 0.0
2015-07-10-13 08 06.889	  31.02722449 121.4395849 1.25  0.0 0.0
2015-07-10-13 08 07.028	  31.02722449 121.4395849 1.25  0.0 0.0
2015-07-10-13 08 07.174	  31.02722449 121.4395849 1.25  0.0 0.0
2015-07-10-13 08 07.307	  31.02722449 121.4395849 1.25  0.0 0.0
2015-07-10-13 08 07.468	  31.02722449 121.4395849 1.25  0.0 0.0
2015-07-10-13 08 07.606	  31.02722449 121.4395849 1.25  0.0 0.0
2015-07-10-13 08 07.724	  31.02722449 121.4395849 1.25  0.0 0.0
2015-07-10-13 08 07.843	  31.02725039 121.43957187 1.25  0.0 0.0
2015-07-10-13 08 07.980	  31.02725039 121.43957187 1.25  0.0 0.0
2015-07-10-13 08 08.120	  31.02725039 121.43957187 1.25  0.0 0.0
2015-07-10-13 08 08.258	  31.02725039 121.43957187 1.25  0.0 0.0
2015-07-10-13 08 08.408	  31.02725039 121.43957187 1.25  0.0 0.0
2015-07-10-13 08 08.549	  31.02725039 121.43957187 1.25  0.0 0.0
2015-07-10-13 08 08.688	  31.02725039 121.43957187 1.25  0.0 0.0
2015-07-10-13 08 08.861	  31.02725039 121.43957187 1.25  0.0 0.0
2015-07-10-13 08 08.980	  31.02725039 121.43957187 1.25  0.0 0.0
2015-07-10-13 08 09.112	  31.02725039 121.43957187 1.25  0.0 0.0
2015-07-10-13 08 09.276	  31.02725039 121.43957187 1.25  0.0 0.0
2015-07-10-13 08 09.416	  31.02725039 121.43957187 1.25  0.0 0.0
2015-07-10-13 08 09.559	  31.02725039 121.43957187 1.25  0.0 0.0
2015-07-10-13 08 09.674	  31.02727531 121.43956304 1.25  0.0 0.0
2015-07-10-13 08 09.840	  31.02727531 121.43956304 1.25  0.0 0.0
2015-07-10-13 08 09.959	  31.02727531 121.43956304 1.25  0.0 0.0
2015-07-10-13 08 10.094	  31.02727531 121.43956304 1.25  0.0 0.0
2015-07-10-13 08 10.233	  31.02727531 121.43956304 1.25  0.0 0.0
2015-07-10-13 08 10.370	  31.02727531 121.43956304 1.25  0.0 0.0
2015-07-10-13 08 10.489	  31.02727531 121.43956304 1.25  0.0 0.0
2015-07-10-13 08 10.632	  31.02727531 121.43956304 1.25  0.0 0.0
2015-07-10-13 08 10.826	  31.02727531 121.43956304 1.25  0.0 0.0
2015-07-10-13 08 10.942	  31.02727531 121.43956304 1.25  0.0 0.0
2015-07-10-13 08 11.058	  31.02727531 121.43956304 1.25  0.0 0.0
2015-07-10-13 08 11.202	  31.02727531 121.43956304 1.25  0.0 0.0
2015-07-10-13 08 11.319	  31.02727531 121.43956304 1.25  0.0 0.0
2015-07-10-13 08 11.446	  31.02727531 121.43956304 1.25  0.0 0.0
2015-07-10-13 08 11.611	  31.02727531 121.43956304 1.25  0.0 0.0
2015-07-10-13 08 11.727	  31.02729777 121.43955264 1.25  0.0 0.0
2015-07-10-13 08 11.843	  31.02729777 121.43955264 1.25  0.0 0.0
2015-07-10-13 08 11.978	  31.02729777 121.43955264 1.25  0.0 0.0
2015-07-10-13 08 12.136	  31.02729777 121.43955264 1.25  0.0 0.0
2015-07-10-13 08 12.272	  31.02729777 121.43955264 1.25  0.0 0.0
2015-07-10-13 08 12.431	  31.02729777 121.43955264 1.25  0.0 0.0
2015-07-10-13 08 12.604	  31.02729777 121.43955264 1.25  0.0 0.0
2015-07-10-13 08 12.731	  31.02729777 121.43955264 1.25  0.0 0.0
2015-07-10-13 08 12.845	  31.02729777 121.43955264 1.25  0.0 0.0
2015-07-10-13 08 12.981	  31.02729777 121.43955264 1.25  0.0 0.0
2015-07-10-13 08 13.137	  31.02729777 121.43955264 1.25  0.0 0.0
2015-07-10-13 08 13.276	  31.02729777 121.43955264 1.25  0.0 0.0
2015-07-10-13 08 13.400	  31.02729777 121.43955264 1.25  0.0 0.0
2015-07-10-13 08 13.516	  31.02729777 121.43955264 1.25  0.0 0.0
2015-07-10-13 08 13.682	  31.02731924 121.43954095 1.25  0.0 0.0
2015-07-10-13 08 13.853	  31.02731924 121.43954095 1.25  0.0 0.0
2015-07-10-13 08 13.974	  31.02731924 121.43954095 1.25  0.0 0.0
2015-07-10-13 08 14.113	  31.02731924 121.43954095 1.25  0.0 0.0
2015-07-10-13 08 14.299	  31.02731924 121.43954095 1.25  0.0 0.0
2015-07-10-13 08 14.423	  31.02731924 121.43954095 1.25  0.0 0.0
2015-07-10-13 08 14.583	  31.02731924 121.43954095 1.25  0.0 0.0
2015-07-10-13 08 14.775	  31.02731924 121.43954095 1.25  0.0 0.0
2015-07-10-13 08 14.891	  31.02731924 121.43954095 1.25  0.0 0.0
2015-07-10-13 08 14.998	  31.02731924 121.43954095 1.25  0.0 0.0
2015-07-10-13 08 15.104	  31.02731924 121.43954095 1.25  0.0 0.0
2015-07-10-13 08 15.281	  31.02731924 121.43954095 1.25  0.0 0.0
2015-07-10-13 08 15.384	  31.02731924 121.43954095 1.25  0.0 0.0
2015-07-10-13 08 15.516	  31.02731924 121.43954095 1.25  0.0 0.0
2015-07-10-13 08 15.629	  31.02731924 121.43954095 1.25  0.0 0.0
2015-07-10-13 08 15.731	  31.02731924 121.43954095 1.25  0.0 0.0
2015-07-10-13 08 15.867	  31.02734115 121.43953016 1.25  0.0 0.0
2015-07-10-13 08 16.011	  31.02734115 121.43953016 1.25  0.0 0.0
2015-07-10-13 08 16.112	  31.02734115 121.43953016 1.25  0.0 0.0
2015-07-10-13 08 16.281	  31.02734115 121.43953016 1.25  0.0 0.0
2015-07-10-13 08 16.383	  31.02734115 121.43953016 1.25  0.0 0.0
2015-07-10-13 08 16.522	  31.02734115 121.43953016 1.25  0.0 0.0
2015-07-10-13 08 16.625	  31.02734115 121.43953016 1.25  0.0 0.0
2015-07-10-13 08 16.769	  31.02734115 121.43953016 1.25  0.0 0.0
2015-07-10-13 08 16.935	  31.02734115 121.43953016 1.25  0.0 0.0
2015-07-10-13 08 17.037	  31.02734115 121.43953016 1.25  0.0 0.0
2015-07-10-13 08 17.155	  31.02734115 121.43953016 1.25  0.0 0.0
2015-07-10-13 08 17.298	  31.02734115 121.43953016 1.25  0.0 0.0
2015-07-10-13 08 17.404	  31.02734115 121.43953016 1.25  0.0 0.0
2015-07-10-13 08 17.588	  31.02734115 121.43953016 1.25  0.0 0.0
2015-07-10-13 08 17.692	  31.02734115 121.43953016 1.25  0.0 0.0
2015-07-10-13 08 17.794	  31.02736705 121.43951769 1.25  0.0 0.0
2015-07-10-13 08 17.913	  31.02736705 121.43951769 1.25  0.0 0.0
2015-07-10-13 08 18.018	  31.02736705 121.43951769 1.25  0.0 0.0
2015-07-10-13 08 18.189	  31.02736705 121.43951769 1.25  0.0 0.0
2015-07-10-13 08 18.294	  31.02736705 121.43951769 1.25  0.0 0.0
2015-07-10-13 08 18.397	  31.02736705 121.43951769 1.25  0.0 0.0
2015-07-10-13 08 18.533	  31.02736705 121.43951769 1.25  0.0 0.0
2015-07-10-13 08 18.636	  31.02736705 121.43951769 1.25  0.0 0.0
2015-07-10-13 08 18.789	  31.02736705 121.43951769 1.25  0.0 0.0
2015-07-10-13 08 18.891	  31.02736705 121.43951769 1.25  0.0 0.0
2015-07-10-13 08 19.007	  31.02736705 121.43951769 1.25  0.0 0.0
2015-07-10-13 08 19.111	  31.02736705 121.43951769 1.25  0.0 0.0
2015-07-10-13 08 19.284	  31.02736705 121.43951769 1.25  0.0 0.0
2015-07-10-13 08 19.390	  31.02736705 121.43951769 1.25  0.0 0.0
2015-07-10-13 08 19.492	  31.02736705 121.43951769 1.25  0.0 0.0
2015-07-10-13 08 19.648	  31.02736705 121.43951769 1.25  0.0 0.0
2015-07-10-13 08 19.750	  31.02739449 121.43950752 1.25  0.0 0.0
2015-07-10-13 08 19.864	  31.02739449 121.43950752 1.25  0.0 0.0
2015-07-10-13 08 19.970	  31.02739449 121.43950752 1.25  0.0 0.0
2015-07-10-13 08 20.133	  31.02739449 121.43950752 1.25  0.0 0.0
2015-07-10-13 08 20.235	  31.02739449 121.43950752 1.25  0.0 0.0
2015-07-10-13 08 20.339	  31.02739449 121.43950752 1.25  0.0 0.0
2015-07-10-13 08 20.483	  31.02739449 121.43950752 1.25  0.0 0.0
2015-07-10-13 08 20.592	  31.02739449 121.43950752 1.25  0.0 0.0
2015-07-10-13 08 20.749	  31.02739449 121.43950752 1.25  0.0 0.0
2015-07-10-13 08 20.856	  31.02739449 121.43950752 1.25  0.0 0.0
2015-07-10-13 08 20.959	  31.02739449 121.43950752 1.25  0.0 0.0
2015-07-10-13 08 21.123	  31.02739449 121.43950752 1.25  0.0 0.0
2015-07-10-13 08 21.224	  31.02739449 121.43950752 1.25  0.0 0.0
2015-07-10-13 08 21.330	  31.02739449 121.43950752 1.25  0.0 0.0
2015-07-10-13 08 21.485	  31.02739449 121.43950752 1.25  0.0 0.0
2015-07-10-13 08 21.586	  31.02739449 121.43950752 1.25  0.0 0.0
2015-07-10-13 08 21.689	  31.02739449 121.43950752 1.25  0.0 0.0
2015-07-10-13 08 21.841	  31.02742107 121.4394966 1.25  0.0 0.0
2015-07-10-13 08 21.943	  31.02742107 121.4394966 1.25  0.0 0.0
2015-07-10-13 08 22.050	  31.02742107 121.4394966 1.25  0.0 0.0
2015-07-10-13 08 22.193	  31.02742107 121.4394966 1.25  0.0 0.0
2015-07-10-13 08 22.296	  31.02742107 121.4394966 1.25  0.0 0.0
2015-07-10-13 08 22.399	  31.02742107 121.4394966 1.25  0.0 0.0
2015-07-10-13 08 22.589	  31.02742107 121.4394966 1.25  0.0 0.0
2015-07-10-13 08 22.690	  31.02742107 121.4394966 1.25  0.0 0.0
2015-07-10-13 08 22.792	  31.02742107 121.4394966 1.25  0.0 0.0
2015-07-10-13 08 22.951	  31.02742107 121.4394966 1.25  0.0 0.0
2015-07-10-13 08 23.053	  31.02742107 121.4394966 1.25  0.0 0.0
2015-07-10-13 08 23.155	  31.02742107 121.4394966 1.25  0.0 0.0
2015-07-10-13 08 23.281	  31.02742107 121.4394966 1.25  0.0 0.0
2015-07-10-13 08 23.384	  31.02742107 121.4394966 1.25  0.0 0.0
2015-07-10-13 08 23.487	  31.02742107 121.4394966 1.25  0.0 0.0
2015-07-10-13 08 23.630	  31.02742107 121.4394966 1.25  0.0 0.0
2015-07-10-13 08 23.733	  31.02742107 121.4394966 1.25  0.0 0.0
2015-07-10-13 08 23.838	  31.0274406 121.43948081 1.25  0.0 0.0
2015-07-10-13 08 23.947	  31.0274406 121.43948081 1.25  0.0 0.0
2015-07-10-13 08 24.051	  31.0274406 121.43948081 1.25  0.0 0.0
2015-07-10-13 08 24.207	  31.0274406 121.43948081 1.25  0.0 0.0
2015-07-10-13 08 24.310	  31.0274406 121.43948081 1.25  0.0 0.0
2015-07-10-13 08 24.415	  31.0274406 121.43948081 1.25  0.0 0.0
2015-07-10-13 08 24.585	  31.0274406 121.43948081 1.25  0.0 0.0
2015-07-10-13 08 24.689	  31.0274406 121.43948081 1.25  0.0 0.0
2015-07-10-13 08 24.791	  31.0274406 121.43948081 1.25  0.0 0.0
2015-07-10-13 08 24.925	  31.0274406 121.43948081 1.25  0.0 0.0
2015-07-10-13 08 25.045	  31.0274406 121.43948081 1.25  0.0 0.0
2015-07-10-13 08 25.153	  31.0274406 121.43948081 1.25  0.0 0.0
2015-07-10-13 08 25.258	  31.0274406 121.43948081 1.25  0.0 0.0
2015-07-10-13 08 25.413	  31.0274406 121.43948081 1.25  0.0 0.0
2015-07-10-13 08 25.519	  31.0274406 121.43948081 1.25  0.0 0.0
2015-07-10-13 08 25.621	  31.0274406 121.43948081 1.25  0.0 0.0
2015-07-10-13 08 25.762	  31.02745906 121.43946421 1.25  0.0 0.0
2015-07-10-13 08 25.879	  31.02745906 121.43946421 1.25  0.0 0.0
2015-07-10-13 08 25.984	  31.02745906 121.43946421 1.25  0.0 0.0
2015-07-10-13 08 26.133	  31.02745906 121.43946421 1.25  0.0 0.0
2015-07-10-13 08 26.240	  31.02745906 121.43946421 1.25  0.0 0.0
2015-07-10-13 08 26.343	  31.02745906 121.43946421 1.25  0.0 0.0
2015-07-10-13 08 26.488	  31.02745906 121.43946421 1.25  0.0 0.0
2015-07-10-13 08 26.598	  31.02745906 121.43946421 1.25  0.0 0.0
2015-07-10-13 08 26.703	  31.02745906 121.43946421 1.25  0.0 0.0
2015-07-10-13 08 26.872	  31.02745906 121.43946421 1.25  0.0 0.0
2015-07-10-13 08 27.012	  31.02745906 121.43946421 1.25  0.0 0.0
2015-07-10-13 08 27.122	  31.02745906 121.43946421 1.25  0.0 0.0
2015-07-10-13 08 27.225	  31.02745906 121.43946421 1.25  0.0 0.0
2015-07-10-13 08 27.342	  31.02745906 121.43946421 1.25  0.0 0.0
2015-07-10-13 08 27.447	  31.02745906 121.43946421 1.25  0.0 0.0
2015-07-10-13 08 27.556	  31.02745906 121.43946421 1.25  0.0 0.0
2015-07-10-13 08 27.731	  31.02748018 121.43945557 1.25  0.0 0.0
2015-07-10-13 08 27.848	  31.02748018 121.43945557 1.25  0.0 0.0
2015-07-10-13 08 27.956	  31.02748018 121.43945557 1.25  0.0 0.0
2015-07-10-13 08 28.059	  31.02748018 121.43945557 1.25  0.0 0.0
2015-07-10-13 08 28.212	  31.02748018 121.43945557 1.25  0.0 0.0
2015-07-10-13 08 28.352	  31.02748018 121.43945557 1.25  0.0 0.0
2015-07-10-13 08 28.457	  31.02748018 121.43945557 1.25  0.0 0.0
2015-07-10-13 08 28.563	  31.02748018 121.43945557 1.25  0.0 0.0
2015-07-10-13 08 28.731	  31.02748018 121.43945557 1.25  0.0 0.0
2015-07-10-13 08 28.848	  31.02748018 121.43945557 1.25  0.0 0.0
2015-07-10-13 08 28.953	  31.02748018 121.43945557 1.25  0.0 0.0
2015-07-10-13 08 29.055	  31.02748018 121.43945557 1.25  0.0 0.0
2015-07-10-13 08 29.185	  31.02748018 121.43945557 1.25  0.0 0.0
2015-07-10-13 08 29.327	  31.02748018 121.43945557 1.25  0.0 0.0
2015-07-10-13 08 29.429	  31.02748018 121.43945557 1.25  0.0 0.0
2015-07-10-13 08 29.531	  31.02748018 121.43945557 1.25  0.0 0.0
2015-07-10-13 08 29.674	  31.02748018 121.43945557 1.25  0.0 0.0
2015-07-10-13 08 29.832	  31.02750163 121.43944482 1.25  0.0 0.0
2015-07-10-13 08 29.936	  31.02750163 121.43944482 1.25  0.0 0.0
2015-07-10-13 08 30.074	  31.02750163 121.43944482 1.25  0.0 0.0
2015-07-10-13 08 30.188	  31.02750163 121.43944482 1.25  0.0 0.0
2015-07-10-13 08 30.290	  31.02750163 121.43944482 1.25  0.0 0.0
2015-07-10-13 08 30.433	  31.02750163 121.43944482 1.25  0.0 0.0
2015-07-10-13 08 30.563	  31.02750163 121.43944482 1.25  0.0 0.0
2015-07-10-13 08 30.679	  31.02750163 121.43944482 1.25  0.0 0.0
2015-07-10-13 08 30.781	  31.02750163 121.43944482 1.25  0.0 0.0
2015-07-10-13 08 30.900	  31.02750163 121.43944482 1.25  0.0 0.0
2015-07-10-13 08 31.003	  31.02750163 121.43944482 1.25  0.0 0.0
2015-07-10-13 08 31.132	  31.02750163 121.43944482 1.25  0.0 0.0
2015-07-10-13 08 31.273	  31.02750163 121.43944482 1.25  0.0 0.0
2015-07-10-13 08 31.375	  31.02750163 121.43944482 1.25  0.0 0.0
2015-07-10-13 08 31.477	  31.02750163 121.43944482 1.25  0.0 0.0
2015-07-10-13 08 31.620	  31.02750163 121.43944482 1.25  0.0 0.0
2015-07-10-13 08 31.754	  31.02750163 121.43944482 1.25  0.0 0.0
2015-07-10-13 08 31.871	  31.02752456 121.43943412 1.25  0.0 0.0
2015-07-10-13 08 31.973	  31.02752456 121.43943412 1.25  0.0 0.0
2015-07-10-13 08 32.090	  31.02752456 121.43943412 1.25  0.0 0.0
2015-07-10-13 08 32.208	  31.02752456 121.43943412 1.25  0.0 0.0
2015-07-10-13 08 32.311	  31.02752456 121.43943412 1.25  0.0 0.0
2015-07-10-13 08 32.418	  31.02752456 121.43943412 1.25  0.0 0.0
2015-07-10-13 08 32.596	  31.02752456 121.43943412 1.25  0.0 0.0
2015-07-10-13 08 32.711	  31.02752456 121.43943412 1.25  0.0 0.0
2015-07-10-13 08 32.817	  31.02752456 121.43943412 1.25  0.0 0.0
2015-07-10-13 08 32.921	  31.02752456 121.43943412 1.25  0.0 0.0
2015-07-10-13 08 33.079	  31.02752456 121.43943412 1.25  0.0 0.0
2015-07-10-13 08 33.230	  31.02752456 121.43943412 1.25  0.0 0.0
2015-07-10-13 08 33.332	  31.02752456 121.43943412 1.25  0.0 0.0
2015-07-10-13 08 33.435	  31.02752456 121.43943412 1.25  0.0 0.0
2015-07-10-13 08 33.589	  31.02752456 121.43943412 1.25  0.0 0.0
2015-07-10-13 08 33.706	  31.02752456 121.43943412 1.25  0.0 0.0
2015-07-10-13 08 33.812	  31.02754702 121.43942922 1.25  0.0 0.0
2015-07-10-13 08 33.914	  31.02754702 121.43942922 1.25  0.0 0.0
2015-07-10-13 08 34.062	  31.02754702 121.43942922 1.25  0.0 0.0
2015-07-10-13 08 34.217	  31.02754702 121.43942922 1.25  0.0 0.0
2015-07-10-13 08 34.329	  31.02754702 121.43942922 1.25  0.0 0.0
2015-07-10-13 08 34.436	  31.02754702 121.43942922 1.25  0.0 0.0
2015-07-10-13 08 34.604	  31.02754702 121.43942922 1.25  0.0 0.0
2015-07-10-13 08 34.748	  31.02754702 121.43942922 1.25  0.0 0.0
2015-07-10-13 08 34.850	  31.02754702 121.43942922 1.25  0.0 0.0
2015-07-10-13 08 34.957	  31.02754702 121.43942922 1.25  0.0 0.0
2015-07-10-13 08 35.058	  31.02754702 121.43942922 1.25  0.0 0.0
2015-07-10-13 08 35.160	  31.02754702 121.43942922 1.25  0.0 0.0
2015-07-10-13 08 35.306	  31.02754702 121.43942922 1.25  0.0 0.0
2015-07-10-13 08 35.495	  31.02754702 121.43942922 1.25  0.0 0.0
2015-07-10-13 08 35.601	  31.02754702 121.43942922 1.25  0.0 0.0
2015-07-10-13 08 35.703	  31.02756966 121.43942099 1.25  0.0 0.0
2015-07-10-13 08 35.838	  31.02756966 121.43942099 1.25  0.0 0.0
2015-07-10-13 08 35.958	  31.02756966 121.43942099 1.25  0.0 0.0
2015-07-10-13 08 36.060	  31.02756966 121.43942099 1.25  0.0 0.0
2015-07-10-13 08 36.162	  31.02756966 121.43942099 1.25  0.0 0.0
2015-07-10-13 08 36.310	  31.02756966 121.43942099 1.25  0.0 0.0
2015-07-10-13 08 36.474	  31.02756966 121.43942099 1.25  0.0 0.0
2015-07-10-13 08 36.580	  31.02756966 121.43942099 1.25  0.0 0.0
2015-07-10-13 08 36.687	  31.02756966 121.43942099 1.25  0.0 0.0
2015-07-10-13 08 36.836	  31.02756966 121.43942099 1.25  0.0 0.0
2015-07-10-13 08 36.965	  31.02756966 121.43942099 1.25  0.0 0.0
2015-07-10-13 08 37.071	  31.02756966 121.43942099 1.25  0.0 0.0
2015-07-10-13 08 37.174	  31.02756966 121.43942099 1.25  0.0 0.0
2015-07-10-13 08 37.321	  31.02756966 121.43942099 1.25  0.0 0.0
2015-07-10-13 08 37.437	  31.02756966 121.43942099 1.25  0.0 0.0
2015-07-10-13 08 37.540	  31.02756966 121.43942099 1.25  0.0 0.0
2015-07-10-13 08 37.641	  31.02756966 121.43942099 1.25  0.0 0.0
2015-07-10-13 08 37.800	  31.02759015 121.43941413 1.25  0.0 0.0
2015-07-10-13 08 37.938	  31.02759015 121.43941413 1.25  0.0 0.0
2015-07-10-13 08 38.045	  31.02759015 121.43941413 1.25  0.0 0.0
2015-07-10-13 08 38.150	  31.02759015 121.43941413 1.25  0.0 0.0
2015-07-10-13 08 38.313	  31.02759015 121.43941413 1.25  0.0 0.0
2015-07-10-13 08 38.456	  31.02759015 121.43941413 1.25  0.0 0.0
2015-07-10-13 08 38.559	  31.02759015 121.43941413 1.25  0.0 0.0
2015-07-10-13 08 38.662	  31.02759015 121.43941413 1.25  0.0 0.0
2015-07-10-13 08 38.790	  31.02759015 121.43941413 1.25  0.0 0.0
2015-07-10-13 08 38.940	  31.02759015 121.43941413 1.25  0.0 0.0
2015-07-10-13 08 39.044	  31.02759015 121.43941413 1.25  0.0 0.0
2015-07-10-13 08 39.147	  31.02759015 121.43941413 1.25  0.0 0.0
2015-07-10-13 08 39.295	  31.02759015 121.43941413 1.25  0.0 0.0
2015-07-10-13 08 39.474	  31.02759015 121.43941413 1.25  0.0 0.0
2015-07-10-13 08 39.578	  31.02759015 121.43941413 1.25  0.0 0.0
2015-07-10-13 08 39.683	  31.02759015 121.43941413 1.25  0.0 0.0
2015-07-10-13 08 39.832	  31.02761427 121.43940534 1.25  0.0 0.0
2015-07-10-13 08 39.969	  31.02761427 121.43940534 1.25  0.0 0.0
2015-07-10-13 08 40.080	  31.02761427 121.43940534 1.25  0.0 0.0
2015-07-10-13 08 40.234	  31.02761427 121.43940534 1.25  0.0 0.0
2015-07-10-13 08 40.339	  31.02761427 121.43940534 1.25  0.0 0.0
2015-07-10-13 08 40.442	  31.02761427 121.43940534 1.25  0.0 0.0
2015-07-10-13 08 40.594	  31.02761427 121.43940534 1.25  0.0 0.0
2015-07-10-13 08 40.712	  31.02761427 121.43940534 1.25  0.0 0.0
2015-07-10-13 08 40.818	  31.02761427 121.43940534 1.25  0.0 0.0
2015-07-10-13 08 40.933	  31.02761427 121.43940534 1.25  0.0 0.0
2015-07-10-13 08 41.035	  31.02761427 121.43940534 1.25  0.0 0.0
2015-07-10-13 08 41.166	  31.02761427 121.43940534 1.25  0.0 0.0
2015-07-10-13 08 41.307	  31.02761427 121.43940534 1.25  0.0 0.0
2015-07-10-13 08 41.411	  31.02761427 121.43940534 1.25  0.0 0.0
2015-07-10-13 08 41.513	  31.02761427 121.43940534 1.25  0.0 0.0
2015-07-10-13 08 41.639	  31.02761427 121.43940534 1.25  0.0 0.0
2015-07-10-13 08 41.784	  31.02763601 121.43939691 1.25  0.0 0.0
2015-07-10-13 08 41.890	  31.02763601 121.43939691 1.25  0.0 0.0
2015-07-10-13 08 41.993	  31.02763601 121.43939691 1.25  0.0 0.0
2015-07-10-13 08 42.107	  31.02763601 121.43939691 1.25  0.0 0.0
2015-07-10-13 08 42.242	  31.02763601 121.43939691 1.25  0.0 0.0
2015-07-10-13 08 42.344	  31.02763601 121.43939691 1.25  0.0 0.0
2015-07-10-13 08 42.446	  31.02763601 121.43939691 1.25  0.0 0.0
2015-07-10-13 08 42.562	  31.02763601 121.43939691 1.25  0.0 0.0
2015-07-10-13 08 42.680	  31.02763601 121.43939691 1.25  0.0 0.0
2015-07-10-13 08 42.784	  31.02763601 121.43939691 1.25  0.0 0.0
2015-07-10-13 08 42.886	  31.02763601 121.43939691 1.25  0.0 0.0
2015-07-10-13 08 42.996	  31.02763601 121.43939691 1.25  0.0 0.0
2015-07-10-13 08 43.136	  31.02763601 121.43939691 1.25  0.0 0.0
2015-07-10-13 08 43.251	  31.02763601 121.43939691 1.25  0.0 0.0
2015-07-10-13 08 43.353	  31.02763601 121.43939691 1.25  0.0 0.0
2015-07-10-13 08 43.484	  31.02763601 121.43939691 1.25  0.0 0.0
2015-07-10-13 08 43.636	  31.02763601 121.43939691 1.25  0.0 0.0
2015-07-10-13 08 43.819	  31.02765764 121.4393822 1.25  0.0 0.0
2015-07-10-13 08 43.936	  31.02765764 121.4393822 1.25  0.0 0.0
2015-07-10-13 08 44.071	  31.02765764 121.4393822 1.25  0.0 0.0
2015-07-10-13 08 44.226	  31.02765764 121.4393822 1.25  0.0 0.0
2015-07-10-13 08 44.360	  31.02765764 121.4393822 1.25  0.0 0.0
2015-07-10-13 08 44.522	  31.02765764 121.4393822 1.25  0.0 0.0
2015-07-10-13 08 44.638	  31.02765764 121.4393822 1.25  0.0 0.0
2015-07-10-13 08 44.787	  31.02765764 121.4393822 1.25  0.0 0.0
2015-07-10-13 08 44.929	  31.02765764 121.4393822 1.25  0.0 0.0
2015-07-10-13 08 45.053	  31.02765764 121.4393822 1.25  0.0 0.0
2015-07-10-13 08 45.207	  31.02765764 121.4393822 1.25  0.0 0.0
2015-07-10-13 08 45.311	  31.02765764 121.4393822 1.25  0.0 0.0
2015-07-10-13 08 45.439	  31.02765764 121.4393822 1.25  0.0 0.0
2015-07-10-13 08 45.569	  31.02765764 121.4393822 1.25  0.0 0.0
2015-07-10-13 08 45.730	  31.02765764 121.4393822 1.25  0.0 0.0
2015-07-10-13 08 45.832	  31.02768181 121.43936879 1.5  0.0 0.0
2015-07-10-13 08 45.934	  31.02768181 121.43936879 1.5  0.0 0.0
2015-07-10-13 08 46.038	  31.02768181 121.43936879 1.5  0.0 0.0
2015-07-10-13 08 46.193	  31.02768181 121.43936879 1.5  0.0 0.0
2015-07-10-13 08 46.330	  31.02768181 121.43936879 1.5  0.0 0.0
2015-07-10-13 08 46.473	  31.02768181 121.43936879 1.5  0.0 0.0
2015-07-10-13 08 46.637	  31.02768181 121.43936879 1.5  0.0 0.0
2015-07-10-13 08 46.778	  31.02768181 121.43936879 1.5  0.0 0.0
2015-07-10-13 08 46.899	  31.02768181 121.43936879 1.5  0.0 0.0
2015-07-10-13 08 47.035	  31.02768181 121.43936879 1.5  0.0 0.0
2015-07-10-13 08 47.150	  31.02768181 121.43936879 1.5  0.0 0.0
2015-07-10-13 08 47.293	  31.02768181 121.43936879 1.5  0.0 0.0
2015-07-10-13 08 47.422	  31.02768181 121.43936879 1.5  0.0 0.0
2015-07-10-13 08 47.583	  31.02768181 121.43936879 1.5  0.0 0.0
2015-07-10-13 08 47.700	  31.02768181 121.43936879 1.5  0.0 0.0
2015-07-10-13 08 47.837	  31.02770584 121.43935626 1.25  0.0 0.0
2015-07-10-13 08 47.986	  31.02770584 121.43935626 1.25  0.0 0.0
2015-07-10-13 08 48.102	  31.02770584 121.43935626 1.25  0.0 0.0
2015-07-10-13 08 48.241	  31.02770584 121.43935626 1.25  0.0 0.0
2015-07-10-13 08 48.373	  31.02770584 121.43935626 1.25  0.0 0.0
2015-07-10-13 08 48.535	  31.02770584 121.43935626 1.25  0.0 0.0
2015-07-10-13 08 48.652	  31.02770584 121.43935626 1.25  0.0 0.0
2015-07-10-13 08 48.770	  31.02770584 121.43935626 1.25  0.0 0.0
2015-07-10-13 08 48.920	  31.02770584 121.43935626 1.25  0.0 0.0
2015-07-10-13 08 49.041	  31.02770584 121.43935626 1.25  0.0 0.0
2015-07-10-13 08 49.149	  31.02770584 121.43935626 1.25  0.0 0.0
2015-07-10-13 08 49.252	  31.02770584 121.43935626 1.25  0.0 0.0
2015-07-10-13 08 49.356	  31.02770584 121.43935626 1.25  0.0 0.0
2015-07-10-13 08 49.459	  31.02770584 121.43935626 1.25  0.0 0.0
2015-07-10-13 08 49.562	  31.02770584 121.43935626 1.25  0.0 0.0
2015-07-10-13 08 49.667	  31.02770584 121.43935626 1.25  0.0 0.0
2015-07-10-13 08 49.771	  31.02773068 121.43934304 1.25  0.0 0.0
2015-07-10-13 08 49.889	  31.02773068 121.43934304 1.25  0.0 0.0
2015-07-10-13 08 50.008	  31.02773068 121.43934304 1.25  0.0 0.0
