2015-07-10-13 08 58.890	  0.0 0.0 0.0  0.0 0.0
2015-07-10-13 08 58.991	  0.0 0.0 0.0  0.0 0.0
2015-07-10-13 08 59.092	  0.0 0.0 0.0  0.0 0.0
2015-07-10-13 08 59.202	  0.0 0.0 0.0  0.0 0.0
2015-07-10-13 08 59.304	  0.0 0.0 0.0  0.0 0.0
2015-07-10-13 08 59.406	  0.0 0.0 0.0  0.0 0.0
2015-07-10-13 08 59.508	  0.0 0.0 0.0  0.0 0.0
2015-07-10-13 08 59.610	  0.0 0.0 0.0  0.0 0.0
2015-07-10-13 08 59.713	  0.0 0.0 0.0  0.0 0.0
2015-07-10-13 08 59.814	  0.0 0.0 0.0  0.0 0.0
2015-07-10-13 08 59.916	  0.0 0.0 0.0  0.0 0.0
2015-07-10-13 09 00.018	  0.0 0.0 0.0  0.0 0.0
2015-07-10-13 09 00.120	  0.0 0.0 0.0  0.0 0.0
2015-07-10-13 09 00.222	  0.0 0.0 0.0  0.0 0.0
2015-07-10-13 09 00.324	  0.0 0.0 0.0  0.0 0.0
2015-07-10-13 09 00.425	  0.0 0.0 0.0  0.0 0.0
2015-07-10-13 09 00.527	  0.0 0.0 0.0  0.0 0.0
2015-07-10-13 09 00.630	  0.0 0.0 0.0  0.0 0.0
2015-07-10-13 09 00.731	  0.0 0.0 0.0  0.0 0.0
2015-07-10-13 09 00.833	  0.0 0.0 0.0  0.0 0.0
2015-07-10-13 09 00.935	  0.0 0.0 0.0  0.0 0.0
2015-07-10-13 09 01.037	  0.0 0.0 0.0  0.0 0.0
2015-07-10-13 09 01.139	  0.0 0.0 0.0  0.0 0.0
2015-07-10-13 09 01.241	  0.0 0.0 0.0  0.0 0.0
2015-07-10-13 09 01.342	  0.0 0.0 0.0  0.0 0.0
2015-07-10-13 09 01.445	  0.0 0.0 0.0  0.0 0.0
2015-07-10-13 09 01.547	  0.0 0.0 0.0  0.0 0.0
2015-07-10-13 09 01.648	  0.0 0.0 0.0  0.0 0.0
2015-07-10-13 09 01.750	  0.0 0.0 0.0  0.0 0.0
2015-07-10-13 09 01.853	  0.0 0.0 0.0  0.0 0.0
2015-07-10-13 09 01.954	  0.0 0.0 0.0  0.0 0.0
2015-07-10-13 09 02.055	  0.0 0.0 0.0  0.0 0.0
2015-07-10-13 09 02.157	  0.0 0.0 0.0  0.0 0.0
2015-07-10-13 09 02.259	  0.0 0.0 0.0  0.0 0.0
2015-07-10-13 09 02.361	  0.0 0.0 0.0  0.0 0.0
2015-07-10-13 09 02.467	  0.0 0.0 0.0  0.0 0.0
2015-07-10-13 09 02.571	  0.0 0.0 0.0  0.0 0.0
2015-07-10-13 09 02.675	  0.0 0.0 0.0  0.0 0.0
2015-07-10-13 09 02.779	  0.0 0.0 0.0  0.0 0.0
2015-07-10-13 09 02.883	  0.0 0.0 0.0  0.0 0.0
2015-07-10-13 09 02.987	  0.0 0.0 0.0  0.0 0.0
2015-07-10-13 09 03.091	  0.0 0.0 0.0  0.0 0.0
2015-07-10-13 09 03.193	  0.0 0.0 0.0  0.0 0.0
2015-07-10-13 09 03.295	  0.0 0.0 0.0  0.0 0.0
2015-07-10-13 09 03.397	  0.0 0.0 0.0  0.0 0.0
2015-07-10-13 09 03.501	  0.0 0.0 0.0  0.0 0.0
2015-07-10-13 09 03.605	  0.0 0.0 0.0  0.0 0.0
2015-07-10-13 09 03.708	  0.0 0.0 0.0  0.0 0.0
2015-07-10-13 09 03.814	  0.0 0.0 0.0  0.0 0.0
2015-07-10-13 09 03.918	  0.0 0.0 0.0  0.0 0.0
2015-07-10-13 09 04.020	  0.0 0.0 0.0  0.0 0.0
2015-07-10-13 09 04.127	  0.0 0.0 0.0  0.0 0.0
2015-07-10-13 09 04.234	  0.0 0.0 0.0  0.0 0.0
2015-07-10-13 09 04.336	  0.0 0.0 0.0  0.0 0.0
2015-07-10-13 09 04.439	  0.0 0.0 0.0  0.0 0.0
2015-07-10-13 09 04.541	  0.0 0.0 0.0  0.0 0.0
2015-07-10-13 09 04.643	  0.0 0.0 0.0  0.0 0.0
2015-07-10-13 09 04.749	  0.0 0.0 0.0  0.0 0.0
2015-07-10-13 09 04.853	  0.0 0.0 0.0  0.0 0.0
2015-07-10-13 09 04.956	  0.0 0.0 0.0  0.0 0.0
2015-07-10-13 09 05.060	  0.0 0.0 0.0  0.0 0.0
2015-07-10-13 09 05.165	  0.0 0.0 0.0  0.0 0.0
2015-07-10-13 09 05.270	  0.0 0.0 0.0  0.0 0.0
2015-07-10-13 09 05.378	  0.0 0.0 0.0  0.0 0.0
2015-07-10-13 09 05.481	  0.0 0.0 0.0  0.0 0.0
2015-07-10-13 09 05.585	  0.0 0.0 0.0  0.0 0.0
2015-07-10-13 09 05.694	  0.0 0.0 0.0  0.0 0.0
2015-07-10-13 09 05.798	  0.0 0.0 0.0  0.0 0.0
2015-07-10-13 09 05.899	  0.0 0.0 0.0  0.0 0.0
2015-07-10-13 09 06.002	  0.0 0.0 0.0  0.0 0.0
2015-07-10-13 09 06.104	  0.0 0.0 0.0  0.0 0.0
2015-07-10-13 09 06.205	  0.0 0.0 0.0  0.0 0.0
2015-07-10-13 09 06.308	  0.0 0.0 0.0  0.0 0.0
2015-07-10-13 09 06.412	  0.0 0.0 0.0  0.0 0.0
2015-07-10-13 09 06.518	  0.0 0.0 0.0  0.0 0.0
2015-07-10-13 09 06.619	  0.0 0.0 0.0  0.0 0.0
2015-07-10-13 09 06.720	  0.0 0.0 0.0  0.0 0.0
2015-07-10-13 09 06.823	  0.0 0.0 0.0  0.0 0.0
2015-07-10-13 09 06.924	  0.0 0.0 0.0  0.0 0.0
2015-07-10-13 09 07.029	  0.0 0.0 0.0  0.0 0.0
2015-07-10-13 09 07.133	  0.0 0.0 0.0  0.0 0.0
2015-07-10-13 09 07.245	  0.0 0.0 0.0  0.0 0.0
2015-07-10-13 09 07.347	  0.0 0.0 0.0  0.0 0.0
2015-07-10-13 09 07.448	  0.0 0.0 0.0  0.0 0.0
2015-07-10-13 09 07.554	  0.0 0.0 0.0  0.0 0.0
2015-07-10-13 09 07.661	  0.0 0.0 0.0  0.0 0.0
2015-07-10-13 09 07.770	  0.0 0.0 0.0  0.0 0.0
2015-07-10-13 09 07.879	  0.0 0.0 0.0  0.0 0.0
2015-07-10-13 09 07.983	  0.0 0.0 0.0  0.0 0.0
2015-07-10-13 09 08.086	  0.0 0.0 0.0  0.0 0.0
2015-07-10-13 09 08.188	  0.0 0.0 0.0  0.0 0.0
2015-07-10-13 09 08.290	  0.0 0.0 0.0  0.0 0.0
2015-07-10-13 09 08.398	  0.0 0.0 0.0  0.0 0.0
2015-07-10-13 09 08.502	  0.0 0.0 0.0  0.0 0.0
2015-07-10-13 09 08.606	  0.0 0.0 0.0  0.0 0.0
2015-07-10-13 09 08.707	  0.0 0.0 0.0  0.0 0.0
2015-07-10-13 09 08.809	  0.0 0.0 0.0  0.0 0.0
2015-07-10-13 09 08.913	  0.0 0.0 0.0  0.0 0.0
2015-07-10-13 09 09.016	  0.0 0.0 0.0  0.0 0.0
2015-07-10-13 09 09.118	  0.0 0.0 0.0  0.0 0.0
2015-07-10-13 09 09.221	  0.0 0.0 0.0  0.0 0.0
2015-07-10-13 09 09.322	  0.0 0.0 0.0  0.0 0.0
2015-07-10-13 09 09.424	  0.0 0.0 0.0  0.0 0.0
2015-07-10-13 09 09.527	  0.0 0.0 0.0  0.0 0.0
2015-07-10-13 09 09.629	  0.0 0.0 0.0  0.0 0.0
2015-07-10-13 09 09.731	  0.0 0.0 0.0  0.0 0.0
2015-07-10-13 09 09.833	  0.0 0.0 0.0  0.0 0.0
2015-07-10-13 09 09.936	  0.0 0.0 0.0  0.0 0.0
2015-07-10-13 09 10.044	  0.0 0.0 0.0  0.0 0.0
2015-07-10-13 09 10.151	  0.0 0.0 0.0  0.0 0.0
2015-07-10-13 09 10.265	  0.0 0.0 0.0  0.0 0.0
2015-07-10-13 09 10.367	  0.0 0.0 0.0  0.0 0.0
2015-07-10-13 09 10.469	  0.0 0.0 0.0  0.0 0.0
2015-07-10-13 09 10.573	  0.0 0.0 0.0  0.0 0.0
2015-07-10-13 09 10.680	  0.0 0.0 0.0  0.0 0.0
2015-07-10-13 09 10.785	  0.0 0.0 0.0  0.0 0.0
2015-07-10-13 09 10.890	  0.0 0.0 0.0  0.0 0.0
2015-07-10-13 09 10.992	  0.0 0.0 0.0  0.0 0.0
2015-07-10-13 09 11.093	  0.0 0.0 0.0  0.0 0.0
2015-07-10-13 09 11.195	  0.0 0.0 0.0  0.0 0.0
2015-07-10-13 09 11.301	  0.0 0.0 0.0  0.0 0.0
2015-07-10-13 09 11.405	  0.0 0.0 0.0  0.0 0.0
2015-07-10-13 09 11.511	  0.0 0.0 0.0  0.0 0.0
2015-07-10-13 09 11.613	  0.0 0.0 0.0  0.0 0.0
2015-07-10-13 09 11.715	  0.0 0.0 0.0  0.0 0.0
2015-07-10-13 09 11.818	  0.0 0.0 0.0  0.0 0.0
2015-07-10-13 09 11.920	  0.0 0.0 0.0  0.0 0.0
2015-07-10-13 09 12.023	  0.0 0.0 0.0  0.0 0.0
2015-07-10-13 09 12.130	  0.0 0.0 0.0  0.0 0.0
2015-07-10-13 09 12.232	  0.0 0.0 0.0  0.0 0.0
2015-07-10-13 09 12.333	  0.0 0.0 0.0  0.0 0.0
2015-07-10-13 09 12.434	  0.0 0.0 0.0  0.0 0.0
2015-07-10-13 09 12.540	  0.0 0.0 0.0  0.0 0.0
2015-07-10-13 09 12.644	  0.0 0.0 0.0  0.0 0.0
2015-07-10-13 09 12.746	  0.0 0.0 0.0  0.0 0.0
2015-07-10-13 09 12.848	  0.0 0.0 0.0  0.0 0.0
2015-07-10-13 09 12.953	  0.0 0.0 0.0  0.0 0.0
2015-07-10-13 09 13.061	  0.0 0.0 0.0  0.0 0.0
2015-07-10-13 09 13.173	  0.0 0.0 0.0  0.0 0.0
2015-07-10-13 09 13.275	  0.0 0.0 0.0  0.0 0.0
2015-07-10-13 09 13.376	  0.0 0.0 0.0  0.0 0.0
2015-07-10-13 09 13.480	  0.0 0.0 0.0  0.0 0.0
2015-07-10-13 09 13.584	  0.0 0.0 0.0  0.0 0.0
2015-07-10-13 09 13.690	  0.0 0.0 0.0  0.0 0.0
2015-07-10-13 09 13.793	  0.0 0.0 0.0  0.0 0.0
2015-07-10-13 09 13.894	  0.0 0.0 0.0  0.0 0.0
2015-07-10-13 09 14.001	  0.0 0.0 0.0  0.0 0.0
2015-07-10-13 09 14.105	  0.0 0.0 0.0  0.0 0.0
2015-07-10-13 09 14.223	  0.0 0.0 0.0  0.0 0.0
2015-07-10-13 09 14.324	  0.0 0.0 0.0  0.0 0.0
2015-07-10-13 09 14.427	  0.0 0.0 0.0  0.0 0.0
2015-07-10-13 09 14.529	  0.0 0.0 0.0  0.0 0.0
2015-07-10-13 09 14.631	  0.0 0.0 0.0  0.0 0.0
2015-07-10-13 09 14.793	  0.0 0.0 0.0  0.0 0.0
2015-07-10-13 09 14.896	  0.0 0.0 0.0  0.0 0.0
2015-07-10-13 09 14.999	  0.0 0.0 0.0  0.0 0.0
2015-07-10-13 09 15.107	  0.0 0.0 0.0  0.0 0.0
2015-07-10-13 09 15.222	  0.0 0.0 0.0  0.0 0.0
2015-07-10-13 09 15.324	  0.0 0.0 0.0  0.0 0.0
2015-07-10-13 09 15.433	  0.0 0.0 0.0  0.0 0.0
2015-07-10-13 09 15.544	  0.0 0.0 0.0  0.0 0.0
2015-07-10-13 09 15.646	  0.0 0.0 0.0  0.0 0.0
2015-07-10-13 09 15.750	  0.0 0.0 0.0  0.0 0.0
2015-07-10-13 09 15.853	  0.0 0.0 0.0  0.0 0.0
2015-07-10-13 09 15.956	  0.0 0.0 0.0  0.0 0.0
2015-07-10-13 09 16.062	  0.0 0.0 0.0  0.0 0.0
2015-07-10-13 09 16.173	  0.0 0.0 0.0  0.0 0.0
2015-07-10-13 09 16.279	  0.0 0.0 0.0  0.0 0.0
2015-07-10-13 09 16.380	  0.0 0.0 0.0  0.0 0.0
2015-07-10-13 09 16.482	  0.0 0.0 0.0  0.0 0.0
2015-07-10-13 09 16.584	  0.0 0.0 0.0  0.0 0.0
2015-07-10-13 09 16.694	  0.0 0.0 0.0  0.0 0.0
2015-07-10-13 09 16.798	  0.0 0.0 0.0  0.0 0.0
2015-07-10-13 09 16.903	  0.0 0.0 0.0  0.0 0.0
2015-07-10-13 09 17.005	  0.0 0.0 0.0  0.0 0.0
2015-07-10-13 09 17.107	  0.0 0.0 0.0  0.0 0.0
2015-07-10-13 09 17.211	  0.0 0.0 0.0  0.0 0.0
2015-07-10-13 09 17.322	  0.0 0.0 0.0  0.0 0.0
2015-07-10-13 09 17.424	  0.0 0.0 0.0  0.0 0.0
2015-07-10-13 09 17.527	  0.0 0.0 0.0  0.0 0.0
2015-07-10-13 09 17.630	  0.0 0.0 0.0  0.0 0.0
2015-07-10-13 09 17.734	  0.0 0.0 0.0  0.0 0.0
2015-07-10-13 09 17.839	  0.0 0.0 0.0  0.0 0.0
2015-07-10-13 09 17.941	  0.0 0.0 0.0  0.0 0.0
2015-07-10-13 09 18.048	  0.0 0.0 0.0  0.0 0.0
2015-07-10-13 09 18.153	  0.0 0.0 0.0  0.0 0.0
2015-07-10-13 09 18.266	  0.0 0.0 0.0  0.0 0.0
2015-07-10-13 09 18.367	  0.0 0.0 0.0  0.0 0.0
2015-07-10-13 09 18.469	  0.0 0.0 0.0  0.0 0.0
2015-07-10-13 09 18.570	  0.0 0.0 0.0  0.0 0.0
2015-07-10-13 09 18.672	  0.0 0.0 0.0  0.0 0.0
2015-07-10-13 09 18.774	  0.0 0.0 0.0  0.0 0.0
2015-07-10-13 09 18.877	  0.0 0.0 0.0  0.0 0.0
2015-07-10-13 09 18.983	  0.0 0.0 0.0  0.0 0.0
2015-07-10-13 09 19.088	  0.0 0.0 0.0  0.0 0.0
2015-07-10-13 09 19.189	  0.0 0.0 0.0  0.0 0.0
2015-07-10-13 09 19.291	  0.0 0.0 0.0  0.0 0.0
2015-07-10-13 09 19.393	  0.0 0.0 0.0  0.0 0.0
2015-07-10-13 09 19.495	  0.0 0.0 0.0  0.0 0.0
2015-07-10-13 09 19.602	  0.0 0.0 0.0  0.0 0.0
2015-07-10-13 09 19.708	  0.0 0.0 0.0  0.0 0.0
2015-07-10-13 09 19.812	  0.0 0.0 0.0  0.0 0.0
2015-07-10-13 09 19.918	  0.0 0.0 0.0  0.0 0.0
2015-07-10-13 09 20.022	  0.0 0.0 0.0  0.0 0.0
2015-07-10-13 09 20.128	  0.0 0.0 0.0  0.0 0.0
2015-07-10-13 09 20.231	  0.0 0.0 0.0  0.0 0.0
2015-07-10-13 09 20.334	  0.0 0.0 0.0  0.0 0.0
2015-07-10-13 09 20.438	  0.0 0.0 0.0  0.0 0.0
2015-07-10-13 09 20.541	  0.0 0.0 0.0  0.0 0.0
2015-07-10-13 09 20.645	  0.0 0.0 0.0  0.0 0.0
2015-07-10-13 09 20.756	  0.0 0.0 0.0  0.0 0.0
2015-07-10-13 09 20.862	  0.0 0.0 0.0  0.0 0.0
2015-07-10-13 09 20.968	  0.0 0.0 0.0  0.0 0.0
2015-07-10-13 09 21.070	  0.0 0.0 0.0  0.0 0.0
2015-07-10-13 09 21.172	  0.0 0.0 0.0  0.0 0.0
2015-07-10-13 09 21.277	  0.0 0.0 0.0  0.0 0.0
2015-07-10-13 09 21.382	  0.0 0.0 0.0  0.0 0.0
2015-07-10-13 09 21.495	  0.0 0.0 0.0  0.0 0.0
2015-07-10-13 09 21.597	  0.0 0.0 0.0  0.0 0.0
2015-07-10-13 09 21.699	  0.0 0.0 0.0  0.0 0.0
2015-07-10-13 09 21.804	  0.0 0.0 0.0  0.0 0.0
2015-07-10-13 09 21.913	  0.0 0.0 0.0  0.0 0.0
2015-07-10-13 09 22.017	  0.0 0.0 0.0  0.0 0.0
2015-07-10-13 09 22.121	  0.0 0.0 0.0  0.0 0.0
2015-07-10-13 09 22.226	  0.0 0.0 0.0  0.0 0.0
2015-07-10-13 09 22.341	  0.0 0.0 0.0  0.0 0.0
2015-07-10-13 09 22.443	  0.0 0.0 0.0  0.0 0.0
2015-07-10-13 09 22.546	  0.0 0.0 0.0  0.0 0.0
2015-07-10-13 09 22.647	  0.0 0.0 0.0  0.0 0.0
2015-07-10-13 09 22.753	  0.0 0.0 0.0  0.0 0.0
2015-07-10-13 09 22.856	  0.0 0.0 0.0  0.0 0.0
2015-07-10-13 09 22.960	  0.0 0.0 0.0  0.0 0.0
2015-07-10-13 09 23.066	  0.0 0.0 0.0  0.0 0.0
2015-07-10-13 09 23.181	  0.0 0.0 0.0  0.0 0.0
2015-07-10-13 09 23.282	  0.0 0.0 0.0  0.0 0.0
2015-07-10-13 09 23.387	  0.0 0.0 0.0  0.0 0.0
2015-07-10-13 09 23.492	  0.0 0.0 0.0  0.0 0.0
2015-07-10-13 09 23.606	  0.0 0.0 0.0  0.0 0.0
2015-07-10-13 09 23.709	  0.0 0.0 0.0  0.0 0.0
2015-07-10-13 09 23.811	  0.0 0.0 0.0  0.0 0.0
2015-07-10-13 09 23.914	  0.0 0.0 0.0  0.0 0.0
2015-07-10-13 09 24.018	  0.0 0.0 0.0  0.0 0.0
2015-07-10-13 09 24.119	  0.0 0.0 0.0  0.0 0.0
2015-07-10-13 09 24.222	  0.0 0.0 0.0  0.0 0.0
2015-07-10-13 09 24.325	  0.0 0.0 0.0  0.0 0.0
2015-07-10-13 09 24.481	  0.0 0.0 0.0  0.0 0.0
2015-07-10-13 09 24.583	  0.0 0.0 0.0  0.0 0.0
2015-07-10-13 09 24.688	  0.0 0.0 0.0  0.0 0.0
2015-07-10-13 09 24.791	  0.0 0.0 0.0  0.0 0.0
2015-07-10-13 09 24.894	  0.0 0.0 0.0  0.0 0.0
2015-07-10-13 09 25.000	  0.0 0.0 0.0  0.0 0.0
2015-07-10-13 09 25.113	  0.0 0.0 0.0  0.0 0.0
2015-07-10-13 09 25.215	  0.0 0.0 0.0  0.0 0.0
2015-07-10-13 09 25.317	  0.0 0.0 0.0  0.0 0.0
2015-07-10-13 09 25.422	  0.0 0.0 0.0  0.0 0.0
2015-07-10-13 09 25.540	  0.0 0.0 0.0  0.0 0.0
2015-07-10-13 09 25.642	  0.0 0.0 0.0  0.0 0.0
2015-07-10-13 09 25.743	  0.0 0.0 0.0  0.0 0.0
2015-07-10-13 09 25.845	  0.0 0.0 0.0  0.0 0.0
2015-07-10-13 09 25.956	  0.0 0.0 0.0  0.0 0.0
2015-07-10-13 09 26.061	  0.0 0.0 0.0  0.0 0.0
2015-07-10-13 09 26.164	  0.0 0.0 0.0  0.0 0.0
2015-07-10-13 09 26.272	  0.0 0.0 0.0  0.0 0.0
2015-07-10-13 09 26.377	  0.0 0.0 0.0  0.0 0.0
2015-07-10-13 09 26.481	  0.0 0.0 0.0  0.0 0.0
2015-07-10-13 09 26.585	  0.0 0.0 0.0  0.0 0.0
2015-07-10-13 09 26.692	  0.0 0.0 0.0  0.0 0.0
2015-07-10-13 09 26.793	  0.0 0.0 0.0  0.0 0.0
2015-07-10-13 09 26.895	  0.0 0.0 0.0  0.0 0.0
2015-07-10-13 09 26.996	  0.0 0.0 0.0  0.0 0.0
2015-07-10-13 09 27.100	  0.0 0.0 0.0  0.0 0.0
2015-07-10-13 09 27.204	  0.0 0.0 0.0  0.0 0.0
2015-07-10-13 09 27.311	  0.0 0.0 0.0  0.0 0.0
2015-07-10-13 09 27.416	  0.0 0.0 0.0  0.0 0.0
2015-07-10-13 09 27.521	  0.0 0.0 0.0  0.0 0.0
2015-07-10-13 09 27.623	  0.0 0.0 0.0  0.0 0.0
2015-07-10-13 09 27.724	  0.0 0.0 0.0  0.0 0.0
2015-07-10-13 09 27.826	  0.0 0.0 0.0  0.0 0.0
2015-07-10-13 09 27.927	  0.0 0.0 0.0  0.0 0.0
2015-07-10-13 09 28.033	  0.0 0.0 0.0  0.0 0.0
2015-07-10-13 09 28.139	  0.0 0.0 0.0  0.0 0.0
2015-07-10-13 09 28.247	  0.0 0.0 0.0  0.0 0.0
2015-07-10-13 09 28.350	  0.0 0.0 0.0  0.0 0.0
2015-07-10-13 09 28.452	  0.0 0.0 0.0  0.0 0.0
2015-07-10-13 09 28.556	  0.0 0.0 0.0  0.0 0.0
2015-07-10-13 09 28.660	  0.0 0.0 0.0  0.0 0.0
2015-07-10-13 09 28.764	  0.0 0.0 0.0  0.0 0.0
2015-07-10-13 09 28.879	  0.0 0.0 0.0  0.0 0.0
2015-07-10-13 09 28.983	  0.0 0.0 0.0  0.0 0.0
2015-07-10-13 09 29.085	  0.0 0.0 0.0  0.0 0.0
2015-07-10-13 09 29.188	  0.0 0.0 0.0  0.0 0.0
2015-07-10-13 09 29.290	  0.0 0.0 0.0  0.0 0.0
2015-07-10-13 09 29.392	  0.0 0.0 0.0  0.0 0.0
2015-07-10-13 09 29.497	  0.0 0.0 0.0  0.0 0.0
2015-07-10-13 09 29.600	  0.0 0.0 0.0  0.0 0.0
2015-07-10-13 09 29.702	  0.0 0.0 0.0  0.0 0.0
2015-07-10-13 09 29.814	  0.0 0.0 0.0  0.0 0.0
2015-07-10-13 09 29.916	  0.0 0.0 0.0  0.0 0.0
2015-07-10-13 09 30.018	  0.0 0.0 0.0  0.0 0.0
2015-07-10-13 09 30.120	  0.0 0.0 0.0  0.0 0.0
2015-07-10-13 09 30.223	  0.0 0.0 0.0  0.0 0.0
2015-07-10-13 09 30.327	  0.0 0.0 0.0  0.0 0.0
2015-07-10-13 09 30.434	  0.0 0.0 0.0  0.0 0.0
2015-07-10-13 09 30.536	  0.0 0.0 0.0  0.0 0.0
2015-07-10-13 09 30.637	  0.0 0.0 0.0  0.0 0.0
2015-07-10-13 09 30.738	  0.0 0.0 0.0  0.0 0.0
2015-07-10-13 09 30.840	  0.0 0.0 0.0  0.0 0.0
2015-07-10-13 09 30.943	  0.0 0.0 0.0  0.0 0.0
2015-07-10-13 09 31.055	  0.0 0.0 0.0  0.0 0.0
2015-07-10-13 09 31.157	  0.0 0.0 0.0  0.0 0.0
2015-07-10-13 09 31.258	  0.0 0.0 0.0  0.0 0.0
2015-07-10-13 09 31.360	  0.0 0.0 0.0  0.0 0.0
2015-07-10-13 09 31.462	  0.0 0.0 0.0  0.0 0.0
2015-07-10-13 09 31.566	  0.0 0.0 0.0  0.0 0.0
2015-07-10-13 09 31.670	  0.0 0.0 0.0  0.0 0.0
2015-07-10-13 09 31.771	  0.0 0.0 0.0  0.0 0.0
2015-07-10-13 09 31.873	  0.0 0.0 0.0  0.0 0.0
2015-07-10-13 09 31.974	  0.0 0.0 0.0  0.0 0.0
2015-07-10-13 09 32.079	  0.0 0.0 0.0  0.0 0.0
2015-07-10-13 09 32.185	  0.0 0.0 0.0  0.0 0.0
2015-07-10-13 09 32.292	  0.0 0.0 0.0  0.0 0.0
2015-07-10-13 09 32.394	  0.0 0.0 0.0  0.0 0.0
2015-07-10-13 09 32.496	  0.0 0.0 0.0  0.0 0.0
2015-07-10-13 09 32.609	  0.0 0.0 0.0  0.0 0.0
2015-07-10-13 09 32.716	  0.0 0.0 0.0  0.0 0.0
2015-07-10-13 09 32.818	  0.0 0.0 0.0  0.0 0.0
2015-07-10-13 09 32.923	  0.0 0.0 0.0  0.0 0.0
2015-07-10-13 09 33.031	  0.0 0.0 0.0  0.0 0.0
2015-07-10-13 09 33.138	  0.0 0.0 0.0  0.0 0.0
2015-07-10-13 09 33.254	  0.0 0.0 0.0  0.0 0.0
2015-07-10-13 09 33.358	  0.0 0.0 0.0  0.0 0.0
2015-07-10-13 09 33.461	  0.0 0.0 0.0  0.0 0.0
2015-07-10-13 09 33.564	  0.0 0.0 0.0  0.0 0.0
2015-07-10-13 09 33.665	  0.0 0.0 0.0  0.0 0.0
2015-07-10-13 09 33.766	  0.0 0.0 0.0  0.0 0.0
2015-07-10-13 09 33.871	  0.0 0.0 0.0  0.0 0.0
2015-07-10-13 09 33.974	  0.0 0.0 0.0  0.0 0.0
2015-07-10-13 09 34.081	  0.0 0.0 0.0  0.0 0.0
2015-07-10-13 09 34.191	  0.0 0.0 0.0  0.0 0.0
2015-07-10-13 09 34.292	  0.0 0.0 0.0  0.0 0.0
2015-07-10-13 09 34.396	  0.0 0.0 0.0  0.0 0.0
2015-07-10-13 09 34.505	  0.0 0.0 0.0  0.0 0.0
2015-07-10-13 09 34.607	  0.0 0.0 0.0  0.0 0.0
2015-07-10-13 09 34.708	  0.0 0.0 0.0  0.0 0.0
2015-07-10-13 09 34.810	  0.0 0.0 0.0  0.0 0.0
2015-07-10-13 09 34.911	  0.0 0.0 0.0  0.0 0.0
2015-07-10-13 09 35.016	  0.0 0.0 0.0  0.0 0.0
2015-07-10-13 09 35.119	  0.0 0.0 0.0  0.0 0.0
2015-07-10-13 09 35.232	  0.0 0.0 0.0  0.0 0.0
2015-07-10-13 09 35.334	  0.0 0.0 0.0  0.0 0.0
2015-07-10-13 09 35.435	  0.0 0.0 0.0  0.0 0.0
2015-07-10-13 09 35.541	  0.0 0.0 0.0  0.0 0.0
2015-07-10-13 09 35.647	  0.0 0.0 0.0  0.0 0.0
2015-07-10-13 09 35.756	  31.0273971 121.4394714 1.75  0.0 0.0
2015-07-10-13 09 35.860	  31.0273971 121.4394714 1.75  0.0 0.0
2015-07-10-13 09 35.961	  31.0273971 121.4394714 1.75  0.0 0.0
2015-07-10-13 09 36.066	  31.0273971 121.4394714 1.75  0.0 0.0
2015-07-10-13 09 36.180	  31.0273971 121.4394714 1.75  0.0 0.0
2015-07-10-13 09 36.282	  31.0273971 121.4394714 1.75  0.0 0.0
2015-07-10-13 09 36.384	  31.0273971 121.4394714 1.75  0.0 0.0
2015-07-10-13 09 36.497	  31.0273971 121.4394714 1.75  0.0 0.0
2015-07-10-13 09 36.599	  31.0273971 121.4394714 1.75  0.0 0.0
2015-07-10-13 09 36.710	  31.02738241 121.43949486 1.75  0.0 0.0
2015-07-10-13 09 36.865	  31.02738241 121.43949486 1.75  0.0 0.0
2015-07-10-13 09 36.968	  31.02738241 121.43949486 1.75  0.0 0.0
2015-07-10-13 09 37.070	  31.02738241 121.43949486 1.75  0.0 0.0
2015-07-10-13 09 37.211	  31.02738241 121.43949486 1.75  0.0 0.0
2015-07-10-13 09 37.316	  31.02738241 121.43949486 1.75  0.0 0.0
2015-07-10-13 09 37.430	  31.02738241 121.43949486 1.75  0.0 0.0
2015-07-10-13 09 37.532	  31.02738241 121.43949486 1.75  0.0 0.0
2015-07-10-13 09 37.634	  31.02738241 121.43949486 1.75  0.0 0.0
2015-07-10-13 09 37.778	  31.02736634 121.43951277 1.5  0.0 0.0
2015-07-10-13 09 37.881	  31.02736634 121.43951277 1.5  0.0 0.0
2015-07-10-13 09 37.983	  31.02736634 121.43951277 1.5  0.0 0.0
2015-07-10-13 09 38.099	  31.02736634 121.43951277 1.5  0.0 0.0
2015-07-10-13 09 38.202	  31.02736634 121.43951277 1.5  0.0 0.0
2015-07-10-13 09 38.310	  31.02736634 121.43951277 1.5  0.0 0.0
2015-07-10-13 09 38.412	  31.02736634 121.43951277 1.5  0.0 0.0
2015-07-10-13 09 38.514	  31.02736634 121.43951277 1.5  0.0 0.0
2015-07-10-13 09 38.684	  31.02734319 121.43953015 1.5  0.0 0.0
2015-07-10-13 09 38.788	  31.02734319 121.43953015 1.5  0.0 0.0
2015-07-10-13 09 38.890	  31.02734319 121.43953015 1.5  0.0 0.0
2015-07-10-13 09 38.996	  31.02734319 121.43953015 1.5  0.0 0.0
2015-07-10-13 09 39.101	  31.02734319 121.43953015 1.5  0.0 0.0
2015-07-10-13 09 39.212	  31.02734319 121.43953015 1.5  0.0 0.0
2015-07-10-13 09 39.314	  31.02734319 121.43953015 1.5  0.0 0.0
2015-07-10-13 09 39.417	  31.02734319 121.43953015 1.5  0.0 0.0
2015-07-10-13 09 39.566	  31.02734319 121.43953015 1.5  0.0 0.0
2015-07-10-13 09 39.667	  31.02731987 121.43953614 1.5  0.0 0.0
2015-07-10-13 09 39.790	  31.02731987 121.43953614 1.5  0.0 0.0
2015-07-10-13 09 39.892	  31.02731987 121.43953614 1.5  0.0 0.0
2015-07-10-13 09 40.007	  31.02731987 121.43953614 1.5  0.0 0.0
2015-07-10-13 09 40.109	  31.02731987 121.43953614 1.5  0.0 0.0
2015-07-10-13 09 40.288	  31.02731987 121.43953614 1.5  0.0 0.0
2015-07-10-13 09 40.394	  31.02731987 121.43953614 1.5  0.0 0.0
2015-07-10-13 09 40.553	  31.02731987 121.43953614 1.5  0.0 0.0
2015-07-10-13 09 40.655	  31.02731987 121.43953614 1.5  0.0 0.0
2015-07-10-13 09 40.824	  31.02729635 121.43954266 1.5  0.0 0.0
2015-07-10-13 09 40.926	  31.02729635 121.43954266 1.5  0.0 0.0
2015-07-10-13 09 41.042	  31.02729635 121.43954266 1.5  0.0 0.0
2015-07-10-13 09 41.144	  31.02729635 121.43954266 1.5  0.0 0.0
2015-07-10-13 09 41.286	  31.02729635 121.43954266 1.5  0.0 0.0
2015-07-10-13 09 41.389	  31.02729635 121.43954266 1.5  0.0 0.0
2015-07-10-13 09 41.532	  31.02729635 121.43954266 1.5  0.0 0.0
2015-07-10-13 09 41.634	  31.02729635 121.43954266 1.5  0.0 0.0
2015-07-10-13 09 41.767	  31.02727253 121.43954669 1.5  0.0 0.0
2015-07-10-13 09 41.869	  31.02727253 121.43954669 1.5  0.0 0.0
2015-07-10-13 09 42.006	  31.02727253 121.43954669 1.5  0.0 0.0
2015-07-10-13 09 42.109	  31.02727253 121.43954669 1.5  0.0 0.0
2015-07-10-13 09 42.247	  31.02727253 121.43954669 1.5  0.0 0.0
2015-07-10-13 09 42.352	  31.02727253 121.43954669 1.5  0.0 0.0
2015-07-10-13 09 42.506	  31.02727253 121.43954669 1.5  0.0 0.0
2015-07-10-13 09 42.621	  31.02727253 121.43954669 1.5  0.0 0.0
2015-07-10-13 09 42.749	  31.02725123 121.43955142 1.5  0.0 0.0
2015-07-10-13 09 42.851	  31.02725123 121.43955142 1.5  0.0 0.0
2015-07-10-13 09 42.981	  31.02725123 121.43955142 1.5  0.0 0.0
2015-07-10-13 09 43.086	  31.02725123 121.43955142 1.5  0.0 0.0
2015-07-10-13 09 43.233	  31.02725123 121.43955142 1.5  0.0 0.0
2015-07-10-13 09 43.341	  31.02725123 121.43955142 1.5  0.0 0.0
2015-07-10-13 09 43.511	  31.02725123 121.43955142 1.5  0.0 0.0
2015-07-10-13 09 43.615	  31.02725123 121.43955142 1.5  0.0 0.0
2015-07-10-13 09 43.747	  31.0272316 121.4395582 1.5  0.0 0.0
2015-07-10-13 09 43.849	  31.0272316 121.4395582 1.5  0.0 0.0
2015-07-10-13 09 43.973	  31.0272316 121.4395582 1.5  0.0 0.0
2015-07-10-13 09 44.075	  31.0272316 121.4395582 1.5  0.0 0.0
2015-07-10-13 09 44.227	  31.0272316 121.4395582 1.5  0.0 0.0
2015-07-10-13 09 44.329	  31.0272316 121.4395582 1.5  0.0 0.0
2015-07-10-13 09 44.467	  31.0272316 121.4395582 1.5  0.0 0.0
2015-07-10-13 09 44.569	  31.0272316 121.4395582 1.5  0.0 0.0
2015-07-10-13 09 44.706	  31.02721275 121.43956286 1.5  0.0 0.0
2015-07-10-13 09 44.820	  31.02721275 121.43956286 1.5  0.0 0.0
2015-07-10-13 09 44.921	  31.02721275 121.43956286 1.5  0.0 0.0
2015-07-10-13 09 45.037	  31.02721275 121.43956286 1.5  0.0 0.0
2015-07-10-13 09 45.141	  31.02721275 121.43956286 1.5  0.0 0.0
2015-07-10-13 09 45.313	  31.02721275 121.43956286 1.5  0.0 0.0
2015-07-10-13 09 45.415	  31.02721275 121.43956286 1.5  0.0 0.0
2015-07-10-13 09 45.556	  31.02721275 121.43956286 1.5  0.0 0.0
2015-07-10-13 09 45.662	  31.02721275 121.43956286 1.5  0.0 0.0
2015-07-10-13 09 45.836	  31.02719506 121.43957135 1.5  0.0 0.0
2015-07-10-13 09 45.937	  31.02719506 121.43957135 1.5  0.0 0.0
2015-07-10-13 09 46.079	  31.02719506 121.43957135 1.5  0.0 0.0
2015-07-10-13 09 46.186	  31.02719506 121.43957135 1.5  0.0 0.0
2015-07-10-13 09 46.350	  31.02719506 121.43957135 1.5  0.0 0.0
2015-07-10-13 09 46.451	  31.02719506 121.43957135 1.5  0.0 0.0
2015-07-10-13 09 46.609	  31.02719506 121.43957135 1.5  0.0 0.0
2015-07-10-13 09 46.713	  31.0271788 121.43958134 1.5  0.0 0.0
2015-07-10-13 09 46.847	  31.0271788 121.43958134 1.5  0.0 0.0
2015-07-10-13 09 46.949	  31.0271788 121.43958134 1.5  0.0 0.0
2015-07-10-13 09 47.085	  31.0271788 121.43958134 1.5  0.0 0.0
2015-07-10-13 09 47.191	  31.0271788 121.43958134 1.5  0.0 0.0
2015-07-10-13 09 47.337	  31.0271788 121.43958134 1.5  0.0 0.0
2015-07-10-13 09 47.438	  31.0271788 121.43958134 1.5  0.0 0.0
2015-07-10-13 09 47.580	  31.0271788 121.43958134 1.5  0.0 0.0
2015-07-10-13 09 47.681	  31.02716223 121.43959174 1.5  0.0 0.0
2015-07-10-13 09 47.837	  31.02716223 121.43959174 1.5  0.0 0.0
2015-07-10-13 09 47.939	  31.02716223 121.43959174 1.5  0.0 0.0
2015-07-10-13 09 48.065	  31.02716223 121.43959174 1.5  0.0 0.0
2015-07-10-13 09 48.168	  31.02716223 121.43959174 1.5  0.0 0.0
2015-07-10-13 09 48.292	  31.02716223 121.43959174 1.5  0.0 0.0
2015-07-10-13 09 48.399	  31.02716223 121.43959174 1.5  0.0 0.0
2015-07-10-13 09 48.557	  31.02716223 121.43959174 1.5  0.0 0.0
2015-07-10-13 09 48.659	  31.02714552 121.43960056 1.5  0.0 0.0
2015-07-10-13 09 48.839	  31.02714552 121.43960056 1.5  0.0 0.0
2015-07-10-13 09 48.941	  31.02714552 121.43960056 1.5  0.0 0.0
2015-07-10-13 09 49.084	  31.02714552 121.43960056 1.5  0.0 0.0
2015-07-10-13 09 49.186	  31.02714552 121.43960056 1.5  0.0 0.0
2015-07-10-13 09 49.357	  31.02714552 121.43960056 1.5  0.0 0.0
2015-07-10-13 09 49.459	  31.02714552 121.43960056 1.5  0.0 0.0
2015-07-10-13 09 49.600	  31.02714552 121.43960056 1.5  0.0 0.0
2015-07-10-13 09 49.705	  31.02712835 121.43960771 1.5  0.0 0.0
2015-07-10-13 09 49.850	  31.02712835 121.43960771 1.5  0.0 0.0
2015-07-10-13 09 49.951	  31.02712835 121.43960771 1.5  0.0 0.0
2015-07-10-13 09 50.089	  31.02712835 121.43960771 1.5  0.0 0.0
2015-07-10-13 09 50.194	  31.02712835 121.43960771 1.5  0.0 0.0
2015-07-10-13 09 50.343	  31.02712835 121.43960771 1.5  0.0 0.0
2015-07-10-13 09 50.445	  31.02712835 121.43960771 1.5  0.0 0.0
2015-07-10-13 09 50.551	  31.02712835 121.43960771 1.5  0.0 0.0
2015-07-10-13 09 50.654	  31.02712835 121.43960771 1.5  0.0 0.0
2015-07-10-13 09 50.757	  31.02711161 121.43961599 1.5  0.0 0.0
2015-07-10-13 09 50.860	  31.02711161 121.43961599 1.5  0.0 0.0
2015-07-10-13 09 50.962	  31.02711161 121.43961599 1.5  0.0 0.0
2015-07-10-13 09 51.065	  31.02711161 121.43961599 1.5  0.0 0.0
2015-07-10-13 09 51.168	  31.02711161 121.43961599 1.5  0.0 0.0
2015-07-10-13 09 51.273	  31.02711161 121.43961599 1.5  0.0 0.0
2015-07-10-13 09 51.389	  31.02711161 121.43961599 1.5  0.0 0.0
2015-07-10-13 09 51.490	  31.02711161 121.43961599 1.5  0.0 0.0
2015-07-10-13 09 51.599	  31.02711161 121.43961599 1.5  0.0 0.0
2015-07-10-13 09 51.706	  31.02711161 121.43961599 1.5  0.0 0.0
2015-07-10-13 09 51.846	  31.02711161 121.43961599 1.5  0.0 0.0
2015-07-10-13 09 51.949	  31.02711161 121.43961599 1.5  0.0 0.0
2015-07-10-13 09 52.061	  31.02711161 121.43961599 1.5  0.0 0.0
2015-07-10-13 09 52.165	  31.02711161 121.43961599 1.5  0.0 0.0
2015-07-10-13 09 52.275	  31.02711161 121.43961599 1.5  0.0 0.0
2015-07-10-13 09 52.381	  31.02711161 121.43961599 1.5  0.0 0.0
2015-07-10-13 09 52.484	  31.02711161 121.43961599 1.5  0.0 0.0
2015-07-10-13 09 52.586	  31.02711161 121.43961599 1.5  0.0 0.0
2015-07-10-13 09 52.687	  31.02711161 121.43961599 1.5  0.0 0.0
2015-07-10-13 09 52.790	  31.02708025 121.43963105 1.5  0.0 0.0
2015-07-10-13 09 52.897	  31.02708025 121.43963105 1.5  0.0 0.0
2015-07-10-13 09 52.999	  31.02708025 121.43963105 1.5  0.0 0.0
2015-07-10-13 09 53.100	  31.02708025 121.43963105 1.5  0.0 0.0
2015-07-10-13 09 53.205	  31.02708025 121.43963105 1.5  0.0 0.0
2015-07-10-13 09 53.322	  31.02708025 121.43963105 1.5  0.0 0.0
2015-07-10-13 09 53.425	  31.02708025 121.43963105 1.5  0.0 0.0
2015-07-10-13 09 53.529	  31.02708025 121.43963105 1.5  0.0 0.0
2015-07-10-13 09 53.632	  31.02708025 121.43963105 1.5  0.0 0.0
2015-07-10-13 09 53.738	  31.02708025 121.43963105 1.5  0.0 0.0
2015-07-10-13 09 53.839	  31.02708025 121.43963105 1.5  0.0 0.0
2015-07-10-13 09 53.947	  31.02708025 121.43963105 1.5  0.0 0.0
2015-07-10-13 09 54.050	  31.02708025 121.43963105 1.5  0.0 0.0
2015-07-10-13 09 54.154	  31.02708025 121.43963105 1.5  0.0 0.0
2015-07-10-13 09 54.257	  31.02708025 121.43963105 1.5  0.0 0.0
2015-07-10-13 09 54.361	  31.02708025 121.43963105 1.5  0.0 0.0
2015-07-10-13 09 54.463	  31.02708025 121.43963105 1.5  0.0 0.0
2015-07-10-13 09 54.575	  31.02708025 121.43963105 1.5  0.0 0.0
2015-07-10-13 09 54.678	  31.02708025 121.43963105 1.5  0.0 0.0
2015-07-10-13 09 54.781	  31.02704896 121.43964551 1.75  0.0 0.0
2015-07-10-13 09 54.883	  31.02704896 121.43964551 1.75  0.0 0.0
2015-07-10-13 09 54.985	  31.02704896 121.43964551 1.75  0.0 0.0
2015-07-10-13 09 55.093	  31.02704896 121.43964551 1.75  0.0 0.0
2015-07-10-13 09 55.195	  31.02704896 121.43964551 1.75  0.0 0.0
2015-07-10-13 09 55.311	  31.02704896 121.43964551 1.75  0.0 0.0
2015-07-10-13 09 55.414	  31.02704896 121.43964551 1.75  0.0 0.0
2015-07-10-13 09 55.517	  31.02704896 121.43964551 1.75  0.0 0.0
2015-07-10-13 09 55.622	  31.02704896 121.43964551 1.75  0.0 0.0
2015-07-10-13 09 55.731	  31.02704896 121.43964551 1.75  0.0 0.0
2015-07-10-13 09 55.833	  31.02704896 121.43964551 1.75  0.0 0.0
2015-07-10-13 09 55.936	  31.02704896 121.43964551 1.75  0.0 0.0
2015-07-10-13 09 56.039	  31.02704896 121.43964551 1.75  0.0 0.0
2015-07-10-13 09 56.152	  31.02704896 121.43964551 1.75  0.0 0.0
2015-07-10-13 09 56.255	  31.02704896 121.43964551 1.75  0.0 0.0
2015-07-10-13 09 56.367	  31.02704896 121.43964551 1.75  0.0 0.0
2015-07-10-13 09 56.469	  31.02704896 121.43964551 1.75  0.0 0.0
2015-07-10-13 09 56.579	  31.02704896 121.43964551 1.75  0.0 0.0
2015-07-10-13 09 56.683	  31.02701646 121.43966461 1.75  0.0 0.0
2015-07-10-13 09 56.816	  31.02701646 121.43966461 1.75  0.0 0.0
2015-07-10-13 09 56.917	  31.02701646 121.43966461 1.75  0.0 0.0
2015-07-10-13 09 57.022	  31.02701646 121.43966461 1.75  0.0 0.0
2015-07-10-13 09 57.124	  31.02701646 121.43966461 1.75  0.0 0.0
2015-07-10-13 09 57.230	  31.02701646 121.43966461 1.75  0.0 0.0
2015-07-10-13 09 57.333	  31.02701646 121.43966461 1.75  0.0 0.0
2015-07-10-13 09 57.439	  31.02701646 121.43966461 1.75  0.0 0.0
2015-07-10-13 09 57.541	  31.02701646 121.43966461 1.75  0.0 0.0
2015-07-10-13 09 57.649	  31.02701646 121.43966461 1.75  0.0 0.0
2015-07-10-13 09 57.755	  31.02699767 121.43966817 1.75  0.0 0.0
2015-07-10-13 09 57.860	  31.02699767 121.43966817 1.75  0.0 0.0
2015-07-10-13 09 57.962	  31.02699767 121.43966817 1.75  0.0 0.0
2015-07-10-13 09 58.070	  31.02699767 121.43966817 1.75  0.0 0.0
2015-07-10-13 09 58.178	  31.02699767 121.43966817 1.75  0.0 0.0
2015-07-10-13 09 58.294	  31.02699767 121.43966817 1.75  0.0 0.0
2015-07-10-13 09 58.396	  31.02699767 121.43966817 1.75  0.0 0.0
2015-07-10-13 09 58.503	  31.02699767 121.43966817 1.75  0.0 0.0
2015-07-10-13 09 58.611	  31.02699767 121.43966817 1.75  0.0 0.0
2015-07-10-13 09 58.720	  31.02699767 121.43966817 1.75  0.0 0.0
2015-07-10-13 09 58.822	  31.02699767 121.43966817 1.75  0.0 0.0
2015-07-10-13 09 58.928	  31.02699767 121.43966817 1.75  0.0 0.0
2015-07-10-13 09 59.030	  31.02699767 121.43966817 1.75  0.0 0.0
2015-07-10-13 09 59.135	  31.02699767 121.43966817 1.75  0.0 0.0
2015-07-10-13 09 59.239	  31.02699767 121.43966817 1.75  0.0 0.0
2015-07-10-13 09 59.349	  31.02699767 121.43966817 1.75  0.0 0.0
2015-07-10-13 09 59.455	  31.02699767 121.43966817 1.75  0.0 0.0
2015-07-10-13 09 59.567	  31.02699767 121.43966817 1.75  0.0 0.0
2015-07-10-13 09 59.668	  31.02699767 121.43966817 1.75  0.0 0.0
2015-07-10-13 09 59.771	  31.02696368 121.4396749 1.75  0.0 0.0
2015-07-10-13 09 59.874	  31.02696368 121.4396749 1.75  0.0 0.0
2015-07-10-13 09 59.981	  31.02696368 121.4396749 1.75  0.0 0.0
2015-07-10-13 10 00.092	  31.02696368 121.4396749 1.75  0.0 0.0
2015-07-10-13 10 00.193	  31.02696368 121.4396749 1.75  0.0 0.0
2015-07-10-13 10 00.297	  31.02696368 121.4396749 1.75  0.0 0.0
2015-07-10-13 10 00.403	  31.02696368 121.4396749 1.75  0.0 0.0
2015-07-10-13 10 00.514	  31.02696368 121.4396749 1.75  0.0 0.0
2015-07-10-13 10 00.617	  31.02696368 121.4396749 1.75  0.0 0.0
2015-07-10-13 10 00.723	  31.02696368 121.4396749 1.75  0.0 0.0
2015-07-10-13 10 00.828	  31.02696368 121.4396749 1.75  0.0 0.0
2015-07-10-13 10 00.939	  31.02696368 121.4396749 1.75  0.0 0.0
2015-07-10-13 10 01.042	  31.02696368 121.4396749 1.75  0.0 0.0
2015-07-10-13 10 01.150	  31.02696368 121.4396749 1.75  0.0 0.0
2015-07-10-13 10 01.254	  31.02696368 121.4396749 1.75  0.0 0.0
2015-07-10-13 10 01.365	  31.02696368 121.4396749 1.75  0.0 0.0
2015-07-10-13 10 01.473	  31.02696368 121.4396749 1.75  0.0 0.0
2015-07-10-13 10 01.586	  31.02696368 121.4396749 1.75  0.0 0.0
2015-07-10-13 10 01.687	  31.02696368 121.4396749 1.75  0.0 0.0
2015-07-10-13 10 01.794	  31.02693529 121.43968742 1.5  0.0 0.0
2015-07-10-13 10 01.896	  31.02693529 121.43968742 1.5  0.0 0.0
2015-07-10-13 10 02.003	  31.02693529 121.43968742 1.5  0.0 0.0
2015-07-10-13 10 02.106	  31.02693529 121.43968742 1.5  0.0 0.0
2015-07-10-13 10 02.216	  31.02693529 121.43968742 1.5  0.0 0.0
2015-07-10-13 10 02.323	  31.02693529 121.43968742 1.5  0.0 0.0
2015-07-10-13 10 02.442	  31.02693529 121.43968742 1.5  0.0 0.0
2015-07-10-13 10 02.547	  31.02693529 121.43968742 1.5  0.0 0.0
2015-07-10-13 10 02.658	  31.02693529 121.43968742 1.5  0.0 0.0
2015-07-10-13 10 02.762	  31.02693529 121.43968742 1.5  0.0 0.0
2015-07-10-13 10 02.868	  31.02693529 121.43968742 1.5  0.0 0.0
2015-07-10-13 10 02.969	  31.02693529 121.43968742 1.5  0.0 0.0
2015-07-10-13 10 03.114	  31.02693529 121.43968742 1.5  0.0 0.0
2015-07-10-13 10 03.215	  31.02693529 121.43968742 1.5  0.0 0.0
2015-07-10-13 10 03.350	  31.02693529 121.43968742 1.5  0.0 0.0
2015-07-10-13 10 03.452	  31.02693529 121.43968742 1.5  0.0 0.0
2015-07-10-13 10 03.560	  31.02693529 121.43968742 1.5  0.0 0.0
2015-07-10-13 10 03.664	  31.02693529 121.43968742 1.5  0.0 0.0
2015-07-10-13 10 03.807	  31.02690555 121.43969734 1.5  0.0 0.0
2015-07-10-13 10 03.909	  31.02690555 121.43969734 1.5  0.0 0.0
2015-07-10-13 10 04.062	  31.02690555 121.43969734 1.5  0.0 0.0
2015-07-10-13 10 04.172	  31.02690555 121.43969734 1.5  0.0 0.0
2015-07-10-13 10 04.278	  31.02690555 121.43969734 1.5  0.0 0.0
2015-07-10-13 10 04.433	  31.02690555 121.43969734 1.5  0.0 0.0
2015-07-10-13 10 04.535	  31.02690555 121.43969734 1.5  0.0 0.0
2015-07-10-13 10 04.655	  31.02690555 121.43969734 1.5  0.0 0.0
2015-07-10-13 10 04.762	  31.02690555 121.43969734 1.5  0.0 0.0
2015-07-10-13 10 04.864	  31.02690555 121.43969734 1.5  0.0 0.0
2015-07-10-13 10 05.004	  31.02690555 121.43969734 1.5  0.0 0.0
2015-07-10-13 10 05.112	  31.02690555 121.43969734 1.5  0.0 0.0
2015-07-10-13 10 05.219	  31.02690555 121.43969734 1.5  0.0 0.0
2015-07-10-13 10 05.332	  31.02690555 121.43969734 1.5  0.0 0.0
2015-07-10-13 10 05.442	  31.02690555 121.43969734 1.5  0.0 0.0
2015-07-10-13 10 05.546	  31.02690555 121.43969734 1.5  0.0 0.0
2015-07-10-13 10 05.685	  31.02690555 121.43969734 1.5  0.0 0.0
2015-07-10-13 10 05.789	  31.02687696 121.43970405 1.5  0.0 0.0
2015-07-10-13 10 05.932	  31.02687696 121.43970405 1.5  0.0 0.0
2015-07-10-13 10 06.043	  31.02687696 121.43970405 1.5  0.0 0.0
2015-07-10-13 10 06.144	  31.02687696 121.43970405 1.5  0.0 0.0
2015-07-10-13 10 06.286	  31.02687696 121.43970405 1.5  0.0 0.0
2015-07-10-13 10 06.388	  31.02687696 121.43970405 1.5  0.0 0.0
2015-07-10-13 10 06.541	  31.02687696 121.43970405 1.5  0.0 0.0
2015-07-10-13 10 06.648	  31.02687696 121.43970405 1.5  0.0 0.0
2015-07-10-13 10 06.750	  31.02687696 121.43970405 1.5  0.0 0.0
2015-07-10-13 10 06.868	  31.02687696 121.43970405 1.5  0.0 0.0
2015-07-10-13 10 06.972	  31.02687696 121.43970405 1.5  0.0 0.0
2015-07-10-13 10 07.126	  31.02687696 121.43970405 1.5  0.0 0.0
2015-07-10-13 10 07.231	  31.02687696 121.43970405 1.5  0.0 0.0
2015-07-10-13 10 07.334	  31.02687696 121.43970405 1.5  0.0 0.0
2015-07-10-13 10 07.486	  31.02687696 121.43970405 1.5  0.0 0.0
2015-07-10-13 10 07.588	  31.02687696 121.43970405 1.5  0.0 0.0
2015-07-10-13 10 07.707	  31.02687696 121.43970405 1.5  0.0 0.0
2015-07-10-13 10 07.819	  31.0268502 121.43972146 1.5  0.0 0.0
2015-07-10-13 10 07.920	  31.0268502 121.43972146 1.5  0.0 0.0
2015-07-10-13 10 08.056	  31.0268502 121.43972146 1.5  0.0 0.0
2015-07-10-13 10 08.160	  31.0268502 121.43972146 1.5  0.0 0.0
2015-07-10-13 10 08.324	  31.0268502 121.43972146 1.5  0.0 0.0
2015-07-10-13 10 08.427	  31.0268502 121.43972146 1.5  0.0 0.0
2015-07-10-13 10 08.555	  31.0268502 121.43972146 1.5  0.0 0.0
2015-07-10-13 10 08.668	  31.0268502 121.43972146 1.5  0.0 0.0
2015-07-10-13 10 08.769	  31.0268502 121.43972146 1.5  0.0 0.0
2015-07-10-13 10 08.885	  31.0268502 121.43972146 1.5  0.0 0.0
2015-07-10-13 10 08.995	  31.0268502 121.43972146 1.5  0.0 0.0
2015-07-10-13 10 09.165	  31.0268502 121.43972146 1.5  0.0 0.0
2015-07-10-13 10 09.280	  31.0268502 121.43972146 1.5  0.0 0.0
2015-07-10-13 10 09.381	  31.0268502 121.43972146 1.5  0.0 0.0
2015-07-10-13 10 09.499	  31.0268502 121.43972146 1.5  0.0 0.0
2015-07-10-13 10 09.601	  31.0268502 121.43972146 1.5  0.0 0.0
2015-07-10-13 10 09.712	  31.0268502 121.43972146 1.5  0.0 0.0
2015-07-10-13 10 09.889	  31.02682543 121.43974086 1.5  0.0 0.0
2015-07-10-13 10 09.990	  31.02682543 121.43974086 1.5  0.0 0.0
2015-07-10-13 10 10.140	  31.02682543 121.43974086 1.5  0.0 0.0
2015-07-10-13 10 10.252	  31.02682543 121.43974086 1.5  0.0 0.0
2015-07-10-13 10 10.356	  31.02682543 121.43974086 1.5  0.0 0.0
2015-07-10-13 10 10.458	  31.02682543 121.43974086 1.5  0.0 0.0
2015-07-10-13 10 10.602	  31.02682543 121.43974086 1.5  0.0 0.0
2015-07-10-13 10 10.709	  31.02682543 121.43974086 1.5  0.0 0.0
2015-07-10-13 10 10.811	  31.02682543 121.43974086 1.5  0.0 0.0
2015-07-10-13 10 10.927	  31.02682543 121.43974086 1.5  0.0 0.0
2015-07-10-13 10 11.073	  31.02682543 121.43974086 1.5  0.0 0.0
2015-07-10-13 10 11.176	  31.02682543 121.43974086 1.5  0.0 0.0
2015-07-10-13 10 11.278	  31.02682543 121.43974086 1.5  0.0 0.0
2015-07-10-13 10 11.435	  31.02682543 121.43974086 1.5  0.0 0.0
2015-07-10-13 10 11.536	  31.02682543 121.43974086 1.5  0.0 0.0
2015-07-10-13 10 11.639	  31.02682543 121.43974086 1.5  0.0 0.0
2015-07-10-13 10 11.798	  31.02679896 121.43975309 1.5  0.0 0.0
2015-07-10-13 10 11.900	  31.02679896 121.43975309 1.5  0.0 0.0
2015-07-10-13 10 12.004	  31.02679896 121.43975309 1.5  0.0 0.0
2015-07-10-13 10 12.152	  31.02679896 121.43975309 1.5  0.0 0.0
2015-07-10-13 10 12.257	  31.02679896 121.43975309 1.5  0.0 0.0
2015-07-10-13 10 12.361	  31.02679896 121.43975309 1.5  0.0 0.0
2015-07-10-13 10 12.513	  31.02679896 121.43975309 1.5  0.0 0.0
2015-07-10-13 10 12.619	  31.02679896 121.43975309 1.5  0.0 0.0
2015-07-10-13 10 12.721	  31.02679896 121.43975309 1.5  0.0 0.0
2015-07-10-13 10 12.863	  31.02679896 121.43975309 1.5  0.0 0.0
2015-07-10-13 10 12.967	  31.02679896 121.43975309 1.5  0.0 0.0
2015-07-10-13 10 13.070	  31.02679896 121.43975309 1.5  0.0 0.0
2015-07-10-13 10 13.212	  31.02679896 121.43975309 1.5  0.0 0.0
2015-07-10-13 10 13.322	  31.02679896 121.43975309 1.5  0.0 0.0
2015-07-10-13 10 13.424	  31.02679896 121.43975309 1.5  0.0 0.0
2015-07-10-13 10 13.551	  31.02679896 121.43975309 1.5  0.0 0.0
2015-07-10-13 10 13.657	  31.02679896 121.43975309 1.5  0.0 0.0
2015-07-10-13 10 13.759	  31.02677306 121.43977274 1.5  0.0 0.0
2015-07-10-13 10 13.899	  31.02677306 121.43977274 1.5  0.0 0.0
2015-07-10-13 10 14.004	  31.02677306 121.43977274 1.5  0.0 0.0
2015-07-10-13 10 14.105	  31.02677306 121.43977274 1.5  0.0 0.0
2015-07-10-13 10 14.249	  31.02677306 121.43977274 1.5  0.0 0.0
2015-07-10-13 10 14.351	  31.02677306 121.43977274 1.5  0.0 0.0
2015-07-10-13 10 14.453	  31.02677306 121.43977274 1.5  0.0 0.0
2015-07-10-13 10 14.608	  31.02677306 121.43977274 1.5  0.0 0.0
2015-07-10-13 10 14.722	  31.02677306 121.43977274 1.5  0.0 0.0
2015-07-10-13 10 14.826	  31.02677306 121.43977274 1.5  0.0 0.0
2015-07-10-13 10 14.969	  31.02677306 121.43977274 1.5  0.0 0.0
2015-07-10-13 10 15.073	  31.02677306 121.43977274 1.5  0.0 0.0
2015-07-10-13 10 15.178	  31.02677306 121.43977274 1.5  0.0 0.0
2015-07-10-13 10 15.350	  31.02677306 121.43977274 1.5  0.0 0.0
2015-07-10-13 10 15.451	  31.02677306 121.43977274 1.5  0.0 0.0
2015-07-10-13 10 15.581	  31.02677306 121.43977274 1.5  0.0 0.0
2015-07-10-13 10 15.687	  31.02677306 121.43977274 1.5  0.0 0.0
2015-07-10-13 10 15.790	  31.02674531 121.43979044 1.5  0.0 0.0
2015-07-10-13 10 15.910	  31.02674531 121.43979044 1.5  0.0 0.0
2015-07-10-13 10 16.020	  31.02674531 121.43979044 1.5  0.0 0.0
2015-07-10-13 10 16.123	  31.02674531 121.43979044 1.5  0.0 0.0
2015-07-10-13 10 16.269	  31.02674531 121.43979044 1.5  0.0 0.0
2015-07-10-13 10 16.383	  31.02674531 121.43979044 1.5  0.0 0.0
2015-07-10-13 10 16.485	  31.02674531 121.43979044 1.5  0.0 0.0
2015-07-10-13 10 16.609	  31.02674531 121.43979044 1.5  0.0 0.0
2015-07-10-13 10 16.724	  31.02674531 121.43979044 1.5  0.0 0.0
2015-07-10-13 10 16.843	  31.02674531 121.43979044 1.5  0.0 0.0
2015-07-10-13 10 16.944	  31.02674531 121.43979044 1.5  0.0 0.0
2015-07-10-13 10 17.079	  31.02674531 121.43979044 1.5  0.0 0.0
2015-07-10-13 10 17.218	  31.02674531 121.43979044 1.5  0.0 0.0
2015-07-10-13 10 17.361	  31.02674531 121.43979044 1.5  0.0 0.0
2015-07-10-13 10 17.477	  31.02674531 121.43979044 1.5  0.0 0.0
2015-07-10-13 10 17.579	  31.02674531 121.43979044 1.5  0.0 0.0
2015-07-10-13 10 17.681	  31.02671746 121.43980214 1.5  0.0 0.0
2015-07-10-13 10 17.839	  31.02671746 121.43980214 1.5  0.0 0.0
2015-07-10-13 10 17.973	  31.02671746 121.43980214 1.5  0.0 0.0
2015-07-10-13 10 18.075	  31.02671746 121.43980214 1.5  0.0 0.0
2015-07-10-13 10 18.178	  31.02671746 121.43980214 1.5  0.0 0.0
2015-07-10-13 10 18.348	  31.02671746 121.43980214 1.5  0.0 0.0
2015-07-10-13 10 18.493	  31.02671746 121.43980214 1.5  0.0 0.0
2015-07-10-13 10 18.598	  31.02671746 121.43980214 1.5  0.0 0.0
2015-07-10-13 10 18.706	  31.02671746 121.43980214 1.5  0.0 0.0
2015-07-10-13 10 18.844	  31.02671746 121.43980214 1.5  0.0 0.0
2015-07-10-13 10 18.945	  31.02671746 121.43980214 1.5  0.0 0.0
2015-07-10-13 10 19.088	  31.02671746 121.43980214 1.5  0.0 0.0
2015-07-10-13 10 19.209	  31.02671746 121.43980214 1.5  0.0 0.0
2015-07-10-13 10 19.382	  31.02671746 121.43980214 1.5  0.0 0.0
2015-07-10-13 10 19.497	  31.02671746 121.43980214 1.5  0.0 0.0
2015-07-10-13 10 19.599	  31.02671746 121.43980214 1.5  0.0 0.0
2015-07-10-13 10 19.702	  31.02668788 121.43980575 1.5  0.0 0.0
2015-07-10-13 10 19.846	  31.02668788 121.43980575 1.5  0.0 0.0
2015-07-10-13 10 19.962	  31.02668788 121.43980575 1.5  0.0 0.0
2015-07-10-13 10 20.069	  31.02668788 121.43980575 1.5  0.0 0.0
2015-07-10-13 10 20.180	  31.02668788 121.43980575 1.5  0.0 0.0
2015-07-10-13 10 20.339	  31.02668788 121.43980575 1.5  0.0 0.0
2015-07-10-13 10 20.454	  31.02668788 121.43980575 1.5  0.0 0.0
2015-07-10-13 10 20.556	  31.02668788 121.43980575 1.5  0.0 0.0
2015-07-10-13 10 20.672	  31.02668788 121.43980575 1.5  0.0 0.0
2015-07-10-13 10 20.830	  31.02668788 121.43980575 1.5  0.0 0.0
2015-07-10-13 10 20.944	  31.02668788 121.43980575 1.5  0.0 0.0
2015-07-10-13 10 21.085	  31.02668788 121.43980575 1.5  0.0 0.0
2015-07-10-13 10 21.202	  31.02668788 121.43980575 1.5  0.0 0.0
2015-07-10-13 10 21.304	  31.02668788 121.43980575 1.5  0.0 0.0
2015-07-10-13 10 21.462	  31.02668788 121.43980575 1.5  0.0 0.0
2015-07-10-13 10 21.619	  31.02668788 121.43980575 1.5  0.0 0.0
2015-07-10-13 10 21.780	  31.02665973 121.43981192 1.5  0.0 0.0
2015-07-10-13 10 21.888	  31.02665973 121.43981192 1.5  0.0 0.0
2015-07-10-13 10 21.994	  31.02665973 121.43981192 1.5  0.0 0.0
2015-07-10-13 10 22.180	  31.02665973 121.43981192 1.5  0.0 0.0
2015-07-10-13 10 22.298	  31.02665973 121.43981192 1.5  0.0 0.0
2015-07-10-13 10 22.443	  31.02665973 121.43981192 1.5  0.0 0.0
2015-07-10-13 10 22.606	  31.02665973 121.43981192 1.5  0.0 0.0
2015-07-10-13 10 22.711	  31.02665973 121.43981192 1.5  0.0 0.0
