2015-07-10-13 05 24.293	  0.0 0.0 0.0  0.0 0.0
2015-07-10-13 05 24.394	  0.0 0.0 0.0  0.0 0.0
2015-07-10-13 05 24.496	  0.0 0.0 0.0  0.0 0.0
2015-07-10-13 05 24.598	  0.0 0.0 0.0  0.0 0.0
2015-07-10-13 05 24.700	  0.0 0.0 0.0  0.0 0.0
2015-07-10-13 05 24.803	  0.0 0.0 0.0  0.0 0.0
2015-07-10-13 05 24.905	  0.0 0.0 0.0  0.0 0.0
2015-07-10-13 05 25.006	  0.0 0.0 0.0  0.0 0.0
2015-07-10-13 05 25.109	  0.0 0.0 0.0  0.0 0.0
2015-07-10-13 05 25.211	  0.0 0.0 0.0  0.0 0.0
2015-07-10-13 05 25.313	  0.0 0.0 0.0  0.0 0.0
2015-07-10-13 05 25.414	  0.0 0.0 0.0  0.0 0.0
2015-07-10-13 05 25.517	  0.0 0.0 0.0  0.0 0.0
2015-07-10-13 05 25.619	  0.0 0.0 0.0  0.0 0.0
2015-07-10-13 05 25.721	  0.0 0.0 0.0  0.0 0.0
2015-07-10-13 05 25.822	  0.0 0.0 0.0  0.0 0.0
2015-07-10-13 05 25.924	  0.0 0.0 0.0  0.0 0.0
2015-07-10-13 05 26.028	  0.0 0.0 0.0  0.0 0.0
2015-07-10-13 05 26.129	  0.0 0.0 0.0  0.0 0.0
2015-07-10-13 05 26.231	  0.0 0.0 0.0  0.0 0.0
2015-07-10-13 05 26.333	  0.0 0.0 0.0  0.0 0.0
2015-07-10-13 05 26.434	  0.0 0.0 0.0  0.0 0.0
2015-07-10-13 05 26.536	  0.0 0.0 0.0  0.0 0.0
2015-07-10-13 05 26.638	  0.0 0.0 0.0  0.0 0.0
2015-07-10-13 05 26.740	  0.0 0.0 0.0  0.0 0.0
2015-07-10-13 05 26.842	  0.0 0.0 0.0  0.0 0.0
2015-07-10-13 05 26.944	  0.0 0.0 0.0  0.0 0.0
2015-07-10-13 05 27.045	  0.0 0.0 0.0  0.0 0.0
2015-07-10-13 05 27.146	  0.0 0.0 0.0  0.0 0.0
2015-07-10-13 05 27.248	  0.0 0.0 0.0  0.0 0.0
2015-07-10-13 05 27.352	  0.0 0.0 0.0  0.0 0.0
2015-07-10-13 05 27.453	  0.0 0.0 0.0  0.0 0.0
2015-07-10-13 05 27.555	  0.0 0.0 0.0  0.0 0.0
2015-07-10-13 05 27.657	  31.02781568 121.43928451 1.25  0.0 0.0
2015-07-10-13 05 27.763	  31.02781568 121.43928451 1.25  0.0 0.0
2015-07-10-13 05 27.870	  31.02781568 121.43928451 1.25  0.0 0.0
2015-07-10-13 05 27.973	  31.02781568 121.43928451 1.25  0.0 0.0
2015-07-10-13 05 28.078	  31.02781568 121.43928451 1.25  0.0 0.0
2015-07-10-13 05 28.181	  31.02781568 121.43928451 1.25  0.0 0.0
2015-07-10-13 05 28.285	  31.02781568 121.43928451 1.25  0.0 0.0
2015-07-10-13 05 28.393	  31.02781568 121.43928451 1.25  0.0 0.0
2015-07-10-13 05 28.497	  31.02781568 121.43928451 1.25  0.0 0.0
2015-07-10-13 05 28.598	  31.02781568 121.43928451 1.25  0.0 0.0
2015-07-10-13 05 28.700	  31.02778926 121.43929146 1.25  0.0 0.0
2015-07-10-13 05 28.803	  31.02778926 121.43929146 1.25  0.0 0.0
2015-07-10-13 05 28.907	  31.02778926 121.43929146 1.25  0.0 0.0
2015-07-10-13 05 29.010	  31.02778926 121.43929146 1.25  0.0 0.0
2015-07-10-13 05 29.114	  31.02778926 121.43929146 1.25  0.0 0.0
2015-07-10-13 05 29.219	  31.02778926 121.43929146 1.25  0.0 0.0
2015-07-10-13 05 29.334	  31.02778926 121.43929146 1.25  0.0 0.0
2015-07-10-13 05 29.435	  31.02778926 121.43929146 1.25  0.0 0.0
2015-07-10-13 05 29.539	  31.02778926 121.43929146 1.25  0.0 0.0
2015-07-10-13 05 29.643	  31.02778926 121.43929146 1.25  0.0 0.0
2015-07-10-13 05 29.748	  31.02776537 121.4392986 1.25  0.0 0.0
2015-07-10-13 05 29.849	  31.02776537 121.4392986 1.25  0.0 0.0
2015-07-10-13 05 29.951	  31.02776537 121.4392986 1.25  0.0 0.0
2015-07-10-13 05 30.056	  31.02776537 121.4392986 1.25  0.0 0.0
2015-07-10-13 05 30.161	  31.02776537 121.4392986 1.25  0.0 0.0
2015-07-10-13 05 30.263	  31.02776537 121.4392986 1.25  0.0 0.0
2015-07-10-13 05 30.365	  31.02776537 121.4392986 1.25  0.0 0.0
2015-07-10-13 05 30.469	  31.02776537 121.4392986 1.25  0.0 0.0
2015-07-10-13 05 30.573	  31.02776537 121.4392986 1.25  0.0 0.0
2015-07-10-13 05 30.680	  31.02774219 121.43930864 1.25  0.0 0.0
2015-07-10-13 05 30.785	  31.02774219 121.43930864 1.25  0.0 0.0
2015-07-10-13 05 30.888	  31.02774219 121.43930864 1.25  0.0 0.0
2015-07-10-13 05 30.993	  31.02774219 121.43930864 1.25  0.0 0.0
2015-07-10-13 05 31.096	  31.02774219 121.43930864 1.25  0.0 0.0
2015-07-10-13 05 31.202	  31.02774219 121.43930864 1.25  0.0 0.0
2015-07-10-13 05 31.308	  31.02774219 121.43930864 1.25  0.0 0.0
2015-07-10-13 05 31.412	  31.02774219 121.43930864 1.25  0.0 0.0
2015-07-10-13 05 31.520	  31.02774219 121.43930864 1.25  0.0 0.0
2015-07-10-13 05 31.624	  31.02774219 121.43930864 1.25  0.0 0.0
2015-07-10-13 05 31.726	  31.02772244 121.43931615 1.25  0.0 0.0
2015-07-10-13 05 31.828	  31.02772244 121.43931615 1.25  0.0 0.0
2015-07-10-13 05 31.930	  31.02772244 121.43931615 1.25  0.0 0.0
2015-07-10-13 05 32.035	  31.02772244 121.43931615 1.25  0.0 0.0
2015-07-10-13 05 32.139	  31.02772244 121.43931615 1.25  0.0 0.0
2015-07-10-13 05 32.248	  31.02772244 121.43931615 1.25  0.0 0.0
2015-07-10-13 05 32.350	  31.02772244 121.43931615 1.25  0.0 0.0
2015-07-10-13 05 32.452	  31.02772244 121.43931615 1.25  0.0 0.0
2015-07-10-13 05 32.554	  31.02772244 121.43931615 1.25  0.0 0.0
2015-07-10-13 05 32.656	  31.0277016 121.43931948 1.25  0.0 0.0
2015-07-10-13 05 32.770	  31.0277016 121.43931948 1.25  0.0 0.0
2015-07-10-13 05 32.877	  31.0277016 121.43931948 1.25  0.0 0.0
2015-07-10-13 05 32.981	  31.0277016 121.43931948 1.25  0.0 0.0
2015-07-10-13 05 33.084	  31.0277016 121.43931948 1.25  0.0 0.0
2015-07-10-13 05 33.188	  31.0277016 121.43931948 1.25  0.0 0.0
2015-07-10-13 05 33.291	  31.0277016 121.43931948 1.25  0.0 0.0
2015-07-10-13 05 33.401	  31.0277016 121.43931948 1.25  0.0 0.0
2015-07-10-13 05 33.513	  31.0277016 121.43931948 1.25  0.0 0.0
2015-07-10-13 05 33.616	  31.0277016 121.43931948 1.25  0.0 0.0
2015-07-10-13 05 33.718	  31.0277016 121.43931948 1.25  0.0 0.0
2015-07-10-13 05 33.822	  31.0277016 121.43931948 1.25  0.0 0.0
2015-07-10-13 05 33.924	  31.0277016 121.43931948 1.25  0.0 0.0
2015-07-10-13 05 34.027	  31.0277016 121.43931948 1.25  0.0 0.0
2015-07-10-13 05 34.137	  31.0277016 121.43931948 1.25  0.0 0.0
2015-07-10-13 05 34.239	  31.0277016 121.43931948 1.25  0.0 0.0
2015-07-10-13 05 34.341	  31.0277016 121.43931948 1.25  0.0 0.0
2015-07-10-13 05 34.443	  31.0277016 121.43931948 1.25  0.0 0.0
2015-07-10-13 05 34.546	  31.0277016 121.43931948 1.25  0.0 0.0
2015-07-10-13 05 34.651	  31.0277016 121.43931948 1.25  0.0 0.0
2015-07-10-13 05 34.753	  31.02766776 121.43932757 1.25  0.0 0.0
2015-07-10-13 05 34.854	  31.02766776 121.43932757 1.25  0.0 0.0
2015-07-10-13 05 34.959	  31.02766776 121.43932757 1.25  0.0 0.0
2015-07-10-13 05 35.072	  31.02766776 121.43932757 1.25  0.0 0.0
2015-07-10-13 05 35.173	  31.02766776 121.43932757 1.25  0.0 0.0
2015-07-10-13 05 35.274	  31.02766776 121.43932757 1.25  0.0 0.0
2015-07-10-13 05 35.377	  31.02766776 121.43932757 1.25  0.0 0.0
2015-07-10-13 05 35.479	  31.02766776 121.43932757 1.25  0.0 0.0
2015-07-10-13 05 35.581	  31.02766776 121.43932757 1.25  0.0 0.0
2015-07-10-13 05 35.684	  31.02766776 121.43932757 1.25  0.0 0.0
2015-07-10-13 05 35.790	  31.02766776 121.43932757 1.25  0.0 0.0
2015-07-10-13 05 35.893	  31.02766776 121.43932757 1.25  0.0 0.0
2015-07-10-13 05 36.003	  31.02766776 121.43932757 1.25  0.0 0.0
2015-07-10-13 05 36.115	  31.02766776 121.43932757 1.25  0.0 0.0
2015-07-10-13 05 36.216	  31.02766776 121.43932757 1.25  0.0 0.0
2015-07-10-13 05 36.317	  31.02766776 121.43932757 1.25  0.0 0.0
2015-07-10-13 05 36.420	  31.02766776 121.43932757 1.25  0.0 0.0
2015-07-10-13 05 36.526	  31.02766776 121.43932757 1.25  0.0 0.0
2015-07-10-13 05 36.639	  31.02766776 121.43932757 1.25  0.0 0.0
2015-07-10-13 05 36.741	  31.02763969 121.43933986 1.25  0.0 0.0
2015-07-10-13 05 36.842	  31.02763969 121.43933986 1.25  0.0 0.0
2015-07-10-13 05 36.943	  31.02763969 121.43933986 1.25  0.0 0.0
2015-07-10-13 05 37.044	  31.02763969 121.43933986 1.25  0.0 0.0
2015-07-10-13 05 37.158	  31.02763969 121.43933986 1.25  0.0 0.0
2015-07-10-13 05 37.262	  31.02763969 121.43933986 1.25  0.0 0.0
2015-07-10-13 05 37.365	  31.02763969 121.43933986 1.25  0.0 0.0
2015-07-10-13 05 37.470	  31.02763969 121.43933986 1.25  0.0 0.0
2015-07-10-13 05 37.576	  31.02763969 121.43933986 1.25  0.0 0.0
2015-07-10-13 05 37.687	  31.02763969 121.43933986 1.25  0.0 0.0
2015-07-10-13 05 37.790	  31.02763969 121.43933986 1.25  0.0 0.0
2015-07-10-13 05 37.891	  31.02763969 121.43933986 1.25  0.0 0.0
2015-07-10-13 05 37.993	  31.02763969 121.43933986 1.25  0.0 0.0
2015-07-10-13 05 38.096	  31.02763969 121.43933986 1.25  0.0 0.0
2015-07-10-13 05 38.202	  31.02763969 121.43933986 1.25  0.0 0.0
2015-07-10-13 05 38.305	  31.02763969 121.43933986 1.25  0.0 0.0
2015-07-10-13 05 38.407	  31.02763969 121.43933986 1.25  0.0 0.0
2015-07-10-13 05 38.511	  31.02763969 121.43933986 1.25  0.0 0.0
2015-07-10-13 05 38.616	  31.02763969 121.43933986 1.25  0.0 0.0
2015-07-10-13 05 38.720	  31.02763969 121.43933986 1.25  0.0 0.0
2015-07-10-13 05 38.826	  31.02761615 121.43935586 1.25  0.0 0.0
2015-07-10-13 05 38.930	  31.02761615 121.43935586 1.25  0.0 0.0
2015-07-10-13 05 39.036	  31.02761615 121.43935586 1.25  0.0 0.0
2015-07-10-13 05 39.149	  31.02761615 121.43935586 1.25  0.0 0.0
2015-07-10-13 05 39.251	  31.02761615 121.43935586 1.25  0.0 0.0
2015-07-10-13 05 39.357	  31.02761615 121.43935586 1.25  0.0 0.0
2015-07-10-13 05 39.462	  31.02761615 121.43935586 1.25  0.0 0.0
2015-07-10-13 05 39.567	  31.02761615 121.43935586 1.25  0.0 0.0
2015-07-10-13 05 39.668	  31.02761615 121.43935586 1.25  0.0 0.0
2015-07-10-13 05 39.773	  31.02761615 121.43935586 1.25  0.0 0.0
2015-07-10-13 05 39.877	  31.02761615 121.43935586 1.25  0.0 0.0
2015-07-10-13 05 39.981	  31.02761615 121.43935586 1.25  0.0 0.0
2015-07-10-13 05 40.085	  31.02761615 121.43935586 1.25  0.0 0.0
2015-07-10-13 05 40.187	  31.02761615 121.43935586 1.25  0.0 0.0
2015-07-10-13 05 40.288	  31.02761615 121.43935586 1.25  0.0 0.0
2015-07-10-13 05 40.393	  31.02761615 121.43935586 1.25  0.0 0.0
2015-07-10-13 05 40.501	  31.02761615 121.43935586 1.25  0.0 0.0
2015-07-10-13 05 40.615	  31.02761615 121.43935586 1.25  0.0 0.0
2015-07-10-13 05 40.716	  31.02761615 121.43935586 1.25  0.0 0.0
2015-07-10-13 05 40.820	  31.02759581 121.43937612 1.25  0.0 0.0
2015-07-10-13 05 40.926	  31.02759581 121.43937612 1.25  0.0 0.0
2015-07-10-13 05 41.030	  31.02759581 121.43937612 1.25  0.0 0.0
2015-07-10-13 05 41.132	  31.02759581 121.43937612 1.25  0.0 0.0
2015-07-10-13 05 41.234	  31.02759581 121.43937612 1.25  0.0 0.0
2015-07-10-13 05 41.336	  31.02759581 121.43937612 1.25  0.0 0.0
2015-07-10-13 05 41.448	  31.02759581 121.43937612 1.25  0.0 0.0
2015-07-10-13 05 41.552	  31.02759581 121.43937612 1.25  0.0 0.0
2015-07-10-13 05 41.655	  31.02759581 121.43937612 1.25  0.0 0.0
2015-07-10-13 05 41.761	  31.02759581 121.43937612 1.25  0.0 0.0
2015-07-10-13 05 41.865	  31.02759581 121.43937612 1.25  0.0 0.0
2015-07-10-13 05 41.967	  31.02759581 121.43937612 1.25  0.0 0.0
2015-07-10-13 05 42.070	  31.02759581 121.43937612 1.25  0.0 0.0
2015-07-10-13 05 42.174	  31.02759581 121.43937612 1.25  0.0 0.0
2015-07-10-13 05 42.286	  31.02759581 121.43937612 1.25  0.0 0.0
2015-07-10-13 05 42.387	  31.02759581 121.43937612 1.25  0.0 0.0
2015-07-10-13 05 42.488	  31.02759581 121.43937612 1.25  0.0 0.0
2015-07-10-13 05 42.591	  31.02759581 121.43937612 1.25  0.0 0.0
2015-07-10-13 05 42.696	  31.02759581 121.43937612 1.25  0.0 0.0
2015-07-10-13 05 42.801	  31.02757441 121.43939682 1.25  0.0 0.0
2015-07-10-13 05 42.904	  31.02757441 121.43939682 1.25  0.0 0.0
2015-07-10-13 05 43.010	  31.02757441 121.43939682 1.25  0.0 0.0
2015-07-10-13 05 43.120	  31.02757441 121.43939682 1.25  0.0 0.0
2015-07-10-13 05 43.222	  31.02757441 121.43939682 1.25  0.0 0.0
2015-07-10-13 05 43.323	  31.02757441 121.43939682 1.25  0.0 0.0
2015-07-10-13 05 43.431	  31.02757441 121.43939682 1.25  0.0 0.0
2015-07-10-13 05 43.547	  31.02757441 121.43939682 1.25  0.0 0.0
2015-07-10-13 05 43.648	  31.02757441 121.43939682 1.25  0.0 0.0
2015-07-10-13 05 43.750	  31.02757441 121.43939682 1.25  0.0 0.0
2015-07-10-13 05 43.852	  31.02757441 121.43939682 1.25  0.0 0.0
2015-07-10-13 05 43.962	  31.02757441 121.43939682 1.25  0.0 0.0
2015-07-10-13 05 44.064	  31.02757441 121.43939682 1.25  0.0 0.0
2015-07-10-13 05 44.170	  31.02757441 121.43939682 1.25  0.0 0.0
2015-07-10-13 05 44.276	  31.02757441 121.43939682 1.25  0.0 0.0
2015-07-10-13 05 44.384	  31.02757441 121.43939682 1.25  0.0 0.0
2015-07-10-13 05 44.485	  31.02757441 121.43939682 1.25  0.0 0.0
2015-07-10-13 05 44.589	  31.02757441 121.43939682 1.25  0.0 0.0
2015-07-10-13 05 44.713	  31.02757441 121.43939682 1.25  0.0 0.0
2015-07-10-13 05 44.847	  31.02755284 121.43942066 1.25  0.0 0.0
2015-07-10-13 05 44.949	  31.02755284 121.43942066 1.25  0.0 0.0
2015-07-10-13 05 45.056	  31.02755284 121.43942066 1.25  0.0 0.0
2015-07-10-13 05 45.158	  31.02755284 121.43942066 1.25  0.0 0.0
2015-07-10-13 05 45.260	  31.02755284 121.43942066 1.25  0.0 0.0
2015-07-10-13 05 45.366	  31.02755284 121.43942066 1.25  0.0 0.0
2015-07-10-13 05 45.477	  31.02755284 121.43942066 1.25  0.0 0.0
2015-07-10-13 05 45.579	  31.02755284 121.43942066 1.25  0.0 0.0
2015-07-10-13 05 45.683	  31.02755284 121.43942066 1.25  0.0 0.0
2015-07-10-13 05 45.794	  31.02755284 121.43942066 1.25  0.0 0.0
2015-07-10-13 05 45.897	  31.02755284 121.43942066 1.25  0.0 0.0
2015-07-10-13 05 46.000	  31.02755284 121.43942066 1.25  0.0 0.0
2015-07-10-13 05 46.107	  31.02755284 121.43942066 1.25  0.0 0.0
2015-07-10-13 05 46.210	  31.02755284 121.43942066 1.25  0.0 0.0
2015-07-10-13 05 46.312	  31.02755284 121.43942066 1.25  0.0 0.0
2015-07-10-13 05 46.413	  31.02755284 121.43942066 1.25  0.0 0.0
2015-07-10-13 05 46.516	  31.02755284 121.43942066 1.25  0.0 0.0
2015-07-10-13 05 46.619	  31.02755284 121.43942066 1.25  0.0 0.0
2015-07-10-13 05 46.727	  31.02752829 121.43944046 1.25  0.0 0.0
2015-07-10-13 05 46.832	  31.02752829 121.43944046 1.25  0.0 0.0
2015-07-10-13 05 46.933	  31.02752829 121.43944046 1.25  0.0 0.0
2015-07-10-13 05 47.036	  31.02752829 121.43944046 1.25  0.0 0.0
2015-07-10-13 05 47.139	  31.02752829 121.43944046 1.25  0.0 0.0
2015-07-10-13 05 47.244	  31.02752829 121.43944046 1.25  0.0 0.0
2015-07-10-13 05 47.347	  31.02752829 121.43944046 1.25  0.0 0.0
2015-07-10-13 05 47.449	  31.02752829 121.43944046 1.25  0.0 0.0
2015-07-10-13 05 47.551	  31.02752829 121.43944046 1.25  0.0 0.0
2015-07-10-13 05 47.658	  31.02752829 121.43944046 1.25  0.0 0.0
2015-07-10-13 05 47.762	  31.02752829 121.43944046 1.25  0.0 0.0
2015-07-10-13 05 47.864	  31.02752829 121.43944046 1.25  0.0 0.0
2015-07-10-13 05 47.966	  31.02752829 121.43944046 1.25  0.0 0.0
2015-07-10-13 05 48.067	  31.02752829 121.43944046 1.25  0.0 0.0
2015-07-10-13 05 48.172	  31.02752829 121.43944046 1.25  0.0 0.0
2015-07-10-13 05 48.276	  31.02752829 121.43944046 1.25  0.0 0.0
2015-07-10-13 05 48.378	  31.02752829 121.43944046 1.25  0.0 0.0
2015-07-10-13 05 48.485	  31.02752829 121.43944046 1.25  0.0 0.0
2015-07-10-13 05 48.586	  31.02752829 121.43944046 1.25  0.0 0.0
2015-07-10-13 05 48.688	  31.02752829 121.43944046 1.25  0.0 0.0
2015-07-10-13 05 48.806	  31.02750612 121.43945285 1.25  0.0 0.0
2015-07-10-13 05 48.909	  31.02750612 121.43945285 1.25  0.0 0.0
2015-07-10-13 05 49.011	  31.02750612 121.43945285 1.25  0.0 0.0
2015-07-10-13 05 49.128	  31.02750612 121.43945285 1.25  0.0 0.0
2015-07-10-13 05 49.230	  31.02750612 121.43945285 1.25  0.0 0.0
2015-07-10-13 05 49.332	  31.02750612 121.43945285 1.25  0.0 0.0
2015-07-10-13 05 49.440	  31.02750612 121.43945285 1.25  0.0 0.0
2015-07-10-13 05 49.543	  31.02750612 121.43945285 1.25  0.0 0.0
2015-07-10-13 05 49.649	  31.02750612 121.43945285 1.25  0.0 0.0
2015-07-10-13 05 49.764	  31.02750612 121.43945285 1.25  0.0 0.0
2015-07-10-13 05 49.868	  31.02750612 121.43945285 1.25  0.0 0.0
2015-07-10-13 05 49.973	  31.02750612 121.43945285 1.25  0.0 0.0
2015-07-10-13 05 50.077	  31.02750612 121.43945285 1.25  0.0 0.0
2015-07-10-13 05 50.182	  31.02750612 121.43945285 1.25  0.0 0.0
2015-07-10-13 05 50.294	  31.02750612 121.43945285 1.25  0.0 0.0
2015-07-10-13 05 50.396	  31.02750612 121.43945285 1.25  0.0 0.0
2015-07-10-13 05 50.497	  31.02750612 121.43945285 1.25  0.0 0.0
2015-07-10-13 05 50.614	  31.02750612 121.43945285 1.25  0.0 0.0
2015-07-10-13 05 50.716	  31.02748398 121.43946338 1.25  0.0 0.0
2015-07-10-13 05 50.819	  31.02748398 121.43946338 1.25  0.0 0.0
2015-07-10-13 05 50.928	  31.02748398 121.43946338 1.25  0.0 0.0
2015-07-10-13 05 51.030	  31.02748398 121.43946338 1.25  0.0 0.0
2015-07-10-13 05 51.133	  31.02748398 121.43946338 1.25  0.0 0.0
2015-07-10-13 05 51.249	  31.02748398 121.43946338 1.25  0.0 0.0
2015-07-10-13 05 51.353	  31.02748398 121.43946338 1.25  0.0 0.0
2015-07-10-13 05 51.457	  31.02748398 121.43946338 1.25  0.0 0.0
2015-07-10-13 05 51.571	  31.02748398 121.43946338 1.25  0.0 0.0
2015-07-10-13 05 51.672	  31.02748398 121.43946338 1.25  0.0 0.0
2015-07-10-13 05 51.775	  31.02748398 121.43946338 1.25  0.0 0.0
2015-07-10-13 05 51.883	  31.02748398 121.43946338 1.25  0.0 0.0
2015-07-10-13 05 51.986	  31.02748398 121.43946338 1.25  0.0 0.0
2015-07-10-13 05 52.088	  31.02748398 121.43946338 1.25  0.0 0.0
2015-07-10-13 05 52.197	  31.02748398 121.43946338 1.25  0.0 0.0
2015-07-10-13 05 52.299	  31.02748398 121.43946338 1.25  0.0 0.0
2015-07-10-13 05 52.401	  31.02748398 121.43946338 1.25  0.0 0.0
2015-07-10-13 05 52.513	  31.02748398 121.43946338 1.25  0.0 0.0
2015-07-10-13 05 52.614	  31.02748398 121.43946338 1.25  0.0 0.0
2015-07-10-13 05 52.716	  31.02745918 121.43947175 1.25  0.0 0.0
2015-07-10-13 05 52.821	  31.02745918 121.43947175 1.25  0.0 0.0
2015-07-10-13 05 52.924	  31.02745918 121.43947175 1.25  0.0 0.0
2015-07-10-13 05 53.026	  31.02745918 121.43947175 1.25  0.0 0.0
2015-07-10-13 05 53.133	  31.02745918 121.43947175 1.25  0.0 0.0
2015-07-10-13 05 53.240	  31.02745918 121.43947175 1.25  0.0 0.0
2015-07-10-13 05 53.346	  31.02745918 121.43947175 1.25  0.0 0.0
2015-07-10-13 05 53.455	  31.02745918 121.43947175 1.25  0.0 0.0
2015-07-10-13 05 53.557	  31.02745918 121.43947175 1.25  0.0 0.0
2015-07-10-13 05 53.658	  31.02745918 121.43947175 1.25  0.0 0.0
2015-07-10-13 05 53.762	  31.02745918 121.43947175 1.25  0.0 0.0
2015-07-10-13 05 53.865	  31.02745918 121.43947175 1.25  0.0 0.0
2015-07-10-13 05 53.968	  31.02745918 121.43947175 1.25  0.0 0.0
2015-07-10-13 05 54.084	  31.02745918 121.43947175 1.25  0.0 0.0
2015-07-10-13 05 54.185	  31.02745918 121.43947175 1.25  0.0 0.0
2015-07-10-13 05 54.286	  31.02745918 121.43947175 1.25  0.0 0.0
2015-07-10-13 05 54.390	  31.02745918 121.43947175 1.25  0.0 0.0
2015-07-10-13 05 54.492	  31.02745918 121.43947175 1.25  0.0 0.0
2015-07-10-13 05 54.596	  31.02745918 121.43947175 1.25  0.0 0.0
2015-07-10-13 05 54.712	  31.02743663 121.4394861 1.25  0.0 0.0
2015-07-10-13 05 54.813	  31.02743663 121.4394861 1.25  0.0 0.0
2015-07-10-13 05 54.915	  31.02743663 121.4394861 1.25  0.0 0.0
2015-07-10-13 05 55.018	  31.02743663 121.4394861 1.25  0.0 0.0
2015-07-10-13 05 55.120	  31.02743663 121.4394861 1.25  0.0 0.0
2015-07-10-13 05 55.227	  31.02743663 121.4394861 1.25  0.0 0.0
2015-07-10-13 05 55.338	  31.02743663 121.4394861 1.25  0.0 0.0
2015-07-10-13 05 55.440	  31.02743663 121.4394861 1.25  0.0 0.0
2015-07-10-13 05 55.542	  31.02743663 121.4394861 1.25  0.0 0.0
2015-07-10-13 05 55.682	  31.02743663 121.4394861 1.25  0.0 0.0
2015-07-10-13 05 55.785	  31.02743663 121.4394861 1.25  0.0 0.0
2015-07-10-13 05 55.887	  31.02743663 121.4394861 1.25  0.0 0.0
2015-07-10-13 05 55.992	  31.02743663 121.4394861 1.25  0.0 0.0
2015-07-10-13 05 56.100	  31.02743663 121.4394861 1.25  0.0 0.0
2015-07-10-13 05 56.214	  31.02743663 121.4394861 1.25  0.0 0.0
2015-07-10-13 05 56.316	  31.02743663 121.4394861 1.25  0.0 0.0
2015-07-10-13 05 56.418	  31.02743663 121.4394861 1.25  0.0 0.0
2015-07-10-13 05 56.569	  31.02743663 121.4394861 1.25  0.0 0.0
2015-07-10-13 05 56.670	  31.02741718 121.43950821 1.5  0.0 0.0
2015-07-10-13 05 56.786	  31.02741718 121.43950821 1.5  0.0 0.0
2015-07-10-13 05 56.888	  31.02741718 121.43950821 1.5  0.0 0.0
2015-07-10-13 05 56.989	  31.02741718 121.43950821 1.5  0.0 0.0
2015-07-10-13 05 57.132	  31.02741718 121.43950821 1.5  0.0 0.0
2015-07-10-13 05 57.234	  31.02741718 121.43950821 1.5  0.0 0.0
2015-07-10-13 05 57.340	  31.02741718 121.43950821 1.5  0.0 0.0
2015-07-10-13 05 57.444	  31.02741718 121.43950821 1.5  0.0 0.0
2015-07-10-13 05 57.551	  31.02741718 121.43950821 1.5  0.0 0.0
2015-07-10-13 05 57.715	  31.02741718 121.43950821 1.5  0.0 0.0
2015-07-10-13 05 57.817	  31.02741718 121.43950821 1.5  0.0 0.0
2015-07-10-13 05 57.923	  31.02741718 121.43950821 1.5  0.0 0.0
2015-07-10-13 05 58.030	  31.02741718 121.43950821 1.5  0.0 0.0
2015-07-10-13 05 58.137	  31.02741718 121.43950821 1.5  0.0 0.0
2015-07-10-13 05 58.296	  31.02741718 121.43950821 1.5  0.0 0.0
2015-07-10-13 05 58.404	  31.02741718 121.43950821 1.5  0.0 0.0
2015-07-10-13 05 58.512	  31.02741718 121.43950821 1.5  0.0 0.0
2015-07-10-13 05 58.614	  31.02741718 121.43950821 1.5  0.0 0.0
2015-07-10-13 05 58.715	  31.02739574 121.43952646 1.5  0.0 0.0
2015-07-10-13 05 58.846	  31.02739574 121.43952646 1.5  0.0 0.0
2015-07-10-13 05 58.948	  31.02739574 121.43952646 1.5  0.0 0.0
2015-07-10-13 05 59.051	  31.02739574 121.43952646 1.5  0.0 0.0
2015-07-10-13 05 59.154	  31.02739574 121.43952646 1.5  0.0 0.0
2015-07-10-13 05 59.256	  31.02739574 121.43952646 1.5  0.0 0.0
2015-07-10-13 05 59.383	  31.02739574 121.43952646 1.5  0.0 0.0
2015-07-10-13 05 59.486	  31.02739574 121.43952646 1.5  0.0 0.0
2015-07-10-13 05 59.589	  31.02739574 121.43952646 1.5  0.0 0.0
2015-07-10-13 05 59.691	  31.02739574 121.43952646 1.5  0.0 0.0
2015-07-10-13 05 59.797	  31.02739574 121.43952646 1.5  0.0 0.0
2015-07-10-13 05 59.899	  31.02739574 121.43952646 1.5  0.0 0.0
2015-07-10-13 06 00.001	  31.02739574 121.43952646 1.5  0.0 0.0
2015-07-10-13 06 00.104	  31.02739574 121.43952646 1.5  0.0 0.0
2015-07-10-13 06 00.213	  31.02739574 121.43952646 1.5  0.0 0.0
2015-07-10-13 06 00.315	  31.02739574 121.43952646 1.5  0.0 0.0
2015-07-10-13 06 00.419	  31.02739574 121.43952646 1.5  0.0 0.0
2015-07-10-13 06 00.543	  31.02739574 121.43952646 1.5  0.0 0.0
2015-07-10-13 06 00.647	  31.02739574 121.43952646 1.5  0.0 0.0
2015-07-10-13 06 00.756	  31.02737235 121.43954106 1.5  0.0 0.0
2015-07-10-13 06 00.857	  31.02737235 121.43954106 1.5  0.0 0.0
2015-07-10-13 06 00.959	  31.02737235 121.43954106 1.5  0.0 0.0
2015-07-10-13 06 01.064	  31.02737235 121.43954106 1.5  0.0 0.0
2015-07-10-13 06 01.168	  31.02737235 121.43954106 1.5  0.0 0.0
2015-07-10-13 06 01.278	  31.02737235 121.43954106 1.5  0.0 0.0
2015-07-10-13 06 01.380	  31.02737235 121.43954106 1.5  0.0 0.0
2015-07-10-13 06 01.483	  31.02737235 121.43954106 1.5  0.0 0.0
2015-07-10-13 06 01.584	  31.02737235 121.43954106 1.5  0.0 0.0
2015-07-10-13 06 01.686	  31.02737235 121.43954106 1.5  0.0 0.0
2015-07-10-13 06 01.790	  31.02737235 121.43954106 1.5  0.0 0.0
2015-07-10-13 06 01.893	  31.02737235 121.43954106 1.5  0.0 0.0
2015-07-10-13 06 01.996	  31.02737235 121.43954106 1.5  0.0 0.0
2015-07-10-13 06 02.099	  31.02737235 121.43954106 1.5  0.0 0.0
2015-07-10-13 06 02.205	  31.02737235 121.43954106 1.5  0.0 0.0
2015-07-10-13 06 02.307	  31.02737235 121.43954106 1.5  0.0 0.0
2015-07-10-13 06 02.410	  31.02737235 121.43954106 1.5  0.0 0.0
2015-07-10-13 06 02.516	  31.02737235 121.43954106 1.5  0.0 0.0
2015-07-10-13 06 02.618	  31.02737235 121.43954106 1.5  0.0 0.0
2015-07-10-13 06 02.722	  31.02734478 121.43955133 1.5  0.0 0.0
2015-07-10-13 06 02.826	  31.02734478 121.43955133 1.5  0.0 0.0
2015-07-10-13 06 02.930	  31.02734478 121.43955133 1.5  0.0 0.0
2015-07-10-13 06 03.032	  31.02734478 121.43955133 1.5  0.0 0.0
2015-07-10-13 06 03.137	  31.02734478 121.43955133 1.5  0.0 0.0
2015-07-10-13 06 03.243	  31.02734478 121.43955133 1.5  0.0 0.0
2015-07-10-13 06 03.346	  31.02734478 121.43955133 1.5  0.0 0.0
2015-07-10-13 06 03.448	  31.02734478 121.43955133 1.5  0.0 0.0
2015-07-10-13 06 03.550	  31.02734478 121.43955133 1.5  0.0 0.0
2015-07-10-13 06 03.651	  31.02734478 121.43955133 1.5  0.0 0.0
2015-07-10-13 06 03.753	  31.02734478 121.43955133 1.5  0.0 0.0
2015-07-10-13 06 03.855	  31.02734478 121.43955133 1.5  0.0 0.0
2015-07-10-13 06 03.958	  31.02734478 121.43955133 1.5  0.0 0.0
2015-07-10-13 06 04.074	  31.02734478 121.43955133 1.5  0.0 0.0
2015-07-10-13 06 04.175	  31.02734478 121.43955133 1.5  0.0 0.0
2015-07-10-13 06 04.279	  31.02734478 121.43955133 1.5  0.0 0.0
2015-07-10-13 06 04.381	  31.02734478 121.43955133 1.5  0.0 0.0
2015-07-10-13 06 04.482	  31.02734478 121.43955133 1.5  0.0 0.0
2015-07-10-13 06 04.587	  31.02734478 121.43955133 1.5  0.0 0.0
2015-07-10-13 06 04.699	  31.02734478 121.43955133 1.5  0.0 0.0
2015-07-10-13 06 04.803	  31.02731624 121.43955293 1.5  0.0 0.0
2015-07-10-13 06 04.911	  31.02731624 121.43955293 1.5  0.0 0.0
2015-07-10-13 06 05.013	  31.02731624 121.43955293 1.5  0.0 0.0
2015-07-10-13 06 05.114	  31.02731624 121.43955293 1.5  0.0 0.0
2015-07-10-13 06 05.218	  31.02731624 121.43955293 1.5  0.0 0.0
2015-07-10-13 06 05.320	  31.02731624 121.43955293 1.5  0.0 0.0
2015-07-10-13 06 05.432	  31.02731624 121.43955293 1.5  0.0 0.0
2015-07-10-13 06 05.534	  31.02731624 121.43955293 1.5  0.0 0.0
2015-07-10-13 06 05.636	  31.02731624 121.43955293 1.5  0.0 0.0
2015-07-10-13 06 05.739	  31.02731624 121.43955293 1.5  0.0 0.0
2015-07-10-13 06 05.856	  31.02731624 121.43955293 1.5  0.0 0.0
2015-07-10-13 06 05.957	  31.02731624 121.43955293 1.5  0.0 0.0
2015-07-10-13 06 06.059	  31.02731624 121.43955293 1.5  0.0 0.0
2015-07-10-13 06 06.161	  31.02731624 121.43955293 1.5  0.0 0.0
2015-07-10-13 06 06.277	  31.02731624 121.43955293 1.5  0.0 0.0
2015-07-10-13 06 06.378	  31.02731624 121.43955293 1.5  0.0 0.0
2015-07-10-13 06 06.481	  31.02731624 121.43955293 1.5  0.0 0.0
2015-07-10-13 06 06.584	  31.02731624 121.43955293 1.5  0.0 0.0
2015-07-10-13 06 06.698	  31.02731624 121.43955293 1.5  0.0 0.0
2015-07-10-13 06 06.801	  31.02729014 121.439555 1.5  0.0 0.0
2015-07-10-13 06 06.904	  31.02729014 121.439555 1.5  0.0 0.0
2015-07-10-13 06 07.008	  31.02729014 121.439555 1.5  0.0 0.0
2015-07-10-13 06 07.124	  31.02729014 121.439555 1.5  0.0 0.0
2015-07-10-13 06 07.226	  31.02729014 121.439555 1.5  0.0 0.0
2015-07-10-13 06 07.328	  31.02729014 121.439555 1.5  0.0 0.0
2015-07-10-13 06 07.430	  31.02729014 121.439555 1.5  0.0 0.0
2015-07-10-13 06 07.546	  31.02729014 121.439555 1.5  0.0 0.0
2015-07-10-13 06 07.647	  31.02729014 121.439555 1.5  0.0 0.0
2015-07-10-13 06 07.751	  31.02729014 121.439555 1.5  0.0 0.0
2015-07-10-13 06 07.853	  31.02729014 121.439555 1.5  0.0 0.0
2015-07-10-13 06 07.956	  31.02729014 121.439555 1.5  0.0 0.0
2015-07-10-13 06 08.058	  31.02729014 121.439555 1.5  0.0 0.0
2015-07-10-13 06 08.163	  31.02729014 121.439555 1.5  0.0 0.0
2015-07-10-13 06 08.268	  31.02729014 121.439555 1.5  0.0 0.0
2015-07-10-13 06 08.379	  31.02729014 121.439555 1.5  0.0 0.0
2015-07-10-13 06 08.480	  31.02729014 121.439555 1.5  0.0 0.0
2015-07-10-13 06 08.583	  31.02729014 121.439555 1.5  0.0 0.0
2015-07-10-13 06 08.685	  31.02729014 121.439555 1.5  0.0 0.0
2015-07-10-13 06 08.796	  31.02726773 121.43955595 1.5  0.0 0.0
2015-07-10-13 06 08.897	  31.02726773 121.43955595 1.5  0.0 0.0
2015-07-10-13 06 09.004	  31.02726773 121.43955595 1.5  0.0 0.0
2015-07-10-13 06 09.107	  31.02726773 121.43955595 1.5  0.0 0.0
2015-07-10-13 06 09.215	  31.02726773 121.43955595 1.5  0.0 0.0
2015-07-10-13 06 09.321	  31.02726773 121.43955595 1.5  0.0 0.0
2015-07-10-13 06 09.432	  31.02726773 121.43955595 1.5  0.0 0.0
2015-07-10-13 06 09.534	  31.02726773 121.43955595 1.5  0.0 0.0
2015-07-10-13 06 09.638	  31.02726773 121.43955595 1.5  0.0 0.0
2015-07-10-13 06 09.741	  31.02726773 121.43955595 1.5  0.0 0.0
2015-07-10-13 06 09.845	  31.02726773 121.43955595 1.5  0.0 0.0
2015-07-10-13 06 09.948	  31.02726773 121.43955595 1.5  0.0 0.0
2015-07-10-13 06 10.070	  31.02726773 121.43955595 1.5  0.0 0.0
2015-07-10-13 06 10.177	  31.02726773 121.43955595 1.5  0.0 0.0
2015-07-10-13 06 10.280	  31.02726773 121.43955595 1.5  0.0 0.0
2015-07-10-13 06 10.388	  31.02726773 121.43955595 1.5  0.0 0.0
2015-07-10-13 06 10.490	  31.02726773 121.43955595 1.5  0.0 0.0
2015-07-10-13 06 10.597	  31.02726773 121.43955595 1.5  0.0 0.0
2015-07-10-13 06 10.700	  31.02724515 121.43956409 1.5  0.0 0.0
2015-07-10-13 06 10.810	  31.02724515 121.43956409 1.5  0.0 0.0
2015-07-10-13 06 10.913	  31.02724515 121.43956409 1.5  0.0 0.0
2015-07-10-13 06 11.024	  31.02724515 121.43956409 1.5  0.0 0.0
2015-07-10-13 06 11.127	  31.02724515 121.43956409 1.5  0.0 0.0
2015-07-10-13 06 11.238	  31.02724515 121.43956409 1.5  0.0 0.0
2015-07-10-13 06 11.340	  31.02724515 121.43956409 1.5  0.0 0.0
2015-07-10-13 06 11.454	  31.02724515 121.43956409 1.5  0.0 0.0
2015-07-10-13 06 11.556	  31.02724515 121.43956409 1.5  0.0 0.0
2015-07-10-13 06 11.670	  31.02724515 121.43956409 1.5  0.0 0.0
2015-07-10-13 06 11.772	  31.02724515 121.43956409 1.5  0.0 0.0
2015-07-10-13 06 11.879	  31.02724515 121.43956409 1.5  0.0 0.0
2015-07-10-13 06 11.984	  31.02724515 121.43956409 1.5  0.0 0.0
2015-07-10-13 06 12.098	  31.02724515 121.43956409 1.5  0.0 0.0
2015-07-10-13 06 12.200	  31.02724515 121.43956409 1.5  0.0 0.0
2015-07-10-13 06 12.305	  31.02724515 121.43956409 1.5  0.0 0.0
2015-07-10-13 06 12.410	  31.02724515 121.43956409 1.5  0.0 0.0
2015-07-10-13 06 12.521	  31.02724515 121.43956409 1.5  0.0 0.0
2015-07-10-13 06 12.623	  31.02724515 121.43956409 1.5  0.0 0.0
2015-07-10-13 06 12.729	  31.02722327 121.43957277 1.5  0.0 0.0
2015-07-10-13 06 12.834	  31.02722327 121.43957277 1.5  0.0 0.0
2015-07-10-13 06 12.945	  31.02722327 121.43957277 1.5  0.0 0.0
2015-07-10-13 06 13.050	  31.02722327 121.43957277 1.5  0.0 0.0
2015-07-10-13 06 13.161	  31.02722327 121.43957277 1.5  0.0 0.0
2015-07-10-13 06 13.265	  31.02722327 121.43957277 1.5  0.0 0.0
2015-07-10-13 06 13.379	  31.02722327 121.43957277 1.5  0.0 0.0
2015-07-10-13 06 13.481	  31.02722327 121.43957277 1.5  0.0 0.0
2015-07-10-13 06 13.591	  31.02722327 121.43957277 1.5  0.0 0.0
2015-07-10-13 06 13.693	  31.02722327 121.43957277 1.5  0.0 0.0
2015-07-10-13 06 13.812	  31.02722327 121.43957277 1.5  0.0 0.0
2015-07-10-13 06 13.913	  31.02722327 121.43957277 1.5  0.0 0.0
2015-07-10-13 06 14.017	  31.02722327 121.43957277 1.5  0.0 0.0
2015-07-10-13 06 14.120	  31.02722327 121.43957277 1.5  0.0 0.0
2015-07-10-13 06 14.232	  31.02722327 121.43957277 1.5  0.0 0.0
2015-07-10-13 06 14.335	  31.02722327 121.43957277 1.5  0.0 0.0
2015-07-10-13 06 14.451	  31.02722327 121.43957277 1.5  0.0 0.0
2015-07-10-13 06 14.553	  31.02722327 121.43957277 1.5  0.0 0.0
2015-07-10-13 06 14.659	  31.02722327 121.43957277 1.5  0.0 0.0
2015-07-10-13 06 14.764	  31.02722327 121.43957277 1.5  0.0 0.0
2015-07-10-13 06 14.881	  31.02720054 121.43957581 1.5  0.0 0.0
2015-07-10-13 06 14.983	  31.02720054 121.43957581 1.5  0.0 0.0
2015-07-10-13 06 15.092	  31.02720054 121.43957581 1.5  0.0 0.0
2015-07-10-13 06 15.197	  31.02720054 121.43957581 1.5  0.0 0.0
2015-07-10-13 06 15.300	  31.02720054 121.43957581 1.5  0.0 0.0
2015-07-10-13 06 15.415	  31.02720054 121.43957581 1.5  0.0 0.0
2015-07-10-13 06 15.517	  31.02720054 121.43957581 1.5  0.0 0.0
2015-07-10-13 06 15.627	  31.02720054 121.43957581 1.5  0.0 0.0
2015-07-10-13 06 15.732	  31.02720054 121.43957581 1.5  0.0 0.0
2015-07-10-13 06 15.895	  31.02720054 121.43957581 1.5  0.0 0.0
2015-07-10-13 06 15.997	  31.02720054 121.43957581 1.5  0.0 0.0
2015-07-10-13 06 16.138	  31.02720054 121.43957581 1.5  0.0 0.0
2015-07-10-13 06 16.240	  31.02720054 121.43957581 1.5  0.0 0.0
2015-07-10-13 06 16.386	  31.02720054 121.43957581 1.5  0.0 0.0
2015-07-10-13 06 16.489	  31.02720054 121.43957581 1.5  0.0 0.0
2015-07-10-13 06 16.646	  31.02720054 121.43957581 1.5  0.0 0.0
2015-07-10-13 06 16.757	  31.02717868 121.43957879 1.25  0.0 0.0
2015-07-10-13 06 16.859	  31.02717868 121.43957879 1.25  0.0 0.0
2015-07-10-13 06 16.965	  31.02717868 121.43957879 1.25  0.0 0.0
2015-07-10-13 06 17.068	  31.02717868 121.43957879 1.25  0.0 0.0
2015-07-10-13 06 17.187	  31.02717868 121.43957879 1.25  0.0 0.0
2015-07-10-13 06 17.290	  31.02717868 121.43957879 1.25  0.0 0.0
2015-07-10-13 06 17.399	  31.02717868 121.43957879 1.25  0.0 0.0
2015-07-10-13 06 17.510	  31.02717868 121.43957879 1.25  0.0 0.0
2015-07-10-13 06 17.684	  31.02717868 121.43957879 1.25  0.0 0.0
2015-07-10-13 06 17.789	  31.02717868 121.43957879 1.25  0.0 0.0
2015-07-10-13 06 17.927	  31.02717868 121.43957879 1.25  0.0 0.0
2015-07-10-13 06 18.039	  31.02717868 121.43957879 1.25  0.0 0.0
2015-07-10-13 06 18.142	  31.02717868 121.43957879 1.25  0.0 0.0
2015-07-10-13 06 18.251	  31.02717868 121.43957879 1.25  0.0 0.0
2015-07-10-13 06 18.354	  31.02717868 121.43957879 1.25  0.0 0.0
2015-07-10-13 06 18.550	  31.02717868 121.43957879 1.25  0.0 0.0
2015-07-10-13 06 18.653	  31.0271567 121.43958752 1.25  0.0 0.0
2015-07-10-13 06 18.834	  31.0271567 121.43958752 1.25  0.0 0.0
2015-07-10-13 06 18.939	  31.0271567 121.43958752 1.25  0.0 0.0
2015-07-10-13 06 19.042	  31.0271567 121.43958752 1.25  0.0 0.0
2015-07-10-13 06 19.193	  31.0271567 121.43958752 1.25  0.0 0.0
2015-07-10-13 06 19.298	  31.0271567 121.43958752 1.25  0.0 0.0
2015-07-10-13 06 19.441	  31.0271567 121.43958752 1.25  0.0 0.0
2015-07-10-13 06 19.544	  31.0271567 121.43958752 1.25  0.0 0.0
2015-07-10-13 06 19.684	  31.0271567 121.43958752 1.25  0.0 0.0
2015-07-10-13 06 19.812	  31.0271567 121.43958752 1.25  0.0 0.0
2015-07-10-13 06 19.913	  31.0271567 121.43958752 1.25  0.0 0.0
2015-07-10-13 06 20.031	  31.0271567 121.43958752 1.25  0.0 0.0
2015-07-10-13 06 20.134	  31.0271567 121.43958752 1.25  0.0 0.0
2015-07-10-13 06 20.269	  31.0271567 121.43958752 1.25  0.0 0.0
2015-07-10-13 06 20.434	  31.0271567 121.43958752 1.25  0.0 0.0
2015-07-10-13 06 20.539	  31.0271567 121.43958752 1.25  0.0 0.0
2015-07-10-13 06 20.642	  31.0271567 121.43958752 1.25  0.0 0.0
2015-07-10-13 06 20.796	  31.02713957 121.43959852 1.25  0.0 0.0
2015-07-10-13 06 20.897	  31.02713957 121.43959852 1.25  0.0 0.0
2015-07-10-13 06 21.035	  31.02713957 121.43959852 1.25  0.0 0.0
2015-07-10-13 06 21.142	  31.02713957 121.43959852 1.25  0.0 0.0
2015-07-10-13 06 21.245	  31.02713957 121.43959852 1.25  0.0 0.0
2015-07-10-13 06 21.426	  31.02713957 121.43959852 1.25  0.0 0.0
2015-07-10-13 06 21.529	  31.02713957 121.43959852 1.25  0.0 0.0
2015-07-10-13 06 21.667	  31.02713957 121.43959852 1.25  0.0 0.0
2015-07-10-13 06 21.788	  31.02713957 121.43959852 1.25  0.0 0.0
2015-07-10-13 06 21.891	  31.02713957 121.43959852 1.25  0.0 0.0
2015-07-10-13 06 22.032	  31.02713957 121.43959852 1.25  0.0 0.0
2015-07-10-13 06 22.139	  31.02713957 121.43959852 1.25  0.0 0.0
2015-07-10-13 06 22.309	  31.02713957 121.43959852 1.25  0.0 0.0
2015-07-10-13 06 22.412	  31.02713957 121.43959852 1.25  0.0 0.0
2015-07-10-13 06 22.539	  31.02713957 121.43959852 1.25  0.0 0.0
2015-07-10-13 06 22.642	  31.02713957 121.43959852 1.25  0.0 0.0
2015-07-10-13 06 22.841	  31.02711866 121.43960421 1.25  0.0 0.0
2015-07-10-13 06 22.946	  31.02711866 121.43960421 1.25  0.0 0.0
2015-07-10-13 06 23.049	  31.02711866 121.43960421 1.25  0.0 0.0
2015-07-10-13 06 23.204	  31.02711866 121.43960421 1.25  0.0 0.0
2015-07-10-13 06 23.306	  31.02711866 121.43960421 1.25  0.0 0.0
2015-07-10-13 06 23.456	  31.02711866 121.43960421 1.25  0.0 0.0
2015-07-10-13 06 23.571	  31.02711866 121.43960421 1.25  0.0 0.0
2015-07-10-13 06 23.673	  31.02711866 121.43960421 1.25  0.0 0.0
2015-07-10-13 06 23.809	  31.02711866 121.43960421 1.25  0.0 0.0
2015-07-10-13 06 23.916	  31.02711866 121.43960421 1.25  0.0 0.0
2015-07-10-13 06 24.081	  31.02711866 121.43960421 1.25  0.0 0.0
2015-07-10-13 06 24.196	  31.02711866 121.43960421 1.25  0.0 0.0
2015-07-10-13 06 24.302	  31.02711866 121.43960421 1.25  0.0 0.0
2015-07-10-13 06 24.467	  31.02711866 121.43960421 1.25  0.0 0.0
2015-07-10-13 06 24.570	  31.02711866 121.43960421 1.25  0.0 0.0
2015-07-10-13 06 24.691	  31.02709489 121.43961358 1.25  0.0 0.0
2015-07-10-13 06 24.832	  31.02709489 121.43961358 1.25  0.0 0.0
2015-07-10-13 06 24.935	  31.02709489 121.43961358 1.25  0.0 0.0
2015-07-10-13 06 25.082	  31.02709489 121.43961358 1.25  0.0 0.0
2015-07-10-13 06 25.184	  31.02709489 121.43961358 1.25  0.0 0.0
2015-07-10-13 06 25.310	  31.02709489 121.43961358 1.25  0.0 0.0
2015-07-10-13 06 25.431	  31.02709489 121.43961358 1.25  0.0 0.0
2015-07-10-13 06 25.568	  31.02709489 121.43961358 1.25  0.0 0.0
2015-07-10-13 06 25.670	  31.02709489 121.43961358 1.25  0.0 0.0
2015-07-10-13 06 25.831	  31.02709489 121.43961358 1.25  0.0 0.0
2015-07-10-13 06 25.936	  31.02709489 121.43961358 1.25  0.0 0.0
2015-07-10-13 06 26.039	  31.02709489 121.43961358 1.25  0.0 0.0
2015-07-10-13 06 26.189	  31.02709489 121.43961358 1.25  0.0 0.0
2015-07-10-13 06 26.291	  31.02709489 121.43961358 1.25  0.0 0.0
2015-07-10-13 06 26.393	  31.02709489 121.43961358 1.25  0.0 0.0
2015-07-10-13 06 26.538	  31.02709489 121.43961358 1.25  0.0 0.0
2015-07-10-13 06 26.639	  31.02709489 121.43961358 1.25  0.0 0.0
2015-07-10-13 06 26.749	  31.02707239 121.43962095 1.25  0.0 0.0
2015-07-10-13 06 26.855	  31.02707239 121.43962095 1.25  0.0 0.0
2015-07-10-13 06 26.957	  31.02707239 121.43962095 1.25  0.0 0.0
2015-07-10-13 06 27.133	  31.02707239 121.43962095 1.25  0.0 0.0
2015-07-10-13 06 27.234	  31.02707239 121.43962095 1.25  0.0 0.0
2015-07-10-13 06 27.337	  31.02707239 121.43962095 1.25  0.0 0.0
2015-07-10-13 06 27.457	  31.02707239 121.43962095 1.25  0.0 0.0
2015-07-10-13 06 27.560	  31.02707239 121.43962095 1.25  0.0 0.0
2015-07-10-13 06 27.663	  31.02707239 121.43962095 1.25  0.0 0.0
2015-07-10-13 06 27.837	  31.02707239 121.43962095 1.25  0.0 0.0
2015-07-10-13 06 27.940	  31.02707239 121.43962095 1.25  0.0 0.0
2015-07-10-13 06 28.044	  31.02707239 121.43962095 1.25  0.0 0.0
2015-07-10-13 06 28.205	  31.02707239 121.43962095 1.25  0.0 0.0
2015-07-10-13 06 28.307	  31.02707239 121.43962095 1.25  0.0 0.0
2015-07-10-13 06 28.409	  31.02707239 121.43962095 1.25  0.0 0.0
2015-07-10-13 06 28.530	  31.02707239 121.43962095 1.25  0.0 0.0
2015-07-10-13 06 28.636	  31.02707239 121.43962095 1.25  0.0 0.0
2015-07-10-13 06 28.743	  31.0270508 121.43962764 1.25  0.0 0.0
2015-07-10-13 06 28.861	  31.0270508 121.43962764 1.25  0.0 0.0
2015-07-10-13 06 28.965	  31.0270508 121.43962764 1.25  0.0 0.0
2015-07-10-13 06 29.068	  31.0270508 121.43962764 1.25  0.0 0.0
2015-07-10-13 06 29.220	  31.0270508 121.43962764 1.25  0.0 0.0
2015-07-10-13 06 29.324	  31.0270508 121.43962764 1.25  0.0 0.0
2015-07-10-13 06 29.427	  31.0270508 121.43962764 1.25  0.0 0.0
2015-07-10-13 06 29.565	  31.0270508 121.43962764 1.25  0.0 0.0
2015-07-10-13 06 29.668	  31.0270508 121.43962764 1.25  0.0 0.0
2015-07-10-13 06 29.780	  31.0270508 121.43962764 1.25  0.0 0.0
2015-07-10-13 06 29.901	  31.0270508 121.43962764 1.25  0.0 0.0
2015-07-10-13 06 30.019	  31.0270508 121.43962764 1.25  0.0 0.0
2015-07-10-13 06 30.121	  31.0270508 121.43962764 1.25  0.0 0.0
2015-07-10-13 06 30.270	  31.0270508 121.43962764 1.25  0.0 0.0
2015-07-10-13 06 30.377	  31.0270508 121.43962764 1.25  0.0 0.0
2015-07-10-13 06 30.496	  31.0270508 121.43962764 1.25  0.0 0.0
2015-07-10-13 06 30.603	  31.0270508 121.43962764 1.25  0.0 0.0
2015-07-10-13 06 30.706	  31.02702938 121.43963737 1.25  0.0 0.0
2015-07-10-13 06 30.823	  31.02702938 121.43963737 1.25  0.0 0.0
2015-07-10-13 06 30.930	  31.02702938 121.43963737 1.25  0.0 0.0
2015-07-10-13 06 31.031	  31.02702938 121.43963737 1.25  0.0 0.0
2015-07-10-13 06 31.179	  31.02702938 121.43963737 1.25  0.0 0.0
2015-07-10-13 06 31.287	  31.02702938 121.43963737 1.25  0.0 0.0
2015-07-10-13 06 31.389	  31.02702938 121.43963737 1.25  0.0 0.0
2015-07-10-13 06 31.506	  31.02702938 121.43963737 1.25  0.0 0.0
2015-07-10-13 06 31.613	  31.02702938 121.43963737 1.25  0.0 0.0
2015-07-10-13 06 31.716	  31.02702938 121.43963737 1.25  0.0 0.0
2015-07-10-13 06 31.834	  31.02702938 121.43963737 1.25  0.0 0.0
2015-07-10-13 06 31.942	  31.02702938 121.43963737 1.25  0.0 0.0
2015-07-10-13 06 32.045	  31.02702938 121.43963737 1.25  0.0 0.0
2015-07-10-13 06 32.201	  31.02702938 121.43963737 1.25  0.0 0.0
2015-07-10-13 06 32.303	  31.02702938 121.43963737 1.25  0.0 0.0
2015-07-10-13 06 32.437	  31.02702938 121.43963737 1.25  0.0 0.0
2015-07-10-13 06 32.589	  31.02702938 121.43963737 1.25  0.0 0.0
2015-07-10-13 06 32.710	  31.02700652 121.43963916 1.25  0.0 0.0
2015-07-10-13 06 32.817	  31.02700652 121.43963916 1.25  0.0 0.0
2015-07-10-13 06 32.921	  31.02700652 121.43963916 1.25  0.0 0.0
2015-07-10-13 06 33.064	  31.02700652 121.43963916 1.25  0.0 0.0
2015-07-10-13 06 33.231	  31.02700652 121.43963916 1.25  0.0 0.0
2015-07-10-13 06 33.333	  31.02700652 121.43963916 1.25  0.0 0.0
2015-07-10-13 06 33.435	  31.02700652 121.43963916 1.25  0.0 0.0
2015-07-10-13 06 33.587	  31.02700652 121.43963916 1.25  0.0 0.0
2015-07-10-13 06 33.704	  31.02700652 121.43963916 1.25  0.0 0.0
2015-07-10-13 06 33.812	  31.02700652 121.43963916 1.25  0.0 0.0
2015-07-10-13 06 33.914	  31.02700652 121.43963916 1.25  0.0 0.0
2015-07-10-13 06 34.046	  31.02700652 121.43963916 1.25  0.0 0.0
2015-07-10-13 06 34.223	  31.02700652 121.43963916 1.25  0.0 0.0
2015-07-10-13 06 34.326	  31.02700652 121.43963916 1.25  0.0 0.0
2015-07-10-13 06 34.428	  31.02700652 121.43963916 1.25  0.0 0.0
2015-07-10-13 06 34.570	  31.02700652 121.43963916 1.25  0.0 0.0
2015-07-10-13 06 34.673	  31.02698185 121.43964127 1.25  0.0 0.0
2015-07-10-13 06 34.832	  31.02698185 121.43964127 1.25  0.0 0.0
2015-07-10-13 06 34.948	  31.02698185 121.43964127 1.25  0.0 0.0
2015-07-10-13 06 35.050	  31.02698185 121.43964127 1.25  0.0 0.0
2015-07-10-13 06 35.156	  31.02698185 121.43964127 1.25  0.0 0.0
2015-07-10-13 06 35.333	  31.02698185 121.43964127 1.25  0.0 0.0
2015-07-10-13 06 35.472	  31.02698185 121.43964127 1.25  0.0 0.0
2015-07-10-13 06 35.610	  31.02698185 121.43964127 1.25  0.0 0.0
2015-07-10-13 06 35.740	  31.02698185 121.43964127 1.25  0.0 0.0
2015-07-10-13 06 35.842	  31.02698185 121.43964127 1.25  0.0 0.0
2015-07-10-13 06 35.944	  31.02698185 121.43964127 1.25  0.0 0.0
2015-07-10-13 06 36.070	  31.02698185 121.43964127 1.25  0.0 0.0
2015-07-10-13 06 36.174	  31.02698185 121.43964127 1.25  0.0 0.0
2015-07-10-13 06 36.341	  31.02698185 121.43964127 1.25  0.0 0.0
2015-07-10-13 06 36.459	  31.02698185 121.43964127 1.25  0.0 0.0
2015-07-10-13 06 36.568	  31.02698185 121.43964127 1.25  0.0 0.0
2015-07-10-13 06 36.672	  31.02695743 121.43964491 1.25  0.0 0.0
2015-07-10-13 06 36.804	  31.02695743 121.43964491 1.25  0.0 0.0
2015-07-10-13 06 36.922	  31.02695743 121.43964491 1.25  0.0 0.0
2015-07-10-13 06 37.027	  31.02695743 121.43964491 1.25  0.0 0.0
2015-07-10-13 06 37.130	  31.02695743 121.43964491 1.25  0.0 0.0
2015-07-10-13 06 37.269	  31.02695743 121.43964491 1.25  0.0 0.0
2015-07-10-13 06 37.419	  31.02695743 121.43964491 1.25  0.0 0.0
2015-07-10-13 06 37.522	  31.02695743 121.43964491 1.25  0.0 0.0
2015-07-10-13 06 37.627	  31.02695743 121.43964491 1.25  0.0 0.0
2015-07-10-13 06 37.794	  31.02695743 121.43964491 1.25  0.0 0.0
2015-07-10-13 06 37.910	  31.02695743 121.43964491 1.25  0.0 0.0
2015-07-10-13 06 38.019	  31.02695743 121.43964491 1.25  0.0 0.0
2015-07-10-13 06 38.122	  31.02695743 121.43964491 1.25  0.0 0.0
2015-07-10-13 06 38.285	  31.02695743 121.43964491 1.25  0.0 0.0
2015-07-10-13 06 38.425	  31.02695743 121.43964491 1.25  0.0 0.0
2015-07-10-13 06 38.542	  31.02695743 121.43964491 1.25  0.0 0.0
2015-07-10-13 06 38.644	  31.02695743 121.43964491 1.25  0.0 0.0
2015-07-10-13 06 38.752	  31.02693457 121.43965111 1.25  0.0 0.0
2015-07-10-13 06 38.904	  31.02693457 121.43965111 1.25  0.0 0.0
2015-07-10-13 06 39.082	  31.02693457 121.43965111 1.25  0.0 0.0
2015-07-10-13 06 39.189	  31.02693457 121.43965111 1.25  0.0 0.0
2015-07-10-13 06 39.291	  31.02693457 121.43965111 1.25  0.0 0.0
2015-07-10-13 06 39.431	  31.02693457 121.43965111 1.25  0.0 0.0
2015-07-10-13 06 39.572	  31.02693457 121.43965111 1.25  0.0 0.0
2015-07-10-13 06 39.683	  31.02693457 121.43965111 1.25  0.0 0.0
2015-07-10-13 06 39.786	  31.02693457 121.43965111 1.25  0.0 0.0
2015-07-10-13 06 39.925	  31.02693457 121.43965111 1.25  0.0 0.0
2015-07-10-13 06 40.066	  31.02693457 121.43965111 1.25  0.0 0.0
2015-07-10-13 06 40.174	  31.02693457 121.43965111 1.25  0.0 0.0
2015-07-10-13 06 40.276	  31.02693457 121.43965111 1.25  0.0 0.0
2015-07-10-13 06 40.417	  31.02693457 121.43965111 1.25  0.0 0.0
2015-07-10-13 06 40.536	  31.02693457 121.43965111 1.25  0.0 0.0
2015-07-10-13 06 40.695	  31.02691314 121.43965802 1.25  0.0 0.0
2015-07-10-13 06 40.841	  31.02691314 121.43965802 1.25  0.0 0.0
2015-07-10-13 06 40.949	  31.02691314 121.43965802 1.25  0.0 0.0
2015-07-10-13 06 41.056	  31.02691314 121.43965802 1.25  0.0 0.0
2015-07-10-13 06 41.233	  31.02691314 121.43965802 1.25  0.0 0.0
2015-07-10-13 06 41.335	  31.02691314 121.43965802 1.25  0.0 0.0
2015-07-10-13 06 41.477	  31.02691314 121.43965802 1.25  0.0 0.0
2015-07-10-13 06 41.630	  31.02691314 121.43965802 1.25  0.0 0.0
2015-07-10-13 06 41.736	  31.02691314 121.43965802 1.25  0.0 0.0
2015-07-10-13 06 41.839	  31.02691314 121.43965802 1.25  0.0 0.0
2015-07-10-13 06 41.971	  31.02691314 121.43965802 1.25  0.0 0.0
2015-07-10-13 06 42.116	  31.02691314 121.43965802 1.25  0.0 0.0
2015-07-10-13 06 42.234	  31.02691314 121.43965802 1.25  0.0 0.0
2015-07-10-13 06 42.336	  31.02691314 121.43965802 1.25  0.0 0.0
2015-07-10-13 06 42.456	  31.02691314 121.43965802 1.25  0.0 0.0
2015-07-10-13 06 42.619	  31.02691314 121.43965802 1.25  0.0 0.0
2015-07-10-13 06 42.723	  31.02688844 121.43967107 1.25  0.0 0.0
2015-07-10-13 06 42.825	  31.02688844 121.43967107 1.25  0.0 0.0
2015-07-10-13 06 42.985	  31.02688844 121.43967107 1.25  0.0 0.0
2015-07-10-13 06 43.102	  31.02688844 121.43967107 1.25  0.0 0.0
2015-07-10-13 06 43.206	  31.02688844 121.43967107 1.25  0.0 0.0
2015-07-10-13 06 43.308	  31.02688844 121.43967107 1.25  0.0 0.0
2015-07-10-13 06 43.450	  31.02688844 121.43967107 1.25  0.0 0.0
2015-07-10-13 06 43.591	  31.02688844 121.43967107 1.25  0.0 0.0
2015-07-10-13 06 43.693	  31.02688844 121.43967107 1.25  0.0 0.0
2015-07-10-13 06 43.814	  31.02688844 121.43967107 1.25  0.0 0.0
2015-07-10-13 06 43.917	  31.02688844 121.43967107 1.25  0.0 0.0
2015-07-10-13 06 44.084	  31.02688844 121.43967107 1.25  0.0 0.0
2015-07-10-13 06 44.229	  31.02688844 121.43967107 1.25  0.0 0.0
2015-07-10-13 06 44.340	  31.02688844 121.43967107 1.25  0.0 0.0
2015-07-10-13 06 44.441	  31.02688844 121.43967107 1.25  0.0 0.0
2015-07-10-13 06 44.592	  31.02688844 121.43967107 1.25  0.0 0.0
2015-07-10-13 06 44.755	  31.02686151 121.43968919 1.5  0.0 0.0
2015-07-10-13 06 44.859	  31.02686151 121.43968919 1.5  0.0 0.0
2015-07-10-13 06 44.963	  31.02686151 121.43968919 1.5  0.0 0.0
2015-07-10-13 06 45.093	  31.02686151 121.43968919 1.5  0.0 0.0
2015-07-10-13 06 45.240	  31.02686151 121.43968919 1.5  0.0 0.0
2015-07-10-13 06 45.350	  31.02686151 121.43968919 1.5  0.0 0.0
2015-07-10-13 06 45.455	  31.02686151 121.43968919 1.5  0.0 0.0
2015-07-10-13 06 45.625	  31.02686151 121.43968919 1.5  0.0 0.0
2015-07-10-13 06 45.751	  31.02686151 121.43968919 1.5  0.0 0.0
2015-07-10-13 06 45.871	  31.02686151 121.43968919 1.5  0.0 0.0
2015-07-10-13 06 45.984	  31.02686151 121.43968919 1.5  0.0 0.0
2015-07-10-13 06 46.087	  31.02686151 121.43968919 1.5  0.0 0.0
2015-07-10-13 06 46.238	  31.02686151 121.43968919 1.5  0.0 0.0
2015-07-10-13 06 46.356	  31.02686151 121.43968919 1.5  0.0 0.0
2015-07-10-13 06 46.458	  31.02686151 121.43968919 1.5  0.0 0.0
2015-07-10-13 06 46.561	  31.02686151 121.43968919 1.5  0.0 0.0
2015-07-10-13 06 46.688	  31.02683276 121.43970531 1.5  0.0 0.0
2015-07-10-13 06 46.832	  31.02683276 121.43970531 1.5  0.0 0.0
2015-07-10-13 06 46.937	  31.02683276 121.43970531 1.5  0.0 0.0
2015-07-10-13 06 47.040	  31.02683276 121.43970531 1.5  0.0 0.0
2015-07-10-13 06 47.146	  31.02683276 121.43970531 1.5  0.0 0.0
2015-07-10-13 06 47.318	  31.02683276 121.43970531 1.5  0.0 0.0
2015-07-10-13 06 47.458	  31.02683276 121.43970531 1.5  0.0 0.0
2015-07-10-13 06 47.612	  31.02683276 121.43970531 1.5  0.0 0.0
2015-07-10-13 06 47.789	  31.02683276 121.43970531 1.5  0.0 0.0
2015-07-10-13 06 47.904	  31.02683276 121.43970531 1.5  0.0 0.0
2015-07-10-13 06 48.047	  31.02683276 121.43970531 1.5  0.0 0.0
2015-07-10-13 06 48.206	  31.02683276 121.43970531 1.5  0.0 0.0
2015-07-10-13 06 48.327	  31.02683276 121.43970531 1.5  0.0 0.0
2015-07-10-13 06 48.444	  31.02683276 121.43970531 1.5  0.0 0.0
2015-07-10-13 06 48.583	  31.02683276 121.43970531 1.5  0.0 0.0
2015-07-10-13 06 48.741	  31.02680176 121.43972099 1.5  0.0 0.0
2015-07-10-13 06 48.878	  31.02680176 121.43972099 1.5  0.0 0.0
2015-07-10-13 06 48.993	  31.02680176 121.43972099 1.5  0.0 0.0
2015-07-10-13 06 49.109	  31.02680176 121.43972099 1.5  0.0 0.0
2015-07-10-13 06 49.285	  31.02680176 121.43972099 1.5  0.0 0.0
2015-07-10-13 06 49.408	  31.02680176 121.43972099 1.5  0.0 0.0
2015-07-10-13 06 49.585	  31.02680176 121.43972099 1.5  0.0 0.0
2015-07-10-13 06 49.701	  31.02678518 121.43972926 1.5  0.0 0.0
2015-07-10-13 06 49.829	  31.02678518 121.43972926 1.5  0.0 0.0
2015-07-10-13 06 49.961	  31.02678518 121.43972926 1.5  0.0 0.0
2015-07-10-13 06 50.117	  31.02678518 121.43972926 1.5  0.0 0.0
2015-07-10-13 06 50.283	  31.02678518 121.43972926 1.5  0.0 0.0
2015-07-10-13 06 50.397	  31.02678518 121.43972926 1.5  0.0 0.0
2015-07-10-13 06 50.531	  31.02678518 121.43972926 1.5  0.0 0.0
2015-07-10-13 06 50.670	  31.02678518 121.43972926 1.5  0.0 0.0
2015-07-10-13 06 50.792	  31.02678518 121.43972926 1.5  0.0 0.0
2015-07-10-13 06 50.901	  31.02678518 121.43972926 1.5  0.0 0.0
2015-07-10-13 06 51.017	  31.02678518 121.43972926 1.5  0.0 0.0
2015-07-10-13 06 51.165	  31.02678518 121.43972926 1.5  0.0 0.0
2015-07-10-13 06 51.280	  31.02678518 121.43972926 1.5  0.0 0.0
2015-07-10-13 06 51.412	  31.02678518 121.43972926 1.5  0.0 0.0
2015-07-10-13 06 51.586	  31.02678518 121.43972926 1.5  0.0 0.0
2015-07-10-13 06 51.701	  31.02675347 121.43973947 1.5  0.0 0.0
2015-07-10-13 06 51.844	  31.02675347 121.43973947 1.5  0.0 0.0
2015-07-10-13 06 51.985	  31.02675347 121.43973947 1.5  0.0 0.0
2015-07-10-13 06 52.134	  31.02675347 121.43973947 1.5  0.0 0.0
2015-07-10-13 06 52.250	  31.02675347 121.43973947 1.5  0.0 0.0
2015-07-10-13 06 52.377	  31.02675347 121.43973947 1.5  0.0 0.0
2015-07-10-13 06 52.498	  31.02675347 121.43973947 1.5  0.0 0.0
2015-07-10-13 06 52.630	  31.02675347 121.43973947 1.5  0.0 0.0
2015-07-10-13 06 52.751	  31.02675347 121.43973947 1.5  0.0 0.0
2015-07-10-13 06 52.869	  31.02675347 121.43973947 1.5  0.0 0.0
2015-07-10-13 06 53.014	  31.02675347 121.43973947 1.5  0.0 0.0
2015-07-10-13 06 53.184	  31.02675347 121.43973947 1.5  0.0 0.0
2015-07-10-13 06 53.302	  31.02675347 121.43973947 1.5  0.0 0.0
2015-07-10-13 06 53.438	  31.02675347 121.43973947 1.5  0.0 0.0
2015-07-10-13 06 53.594	  31.02675347 121.43973947 1.5  0.0 0.0
2015-07-10-13 06 53.696	  31.02672432 121.43974521 1.5  0.0 0.0
2015-07-10-13 06 53.800	  31.02672432 121.43974521 1.5  0.0 0.0
2015-07-10-13 06 53.904	  31.02672432 121.43974521 1.5  0.0 0.0
2015-07-10-13 06 54.007	  31.02672432 121.43974521 1.5  0.0 0.0
2015-07-10-13 06 54.111	  31.02672432 121.43974521 1.5  0.0 0.0
2015-07-10-13 06 54.236	  31.02672432 121.43974521 1.5  0.0 0.0
2015-07-10-13 06 54.367	  31.02672432 121.43974521 1.5  0.0 0.0
2015-07-10-13 06 54.508	  31.02672432 121.43974521 1.5  0.0 0.0
2015-07-10-13 06 54.682	  31.02672432 121.43974521 1.5  0.0 0.0
2015-07-10-13 06 54.801	  31.02672432 121.43974521 1.5  0.0 0.0
2015-07-10-13 06 54.942	  31.02672432 121.43974521 1.5  0.0 0.0
2015-07-10-13 06 55.081	  31.02672432 121.43974521 1.5  0.0 0.0
2015-07-10-13 06 55.222	  31.02672432 121.43974521 1.5  0.0 0.0
2015-07-10-13 06 55.368	  31.02672432 121.43974521 1.5  0.0 0.0
2015-07-10-13 06 55.512	  31.02672432 121.43974521 1.5  0.0 0.0
2015-07-10-13 06 55.654	  31.02670012 121.43974992 1.5  0.0 0.0
2015-07-10-13 06 55.811	  31.02670012 121.43974992 1.5  0.0 0.0
2015-07-10-13 06 55.933	  31.02670012 121.43974992 1.5  0.0 0.0
2015-07-10-13 06 56.070	  31.02670012 121.43974992 1.5  0.0 0.0
2015-07-10-13 06 56.224	  31.02670012 121.43974992 1.5  0.0 0.0
2015-07-10-13 06 56.353	  31.02670012 121.43974992 1.5  0.0 0.0
2015-07-10-13 06 56.512	  31.02670012 121.43974992 1.5  0.0 0.0
2015-07-10-13 06 56.642	  31.02670012 121.43974992 1.5  0.0 0.0
2015-07-10-13 06 56.781	  31.02670012 121.43974992 1.5  0.0 0.0
2015-07-10-13 06 56.886	  31.02670012 121.43974992 1.5  0.0 0.0
2015-07-10-13 06 56.991	  31.02670012 121.43974992 1.5  0.0 0.0
2015-07-10-13 06 57.131	  31.02670012 121.43974992 1.5  0.0 0.0
2015-07-10-13 06 57.293	  31.02670012 121.43974992 1.5  0.0 0.0
2015-07-10-13 06 57.413	  31.02670012 121.43974992 1.5  0.0 0.0
2015-07-10-13 06 57.555	  31.02670012 121.43974992 1.5  0.0 0.0
2015-07-10-13 06 57.699	  31.02667765 121.43975763 1.5  0.0 0.0
2015-07-10-13 06 57.837	  31.02667765 121.43975763 1.5  0.0 0.0
2015-07-10-13 06 57.955	  31.02667765 121.43975763 1.5  0.0 0.0
2015-07-10-13 06 58.073	  31.02667765 121.43975763 1.5  0.0 0.0
2015-07-10-13 06 58.218	  31.02667765 121.43975763 1.5  0.0 0.0
2015-07-10-13 06 58.384	  31.02667765 121.43975763 1.5  0.0 0.0
2015-07-10-13 06 58.501	  31.02667765 121.43975763 1.5  0.0 0.0
2015-07-10-13 06 58.637	  31.02667765 121.43975763 1.5  0.0 0.0
2015-07-10-13 06 58.792	  31.02667765 121.43975763 1.5  0.0 0.0
2015-07-10-13 06 58.939	  31.02667765 121.43975763 1.5  0.0 0.0
2015-07-10-13 06 59.074	  31.02667765 121.43975763 1.5  0.0 0.0
2015-07-10-13 06 59.221	  31.02667765 121.43975763 1.5  0.0 0.0
2015-07-10-13 06 59.362	  31.02667765 121.43975763 1.5  0.0 0.0
2015-07-10-13 06 59.531	  31.02667765 121.43975763 1.5  0.0 0.0
2015-07-10-13 06 59.648	  31.02665847 121.439772 1.5  0.0 0.0
2015-07-10-13 06 59.785	  31.02665847 121.439772 1.5  0.0 0.0
2015-07-10-13 06 59.904	  31.02665847 121.439772 1.5  0.0 0.0
2015-07-10-13 07 00.042	  31.02665847 121.439772 1.5  0.0 0.0
2015-07-10-13 07 00.181	  31.02665847 121.439772 1.5  0.0 0.0
2015-07-10-13 07 00.297	  31.02665847 121.439772 1.5  0.0 0.0
2015-07-10-13 07 00.432	  31.02665847 121.439772 1.5  0.0 0.0
2015-07-10-13 07 00.570	  31.02665847 121.439772 1.5  0.0 0.0
2015-07-10-13 07 00.716	  31.02665847 121.439772 1.5  0.0 0.0
2015-07-10-13 07 00.844	  31.02665847 121.439772 1.5  0.0 0.0
2015-07-10-13 07 00.963	  31.02665847 121.439772 1.5  0.0 0.0
2015-07-10-13 07 01.069	  31.02665847 121.439772 1.5  0.0 0.0
2015-07-10-13 07 01.173	  31.02665847 121.439772 1.5  0.0 0.0
2015-07-10-13 07 01.281	  31.02665847 121.439772 1.5  0.0 0.0
2015-07-10-13 07 01.397	  31.02665847 121.439772 1.5  0.0 0.0
2015-07-10-13 07 01.531	  31.02665847 121.439772 1.5  0.0 0.0
2015-07-10-13 07 01.685	  31.02665847 121.439772 1.5  0.0 0.0
2015-07-10-13 07 01.824	  31.02663899 121.43978505 1.25  0.0 0.0
2015-07-10-13 07 01.958	  31.02663899 121.43978505 1.25  0.0 0.0
2015-07-10-13 07 02.128	  31.02663899 121.43978505 1.25  0.0 0.0
2015-07-10-13 07 02.245	  31.02663899 121.43978505 1.25  0.0 0.0
2015-07-10-13 07 02.384	  31.02663899 121.43978505 1.25  0.0 0.0
2015-07-10-13 07 02.543	  31.02663899 121.43978505 1.25  0.0 0.0
2015-07-10-13 07 02.692	  31.02663899 121.43978505 1.25  0.0 0.0
2015-07-10-13 07 02.843	  31.02663899 121.43978505 1.25  0.0 0.0
2015-07-10-13 07 02.963	  31.02663899 121.43978505 1.25  0.0 0.0
2015-07-10-13 07 03.081	  31.02663899 121.43978505 1.25  0.0 0.0
2015-07-10-13 07 03.218	  31.02663899 121.43978505 1.25  0.0 0.0
2015-07-10-13 07 03.341	  31.02663899 121.43978505 1.25  0.0 0.0
2015-07-10-13 07 03.461	  31.02663899 121.43978505 1.25  0.0 0.0
2015-07-10-13 07 03.608	  31.02663899 121.43978505 1.25  0.0 0.0
2015-07-10-13 07 03.726	  31.02663899 121.43978505 1.25  0.0 0.0
