2015-07-02-19 13 40.045	  0.0 0.0 0.0  0.0 0.0
2015-07-02-19 13 40.147	  0.0 0.0 0.0  0.0 0.0
2015-07-02-19 13 40.250	  0.0 0.0 0.0  0.0 0.0
2015-07-02-19 13 40.352	  0.0 0.0 0.0  0.0 0.0
2015-07-02-19 13 40.455	  0.0 0.0 0.0  0.0 0.0
2015-07-02-19 13 40.557	  0.0 0.0 0.0  0.0 0.0
2015-07-02-19 13 40.661	  0.0 0.0 0.0  0.0 0.0
2015-07-02-19 13 40.763	  0.0 0.0 0.0  0.0 0.0
2015-07-02-19 13 40.865	  0.0 0.0 0.0  0.0 0.0
2015-07-02-19 13 40.967	  0.0 0.0 0.0  0.0 0.0
2015-07-02-19 13 41.070	  0.0 0.0 0.0  0.0 0.0
2015-07-02-19 13 41.171	  0.0 0.0 0.0  0.0 0.0
2015-07-02-19 13 41.273	  0.0 0.0 0.0  0.0 0.0
2015-07-02-19 13 41.374	  0.0 0.0 0.0  0.0 0.0
2015-07-02-19 13 41.477	  0.0 0.0 0.0  0.0 0.0
2015-07-02-19 13 41.579	  0.0 0.0 0.0  0.0 0.0
2015-07-02-19 13 41.680	  0.0 0.0 0.0  0.0 0.0
2015-07-02-19 13 41.782	  0.0 0.0 0.0  0.0 0.0
2015-07-02-19 13 41.884	  0.0 0.0 0.0  0.0 0.0
2015-07-02-19 13 41.986	  0.0 0.0 0.0  0.0 0.0
2015-07-02-19 13 42.088	  0.0 0.0 0.0  0.0 0.0
2015-07-02-19 13 42.189	  0.0 0.0 0.0  0.0 0.0
2015-07-02-19 13 42.291	  0.0 0.0 0.0  0.0 0.0
2015-07-02-19 13 42.394	  0.0 0.0 0.0  0.0 0.0
2015-07-02-19 13 42.495	  0.0 0.0 0.0  0.0 0.0
2015-07-02-19 13 42.601	  0.0 0.0 0.0  0.0 0.0
2015-07-02-19 13 42.703	  0.0 0.0 0.0  0.0 0.0
2015-07-02-19 13 42.805	  0.0 0.0 0.0  0.0 0.0
2015-07-02-19 13 42.907	  31.02653228 121.43988407 0.0  0.0 0.0
2015-07-02-19 13 43.012	  31.02653228 121.43988407 0.0  0.0 0.0
2015-07-02-19 13 43.118	  31.02653228 121.43988407 0.0  0.0 0.0
2015-07-02-19 13 43.221	  31.02653228 121.43988407 0.0  0.0 0.0
2015-07-02-19 13 43.323	  31.02653228 121.43988407 0.0  0.0 0.0
2015-07-02-19 13 43.427	  31.02653228 121.43988407 0.0  0.0 0.0
2015-07-02-19 13 43.529	  31.02653228 121.43988407 0.0  0.0 0.0
2015-07-02-19 13 43.632	  31.02653228 121.43988407 0.0  0.0 0.0
2015-07-02-19 13 43.735	  31.02653228 121.43988407 0.0  0.0 0.0
2015-07-02-19 13 43.884	  31.02653228 121.43988407 0.0  0.0 0.0
2015-07-02-19 13 43.986	  31.02654569 121.43986965 0.5  0.0 0.0
2015-07-02-19 13 44.088	  31.02654569 121.43986965 0.5  0.0 0.0
2015-07-02-19 13 44.191	  31.02654569 121.43986965 0.5  0.0 0.0
2015-07-02-19 13 44.293	  31.02654569 121.43986965 0.5  0.0 0.0
2015-07-02-19 13 44.395	  31.02654569 121.43986965 0.5  0.0 0.0
2015-07-02-19 13 44.498	  31.02654569 121.43986965 0.5  0.0 0.0
2015-07-02-19 13 44.602	  31.02654569 121.43986965 0.5  0.0 0.0
2015-07-02-19 13 44.708	  31.02654569 121.43986965 0.5  0.0 0.0
2015-07-02-19 13 44.813	  31.02654569 121.43986965 0.5  0.0 0.0
2015-07-02-19 13 44.918	  31.02656236 121.43985734 0.75  0.0 0.0
2015-07-02-19 13 45.049	  31.02656236 121.43985734 0.75  0.0 0.0
2015-07-02-19 13 45.150	  31.02656236 121.43985734 0.75  0.0 0.0
2015-07-02-19 13 45.252	  31.02656236 121.43985734 0.75  0.0 0.0
2015-07-02-19 13 45.355	  31.02656236 121.43985734 0.75  0.0 0.0
2015-07-02-19 13 45.458	  31.02656236 121.43985734 0.75  0.0 0.0
2015-07-02-19 13 45.563	  31.02656236 121.43985734 0.75  0.0 0.0
2015-07-02-19 13 45.668	  31.02656236 121.43985734 0.75  0.0 0.0
2015-07-02-19 13 45.772	  31.02656236 121.43985734 0.75  0.0 0.0
2015-07-02-19 13 45.879	  31.02656236 121.43985734 0.75  0.0 0.0
2015-07-02-19 13 45.980	  31.02657998 121.43984989 1.0  0.0 0.0
2015-07-02-19 13 46.082	  31.02657998 121.43984989 1.0  0.0 0.0
2015-07-02-19 13 46.183	  31.02657998 121.43984989 1.0  0.0 0.0
2015-07-02-19 13 46.286	  31.02657998 121.43984989 1.0  0.0 0.0
2015-07-02-19 13 46.392	  31.02657998 121.43984989 1.0  0.0 0.0
2015-07-02-19 13 46.496	  31.02657998 121.43984989 1.0  0.0 0.0
2015-07-02-19 13 46.613	  31.02657998 121.43984989 1.0  0.0 0.0
2015-07-02-19 13 46.715	  31.02657998 121.43984989 1.0  0.0 0.0
2015-07-02-19 13 46.817	  31.02657998 121.43984989 1.0  0.0 0.0
2015-07-02-19 13 46.919	  31.02660025 121.43984255 1.25  0.0 0.0
2015-07-02-19 13 47.034	  31.02660025 121.43984255 1.25  0.0 0.0
2015-07-02-19 13 47.138	  31.02660025 121.43984255 1.25  0.0 0.0
2015-07-02-19 13 47.240	  31.02660025 121.43984255 1.25  0.0 0.0
2015-07-02-19 13 47.345	  31.02660025 121.43984255 1.25  0.0 0.0
2015-07-02-19 13 47.449	  31.02660025 121.43984255 1.25  0.0 0.0
2015-07-02-19 13 47.555	  31.02660025 121.43984255 1.25  0.0 0.0
2015-07-02-19 13 47.659	  31.02660025 121.43984255 1.25  0.0 0.0
2015-07-02-19 13 47.763	  31.02660025 121.43984255 1.25  0.0 0.0
2015-07-02-19 13 47.867	  31.02660025 121.43984255 1.25  0.0 0.0
2015-07-02-19 13 47.970	  31.02661847 121.43983696 1.25  0.0 0.0
2015-07-02-19 13 48.073	  31.02661847 121.43983696 1.25  0.0 0.0
2015-07-02-19 13 48.175	  31.02661847 121.43983696 1.25  0.0 0.0
2015-07-02-19 13 48.278	  31.02661847 121.43983696 1.25  0.0 0.0
2015-07-02-19 13 48.380	  31.02661847 121.43983696 1.25  0.0 0.0
2015-07-02-19 13 48.486	  31.02661847 121.43983696 1.25  0.0 0.0
2015-07-02-19 13 48.592	  31.02661847 121.43983696 1.25  0.0 0.0
2015-07-02-19 13 48.693	  31.02661847 121.43983696 1.25  0.0 0.0
2015-07-02-19 13 48.795	  31.02661847 121.43983696 1.25  0.0 0.0
2015-07-02-19 13 48.897	  31.02661847 121.43983696 1.25  0.0 0.0
2015-07-02-19 13 49.002	  31.02663677 121.43983163 1.25  0.0 0.0
2015-07-02-19 13 49.104	  31.02663677 121.43983163 1.25  0.0 0.0
2015-07-02-19 13 49.212	  31.02663677 121.43983163 1.25  0.0 0.0
2015-07-02-19 13 49.315	  31.02663677 121.43983163 1.25  0.0 0.0
2015-07-02-19 13 49.420	  31.02663677 121.43983163 1.25  0.0 0.0
2015-07-02-19 13 49.524	  31.02663677 121.43983163 1.25  0.0 0.0
2015-07-02-19 13 49.633	  31.02663677 121.43983163 1.25  0.0 0.0
2015-07-02-19 13 49.739	  31.02663677 121.43983163 1.25  0.0 0.0
2015-07-02-19 13 49.847	  31.02663677 121.43983163 1.25  0.0 0.0
2015-07-02-19 13 49.948	  31.02663677 121.43983163 1.25  0.0 0.0
2015-07-02-19 13 50.050	  31.02663677 121.43983163 1.25  0.0 0.0
2015-07-02-19 13 50.151	  31.02663677 121.43983163 1.25  0.0 0.0
2015-07-02-19 13 50.255	  31.02663677 121.43983163 1.25  0.0 0.0
2015-07-02-19 13 50.365	  31.02663677 121.43983163 1.25  0.0 0.0
2015-07-02-19 13 50.466	  31.02663677 121.43983163 1.25  0.0 0.0
2015-07-02-19 13 50.568	  31.02663677 121.43983163 1.25  0.0 0.0
2015-07-02-19 13 50.672	  31.02663677 121.43983163 1.25  0.0 0.0
2015-07-02-19 13 50.776	  31.02663677 121.43983163 1.25  0.0 0.0
2015-07-02-19 13 50.881	  31.02663677 121.43983163 1.25  0.0 0.0
2015-07-02-19 13 50.989	  31.02666866 121.43982005 1.25  0.0 0.0
2015-07-02-19 13 51.090	  31.02666866 121.43982005 1.25  0.0 0.0
2015-07-02-19 13 51.192	  31.02666866 121.43982005 1.25  0.0 0.0
2015-07-02-19 13 51.294	  31.02666866 121.43982005 1.25  0.0 0.0
2015-07-02-19 13 51.396	  31.02666866 121.43982005 1.25  0.0 0.0
2015-07-02-19 13 51.507	  31.02666866 121.43982005 1.25  0.0 0.0
2015-07-02-19 13 51.610	  31.02666866 121.43982005 1.25  0.0 0.0
2015-07-02-19 13 51.711	  31.02666866 121.43982005 1.25  0.0 0.0
2015-07-02-19 13 51.813	  31.02666866 121.43982005 1.25  0.0 0.0
2015-07-02-19 13 51.917	  31.02666866 121.43982005 1.25  0.0 0.0
2015-07-02-19 13 52.024	  31.02666866 121.43982005 1.25  0.0 0.0
2015-07-02-19 13 52.128	  31.02666866 121.43982005 1.25  0.0 0.0
2015-07-02-19 13 52.231	  31.02666866 121.43982005 1.25  0.0 0.0
2015-07-02-19 13 52.337	  31.02666866 121.43982005 1.25  0.0 0.0
2015-07-02-19 13 52.441	  31.02666866 121.43982005 1.25  0.0 0.0
2015-07-02-19 13 52.551	  31.02666866 121.43982005 1.25  0.0 0.0
2015-07-02-19 13 52.652	  31.02666866 121.43982005 1.25  0.0 0.0
2015-07-02-19 13 52.753	  31.02666866 121.43982005 1.25  0.0 0.0
2015-07-02-19 13 52.855	  31.02666866 121.43982005 1.25  0.0 0.0
2015-07-02-19 13 52.959	  31.02669791 121.43981043 1.25  0.0 0.0
2015-07-02-19 13 53.063	  31.02669791 121.43981043 1.25  0.0 0.0
2015-07-02-19 13 53.164	  31.02669791 121.43981043 1.25  0.0 0.0
2015-07-02-19 13 53.266	  31.02669791 121.43981043 1.25  0.0 0.0
2015-07-02-19 13 53.371	  31.02669791 121.43981043 1.25  0.0 0.0
2015-07-02-19 13 53.477	  31.02669791 121.43981043 1.25  0.0 0.0
2015-07-02-19 13 53.582	  31.02669791 121.43981043 1.25  0.0 0.0
2015-07-02-19 13 53.684	  31.02669791 121.43981043 1.25  0.0 0.0
2015-07-02-19 13 53.785	  31.02669791 121.43981043 1.25  0.0 0.0
2015-07-02-19 13 53.887	  31.02669791 121.43981043 1.25  0.0 0.0
2015-07-02-19 13 53.991	  31.02669791 121.43981043 1.25  0.0 0.0
2015-07-02-19 13 54.094	  31.02669791 121.43981043 1.25  0.0 0.0
2015-07-02-19 13 54.196	  31.02669791 121.43981043 1.25  0.0 0.0
2015-07-02-19 13 54.301	  31.02669791 121.43981043 1.25  0.0 0.0
2015-07-02-19 13 54.406	  31.02669791 121.43981043 1.25  0.0 0.0
2015-07-02-19 13 54.510	  31.02669791 121.43981043 1.25  0.0 0.0
2015-07-02-19 13 54.612	  31.02669791 121.43981043 1.25  0.0 0.0
2015-07-02-19 13 54.714	  31.02669791 121.43981043 1.25  0.0 0.0
2015-07-02-19 13 54.817	  31.02669791 121.43981043 1.25  0.0 0.0
2015-07-02-19 13 54.921	  31.02669791 121.43981043 1.25  0.0 0.0
2015-07-02-19 13 55.028	  31.0267229 121.43980087 1.25  0.0 0.0
2015-07-02-19 13 55.129	  31.0267229 121.43980087 1.25  0.0 0.0
2015-07-02-19 13 55.231	  31.0267229 121.43980087 1.25  0.0 0.0
2015-07-02-19 13 55.339	  31.0267229 121.43980087 1.25  0.0 0.0
2015-07-02-19 13 55.451	  31.0267229 121.43980087 1.25  0.0 0.0
2015-07-02-19 13 55.553	  31.0267229 121.43980087 1.25  0.0 0.0
2015-07-02-19 13 55.654	  31.0267229 121.43980087 1.25  0.0 0.0
2015-07-02-19 13 55.756	  31.0267229 121.43980087 1.25  0.0 0.0
2015-07-02-19 13 55.859	  31.0267229 121.43980087 1.25  0.0 0.0
2015-07-02-19 13 55.965	  31.0267229 121.43980087 1.25  0.0 0.0
2015-07-02-19 13 56.066	  31.0267229 121.43980087 1.25  0.0 0.0
2015-07-02-19 13 56.168	  31.0267229 121.43980087 1.25  0.0 0.0
2015-07-02-19 13 56.269	  31.0267229 121.43980087 1.25  0.0 0.0
2015-07-02-19 13 56.377	  31.0267229 121.43980087 1.25  0.0 0.0
2015-07-02-19 13 56.488	  31.0267229 121.43980087 1.25  0.0 0.0
2015-07-02-19 13 56.590	  31.0267229 121.43980087 1.25  0.0 0.0
2015-07-02-19 13 56.692	  31.0267229 121.43980087 1.25  0.0 0.0
2015-07-02-19 13 56.794	  31.0267229 121.43980087 1.25  0.0 0.0
2015-07-02-19 13 56.899	  31.0267229 121.43980087 1.25  0.0 0.0
2015-07-02-19 13 57.000	  31.02674802 121.43979101 1.25  0.0 0.0
2015-07-02-19 13 57.102	  31.02674802 121.43979101 1.25  0.0 0.0
2015-07-02-19 13 57.207	  31.02674802 121.43979101 1.25  0.0 0.0
2015-07-02-19 13 57.322	  31.02674802 121.43979101 1.25  0.0 0.0
2015-07-02-19 13 57.424	  31.02674802 121.43979101 1.25  0.0 0.0
2015-07-02-19 13 57.525	  31.02674802 121.43979101 1.25  0.0 0.0
2015-07-02-19 13 57.627	  31.02674802 121.43979101 1.25  0.0 0.0
2015-07-02-19 13 57.736	  31.02674802 121.43979101 1.25  0.0 0.0
2015-07-02-19 13 57.839	  31.02674802 121.43979101 1.25  0.0 0.0
2015-07-02-19 13 57.943	  31.02674802 121.43979101 1.25  0.0 0.0
2015-07-02-19 13 58.045	  31.02674802 121.43979101 1.25  0.0 0.0
2015-07-02-19 13 58.148	  31.02674802 121.43979101 1.25  0.0 0.0
2015-07-02-19 13 58.251	  31.02674802 121.43979101 1.25  0.0 0.0
2015-07-02-19 13 58.353	  31.02674802 121.43979101 1.25  0.0 0.0
2015-07-02-19 13 58.456	  31.02674802 121.43979101 1.25  0.0 0.0
2015-07-02-19 13 58.572	  31.02674802 121.43979101 1.25  0.0 0.0
2015-07-02-19 13 58.673	  31.02674802 121.43979101 1.25  0.0 0.0
2015-07-02-19 13 58.775	  31.02674802 121.43979101 1.25  0.0 0.0
2015-07-02-19 13 58.876	  31.02674802 121.43979101 1.25  0.0 0.0
2015-07-02-19 13 58.983	  31.02677351 121.43978101 1.25  0.0 0.0
2015-07-02-19 13 59.084	  31.02677351 121.43978101 1.25  0.0 0.0
2015-07-02-19 13 59.185	  31.02677351 121.43978101 1.25  0.0 0.0
2015-07-02-19 13 59.290	  31.02677351 121.43978101 1.25  0.0 0.0
2015-07-02-19 13 59.401	  31.02677351 121.43978101 1.25  0.0 0.0
2015-07-02-19 13 59.503	  31.02677351 121.43978101 1.25  0.0 0.0
2015-07-02-19 13 59.606	  31.02677351 121.43978101 1.25  0.0 0.0
2015-07-02-19 13 59.712	  31.02677351 121.43978101 1.25  0.0 0.0
2015-07-02-19 13 59.827	  31.02677351 121.43978101 1.25  0.0 0.0
2015-07-02-19 13 59.928	  31.02677351 121.43978101 1.25  0.0 0.0
2015-07-02-19 14 00.030	  31.02677351 121.43978101 1.25  0.0 0.0
2015-07-02-19 14 00.131	  31.02677351 121.43978101 1.25  0.0 0.0
2015-07-02-19 14 00.236	  31.02677351 121.43978101 1.25  0.0 0.0
2015-07-02-19 14 00.338	  31.02677351 121.43978101 1.25  0.0 0.0
2015-07-02-19 14 00.439	  31.02677351 121.43978101 1.25  0.0 0.0
2015-07-02-19 14 00.595	  31.02677351 121.43978101 1.25  0.0 0.0
2015-07-02-19 14 00.697	  31.02677351 121.43978101 1.25  0.0 0.0
2015-07-02-19 14 00.802	  31.02677351 121.43978101 1.25  0.0 0.0
2015-07-02-19 14 00.912	  31.02679822 121.43977515 1.25  0.0 0.0
2015-07-02-19 14 01.024	  31.02679822 121.43977515 1.25  0.0 0.0
2015-07-02-19 14 01.129	  31.02679822 121.43977515 1.25  0.0 0.0
2015-07-02-19 14 01.234	  31.02679822 121.43977515 1.25  0.0 0.0
2015-07-02-19 14 01.342	  31.02679822 121.43977515 1.25  0.0 0.0
2015-07-02-19 14 01.443	  31.02679822 121.43977515 1.25  0.0 0.0
2015-07-02-19 14 01.544	  31.02679822 121.43977515 1.25  0.0 0.0
2015-07-02-19 14 01.648	  31.02679822 121.43977515 1.25  0.0 0.0
2015-07-02-19 14 01.753	  31.02679822 121.43977515 1.25  0.0 0.0
2015-07-02-19 14 01.856	  31.02679822 121.43977515 1.25  0.0 0.0
2015-07-02-19 14 01.959	  31.02679822 121.43977515 1.25  0.0 0.0
2015-07-02-19 14 02.062	  31.02679822 121.43977515 1.25  0.0 0.0
2015-07-02-19 14 02.165	  31.02679822 121.43977515 1.25  0.0 0.0
2015-07-02-19 14 02.269	  31.02679822 121.43977515 1.25  0.0 0.0
2015-07-02-19 14 02.373	  31.02679822 121.43977515 1.25  0.0 0.0
2015-07-02-19 14 02.479	  31.02679822 121.43977515 1.25  0.0 0.0
2015-07-02-19 14 02.581	  31.02679822 121.43977515 1.25  0.0 0.0
2015-07-02-19 14 02.683	  31.02679822 121.43977515 1.25  0.0 0.0
2015-07-02-19 14 02.786	  31.02679822 121.43977515 1.25  0.0 0.0
2015-07-02-19 14 02.888	  31.02679822 121.43977515 1.25  0.0 0.0
2015-07-02-19 14 02.991	  31.02682494 121.43976874 1.25  0.0 0.0
2015-07-02-19 14 03.097	  31.02682494 121.43976874 1.25  0.0 0.0
2015-07-02-19 14 03.199	  31.02682494 121.43976874 1.25  0.0 0.0
2015-07-02-19 14 03.304	  31.02682494 121.43976874 1.25  0.0 0.0
2015-07-02-19 14 03.411	  31.02682494 121.43976874 1.25  0.0 0.0
2015-07-02-19 14 03.513	  31.02682494 121.43976874 1.25  0.0 0.0
2015-07-02-19 14 03.618	  31.02682494 121.43976874 1.25  0.0 0.0
2015-07-02-19 14 03.724	  31.02682494 121.43976874 1.25  0.0 0.0
2015-07-02-19 14 03.839	  31.02682494 121.43976874 1.25  0.0 0.0
2015-07-02-19 14 03.941	  31.02682494 121.43976874 1.25  0.0 0.0
2015-07-02-19 14 04.044	  31.02682494 121.43976874 1.25  0.0 0.0
2015-07-02-19 14 04.152	  31.02682494 121.43976874 1.25  0.0 0.0
2015-07-02-19 14 04.255	  31.02682494 121.43976874 1.25  0.0 0.0
2015-07-02-19 14 04.356	  31.02682494 121.43976874 1.25  0.0 0.0
2015-07-02-19 14 04.462	  31.02682494 121.43976874 1.25  0.0 0.0
2015-07-02-19 14 04.564	  31.02682494 121.43976874 1.25  0.0 0.0
2015-07-02-19 14 04.669	  31.02682494 121.43976874 1.25  0.0 0.0
2015-07-02-19 14 04.794	  31.02682494 121.43976874 1.25  0.0 0.0
2015-07-02-19 14 04.896	  31.02682494 121.43976874 1.25  0.0 0.0
2015-07-02-19 14 04.997	  31.02684931 121.43975811 1.25  0.0 0.0
2015-07-02-19 14 05.102	  31.02684931 121.43975811 1.25  0.0 0.0
2015-07-02-19 14 05.204	  31.02684931 121.43975811 1.25  0.0 0.0
2015-07-02-19 14 05.309	  31.02684931 121.43975811 1.25  0.0 0.0
2015-07-02-19 14 05.414	  31.02684931 121.43975811 1.25  0.0 0.0
2015-07-02-19 14 05.515	  31.02684931 121.43975811 1.25  0.0 0.0
2015-07-02-19 14 05.621	  31.02684931 121.43975811 1.25  0.0 0.0
2015-07-02-19 14 05.723	  31.02684931 121.43975811 1.25  0.0 0.0
2015-07-02-19 14 05.829	  31.02684931 121.43975811 1.25  0.0 0.0
2015-07-02-19 14 05.938	  31.02684931 121.43975811 1.25  0.0 0.0
2015-07-02-19 14 06.039	  31.02684931 121.43975811 1.25  0.0 0.0
2015-07-02-19 14 06.140	  31.02684931 121.43975811 1.25  0.0 0.0
2015-07-02-19 14 06.246	  31.02684931 121.43975811 1.25  0.0 0.0
2015-07-02-19 14 06.349	  31.02684931 121.43975811 1.25  0.0 0.0
2015-07-02-19 14 06.451	  31.02684931 121.43975811 1.25  0.0 0.0
2015-07-02-19 14 06.556	  31.02684931 121.43975811 1.25  0.0 0.0
2015-07-02-19 14 06.663	  31.02684931 121.43975811 1.25  0.0 0.0
2015-07-02-19 14 06.767	  31.02684931 121.43975811 1.25  0.0 0.0
2015-07-02-19 14 06.877	  31.02684931 121.43975811 1.25  0.0 0.0
2015-07-02-19 14 06.978	  31.02687327 121.43974649 1.25  0.0 0.0
2015-07-02-19 14 07.080	  31.02687327 121.43974649 1.25  0.0 0.0
2015-07-02-19 14 07.186	  31.02687327 121.43974649 1.25  0.0 0.0
2015-07-02-19 14 07.292	  31.02687327 121.43974649 1.25  0.0 0.0
2015-07-02-19 14 07.398	  31.02687327 121.43974649 1.25  0.0 0.0
2015-07-02-19 14 07.514	  31.02687327 121.43974649 1.25  0.0 0.0
2015-07-02-19 14 07.615	  31.02687327 121.43974649 1.25  0.0 0.0
2015-07-02-19 14 07.717	  31.02687327 121.43974649 1.25  0.0 0.0
2015-07-02-19 14 07.828	  31.02687327 121.43974649 1.25  0.0 0.0
2015-07-02-19 14 07.931	  31.02687327 121.43974649 1.25  0.0 0.0
2015-07-02-19 14 08.033	  31.02687327 121.43974649 1.25  0.0 0.0
2015-07-02-19 14 08.145	  31.02687327 121.43974649 1.25  0.0 0.0
2015-07-02-19 14 08.246	  31.02687327 121.43974649 1.25  0.0 0.0
2015-07-02-19 14 08.348	  31.02687327 121.43974649 1.25  0.0 0.0
2015-07-02-19 14 08.451	  31.02687327 121.43974649 1.25  0.0 0.0
2015-07-02-19 14 08.555	  31.02687327 121.43974649 1.25  0.0 0.0
2015-07-02-19 14 08.658	  31.02687327 121.43974649 1.25  0.0 0.0
2015-07-02-19 14 08.767	  31.02687327 121.43974649 1.25  0.0 0.0
2015-07-02-19 14 08.870	  31.02687327 121.43974649 1.25  0.0 0.0
2015-07-02-19 14 08.976	  31.02689748 121.43973486 1.25  0.0 0.0
2015-07-02-19 14 09.082	  31.02689748 121.43973486 1.25  0.0 0.0
2015-07-02-19 14 09.185	  31.02689748 121.43973486 1.25  0.0 0.0
2015-07-02-19 14 09.306	  31.02689748 121.43973486 1.25  0.0 0.0
2015-07-02-19 14 09.446	  31.02689748 121.43973486 1.25  0.0 0.0
2015-07-02-19 14 09.548	  31.02689748 121.43973486 1.25  0.0 0.0
2015-07-02-19 14 09.650	  31.02689748 121.43973486 1.25  0.0 0.0
2015-07-02-19 14 09.760	  31.02689748 121.43973486 1.25  0.0 0.0
2015-07-02-19 14 09.861	  31.02689748 121.43973486 1.25  0.0 0.0
2015-07-02-19 14 09.963	  31.02689748 121.43973486 1.25  0.0 0.0
2015-07-02-19 14 10.086	  31.02689748 121.43973486 1.25  0.0 0.0
2015-07-02-19 14 10.187	  31.02689748 121.43973486 1.25  0.0 0.0
2015-07-02-19 14 10.289	  31.02689748 121.43973486 1.25  0.0 0.0
2015-07-02-19 14 10.403	  31.02689748 121.43973486 1.25  0.0 0.0
2015-07-02-19 14 10.504	  31.02689748 121.43973486 1.25  0.0 0.0
2015-07-02-19 14 10.605	  31.02689748 121.43973486 1.25  0.0 0.0
2015-07-02-19 14 10.707	  31.02689748 121.43973486 1.25  0.0 0.0
2015-07-02-19 14 10.811	  31.02689748 121.43973486 1.25  0.0 0.0
2015-07-02-19 14 10.913	  31.02692269 121.4397242 1.25  0.0 0.0
2015-07-02-19 14 11.038	  31.02692269 121.4397242 1.25  0.0 0.0
2015-07-02-19 14 11.147	  31.02692269 121.4397242 1.25  0.0 0.0
2015-07-02-19 14 11.248	  31.02692269 121.4397242 1.25  0.0 0.0
2015-07-02-19 14 11.351	  31.02692269 121.4397242 1.25  0.0 0.0
2015-07-02-19 14 11.462	  31.02692269 121.4397242 1.25  0.0 0.0
2015-07-02-19 14 11.567	  31.02692269 121.4397242 1.25  0.0 0.0
2015-07-02-19 14 11.673	  31.02692269 121.4397242 1.25  0.0 0.0
2015-07-02-19 14 11.790	  31.02692269 121.4397242 1.25  0.0 0.0
2015-07-02-19 14 11.891	  31.02692269 121.4397242 1.25  0.0 0.0
2015-07-02-19 14 11.993	  31.02692269 121.4397242 1.25  0.0 0.0
2015-07-02-19 14 12.098	  31.02692269 121.4397242 1.25  0.0 0.0
2015-07-02-19 14 12.201	  31.02692269 121.4397242 1.25  0.0 0.0
2015-07-02-19 14 12.303	  31.02692269 121.4397242 1.25  0.0 0.0
2015-07-02-19 14 12.412	  31.02692269 121.4397242 1.25  0.0 0.0
2015-07-02-19 14 12.514	  31.02692269 121.4397242 1.25  0.0 0.0
2015-07-02-19 14 12.617	  31.02692269 121.4397242 1.25  0.0 0.0
2015-07-02-19 14 12.797	  31.02692269 121.4397242 1.25  0.0 0.0
2015-07-02-19 14 12.898	  31.02692269 121.4397242 1.25  0.0 0.0
2015-07-02-19 14 13.001	  31.02694544 121.43971163 1.25  0.0 0.0
2015-07-02-19 14 13.104	  31.02694544 121.43971163 1.25  0.0 0.0
2015-07-02-19 14 13.206	  31.02694544 121.43971163 1.25  0.0 0.0
2015-07-02-19 14 13.392	  31.02694544 121.43971163 1.25  0.0 0.0
2015-07-02-19 14 13.494	  31.02694544 121.43971163 1.25  0.0 0.0
2015-07-02-19 14 13.598	  31.02694544 121.43971163 1.25  0.0 0.0
2015-07-02-19 14 13.701	  31.02694544 121.43971163 1.25  0.0 0.0
2015-07-02-19 14 13.805	  31.02694544 121.43971163 1.25  0.0 0.0
2015-07-02-19 14 13.971	  31.02694544 121.43971163 1.25  0.0 0.0
2015-07-02-19 14 14.074	  31.02694544 121.43971163 1.25  0.0 0.0
2015-07-02-19 14 14.178	  31.02694544 121.43971163 1.25  0.0 0.0
2015-07-02-19 14 14.283	  31.02694544 121.43971163 1.25  0.0 0.0
2015-07-02-19 14 14.389	  31.02694544 121.43971163 1.25  0.0 0.0
2015-07-02-19 14 14.548	  31.02694544 121.43971163 1.25  0.0 0.0
2015-07-02-19 14 14.650	  31.02694544 121.43971163 1.25  0.0 0.0
2015-07-02-19 14 14.756	  31.02694544 121.43971163 1.25  0.0 0.0
2015-07-02-19 14 14.857	  31.02694544 121.43971163 1.25  0.0 0.0
2015-07-02-19 14 14.958	  31.02696474 121.4397007 1.25  0.0 0.0
2015-07-02-19 14 15.073	  31.02696474 121.4397007 1.25  0.0 0.0
2015-07-02-19 14 15.176	  31.02696474 121.4397007 1.25  0.0 0.0
2015-07-02-19 14 15.284	  31.02696474 121.4397007 1.25  0.0 0.0
2015-07-02-19 14 15.388	  31.02696474 121.4397007 1.25  0.0 0.0
2015-07-02-19 14 15.493	  31.02696474 121.4397007 1.25  0.0 0.0
2015-07-02-19 14 15.646	  31.02696474 121.4397007 1.25  0.0 0.0
2015-07-02-19 14 15.751	  31.02696474 121.4397007 1.25  0.0 0.0
2015-07-02-19 14 15.853	  31.02696474 121.4397007 1.25  0.0 0.0
2015-07-02-19 14 15.955	  31.02696474 121.4397007 1.25  0.0 0.0
2015-07-02-19 14 16.076	  31.02696474 121.4397007 1.25  0.0 0.0
2015-07-02-19 14 16.177	  31.02696474 121.4397007 1.25  0.0 0.0
2015-07-02-19 14 16.282	  31.02696474 121.4397007 1.25  0.0 0.0
2015-07-02-19 14 16.386	  31.02696474 121.4397007 1.25  0.0 0.0
2015-07-02-19 14 16.495	  31.02696474 121.4397007 1.25  0.0 0.0
2015-07-02-19 14 16.608	  31.02696474 121.4397007 1.25  0.0 0.0
2015-07-02-19 14 16.710	  31.02696474 121.4397007 1.25  0.0 0.0
2015-07-02-19 14 16.822	  31.02696474 121.4397007 1.25  0.0 0.0
2015-07-02-19 14 16.927	  31.02698782 121.43969395 1.25  0.0 0.0
2015-07-02-19 14 17.032	  31.02698782 121.43969395 1.25  0.0 0.0
2015-07-02-19 14 17.138	  31.02698782 121.43969395 1.25  0.0 0.0
2015-07-02-19 14 17.242	  31.02698782 121.43969395 1.25  0.0 0.0
2015-07-02-19 14 17.386	  31.02698782 121.43969395 1.25  0.0 0.0
2015-07-02-19 14 17.490	  31.02698782 121.43969395 1.25  0.0 0.0
2015-07-02-19 14 17.602	  31.02698782 121.43969395 1.25  0.0 0.0
2015-07-02-19 14 17.705	  31.02698782 121.43969395 1.25  0.0 0.0
2015-07-02-19 14 17.808	  31.02698782 121.43969395 1.25  0.0 0.0
2015-07-02-19 14 17.909	  31.02698782 121.43969395 1.25  0.0 0.0
2015-07-02-19 14 18.012	  31.02698782 121.43969395 1.25  0.0 0.0
2015-07-02-19 14 18.115	  31.02698782 121.43969395 1.25  0.0 0.0
2015-07-02-19 14 18.218	  31.02698782 121.43969395 1.25  0.0 0.0
2015-07-02-19 14 18.362	  31.02698782 121.43969395 1.25  0.0 0.0
2015-07-02-19 14 18.464	  31.02698782 121.43969395 1.25  0.0 0.0
2015-07-02-19 14 18.568	  31.02698782 121.43969395 1.25  0.0 0.0
2015-07-02-19 14 18.670	  31.02698782 121.43969395 1.25  0.0 0.0
2015-07-02-19 14 18.772	  31.02698782 121.43969395 1.25  0.0 0.0
2015-07-02-19 14 18.875	  31.02698782 121.43969395 1.25  0.0 0.0
2015-07-02-19 14 18.982	  31.02701098 121.43968426 1.25  0.0 0.0
2015-07-02-19 14 19.084	  31.02701098 121.43968426 1.25  0.0 0.0
2015-07-02-19 14 19.190	  31.02701098 121.43968426 1.25  0.0 0.0
2015-07-02-19 14 19.293	  31.02701098 121.43968426 1.25  0.0 0.0
2015-07-02-19 14 19.394	  31.02701098 121.43968426 1.25  0.0 0.0
2015-07-02-19 14 19.496	  31.02701098 121.43968426 1.25  0.0 0.0
2015-07-02-19 14 19.605	  31.02701098 121.43968426 1.25  0.0 0.0
2015-07-02-19 14 19.710	  31.02701098 121.43968426 1.25  0.0 0.0
2015-07-02-19 14 19.816	  31.02701098 121.43968426 1.25  0.0 0.0
2015-07-02-19 14 19.919	  31.02701098 121.43968426 1.25  0.0 0.0
2015-07-02-19 14 20.053	  31.02701098 121.43968426 1.25  0.0 0.0
2015-07-02-19 14 20.154	  31.02701098 121.43968426 1.25  0.0 0.0
2015-07-02-19 14 20.256	  31.02701098 121.43968426 1.25  0.0 0.0
2015-07-02-19 14 20.359	  31.02701098 121.43968426 1.25  0.0 0.0
2015-07-02-19 14 20.461	  31.02701098 121.43968426 1.25  0.0 0.0
2015-07-02-19 14 20.568	  31.02701098 121.43968426 1.25  0.0 0.0
2015-07-02-19 14 20.679	  31.02701098 121.43968426 1.25  0.0 0.0
2015-07-02-19 14 20.783	  31.02701098 121.43968426 1.25  0.0 0.0
2015-07-02-19 14 20.885	  31.02701098 121.43968426 1.25  0.0 0.0
2015-07-02-19 14 21.001	  31.02703276 121.43967419 1.25  0.0 0.0
2015-07-02-19 14 21.103	  31.02703276 121.43967419 1.25  0.0 0.0
2015-07-02-19 14 21.204	  31.02703276 121.43967419 1.25  0.0 0.0
2015-07-02-19 14 21.307	  31.02703276 121.43967419 1.25  0.0 0.0
2015-07-02-19 14 21.411	  31.02703276 121.43967419 1.25  0.0 0.0
2015-07-02-19 14 21.518	  31.02703276 121.43967419 1.25  0.0 0.0
2015-07-02-19 14 21.632	  31.02703276 121.43967419 1.25  0.0 0.0
2015-07-02-19 14 21.735	  31.02703276 121.43967419 1.25  0.0 0.0
2015-07-02-19 14 21.839	  31.02703276 121.43967419 1.25  0.0 0.0
2015-07-02-19 14 21.948	  31.02703276 121.43967419 1.25  0.0 0.0
2015-07-02-19 14 22.051	  31.02703276 121.43967419 1.25  0.0 0.0
2015-07-02-19 14 22.153	  31.02703276 121.43967419 1.25  0.0 0.0
2015-07-02-19 14 22.254	  31.02703276 121.43967419 1.25  0.0 0.0
2015-07-02-19 14 22.359	  31.02703276 121.43967419 1.25  0.0 0.0
2015-07-02-19 14 22.473	  31.02703276 121.43967419 1.25  0.0 0.0
2015-07-02-19 14 22.576	  31.02703276 121.43967419 1.25  0.0 0.0
2015-07-02-19 14 22.678	  31.02703276 121.43967419 1.25  0.0 0.0
2015-07-02-19 14 22.783	  31.02703276 121.43967419 1.25  0.0 0.0
2015-07-02-19 14 22.898	  31.02703276 121.43967419 1.25  0.0 0.0
2015-07-02-19 14 23.002	  31.02705308 121.43966427 1.25  0.0 0.0
2015-07-02-19 14 23.112	  31.02705308 121.43966427 1.25  0.0 0.0
2015-07-02-19 14 23.217	  31.02705308 121.43966427 1.25  0.0 0.0
2015-07-02-19 14 23.323	  31.02705308 121.43966427 1.25  0.0 0.0
2015-07-02-19 14 23.425	  31.02705308 121.43966427 1.25  0.0 0.0
2015-07-02-19 14 23.529	  31.02705308 121.43966427 1.25  0.0 0.0
2015-07-02-19 14 23.631	  31.02705308 121.43966427 1.25  0.0 0.0
2015-07-02-19 14 23.746	  31.02705308 121.43966427 1.25  0.0 0.0
2015-07-02-19 14 23.848	  31.02705308 121.43966427 1.25  0.0 0.0
2015-07-02-19 14 23.952	  31.02705308 121.43966427 1.25  0.0 0.0
2015-07-02-19 14 24.054	  31.02705308 121.43966427 1.25  0.0 0.0
2015-07-02-19 14 24.156	  31.02705308 121.43966427 1.25  0.0 0.0
2015-07-02-19 14 24.261	  31.02705308 121.43966427 1.25  0.0 0.0
2015-07-02-19 14 24.371	  31.02705308 121.43966427 1.25  0.0 0.0
2015-07-02-19 14 24.473	  31.02705308 121.43966427 1.25  0.0 0.0
2015-07-02-19 14 24.575	  31.02705308 121.43966427 1.25  0.0 0.0
2015-07-02-19 14 24.678	  31.02705308 121.43966427 1.25  0.0 0.0
2015-07-02-19 14 24.795	  31.02705308 121.43966427 1.25  0.0 0.0
2015-07-02-19 14 24.896	  31.02705308 121.43966427 1.25  0.0 0.0
2015-07-02-19 14 25.001	  31.02707392 121.43965526 1.25  0.0 0.0
2015-07-02-19 14 25.104	  31.02707392 121.43965526 1.25  0.0 0.0
2015-07-02-19 14 25.213	  31.02707392 121.43965526 1.25  0.0 0.0
2015-07-02-19 14 25.321	  31.02707392 121.43965526 1.25  0.0 0.0
2015-07-02-19 14 25.433	  31.02707392 121.43965526 1.25  0.0 0.0
2015-07-02-19 14 25.535	  31.02707392 121.43965526 1.25  0.0 0.0
2015-07-02-19 14 25.641	  31.02707392 121.43965526 1.25  0.0 0.0
2015-07-02-19 14 25.743	  31.02707392 121.43965526 1.25  0.0 0.0
2015-07-02-19 14 25.863	  31.02707392 121.43965526 1.25  0.0 0.0
2015-07-02-19 14 25.967	  31.02707392 121.43965526 1.25  0.0 0.0
2015-07-02-19 14 26.069	  31.02707392 121.43965526 1.25  0.0 0.0
2015-07-02-19 14 26.173	  31.02707392 121.43965526 1.25  0.0 0.0
2015-07-02-19 14 26.275	  31.02707392 121.43965526 1.25  0.0 0.0
2015-07-02-19 14 26.389	  31.02707392 121.43965526 1.25  0.0 0.0
2015-07-02-19 14 26.491	  31.02707392 121.43965526 1.25  0.0 0.0
2015-07-02-19 14 26.596	  31.02707392 121.43965526 1.25  0.0 0.0
2015-07-02-19 14 26.700	  31.02707392 121.43965526 1.25  0.0 0.0
2015-07-02-19 14 26.809	  31.02707392 121.43965526 1.25  0.0 0.0
2015-07-02-19 14 26.911	  31.02707392 121.43965526 1.25  0.0 0.0
2015-07-02-19 14 27.015	  31.02709544 121.43964736 1.25  0.0 0.0
2015-07-02-19 14 27.118	  31.02709544 121.43964736 1.25  0.0 0.0
2015-07-02-19 14 27.226	  31.02709544 121.43964736 1.25  0.0 0.0
2015-07-02-19 14 27.330	  31.02709544 121.43964736 1.25  0.0 0.0
2015-07-02-19 14 27.440	  31.02709544 121.43964736 1.25  0.0 0.0
2015-07-02-19 14 27.545	  31.02709544 121.43964736 1.25  0.0 0.0
2015-07-02-19 14 27.655	  31.02709544 121.43964736 1.25  0.0 0.0
2015-07-02-19 14 27.758	  31.02709544 121.43964736 1.25  0.0 0.0
2015-07-02-19 14 27.868	  31.02709544 121.43964736 1.25  0.0 0.0
2015-07-02-19 14 27.972	  31.02709544 121.43964736 1.25  0.0 0.0
2015-07-02-19 14 28.096	  31.02709544 121.43964736 1.25  0.0 0.0
2015-07-02-19 14 28.201	  31.02709544 121.43964736 1.25  0.0 0.0
2015-07-02-19 14 28.312	  31.02709544 121.43964736 1.25  0.0 0.0
2015-07-02-19 14 28.415	  31.02709544 121.43964736 1.25  0.0 0.0
2015-07-02-19 14 28.525	  31.02709544 121.43964736 1.25  0.0 0.0
2015-07-02-19 14 28.630	  31.02709544 121.43964736 1.25  0.0 0.0
2015-07-02-19 14 28.740	  31.02709544 121.43964736 1.25  0.0 0.0
2015-07-02-19 14 28.844	  31.02709544 121.43964736 1.25  0.0 0.0
2015-07-02-19 14 28.954	  31.02711742 121.43964042 1.25  0.0 0.0
2015-07-02-19 14 29.056	  31.02711742 121.43964042 1.25  0.0 0.0
2015-07-02-19 14 29.164	  31.02711742 121.43964042 1.25  0.0 0.0
2015-07-02-19 14 29.270	  31.02711742 121.43964042 1.25  0.0 0.0
2015-07-02-19 14 29.382	  31.02711742 121.43964042 1.25  0.0 0.0
2015-07-02-19 14 29.484	  31.02711742 121.43964042 1.25  0.0 0.0
2015-07-02-19 14 29.597	  31.02711742 121.43964042 1.25  0.0 0.0
2015-07-02-19 14 29.704	  31.02711742 121.43964042 1.25  0.0 0.0
2015-07-02-19 14 29.816	  31.02711742 121.43964042 1.25  0.0 0.0
2015-07-02-19 14 29.919	  31.02711742 121.43964042 1.25  0.0 0.0
2015-07-02-19 14 30.087	  31.02711742 121.43964042 1.25  0.0 0.0
2015-07-02-19 14 30.189	  31.02711742 121.43964042 1.25  0.0 0.0
2015-07-02-19 14 30.328	  31.02711742 121.43964042 1.25  0.0 0.0
2015-07-02-19 14 30.434	  31.02711742 121.43964042 1.25  0.0 0.0
2015-07-02-19 14 30.551	  31.02711742 121.43964042 1.25  0.0 0.0
2015-07-02-19 14 30.655	  31.02711742 121.43964042 1.25  0.0 0.0
2015-07-02-19 14 30.835	  31.02711742 121.43964042 1.25  0.0 0.0
2015-07-02-19 14 30.955	  31.02713987 121.43963322 1.25  0.0 0.0
2015-07-02-19 14 31.060	  31.02713987 121.43963322 1.25  0.0 0.0
2015-07-02-19 14 31.207	  31.02713987 121.43963322 1.25  0.0 0.0
2015-07-02-19 14 31.309	  31.02713987 121.43963322 1.25  0.0 0.0
2015-07-02-19 14 31.464	  31.02713987 121.43963322 1.25  0.0 0.0
2015-07-02-19 14 31.571	  31.02713987 121.43963322 1.25  0.0 0.0
2015-07-02-19 14 31.730	  31.02713987 121.43963322 1.25  0.0 0.0
2015-07-02-19 14 31.832	  31.02713987 121.43963322 1.25  0.0 0.0
2015-07-02-19 14 31.983	  31.02713987 121.43963322 1.25  0.0 0.0
2015-07-02-19 14 32.092	  31.02713987 121.43963322 1.25  0.0 0.0
2015-07-02-19 14 32.194	  31.02713987 121.43963322 1.25  0.0 0.0
2015-07-02-19 14 32.306	  31.02713987 121.43963322 1.25  0.0 0.0
2015-07-02-19 14 32.410	  31.02713987 121.43963322 1.25  0.0 0.0
2015-07-02-19 14 32.527	  31.02713987 121.43963322 1.25  0.0 0.0
2015-07-02-19 14 32.630	  31.02713987 121.43963322 1.25  0.0 0.0
2015-07-02-19 14 32.734	  31.02713987 121.43963322 1.25  0.0 0.0
2015-07-02-19 14 32.840	  31.02713987 121.43963322 1.25  0.0 0.0
2015-07-02-19 14 32.956	  31.02716178 121.43962397 1.25  0.0 0.0
2015-07-02-19 14 33.059	  31.02716178 121.43962397 1.25  0.0 0.0
2015-07-02-19 14 33.168	  31.02716178 121.43962397 1.25  0.0 0.0
2015-07-02-19 14 33.271	  31.02716178 121.43962397 1.25  0.0 0.0
2015-07-02-19 14 33.400	  31.02716178 121.43962397 1.25  0.0 0.0
2015-07-02-19 14 33.503	  31.02716178 121.43962397 1.25  0.0 0.0
2015-07-02-19 14 33.643	  31.02716178 121.43962397 1.25  0.0 0.0
2015-07-02-19 14 33.763	  31.02716178 121.43962397 1.25  0.0 0.0
2015-07-02-19 14 33.867	  31.02716178 121.43962397 1.25  0.0 0.0
2015-07-02-19 14 33.973	  31.02716178 121.43962397 1.25  0.0 0.0
2015-07-02-19 14 34.077	  31.02716178 121.43962397 1.25  0.0 0.0
2015-07-02-19 14 34.220	  31.02716178 121.43962397 1.25  0.0 0.0
2015-07-02-19 14 34.323	  31.02716178 121.43962397 1.25  0.0 0.0
2015-07-02-19 14 34.478	  31.02716178 121.43962397 1.25  0.0 0.0
2015-07-02-19 14 34.581	  31.02716178 121.43962397 1.25  0.0 0.0
2015-07-02-19 14 34.682	  31.02716178 121.43962397 1.25  0.0 0.0
2015-07-02-19 14 34.818	  31.02716178 121.43962397 1.25  0.0 0.0
2015-07-02-19 14 34.921	  31.02718257 121.43961427 1.25  0.0 0.0
2015-07-02-19 14 35.112	  31.02718257 121.43961427 1.25  0.0 0.0
2015-07-02-19 14 35.217	  31.02718257 121.43961427 1.25  0.0 0.0
2015-07-02-19 14 35.319	  31.02718257 121.43961427 1.25  0.0 0.0
2015-07-02-19 14 35.496	  31.02718257 121.43961427 1.25  0.0 0.0
2015-07-02-19 14 35.598	  31.02718257 121.43961427 1.25  0.0 0.0
2015-07-02-19 14 35.735	  31.02718257 121.43961427 1.25  0.0 0.0
2015-07-02-19 14 35.837	  31.02718257 121.43961427 1.25  0.0 0.0
2015-07-02-19 14 35.941	  31.02718257 121.43961427 1.25  0.0 0.0
2015-07-02-19 14 36.042	  31.02718257 121.43961427 1.25  0.0 0.0
2015-07-02-19 14 36.162	  31.02718257 121.43961427 1.25  0.0 0.0
2015-07-02-19 14 36.265	  31.02718257 121.43961427 1.25  0.0 0.0
2015-07-02-19 14 36.415	  31.02718257 121.43961427 1.25  0.0 0.0
2015-07-02-19 14 36.527	  31.02718257 121.43961427 1.25  0.0 0.0
2015-07-02-19 14 36.632	  31.02718257 121.43961427 1.25  0.0 0.0
2015-07-02-19 14 36.789	  31.02718257 121.43961427 1.25  0.0 0.0
2015-07-02-19 14 36.892	  31.02720405 121.43960561 1.25  0.0 0.0
2015-07-02-19 14 37.053	  31.02720405 121.43960561 1.25  0.0 0.0
2015-07-02-19 14 37.160	  31.02720405 121.43960561 1.25  0.0 0.0
2015-07-02-19 14 37.262	  31.02720405 121.43960561 1.25  0.0 0.0
2015-07-02-19 14 37.400	  31.02720405 121.43960561 1.25  0.0 0.0
2015-07-02-19 14 37.508	  31.02720405 121.43960561 1.25  0.0 0.0
2015-07-02-19 14 37.684	  31.02720405 121.43960561 1.25  0.0 0.0
2015-07-02-19 14 37.790	  31.02720405 121.43960561 1.25  0.0 0.0
2015-07-02-19 14 37.892	  31.02720405 121.43960561 1.25  0.0 0.0
2015-07-02-19 14 38.025	  31.02720405 121.43960561 1.25  0.0 0.0
2015-07-02-19 14 38.128	  31.02720405 121.43960561 1.25  0.0 0.0
2015-07-02-19 14 38.300	  31.02720405 121.43960561 1.25  0.0 0.0
2015-07-02-19 14 38.405	  31.02720405 121.43960561 1.25  0.0 0.0
2015-07-02-19 14 38.509	  31.02720405 121.43960561 1.25  0.0 0.0
2015-07-02-19 14 38.692	  31.02720405 121.43960561 1.25  0.0 0.0
2015-07-02-19 14 38.794	  31.02720405 121.43960561 1.25  0.0 0.0
2015-07-02-19 14 38.905	  31.02720405 121.43960561 1.25  0.0 0.0
2015-07-02-19 14 39.035	  31.02722554 121.43959583 1.25  0.0 0.0
2015-07-02-19 14 39.138	  31.02722554 121.43959583 1.25  0.0 0.0
2015-07-02-19 14 39.259	  31.02722554 121.43959583 1.25  0.0 0.0
2015-07-02-19 14 39.362	  31.02722554 121.43959583 1.25  0.0 0.0
2015-07-02-19 14 39.505	  31.02722554 121.43959583 1.25  0.0 0.0
2015-07-02-19 14 39.616	  31.02722554 121.43959583 1.25  0.0 0.0
2015-07-02-19 14 39.719	  31.02722554 121.43959583 1.25  0.0 0.0
2015-07-02-19 14 39.862	  31.02722554 121.43959583 1.25  0.0 0.0
2015-07-02-19 14 39.972	  31.02722554 121.43959583 1.25  0.0 0.0
2015-07-02-19 14 40.075	  31.02722554 121.43959583 1.25  0.0 0.0
2015-07-02-19 14 40.193	  31.02722554 121.43959583 1.25  0.0 0.0
2015-07-02-19 14 40.299	  31.02722554 121.43959583 1.25  0.0 0.0
2015-07-02-19 14 40.405	  31.02722554 121.43959583 1.25  0.0 0.0
2015-07-02-19 14 40.543	  31.02722554 121.43959583 1.25  0.0 0.0
2015-07-02-19 14 40.658	  31.02722554 121.43959583 1.25  0.0 0.0
2015-07-02-19 14 40.759	  31.02722554 121.43959583 1.25  0.0 0.0
2015-07-02-19 14 40.878	  31.02722554 121.43959583 1.25  0.0 0.0
2015-07-02-19 14 40.982	  31.02724696 121.43958572 1.25  0.0 0.0
2015-07-02-19 14 41.091	  31.02724696 121.43958572 1.25  0.0 0.0
2015-07-02-19 14 41.194	  31.02724696 121.43958572 1.25  0.0 0.0
2015-07-02-19 14 41.349	  31.02724696 121.43958572 1.25  0.0 0.0
2015-07-02-19 14 41.451	  31.02724696 121.43958572 1.25  0.0 0.0
2015-07-02-19 14 41.553	  31.02724696 121.43958572 1.25  0.0 0.0
2015-07-02-19 14 41.705	  31.02724696 121.43958572 1.25  0.0 0.0
2015-07-02-19 14 41.810	  31.02724696 121.43958572 1.25  0.0 0.0
2015-07-02-19 14 41.946	  31.02724696 121.43958572 1.25  0.0 0.0
2015-07-02-19 14 42.053	  31.02724696 121.43958572 1.25  0.0 0.0
2015-07-02-19 14 42.156	  31.02724696 121.43958572 1.25  0.0 0.0
2015-07-02-19 14 42.286	  31.02724696 121.43958572 1.25  0.0 0.0
2015-07-02-19 14 42.393	  31.02724696 121.43958572 1.25  0.0 0.0
2015-07-02-19 14 42.498	  31.02724696 121.43958572 1.25  0.0 0.0
2015-07-02-19 14 42.664	  31.02724696 121.43958572 1.25  0.0 0.0
2015-07-02-19 14 42.766	  31.02724696 121.43958572 1.25  0.0 0.0
2015-07-02-19 14 42.869	  31.02724696 121.43958572 1.25  0.0 0.0
2015-07-02-19 14 43.009	  31.02726625 121.43957335 1.25  0.0 0.0
2015-07-02-19 14 43.111	  31.02726625 121.43957335 1.25  0.0 0.0
2015-07-02-19 14 43.213	  31.02726625 121.43957335 1.25  0.0 0.0
2015-07-02-19 14 43.346	  31.02726625 121.43957335 1.25  0.0 0.0
2015-07-02-19 14 43.451	  31.02726625 121.43957335 1.25  0.0 0.0
2015-07-02-19 14 43.555	  31.02726625 121.43957335 1.25  0.0 0.0
2015-07-02-19 14 43.662	  31.02726625 121.43957335 1.25  0.0 0.0
2015-07-02-19 14 43.767	  31.02726625 121.43957335 1.25  0.0 0.0
2015-07-02-19 14 43.919	  31.02726625 121.43957335 1.25  0.0 0.0
2015-07-02-19 14 44.032	  31.02726625 121.43957335 1.25  0.0 0.0
2015-07-02-19 14 44.133	  31.02726625 121.43957335 1.25  0.0 0.0
2015-07-02-19 14 44.274	  31.02726625 121.43957335 1.25  0.0 0.0
2015-07-02-19 14 44.382	  31.02726625 121.43957335 1.25  0.0 0.0
2015-07-02-19 14 44.485	  31.02726625 121.43957335 1.25  0.0 0.0
2015-07-02-19 14 44.648	  31.02726625 121.43957335 1.25  0.0 0.0
2015-07-02-19 14 44.753	  31.02726625 121.43957335 1.25  0.0 0.0
2015-07-02-19 14 44.859	  31.02726625 121.43957335 1.25  0.0 0.0
2015-07-02-19 14 45.050	  31.02728647 121.43956415 1.25  0.0 0.0
2015-07-02-19 14 45.154	  31.02728647 121.43956415 1.25  0.0 0.0
2015-07-02-19 14 45.256	  31.02728647 121.43956415 1.25  0.0 0.0
2015-07-02-19 14 45.396	  31.02728647 121.43956415 1.25  0.0 0.0
2015-07-02-19 14 45.503	  31.02728647 121.43956415 1.25  0.0 0.0
2015-07-02-19 14 45.608	  31.02728647 121.43956415 1.25  0.0 0.0
2015-07-02-19 14 45.768	  31.02728647 121.43956415 1.25  0.0 0.0
2015-07-02-19 14 45.884	  31.02728647 121.43956415 1.25  0.0 0.0
2015-07-02-19 14 45.985	  31.02728647 121.43956415 1.25  0.0 0.0
2015-07-02-19 14 46.096	  31.02728647 121.43956415 1.25  0.0 0.0
2015-07-02-19 14 46.201	  31.02728647 121.43956415 1.25  0.0 0.0
2015-07-02-19 14 46.351	  31.02728647 121.43956415 1.25  0.0 0.0
2015-07-02-19 14 46.459	  31.02728647 121.43956415 1.25  0.0 0.0
2015-07-02-19 14 46.560	  31.02728647 121.43956415 1.25  0.0 0.0
2015-07-02-19 14 46.720	  31.02728647 121.43956415 1.25  0.0 0.0
2015-07-02-19 14 46.830	  31.02728647 121.43956415 1.25  0.0 0.0
2015-07-02-19 14 46.934	  31.02730713 121.43955746 1.25  0.0 0.0
2015-07-02-19 14 47.100	  31.02730713 121.43955746 1.25  0.0 0.0
2015-07-02-19 14 47.205	  31.02730713 121.43955746 1.25  0.0 0.0
2015-07-02-19 14 47.308	  31.02730713 121.43955746 1.25  0.0 0.0
2015-07-02-19 14 47.513	  31.02730713 121.43955746 1.25  0.0 0.0
2015-07-02-19 14 47.662	  31.02730713 121.43955746 1.25  0.0 0.0
2015-07-02-19 14 47.776	  31.02730713 121.43955746 1.25  0.0 0.0
2015-07-02-19 14 47.878	  31.02730713 121.43955746 1.25  0.0 0.0
2015-07-02-19 14 48.008	  31.02730713 121.43955746 1.25  0.0 0.0
2015-07-02-19 14 48.112	  31.02730713 121.43955746 1.25  0.0 0.0
2015-07-02-19 14 48.214	  31.02730713 121.43955746 1.25  0.0 0.0
2015-07-02-19 14 48.372	  31.02730713 121.43955746 1.25  0.0 0.0
2015-07-02-19 14 48.513	  31.02730713 121.43955746 1.25  0.0 0.0
2015-07-02-19 14 48.627	  31.02730713 121.43955746 1.25  0.0 0.0
2015-07-02-19 14 48.728	  31.02730713 121.43955746 1.25  0.0 0.0
2015-07-02-19 14 48.856	  31.02730713 121.43955746 1.25  0.0 0.0
2015-07-02-19 14 49.051	  31.02732733 121.4395488 1.25  0.0 0.0
2015-07-02-19 14 49.155	  31.02732733 121.4395488 1.25  0.0 0.0
2015-07-02-19 14 49.258	  31.02732733 121.4395488 1.25  0.0 0.0
2015-07-02-19 14 49.377	  31.02732733 121.4395488 1.25  0.0 0.0
2015-07-02-19 14 49.530	  31.02732733 121.4395488 1.25  0.0 0.0
2015-07-02-19 14 49.637	  31.02732733 121.4395488 1.25  0.0 0.0
2015-07-02-19 14 49.744	  31.02732733 121.4395488 1.25  0.0 0.0
2015-07-02-19 14 49.902	  31.02732733 121.4395488 1.25  0.0 0.0
2015-07-02-19 14 50.063	  31.02732733 121.4395488 1.25  0.0 0.0
2015-07-02-19 14 50.164	  31.02732733 121.4395488 1.25  0.0 0.0
2015-07-02-19 14 50.267	  31.02732733 121.4395488 1.25  0.0 0.0
2015-07-02-19 14 50.398	  31.02732733 121.4395488 1.25  0.0 0.0
2015-07-02-19 14 50.519	  31.02732733 121.4395488 1.25  0.0 0.0
2015-07-02-19 14 50.625	  31.02732733 121.4395488 1.25  0.0 0.0
2015-07-02-19 14 50.728	  31.02732733 121.4395488 1.25  0.0 0.0
2015-07-02-19 14 50.880	  31.02732733 121.4395488 1.25  0.0 0.0
2015-07-02-19 14 51.030	  31.02734745 121.4395404 1.25  0.0 0.0
2015-07-02-19 14 51.134	  31.02734745 121.4395404 1.25  0.0 0.0
2015-07-02-19 14 51.252	  31.02734745 121.4395404 1.25  0.0 0.0
2015-07-02-19 14 51.355	  31.02734745 121.4395404 1.25  0.0 0.0
2015-07-02-19 14 51.458	  31.02734745 121.4395404 1.25  0.0 0.0
2015-07-02-19 14 51.577	  31.02734745 121.4395404 1.25  0.0 0.0
2015-07-02-19 14 51.748	  31.02734745 121.4395404 1.25  0.0 0.0
2015-07-02-19 14 51.856	  31.02734745 121.4395404 1.25  0.0 0.0
2015-07-02-19 14 51.958	  31.02734745 121.4395404 1.25  0.0 0.0
2015-07-02-19 14 52.077	  31.02734745 121.4395404 1.25  0.0 0.0
2015-07-02-19 14 52.201	  31.02734745 121.4395404 1.25  0.0 0.0
2015-07-02-19 14 52.315	  31.02734745 121.4395404 1.25  0.0 0.0
2015-07-02-19 14 52.417	  31.02734745 121.4395404 1.25  0.0 0.0
2015-07-02-19 14 52.601	  31.02734745 121.4395404 1.25  0.0 0.0
2015-07-02-19 14 52.720	  31.02734745 121.4395404 1.25  0.0 0.0
2015-07-02-19 14 52.863	  31.02734745 121.4395404 1.25  0.0 0.0
2015-07-02-19 14 53.045	  31.02736907 121.43953278 1.25  0.0 0.0
2015-07-02-19 14 53.149	  31.02736907 121.43953278 1.25  0.0 0.0
2015-07-02-19 14 53.252	  31.02736907 121.43953278 1.25  0.0 0.0
2015-07-02-19 14 53.406	  31.02736907 121.43953278 1.25  0.0 0.0
2015-07-02-19 14 53.553	  31.02736907 121.43953278 1.25  0.0 0.0
2015-07-02-19 14 53.655	  31.02736907 121.43953278 1.25  0.0 0.0
2015-07-02-19 14 53.760	  31.02736907 121.43953278 1.25  0.0 0.0
2015-07-02-19 14 53.931	  31.02736907 121.43953278 1.25  0.0 0.0
2015-07-02-19 14 54.068	  31.02736907 121.43953278 1.25  0.0 0.0
2015-07-02-19 14 54.176	  31.02736907 121.43953278 1.25  0.0 0.0
2015-07-02-19 14 54.279	  31.02736907 121.43953278 1.25  0.0 0.0
2015-07-02-19 14 54.433	  31.02736907 121.43953278 1.25  0.0 0.0
2015-07-02-19 14 54.553	  31.02736907 121.43953278 1.25  0.0 0.0
2015-07-02-19 14 54.695	  31.02736907 121.43953278 1.25  0.0 0.0
2015-07-02-19 14 54.805	  31.02736907 121.43953278 1.25  0.0 0.0
2015-07-02-19 14 54.911	  31.02738952 121.43952252 1.25  0.0 0.0
2015-07-02-19 14 55.092	  31.02738952 121.43952252 1.25  0.0 0.0
2015-07-02-19 14 55.233	  31.02738952 121.43952252 1.25  0.0 0.0
2015-07-02-19 14 55.334	  31.02738952 121.43952252 1.25  0.0 0.0
2015-07-02-19 14 55.438	  31.02738952 121.43952252 1.25  0.0 0.0
2015-07-02-19 14 55.599	  31.02738952 121.43952252 1.25  0.0 0.0
2015-07-02-19 14 55.714	  31.02738952 121.43952252 1.25  0.0 0.0
2015-07-02-19 14 55.816	  31.02738952 121.43952252 1.25  0.0 0.0
2015-07-02-19 14 55.920	  31.02738952 121.43952252 1.25  0.0 0.0
2015-07-02-19 14 56.089	  31.02738952 121.43952252 1.25  0.0 0.0
2015-07-02-19 14 56.231	  31.02738952 121.43952252 1.25  0.0 0.0
2015-07-02-19 14 56.367	  31.02738952 121.43952252 1.25  0.0 0.0
2015-07-02-19 14 56.551	  31.02738952 121.43952252 1.25  0.0 0.0
2015-07-02-19 14 56.700	  31.02738952 121.43952252 1.25  0.0 0.0
2015-07-02-19 14 56.805	  31.02738952 121.43952252 1.25  0.0 0.0
2015-07-02-19 14 56.912	  31.02741075 121.43951357 1.25  0.0 0.0
2015-07-02-19 14 57.068	  31.02741075 121.43951357 1.25  0.0 0.0
2015-07-02-19 14 57.209	  31.02741075 121.43951357 1.25  0.0 0.0
2015-07-02-19 14 57.315	  31.02741075 121.43951357 1.25  0.0 0.0
2015-07-02-19 14 57.420	  31.02741075 121.43951357 1.25  0.0 0.0
2015-07-02-19 14 57.599	  31.02741075 121.43951357 1.25  0.0 0.0
2015-07-02-19 14 57.716	  31.02741075 121.43951357 1.25  0.0 0.0
2015-07-02-19 14 57.832	  31.02741075 121.43951357 1.25  0.0 0.0
2015-07-02-19 14 57.934	  31.02741075 121.43951357 1.25  0.0 0.0
2015-07-02-19 14 58.039	  31.02741075 121.43951357 1.25  0.0 0.0
2015-07-02-19 14 58.186	  31.02741075 121.43951357 1.25  0.0 0.0
2015-07-02-19 14 58.305	  31.02741075 121.43951357 1.25  0.0 0.0
2015-07-02-19 14 58.412	  31.02741075 121.43951357 1.25  0.0 0.0
2015-07-02-19 14 58.520	  31.02741075 121.43951357 1.25  0.0 0.0
2015-07-02-19 14 58.720	  31.02741075 121.43951357 1.25  0.0 0.0
2015-07-02-19 14 58.859	  31.02741075 121.43951357 1.25  0.0 0.0
2015-07-02-19 14 58.997	  31.02743372 121.43950545 1.25  0.0 0.0
2015-07-02-19 14 59.106	  31.02743372 121.43950545 1.25  0.0 0.0
2015-07-02-19 14 59.208	  31.02743372 121.43950545 1.25  0.0 0.0
2015-07-02-19 14 59.353	  31.02743372 121.43950545 1.25  0.0 0.0
2015-07-02-19 14 59.495	  31.02743372 121.43950545 1.25  0.0 0.0
2015-07-02-19 14 59.612	  31.02743372 121.43950545 1.25  0.0 0.0
2015-07-02-19 14 59.728	  31.02743372 121.43950545 1.25  0.0 0.0
2015-07-02-19 14 59.874	  31.02743372 121.43950545 1.25  0.0 0.0
2015-07-02-19 14 59.999	  31.02743372 121.43950545 1.25  0.0 0.0
2015-07-02-19 15 00.116	  31.02743372 121.43950545 1.25  0.0 0.0
2015-07-02-19 15 00.241	  31.02743372 121.43950545 1.25  0.0 0.0
2015-07-02-19 15 00.355	  31.02743372 121.43950545 1.25  0.0 0.0
2015-07-02-19 15 00.504	  31.02743372 121.43950545 1.25  0.0 0.0
2015-07-02-19 15 00.635	  31.02743372 121.43950545 1.25  0.0 0.0
2015-07-02-19 15 00.776	  31.02743372 121.43950545 1.25  0.0 0.0
2015-07-02-19 15 00.923	  31.02743372 121.43950545 1.25  0.0 0.0
2015-07-02-19 15 01.074	  31.02745899 121.43949597 1.25  0.0 0.0
2015-07-02-19 15 01.188	  31.02745899 121.43949597 1.25  0.0 0.0
2015-07-02-19 15 01.310	  31.02745899 121.43949597 1.25  0.0 0.0
2015-07-02-19 15 01.484	  31.02745899 121.43949597 1.25  0.0 0.0
2015-07-02-19 15 01.624	  31.02745899 121.43949597 1.25  0.0 0.0
2015-07-02-19 15 01.765	  31.02745899 121.43949597 1.25  0.0 0.0
2015-07-02-19 15 01.908	  31.02745899 121.43949597 1.25  0.0 0.0
2015-07-02-19 15 02.044	  31.02745899 121.43949597 1.25  0.0 0.0
2015-07-02-19 15 02.158	  31.02745899 121.43949597 1.25  0.0 0.0
2015-07-02-19 15 02.280	  31.02745899 121.43949597 1.25  0.0 0.0
2015-07-02-19 15 02.445	  31.02745899 121.43949597 1.25  0.0 0.0
2015-07-02-19 15 02.562	  31.02745899 121.43949597 1.25  0.0 0.0
2015-07-02-19 15 02.754	  31.02745899 121.43949597 1.25  0.0 0.0
2015-07-02-19 15 02.893	  31.02745899 121.43949597 1.25  0.0 0.0
2015-07-02-19 15 03.038	  31.02748414 121.43948555 1.25  0.0 0.0
2015-07-02-19 15 03.177	  31.02748414 121.43948555 1.25  0.0 0.0
2015-07-02-19 15 03.331	  31.02748414 121.43948555 1.25  0.0 0.0
2015-07-02-19 15 03.507	  31.02748414 121.43948555 1.25  0.0 0.0
2015-07-02-19 15 03.635	  31.02748414 121.43948555 1.25  0.0 0.0
2015-07-02-19 15 03.793	  31.02748414 121.43948555 1.25  0.0 0.0
2015-07-02-19 15 03.908	  31.02748414 121.43948555 1.25  0.0 0.0
2015-07-02-19 15 04.043	  31.02748414 121.43948555 1.25  0.0 0.0
2015-07-02-19 15 04.182	  31.02748414 121.43948555 1.25  0.0 0.0
2015-07-02-19 15 04.304	  31.02748414 121.43948555 1.25  0.0 0.0
2015-07-02-19 15 04.438	  31.02748414 121.43948555 1.25  0.0 0.0
2015-07-02-19 15 04.555	  31.02748414 121.43948555 1.25  0.0 0.0
2015-07-02-19 15 04.714	  31.02748414 121.43948555 1.25  0.0 0.0
2015-07-02-19 15 04.830	  31.02748414 121.43948555 1.25  0.0 0.0
2015-07-02-19 15 04.945	  31.02750885 121.43947554 1.25  0.0 0.0
2015-07-02-19 15 05.097	  31.02750885 121.43947554 1.25  0.0 0.0
2015-07-02-19 15 05.233	  31.02750885 121.43947554 1.25  0.0 0.0
2015-07-02-19 15 05.348	  31.02750885 121.43947554 1.25  0.0 0.0
2015-07-02-19 15 05.513	  31.02750885 121.43947554 1.25  0.0 0.0
2015-07-02-19 15 05.643	  31.02750885 121.43947554 1.25  0.0 0.0
2015-07-02-19 15 05.780	  31.02750885 121.43947554 1.25  0.0 0.0
2015-07-02-19 15 05.950	  31.02750885 121.43947554 1.25  0.0 0.0
2015-07-02-19 15 06.066	  31.02750885 121.43947554 1.25  0.0 0.0
2015-07-02-19 15 06.182	  31.02750885 121.43947554 1.25  0.0 0.0
2015-07-02-19 15 06.309	  31.02750885 121.43947554 1.25  0.0 0.0
2015-07-02-19 15 06.456	  31.02750885 121.43947554 1.25  0.0 0.0
2015-07-02-19 15 06.601	  31.02750885 121.43947554 1.25  0.0 0.0
2015-07-02-19 15 06.774	  31.02750885 121.43947554 1.25  0.0 0.0
2015-07-02-19 15 06.898	  31.02750885 121.43947554 1.25  0.0 0.0
2015-07-02-19 15 07.015	  31.02753241 121.43946265 1.25  0.0 0.0
2015-07-02-19 15 07.134	  31.02753241 121.43946265 1.25  0.0 0.0
2015-07-02-19 15 07.280	  31.02753241 121.43946265 1.25  0.0 0.0
2015-07-02-19 15 07.446	  31.02753241 121.43946265 1.25  0.0 0.0
2015-07-02-19 15 07.561	  31.02753241 121.43946265 1.25  0.0 0.0
2015-07-02-19 15 07.694	  31.02753241 121.43946265 1.25  0.0 0.0
2015-07-02-19 15 07.833	  31.02753241 121.43946265 1.25  0.0 0.0
2015-07-02-19 15 08.000	  31.02753241 121.43946265 1.25  0.0 0.0
2015-07-02-19 15 08.144	  31.02753241 121.43946265 1.25  0.0 0.0
2015-07-02-19 15 08.271	  31.02753241 121.43946265 1.25  0.0 0.0
2015-07-02-19 15 08.403	  31.02753241 121.43946265 1.25  0.0 0.0
2015-07-02-19 15 08.517	  31.02753241 121.43946265 1.25  0.0 0.0
2015-07-02-19 15 08.660	  31.02753241 121.43946265 1.25  0.0 0.0
2015-07-02-19 15 08.801	  31.02753241 121.43946265 1.25  0.0 0.0
2015-07-02-19 15 08.947	  31.02755601 121.43945271 1.25  0.0 0.0
2015-07-02-19 15 09.094	  31.02755601 121.43945271 1.25  0.0 0.0
2015-07-02-19 15 09.245	  31.02755601 121.43945271 1.25  0.0 0.0
2015-07-02-19 15 09.383	  31.02755601 121.43945271 1.25  0.0 0.0
2015-07-02-19 15 09.525	  31.02755601 121.43945271 1.25  0.0 0.0
2015-07-02-19 15 09.678	  31.02755601 121.43945271 1.25  0.0 0.0
2015-07-02-19 15 09.848	  31.02755601 121.43945271 1.25  0.0 0.0
2015-07-02-19 15 09.965	  31.02755601 121.43945271 1.25  0.0 0.0
2015-07-02-19 15 10.161	  31.02755601 121.43945271 1.25  0.0 0.0
2015-07-02-19 15 10.300	  31.02755601 121.43945271 1.25  0.0 0.0
2015-07-02-19 15 10.444	  31.02755601 121.43945271 1.25  0.0 0.0
2015-07-02-19 15 10.601	  31.02755601 121.43945271 1.25  0.0 0.0
2015-07-02-19 15 10.719	  31.02755601 121.43945271 1.25  0.0 0.0
2015-07-02-19 15 10.839	  31.02755601 121.43945271 1.25  0.0 0.0
2015-07-02-19 15 10.985	  31.02757971 121.43943952 1.25  0.0 0.0
2015-07-02-19 15 11.104	  31.02757971 121.43943952 1.25  0.0 0.0
2015-07-02-19 15 11.221	  31.02757971 121.43943952 1.25  0.0 0.0
2015-07-02-19 15 11.369	  31.02757971 121.43943952 1.25  0.0 0.0
2015-07-02-19 15 11.489	  31.02757971 121.43943952 1.25  0.0 0.0
2015-07-02-19 15 11.640	  31.02757971 121.43943952 1.25  0.0 0.0
2015-07-02-19 15 11.746	  31.02757971 121.43943952 1.25  0.0 0.0
2015-07-02-19 15 11.933	  31.02757971 121.43943952 1.25  0.0 0.0
2015-07-02-19 15 12.060	  31.02757971 121.43943952 1.25  0.0 0.0
2015-07-02-19 15 12.162	  31.02757971 121.43943952 1.25  0.0 0.0
2015-07-02-19 15 12.266	  31.02757971 121.43943952 1.25  0.0 0.0
2015-07-02-19 15 12.370	  31.02757971 121.43943952 1.25  0.0 0.0
2015-07-02-19 15 12.475	  31.02757971 121.43943952 1.25  0.0 0.0
2015-07-02-19 15 12.577	  31.02757971 121.43943952 1.25  0.0 0.0
2015-07-02-19 15 12.679	  31.02757971 121.43943952 1.25  0.0 0.0
2015-07-02-19 15 12.782	  31.02757971 121.43943952 1.25  0.0 0.0
2015-07-02-19 15 12.890	  31.02757971 121.43943952 1.25  0.0 0.0
2015-07-02-19 15 13.025	  31.02760218 121.43942458 1.25  0.0 0.0
2015-07-02-19 15 13.148	  31.02760218 121.43942458 1.25  0.0 0.0
2015-07-02-19 15 13.282	  31.02760218 121.43942458 1.25  0.0 0.0
2015-07-02-19 15 13.419	  31.02760218 121.43942458 1.25  0.0 0.0
2015-07-02-19 15 13.589	  31.02760218 121.43942458 1.25  0.0 0.0
2015-07-02-19 15 13.706	  31.02760218 121.43942458 1.25  0.0 0.0
2015-07-02-19 15 13.825	  31.02760218 121.43942458 1.25  0.0 0.0
2015-07-02-19 15 13.946	  31.02760218 121.43942458 1.25  0.0 0.0
2015-07-02-19 15 14.064	  31.02760218 121.43942458 1.25  0.0 0.0
2015-07-02-19 15 14.167	  31.02760218 121.43942458 1.25  0.0 0.0
2015-07-02-19 15 14.272	  31.02760218 121.43942458 1.25  0.0 0.0
2015-07-02-19 15 14.379	  31.02760218 121.43942458 1.25  0.0 0.0
2015-07-02-19 15 14.517	  31.02760218 121.43942458 1.25  0.0 0.0
2015-07-02-19 15 14.701	  31.02760218 121.43942458 1.25  0.0 0.0
2015-07-02-19 15 14.843	  31.02760218 121.43942458 1.25  0.0 0.0
2015-07-02-19 15 14.959	  31.0276258 121.43941305 1.25  0.0 0.0
2015-07-02-19 15 15.061	  31.0276258 121.43941305 1.25  0.0 0.0
2015-07-02-19 15 15.164	  31.0276258 121.43941305 1.25  0.0 0.0
2015-07-02-19 15 15.269	  31.0276258 121.43941305 1.25  0.0 0.0
2015-07-02-19 15 15.394	  31.0276258 121.43941305 1.25  0.0 0.0
2015-07-02-19 15 15.510	  31.0276258 121.43941305 1.25  0.0 0.0
2015-07-02-19 15 15.640	  31.0276258 121.43941305 1.25  0.0 0.0
2015-07-02-19 15 15.799	  31.0276258 121.43941305 1.25  0.0 0.0
2015-07-02-19 15 15.916	  31.0276258 121.43941305 1.25  0.0 0.0
2015-07-02-19 15 16.059	  31.0276258 121.43941305 1.25  0.0 0.0
2015-07-02-19 15 16.161	  31.0276258 121.43941305 1.25  0.0 0.0
2015-07-02-19 15 16.265	  31.0276258 121.43941305 1.25  0.0 0.0
2015-07-02-19 15 16.375	  31.0276258 121.43941305 1.25  0.0 0.0
2015-07-02-19 15 16.514	  31.0276258 121.43941305 1.25  0.0 0.0
2015-07-02-19 15 16.650	  31.0276258 121.43941305 1.25  0.0 0.0
2015-07-02-19 15 16.798	  31.0276258 121.43941305 1.25  0.0 0.0
2015-07-02-19 15 16.916	  31.02764939 121.43940146999999 1.25  0.0 0.0
2015-07-02-19 15 17.101	  31.02764939 121.43940146999999 1.25  0.0 0.0
2015-07-02-19 15 17.242	  31.02764939 121.43940146999999 1.25  0.0 0.0
2015-07-02-19 15 17.359	  31.02764939 121.43940146999999 1.25  0.0 0.0
2015-07-02-19 15 17.472	  31.02764939 121.43940146999999 1.25  0.0 0.0
2015-07-02-19 15 17.586	  31.02764939 121.43940146999999 1.25  0.0 0.0
2015-07-02-19 15 17.722	  31.02764939 121.43940146999999 1.25  0.0 0.0
2015-07-02-19 15 17.844	  31.02764939 121.43940146999999 1.25  0.0 0.0
2015-07-02-19 15 17.965	  31.02764939 121.43940146999999 1.25  0.0 0.0
2015-07-02-19 15 18.096	  31.02764939 121.43940146999999 1.25  0.0 0.0
2015-07-02-19 15 18.234	  31.02764939 121.43940146999999 1.25  0.0 0.0
2015-07-02-19 15 18.354	  31.02764939 121.43940146999999 1.25  0.0 0.0
2015-07-02-19 15 18.521	  31.02764939 121.43940146999999 1.25  0.0 0.0
2015-07-02-19 15 18.643	  31.02764939 121.43940146999999 1.25  0.0 0.0
2015-07-02-19 15 18.784	  31.02764939 121.43940146999999 1.25  0.0 0.0
2015-07-02-19 15 18.893	  31.02764939 121.43940146999999 1.25  0.0 0.0
2015-07-02-19 15 19.045	  31.02767285 121.43939209 1.25  0.0 0.0
2015-07-02-19 15 19.165	  31.02767285 121.43939209 1.25  0.0 0.0
2015-07-02-19 15 19.308	  31.02767285 121.43939209 1.25  0.0 0.0
2015-07-02-19 15 19.473	  31.02767285 121.43939209 1.25  0.0 0.0
2015-07-02-19 15 19.591	  31.02767285 121.43939209 1.25  0.0 0.0
2015-07-02-19 15 19.708	  31.02767285 121.43939209 1.25  0.0 0.0
2015-07-02-19 15 19.855	  31.02767285 121.43939209 1.25  0.0 0.0
2015-07-02-19 15 20.053	  31.02767285 121.43939209 1.25  0.0 0.0
2015-07-02-19 15 20.170	  31.02767285 121.43939209 1.25  0.0 0.0
2015-07-02-19 15 20.338	  31.02767285 121.43939209 1.25  0.0 0.0
2015-07-02-19 15 20.442	  31.02767285 121.43939209 1.25  0.0 0.0
2015-07-02-19 15 20.556	  31.02767285 121.43939209 1.25  0.0 0.0
2015-07-02-19 15 20.694	  31.02767285 121.43939209 1.25  0.0 0.0
2015-07-02-19 15 20.871	  31.02767285 121.43939209 1.25  0.0 0.0
2015-07-02-19 15 21.010	  31.02769646 121.43938133 1.25  0.0 0.0
2015-07-02-19 15 21.142	  31.02769646 121.43938133 1.25  0.0 0.0
2015-07-02-19 15 21.259	  31.02769646 121.43938133 1.25  0.0 0.0
2015-07-02-19 15 21.381	  31.02769646 121.43938133 1.25  0.0 0.0
