2015-07-04-23 14 44.782	  0.0 0.0 0.0  0.0 0.0
2015-07-04-23 14 44.884	  0.0 0.0 0.0  0.0 0.0
2015-07-04-23 14 44.985	  0.0 0.0 0.0  0.0 0.0
2015-07-04-23 14 45.088	  0.0 0.0 0.0  0.0 0.0
2015-07-04-23 14 45.192	  0.0 0.0 0.0  0.0 0.0
2015-07-04-23 14 45.293	  0.0 0.0 0.0  0.0 0.0
2015-07-04-23 14 45.395	  0.0 0.0 0.0  0.0 0.0
2015-07-04-23 14 45.497	  0.0 0.0 0.0  0.0 0.0
2015-07-04-23 14 45.599	  0.0 0.0 0.0  0.0 0.0
2015-07-04-23 14 45.701	  0.0 0.0 0.0  0.0 0.0
2015-07-04-23 14 45.803	  0.0 0.0 0.0  0.0 0.0
2015-07-04-23 14 45.904	  0.0 0.0 0.0  0.0 0.0
2015-07-04-23 14 46.007	  0.0 0.0 0.0  0.0 0.0
2015-07-04-23 14 46.109	  0.0 0.0 0.0  0.0 0.0
2015-07-04-23 14 46.211	  0.0 0.0 0.0  0.0 0.0
2015-07-04-23 14 46.313	  0.0 0.0 0.0  0.0 0.0
2015-07-04-23 14 46.415	  0.0 0.0 0.0  0.0 0.0
2015-07-04-23 14 46.517	  0.0 0.0 0.0  0.0 0.0
2015-07-04-23 14 46.619	  31.02652549 121.43991252 1.75  0.0 0.0
2015-07-04-23 14 46.725	  31.02652549 121.43991252 1.75  0.0 0.0
2015-07-04-23 14 46.827	  31.02652549 121.43991252 1.75  0.0 0.0
2015-07-04-23 14 46.930	  31.02652549 121.43991252 1.75  0.0 0.0
2015-07-04-23 14 47.032	  31.02652549 121.43991252 1.75  0.0 0.0
2015-07-04-23 14 47.134	  31.02652549 121.43991252 1.75  0.0 0.0
2015-07-04-23 14 47.236	  31.02652549 121.43991252 1.75  0.0 0.0
2015-07-04-23 14 47.338	  31.02652549 121.43991252 1.75  0.0 0.0
2015-07-04-23 14 47.439	  31.02652549 121.43991252 1.75  0.0 0.0
2015-07-04-23 14 47.542	  31.02652549 121.43991252 1.75  0.0 0.0
2015-07-04-23 14 47.644	  31.02652549 121.43991252 1.75  0.0 0.0
2015-07-04-23 14 47.749	  31.02652549 121.43991252 1.75  0.0 0.0
2015-07-04-23 14 47.852	  31.02652549 121.43991252 1.75  0.0 0.0
2015-07-04-23 14 47.955	  31.02652549 121.43991252 1.75  0.0 0.0
2015-07-04-23 14 48.056	  31.02652549 121.43991252 1.75  0.0 0.0
2015-07-04-23 14 48.159	  31.02652549 121.43991252 1.75  0.0 0.0
2015-07-04-23 14 48.261	  31.02652549 121.43991252 1.75  0.0 0.0
2015-07-04-23 14 48.364	  31.02652549 121.43991252 1.75  0.0 0.0
2015-07-04-23 14 48.466	  31.02652549 121.43991252 1.75  0.0 0.0
2015-07-04-23 14 48.567	  31.02652549 121.43991252 1.75  0.0 0.0
2015-07-04-23 14 48.676	  31.02656726 121.43990944 1.25  0.0 0.0
2015-07-04-23 14 48.777	  31.02656726 121.43990944 1.25  0.0 0.0
2015-07-04-23 14 48.880	  31.02656726 121.43990944 1.25  0.0 0.0
2015-07-04-23 14 48.982	  31.02656726 121.43990944 1.25  0.0 0.0
2015-07-04-23 14 49.088	  31.02656726 121.43990944 1.25  0.0 0.0
2015-07-04-23 14 49.195	  31.02656726 121.43990944 1.25  0.0 0.0
2015-07-04-23 14 49.299	  31.02656726 121.43990944 1.25  0.0 0.0
2015-07-04-23 14 49.403	  31.02656726 121.43990944 1.25  0.0 0.0
2015-07-04-23 14 49.508	  31.02656726 121.43990944 1.25  0.0 0.0
2015-07-04-23 14 49.612	  31.02656726 121.43990944 1.25  0.0 0.0
2015-07-04-23 14 49.713	  31.02656726 121.43990944 1.25  0.0 0.0
2015-07-04-23 14 49.815	  31.02656726 121.43990944 1.25  0.0 0.0
2015-07-04-23 14 49.917	  31.02656726 121.43990944 1.25  0.0 0.0
2015-07-04-23 14 50.019	  31.02656726 121.43990944 1.25  0.0 0.0
2015-07-04-23 14 50.125	  31.02656726 121.43990944 1.25  0.0 0.0
2015-07-04-23 14 50.227	  31.0265945 121.4398922 1.5  0.0 0.0
2015-07-04-23 14 50.328	  31.0265945 121.4398922 1.5  0.0 0.0
2015-07-04-23 14 50.430	  31.0265945 121.4398922 1.5  0.0 0.0
2015-07-04-23 14 50.536	  31.0265945 121.4398922 1.5  0.0 0.0
2015-07-04-23 14 50.640	  31.0265945 121.4398922 1.5  0.0 0.0
2015-07-04-23 14 50.746	  31.0265945 121.4398922 1.5  0.0 0.0
2015-07-04-23 14 50.885	  31.0265945 121.4398922 1.5  0.0 0.0
2015-07-04-23 14 50.987	  31.0265945 121.4398922 1.5  0.0 0.0
2015-07-04-23 14 51.088	  31.0265945 121.4398922 1.5  0.0 0.0
2015-07-04-23 14 51.191	  31.0265945 121.4398922 1.5  0.0 0.0
2015-07-04-23 14 51.296	  31.0265945 121.4398922 1.5  0.0 0.0
2015-07-04-23 14 51.401	  31.0265945 121.4398922 1.5  0.0 0.0
2015-07-04-23 14 51.507	  31.0265945 121.4398922 1.5  0.0 0.0
2015-07-04-23 14 51.608	  31.0265945 121.4398922 1.5  0.0 0.0
2015-07-04-23 14 51.709	  31.02664249 121.43986776 1.5  0.0 0.0
2015-07-04-23 14 51.813	  31.02664249 121.43986776 1.5  0.0 0.0
2015-07-04-23 14 51.915	  31.02664249 121.43986776 1.5  0.0 0.0
2015-07-04-23 14 52.020	  31.02664249 121.43986776 1.5  0.0 0.0
2015-07-04-23 14 52.122	  31.02664249 121.43986776 1.5  0.0 0.0
2015-07-04-23 14 52.227	  31.02664249 121.43986776 1.5  0.0 0.0
2015-07-04-23 14 52.331	  31.02664249 121.43986776 1.5  0.0 0.0
2015-07-04-23 14 52.436	  31.02664249 121.43986776 1.5  0.0 0.0
2015-07-04-23 14 52.546	  31.02664249 121.43986776 1.5  0.0 0.0
2015-07-04-23 14 52.652	  31.02666423 121.43985757 1.5  0.0 0.0
2015-07-04-23 14 52.760	  31.02666423 121.43985757 1.5  0.0 0.0
2015-07-04-23 14 52.862	  31.02666423 121.43985757 1.5  0.0 0.0
2015-07-04-23 14 52.963	  31.02666423 121.43985757 1.5  0.0 0.0
2015-07-04-23 14 53.067	  31.02666423 121.43985757 1.5  0.0 0.0
2015-07-04-23 14 53.175	  31.02666423 121.43985757 1.5  0.0 0.0
2015-07-04-23 14 53.279	  31.02666423 121.43985757 1.5  0.0 0.0
2015-07-04-23 14 53.383	  31.02666423 121.43985757 1.5  0.0 0.0
2015-07-04-23 14 53.496	  31.02666423 121.43985757 1.5  0.0 0.0
2015-07-04-23 14 53.597	  31.02666423 121.43985757 1.5  0.0 0.0
2015-07-04-23 14 53.698	  31.02668458 121.43984565 1.5  0.0 0.0
2015-07-04-23 14 53.802	  31.02668458 121.43984565 1.5  0.0 0.0
2015-07-04-23 14 53.906	  31.02668458 121.43984565 1.5  0.0 0.0
2015-07-04-23 14 54.009	  31.02668458 121.43984565 1.5  0.0 0.0
2015-07-04-23 14 54.120	  31.02668458 121.43984565 1.5  0.0 0.0
2015-07-04-23 14 54.224	  31.02668458 121.43984565 1.5  0.0 0.0
2015-07-04-23 14 54.329	  31.02668458 121.43984565 1.5  0.0 0.0
2015-07-04-23 14 54.435	  31.02668458 121.43984565 1.5  0.0 0.0
2015-07-04-23 14 54.540	  31.02668458 121.43984565 1.5  0.0 0.0
2015-07-04-23 14 54.647	  31.02668458 121.43984565 1.5  0.0 0.0
2015-07-04-23 14 54.753	  31.02670348 121.43983304 1.75  0.0 0.0
2015-07-04-23 14 54.854	  31.02670348 121.43983304 1.75  0.0 0.0
2015-07-04-23 14 54.957	  31.02670348 121.43983304 1.75  0.0 0.0
2015-07-04-23 14 55.059	  31.02670348 121.43983304 1.75  0.0 0.0
2015-07-04-23 14 55.163	  31.02670348 121.43983304 1.75  0.0 0.0
2015-07-04-23 14 55.265	  31.02670348 121.43983304 1.75  0.0 0.0
2015-07-04-23 14 55.371	  31.02670348 121.43983304 1.75  0.0 0.0
2015-07-04-23 14 55.480	  31.02670348 121.43983304 1.75  0.0 0.0
2015-07-04-23 14 55.585	  31.02670348 121.43983304 1.75  0.0 0.0
2015-07-04-23 14 55.697	  31.02671987 121.43982014 1.75  0.0 0.0
2015-07-04-23 14 55.798	  31.02671987 121.43982014 1.75  0.0 0.0
2015-07-04-23 14 55.899	  31.02671987 121.43982014 1.75  0.0 0.0
2015-07-04-23 14 56.002	  31.02671987 121.43982014 1.75  0.0 0.0
2015-07-04-23 14 56.104	  31.02671987 121.43982014 1.75  0.0 0.0
2015-07-04-23 14 56.207	  31.02671987 121.43982014 1.75  0.0 0.0
2015-07-04-23 14 56.311	  31.02671987 121.43982014 1.75  0.0 0.0
2015-07-04-23 14 56.414	  31.02671987 121.43982014 1.75  0.0 0.0
2015-07-04-23 14 56.520	  31.02671987 121.43982014 1.75  0.0 0.0
2015-07-04-23 14 56.625	  31.02671987 121.43982014 1.75  0.0 0.0
2015-07-04-23 14 56.738	  31.02671987 121.43982014 1.75  0.0 0.0
2015-07-04-23 14 56.840	  31.02671987 121.43982014 1.75  0.0 0.0
2015-07-04-23 14 56.942	  31.02671987 121.43982014 1.75  0.0 0.0
2015-07-04-23 14 57.048	  31.02671987 121.43982014 1.75  0.0 0.0
2015-07-04-23 14 57.171	  31.02671987 121.43982014 1.75  0.0 0.0
2015-07-04-23 14 57.282	  31.02673427 121.43980686 1.75  0.0 0.0
2015-07-04-23 14 57.384	  31.02673427 121.43980686 1.75  0.0 0.0
2015-07-04-23 14 57.486	  31.02673427 121.43980686 1.75  0.0 0.0
2015-07-04-23 14 57.589	  31.02673427 121.43980686 1.75  0.0 0.0
2015-07-04-23 14 57.695	  31.02673427 121.43980686 1.75  0.0 0.0
2015-07-04-23 14 57.811	  31.02673427 121.43980686 1.75  0.0 0.0
2015-07-04-23 14 57.912	  31.02673427 121.43980686 1.75  0.0 0.0
2015-07-04-23 14 58.014	  31.02673427 121.43980686 1.75  0.0 0.0
2015-07-04-23 14 58.116	  31.02673427 121.43980686 1.75  0.0 0.0
2015-07-04-23 14 58.221	  31.02673427 121.43980686 1.75  0.0 0.0
2015-07-04-23 14 58.336	  31.02673427 121.43980686 1.75  0.0 0.0
2015-07-04-23 14 58.437	  31.02673427 121.43980686 1.75  0.0 0.0
2015-07-04-23 14 58.539	  31.02673427 121.43980686 1.75  0.0 0.0
2015-07-04-23 14 58.640	  31.02673427 121.43980686 1.75  0.0 0.0
2015-07-04-23 14 58.744	  31.02676067 121.43978216 1.5  0.0 0.0
2015-07-04-23 14 58.845	  31.02676067 121.43978216 1.5  0.0 0.0
2015-07-04-23 14 58.946	  31.02676067 121.43978216 1.5  0.0 0.0
2015-07-04-23 14 59.048	  31.02676067 121.43978216 1.5  0.0 0.0
2015-07-04-23 14 59.149	  31.02676067 121.43978216 1.5  0.0 0.0
2015-07-04-23 14 59.258	  31.02676067 121.43978216 1.5  0.0 0.0
2015-07-04-23 14 59.360	  31.02676067 121.43978216 1.5  0.0 0.0
2015-07-04-23 14 59.461	  31.02676067 121.43978216 1.5  0.0 0.0
2015-07-04-23 14 59.563	  31.02676067 121.43978216 1.5  0.0 0.0
2015-07-04-23 14 59.664	  31.02676067 121.43978216 1.5  0.0 0.0
2015-07-04-23 14 59.768	  31.02676067 121.43978216 1.5  0.0 0.0
2015-07-04-23 14 59.870	  31.02676067 121.43978216 1.5  0.0 0.0
2015-07-04-23 14 59.973	  31.02676067 121.43978216 1.5  0.0 0.0
2015-07-04-23 15 00.079	  31.02676067 121.43978216 1.5  0.0 0.0
2015-07-04-23 15 00.187	  31.02676067 121.43978216 1.5  0.0 0.0
2015-07-04-23 15 00.288	  31.02676067 121.43978216 1.5  0.0 0.0
2015-07-04-23 15 00.390	  31.02676067 121.43978216 1.5  0.0 0.0
2015-07-04-23 15 00.493	  31.02676067 121.43978216 1.5  0.0 0.0
2015-07-04-23 15 00.598	  31.02676067 121.43978216 1.5  0.0 0.0
2015-07-04-23 15 00.702	  31.0267892 121.43976254 1.75  0.0 0.0
2015-07-04-23 15 00.810	  31.0267892 121.43976254 1.75  0.0 0.0
2015-07-04-23 15 00.911	  31.0267892 121.43976254 1.75  0.0 0.0
2015-07-04-23 15 01.013	  31.0267892 121.43976254 1.75  0.0 0.0
2015-07-04-23 15 01.119	  31.0267892 121.43976254 1.75  0.0 0.0
2015-07-04-23 15 01.232	  31.0267892 121.43976254 1.75  0.0 0.0
2015-07-04-23 15 01.334	  31.0267892 121.43976254 1.75  0.0 0.0
2015-07-04-23 15 01.435	  31.0267892 121.43976254 1.75  0.0 0.0
2015-07-04-23 15 01.537	  31.0267892 121.43976254 1.75  0.0 0.0
2015-07-04-23 15 01.639	  31.0267892 121.43976254 1.75  0.0 0.0
2015-07-04-23 15 01.744	  31.0267892 121.43976254 1.75  0.0 0.0
2015-07-04-23 15 01.846	  31.0267892 121.43976254 1.75  0.0 0.0
2015-07-04-23 15 01.952	  31.0267892 121.43976254 1.75  0.0 0.0
2015-07-04-23 15 02.062	  31.0267892 121.43976254 1.75  0.0 0.0
2015-07-04-23 15 02.164	  31.0267892 121.43976254 1.75  0.0 0.0
2015-07-04-23 15 02.265	  31.0267892 121.43976254 1.75  0.0 0.0
2015-07-04-23 15 02.368	  31.0267892 121.43976254 1.75  0.0 0.0
2015-07-04-23 15 02.476	  31.0267892 121.43976254 1.75  0.0 0.0
2015-07-04-23 15 02.582	  31.0267892 121.43976254 1.75  0.0 0.0
2015-07-04-23 15 02.690	  31.02681848 121.43974956 1.75  0.0 0.0
2015-07-04-23 15 02.812	  31.02681848 121.43974956 1.75  0.0 0.0
2015-07-04-23 15 02.917	  31.02681848 121.43974956 1.75  0.0 0.0
2015-07-04-23 15 03.020	  31.02681848 121.43974956 1.75  0.0 0.0
2015-07-04-23 15 03.125	  31.02681848 121.43974956 1.75  0.0 0.0
2015-07-04-23 15 03.230	  31.02681848 121.43974956 1.75  0.0 0.0
2015-07-04-23 15 03.347	  31.02681848 121.43974956 1.75  0.0 0.0
2015-07-04-23 15 03.449	  31.02681848 121.43974956 1.75  0.0 0.0
2015-07-04-23 15 03.551	  31.02681848 121.43974956 1.75  0.0 0.0
2015-07-04-23 15 03.657	  31.02681848 121.43974956 1.75  0.0 0.0
2015-07-04-23 15 03.765	  31.02681848 121.43974956 1.75  0.0 0.0
2015-07-04-23 15 03.866	  31.02681848 121.43974956 1.75  0.0 0.0
2015-07-04-23 15 03.968	  31.02681848 121.43974956 1.75  0.0 0.0
2015-07-04-23 15 04.072	  31.02681848 121.43974956 1.75  0.0 0.0
2015-07-04-23 15 04.187	  31.02681848 121.43974956 1.75  0.0 0.0
2015-07-04-23 15 04.288	  31.02681848 121.43974956 1.75  0.0 0.0
2015-07-04-23 15 04.389	  31.02681848 121.43974956 1.75  0.0 0.0
2015-07-04-23 15 04.492	  31.02681848 121.43974956 1.75  0.0 0.0
2015-07-04-23 15 04.604	  31.02681848 121.43974956 1.75  0.0 0.0
2015-07-04-23 15 04.707	  31.02681848 121.43974956 1.75  0.0 0.0
2015-07-04-23 15 04.813	  31.02681848 121.43974956 1.75  0.0 0.0
2015-07-04-23 15 04.918	  31.0268465 121.4397357 1.75  0.0 0.0
2015-07-04-23 15 05.020	  31.0268465 121.4397357 1.75  0.0 0.0
2015-07-04-23 15 05.122	  31.0268465 121.4397357 1.75  0.0 0.0
2015-07-04-23 15 05.224	  31.0268465 121.4397357 1.75  0.0 0.0
2015-07-04-23 15 05.346	  31.0268465 121.4397357 1.75  0.0 0.0
2015-07-04-23 15 05.448	  31.0268465 121.4397357 1.75  0.0 0.0
2015-07-04-23 15 05.550	  31.0268465 121.4397357 1.75  0.0 0.0
2015-07-04-23 15 05.660	  31.0268465 121.4397357 1.75  0.0 0.0
2015-07-04-23 15 05.762	  31.0268465 121.4397357 1.75  0.0 0.0
2015-07-04-23 15 05.872	  31.0268465 121.4397357 1.75  0.0 0.0
2015-07-04-23 15 05.974	  31.0268465 121.4397357 1.75  0.0 0.0
2015-07-04-23 15 06.076	  31.0268465 121.4397357 1.75  0.0 0.0
2015-07-04-23 15 06.179	  31.0268465 121.4397357 1.75  0.0 0.0
2015-07-04-23 15 06.283	  31.0268465 121.4397357 1.75  0.0 0.0
2015-07-04-23 15 06.394	  31.0268465 121.4397357 1.75  0.0 0.0
2015-07-04-23 15 06.495	  31.0268465 121.4397357 1.75  0.0 0.0
2015-07-04-23 15 06.596	  31.0268465 121.4397357 1.75  0.0 0.0
2015-07-04-23 15 06.698	  31.0268465 121.4397357 1.75  0.0 0.0
2015-07-04-23 15 06.807	  31.0268726 121.43971757999999 1.75  0.0 0.0
2015-07-04-23 15 06.908	  31.0268726 121.43971757999999 1.75  0.0 0.0
2015-07-04-23 15 07.011	  31.0268726 121.43971757999999 1.75  0.0 0.0
2015-07-04-23 15 07.113	  31.0268726 121.43971757999999 1.75  0.0 0.0
2015-07-04-23 15 07.218	  31.0268726 121.43971757999999 1.75  0.0 0.0
2015-07-04-23 15 07.322	  31.0268726 121.43971757999999 1.75  0.0 0.0
2015-07-04-23 15 07.430	  31.0268726 121.43971757999999 1.75  0.0 0.0
2015-07-04-23 15 07.531	  31.0268726 121.43971757999999 1.75  0.0 0.0
2015-07-04-23 15 07.633	  31.0268726 121.43971757999999 1.75  0.0 0.0
2015-07-04-23 15 07.739	  31.0268726 121.43971757999999 1.75  0.0 0.0
2015-07-04-23 15 07.840	  31.0268726 121.43971757999999 1.75  0.0 0.0
2015-07-04-23 15 07.941	  31.0268726 121.43971757999999 1.75  0.0 0.0
2015-07-04-23 15 08.043	  31.0268726 121.43971757999999 1.75  0.0 0.0
2015-07-04-23 15 08.145	  31.0268726 121.43971757999999 1.75  0.0 0.0
2015-07-04-23 15 08.247	  31.0268726 121.43971757999999 1.75  0.0 0.0
2015-07-04-23 15 08.351	  31.0268726 121.43971757999999 1.75  0.0 0.0
2015-07-04-23 15 08.453	  31.0268726 121.43971757999999 1.75  0.0 0.0
2015-07-04-23 15 08.554	  31.0268726 121.43971757999999 1.75  0.0 0.0
2015-07-04-23 15 08.656	  31.0268726 121.43971757999999 1.75  0.0 0.0
2015-07-04-23 15 08.759	  31.02689962 121.43969992 1.75  0.0 0.0
2015-07-04-23 15 08.861	  31.02689962 121.43969992 1.75  0.0 0.0
2015-07-04-23 15 08.966	  31.02689962 121.43969992 1.75  0.0 0.0
2015-07-04-23 15 09.069	  31.02689962 121.43969992 1.75  0.0 0.0
2015-07-04-23 15 09.171	  31.02689962 121.43969992 1.75  0.0 0.0
2015-07-04-23 15 09.282	  31.02689962 121.43969992 1.75  0.0 0.0
2015-07-04-23 15 09.383	  31.02689962 121.43969992 1.75  0.0 0.0
2015-07-04-23 15 09.485	  31.02689962 121.43969992 1.75  0.0 0.0
2015-07-04-23 15 09.591	  31.02689962 121.43969992 1.75  0.0 0.0
2015-07-04-23 15 09.692	  31.02689962 121.43969992 1.75  0.0 0.0
2015-07-04-23 15 09.794	  31.02689962 121.43969992 1.75  0.0 0.0
2015-07-04-23 15 09.907	  31.02689962 121.43969992 1.75  0.0 0.0
2015-07-04-23 15 10.009	  31.02689962 121.43969992 1.75  0.0 0.0
2015-07-04-23 15 10.113	  31.02689962 121.43969992 1.75  0.0 0.0
2015-07-04-23 15 10.218	  31.02689962 121.43969992 1.75  0.0 0.0
2015-07-04-23 15 10.321	  31.02689962 121.43969992 1.75  0.0 0.0
2015-07-04-23 15 10.430	  31.02689962 121.43969992 1.75  0.0 0.0
2015-07-04-23 15 10.532	  31.02689962 121.43969992 1.75  0.0 0.0
2015-07-04-23 15 10.636	  31.02689962 121.43969992 1.75  0.0 0.0
2015-07-04-23 15 10.759	  31.02692541 121.43968101 1.75  0.0 0.0
2015-07-04-23 15 10.861	  31.02692541 121.43968101 1.75  0.0 0.0
2015-07-04-23 15 10.962	  31.02692541 121.43968101 1.75  0.0 0.0
2015-07-04-23 15 11.067	  31.02692541 121.43968101 1.75  0.0 0.0
2015-07-04-23 15 11.169	  31.02692541 121.43968101 1.75  0.0 0.0
2015-07-04-23 15 11.271	  31.02692541 121.43968101 1.75  0.0 0.0
2015-07-04-23 15 11.383	  31.02692541 121.43968101 1.75  0.0 0.0
2015-07-04-23 15 11.486	  31.02692541 121.43968101 1.75  0.0 0.0
2015-07-04-23 15 11.590	  31.02692541 121.43968101 1.75  0.0 0.0
2015-07-04-23 15 11.707	  31.02692541 121.43968101 1.75  0.0 0.0
2015-07-04-23 15 11.808	  31.02692541 121.43968101 1.75  0.0 0.0
2015-07-04-23 15 11.909	  31.02692541 121.43968101 1.75  0.0 0.0
2015-07-04-23 15 12.017	  31.02692541 121.43968101 1.75  0.0 0.0
2015-07-04-23 15 12.119	  31.02692541 121.43968101 1.75  0.0 0.0
2015-07-04-23 15 12.221	  31.02692541 121.43968101 1.75  0.0 0.0
2015-07-04-23 15 12.330	  31.02692541 121.43968101 1.75  0.0 0.0
2015-07-04-23 15 12.436	  31.02692541 121.43968101 1.75  0.0 0.0
2015-07-04-23 15 12.543	  31.02692541 121.43968101 1.75  0.0 0.0
2015-07-04-23 15 12.658	  31.02692541 121.43968101 1.75  0.0 0.0
2015-07-04-23 15 12.760	  31.02692541 121.43968101 1.75  0.0 0.0
2015-07-04-23 15 12.863	  31.02692541 121.43968101 1.75  0.0 0.0
2015-07-04-23 15 12.976	  31.02692541 121.43968101 1.75  0.0 0.0
2015-07-04-23 15 13.079	  31.02692541 121.43968101 1.75  0.0 0.0
2015-07-04-23 15 13.181	  31.02692541 121.43968101 1.75  0.0 0.0
2015-07-04-23 15 13.307	  31.02695216 121.43965747 1.75  0.0 0.0
2015-07-04-23 15 13.409	  31.02695216 121.43965747 1.75  0.0 0.0
2015-07-04-23 15 13.511	  31.02695216 121.43965747 1.75  0.0 0.0
2015-07-04-23 15 13.623	  31.02695216 121.43965747 1.75  0.0 0.0
2015-07-04-23 15 13.724	  31.02695216 121.43965747 1.75  0.0 0.0
2015-07-04-23 15 13.826	  31.02695216 121.43965747 1.75  0.0 0.0
2015-07-04-23 15 13.931	  31.02695216 121.43965747 1.75  0.0 0.0
2015-07-04-23 15 14.034	  31.02695216 121.43965747 1.75  0.0 0.0
2015-07-04-23 15 14.142	  31.02695216 121.43965747 1.75  0.0 0.0
2015-07-04-23 15 14.257	  31.02695216 121.43965747 1.75  0.0 0.0
2015-07-04-23 15 14.359	  31.02695216 121.43965747 1.75  0.0 0.0
2015-07-04-23 15 14.464	  31.02695216 121.43965747 1.75  0.0 0.0
2015-07-04-23 15 14.575	  31.02695216 121.43965747 1.75  0.0 0.0
2015-07-04-23 15 14.677	  31.02695216 121.43965747 1.75  0.0 0.0
2015-07-04-23 15 14.779	  31.02697903 121.43963567 1.75  0.0 0.0
2015-07-04-23 15 14.883	  31.02697903 121.43963567 1.75  0.0 0.0
2015-07-04-23 15 14.984	  31.02697903 121.43963567 1.75  0.0 0.0
2015-07-04-23 15 15.085	  31.02697903 121.43963567 1.75  0.0 0.0
2015-07-04-23 15 15.190	  31.02697903 121.43963567 1.75  0.0 0.0
2015-07-04-23 15 15.292	  31.02697903 121.43963567 1.75  0.0 0.0
2015-07-04-23 15 15.397	  31.02697903 121.43963567 1.75  0.0 0.0
2015-07-04-23 15 15.507	  31.02697903 121.43963567 1.75  0.0 0.0
2015-07-04-23 15 15.608	  31.02697903 121.43963567 1.75  0.0 0.0
2015-07-04-23 15 15.710	  31.02697903 121.43963567 1.75  0.0 0.0
2015-07-04-23 15 15.867	  31.02697903 121.43963567 1.75  0.0 0.0
2015-07-04-23 15 15.971	  31.02697903 121.43963567 1.75  0.0 0.0
2015-07-04-23 15 16.075	  31.02697903 121.43963567 1.75  0.0 0.0
2015-07-04-23 15 16.184	  31.02697903 121.43963567 1.75  0.0 0.0
2015-07-04-23 15 16.296	  31.02697903 121.43963567 1.75  0.0 0.0
2015-07-04-23 15 16.398	  31.02697903 121.43963567 1.75  0.0 0.0
2015-07-04-23 15 16.499	  31.02697903 121.43963567 1.75  0.0 0.0
2015-07-04-23 15 16.604	  31.02697903 121.43963567 1.75  0.0 0.0
2015-07-04-23 15 16.706	  31.02700786 121.43961954 1.75  0.0 0.0
2015-07-04-23 15 16.812	  31.02700786 121.43961954 1.75  0.0 0.0
2015-07-04-23 15 16.919	  31.02700786 121.43961954 1.75  0.0 0.0
2015-07-04-23 15 17.026	  31.02700786 121.43961954 1.75  0.0 0.0
2015-07-04-23 15 17.132	  31.02700786 121.43961954 1.75  0.0 0.0
2015-07-04-23 15 17.308	  31.02700786 121.43961954 1.75  0.0 0.0
2015-07-04-23 15 17.410	  31.02700786 121.43961954 1.75  0.0 0.0
2015-07-04-23 15 17.520	  31.02700786 121.43961954 1.75  0.0 0.0
2015-07-04-23 15 17.622	  31.02700786 121.43961954 1.75  0.0 0.0
2015-07-04-23 15 17.724	  31.02700786 121.43961954 1.75  0.0 0.0
2015-07-04-23 15 17.859	  31.02700786 121.43961954 1.75  0.0 0.0
2015-07-04-23 15 17.962	  31.02700786 121.43961954 1.75  0.0 0.0
2015-07-04-23 15 18.079	  31.02700786 121.43961954 1.75  0.0 0.0
2015-07-04-23 15 18.182	  31.02700786 121.43961954 1.75  0.0 0.0
2015-07-04-23 15 18.284	  31.02700786 121.43961954 1.75  0.0 0.0
2015-07-04-23 15 18.389	  31.02700786 121.43961954 1.75  0.0 0.0
2015-07-04-23 15 18.494	  31.02700786 121.43961954 1.75  0.0 0.0
2015-07-04-23 15 18.596	  31.02700786 121.43961954 1.75  0.0 0.0
2015-07-04-23 15 18.735	  31.02703703 121.43960735 1.75  0.0 0.0
2015-07-04-23 15 18.836	  31.02703703 121.43960735 1.75  0.0 0.0
2015-07-04-23 15 18.942	  31.02703703 121.43960735 1.75  0.0 0.0
2015-07-04-23 15 19.047	  31.02703703 121.43960735 1.75  0.0 0.0
2015-07-04-23 15 19.151	  31.02703703 121.43960735 1.75  0.0 0.0
2015-07-04-23 15 19.308	  31.02703703 121.43960735 1.75  0.0 0.0
2015-07-04-23 15 19.411	  31.02703703 121.43960735 1.75  0.0 0.0
2015-07-04-23 15 19.516	  31.02703703 121.43960735 1.75  0.0 0.0
2015-07-04-23 15 19.618	  31.02703703 121.43960735 1.75  0.0 0.0
2015-07-04-23 15 19.723	  31.02703703 121.43960735 1.75  0.0 0.0
2015-07-04-23 15 19.847	  31.02703703 121.43960735 1.75  0.0 0.0
2015-07-04-23 15 19.949	  31.02703703 121.43960735 1.75  0.0 0.0
2015-07-04-23 15 20.052	  31.02703703 121.43960735 1.75  0.0 0.0
2015-07-04-23 15 20.154	  31.02703703 121.43960735 1.75  0.0 0.0
2015-07-04-23 15 20.257	  31.02703703 121.43960735 1.75  0.0 0.0
2015-07-04-23 15 20.372	  31.02703703 121.43960735 1.75  0.0 0.0
2015-07-04-23 15 20.477	  31.02703703 121.43960735 1.75  0.0 0.0
2015-07-04-23 15 20.604	  31.02703703 121.43960735 1.75  0.0 0.0
2015-07-04-23 15 20.705	  31.02703703 121.43960735 1.75  0.0 0.0
2015-07-04-23 15 20.813	  31.02703703 121.43960735 1.75  0.0 0.0
2015-07-04-23 15 20.915	  31.02703703 121.43960735 1.75  0.0 0.0
2015-07-04-23 15 21.018	  31.02703703 121.43960735 1.75  0.0 0.0
2015-07-04-23 15 21.120	  31.02703703 121.43960735 1.75  0.0 0.0
2015-07-04-23 15 21.223	  31.02706646 121.43960178 1.75  0.0 0.0
2015-07-04-23 15 21.356	  31.02706646 121.43960178 1.75  0.0 0.0
2015-07-04-23 15 21.460	  31.02706646 121.43960178 1.75  0.0 0.0
2015-07-04-23 15 21.562	  31.02706646 121.43960178 1.75  0.0 0.0
2015-07-04-23 15 21.668	  31.02706646 121.43960178 1.75  0.0 0.0
2015-07-04-23 15 21.773	  31.02706646 121.43960178 1.75  0.0 0.0
2015-07-04-23 15 21.874	  31.02706646 121.43960178 1.75  0.0 0.0
2015-07-04-23 15 21.976	  31.02706646 121.43960178 1.75  0.0 0.0
2015-07-04-23 15 22.126	  31.02706646 121.43960178 1.75  0.0 0.0
2015-07-04-23 15 22.233	  31.02706646 121.43960178 1.75  0.0 0.0
2015-07-04-23 15 22.343	  31.02706646 121.43960178 1.75  0.0 0.0
2015-07-04-23 15 22.447	  31.02706646 121.43960178 1.75  0.0 0.0
2015-07-04-23 15 22.551	  31.02706646 121.43960178 1.75  0.0 0.0
2015-07-04-23 15 22.656	  31.02706646 121.43960178 1.75  0.0 0.0
2015-07-04-23 15 22.760	  31.02706646 121.43960178 1.75  0.0 0.0
2015-07-04-23 15 22.862	  31.02709636 121.43959234 1.75  0.0 0.0
2015-07-04-23 15 22.964	  31.02709636 121.43959234 1.75  0.0 0.0
2015-07-04-23 15 23.067	  31.02709636 121.43959234 1.75  0.0 0.0
2015-07-04-23 15 23.172	  31.02709636 121.43959234 1.75  0.0 0.0
2015-07-04-23 15 23.274	  31.02709636 121.43959234 1.75  0.0 0.0
2015-07-04-23 15 23.375	  31.02709636 121.43959234 1.75  0.0 0.0
2015-07-04-23 15 23.478	  31.02709636 121.43959234 1.75  0.0 0.0
2015-07-04-23 15 23.581	  31.02709636 121.43959234 1.75  0.0 0.0
2015-07-04-23 15 23.685	  31.02709636 121.43959234 1.75  0.0 0.0
2015-07-04-23 15 23.792	  31.02709636 121.43959234 1.75  0.0 0.0
2015-07-04-23 15 23.894	  31.02709636 121.43959234 1.75  0.0 0.0
2015-07-04-23 15 23.997	  31.02709636 121.43959234 1.75  0.0 0.0
2015-07-04-23 15 24.099	  31.02709636 121.43959234 1.75  0.0 0.0
2015-07-04-23 15 24.216	  31.02709636 121.43959234 1.75  0.0 0.0
2015-07-04-23 15 24.318	  31.02709636 121.43959234 1.75  0.0 0.0
2015-07-04-23 15 24.420	  31.02709636 121.43959234 1.75  0.0 0.0
2015-07-04-23 15 24.528	  31.02709636 121.43959234 1.75  0.0 0.0
2015-07-04-23 15 24.643	  31.02709636 121.43959234 1.75  0.0 0.0
2015-07-04-23 15 24.744	  31.02712694 121.43958078 1.75  0.0 0.0
2015-07-04-23 15 24.847	  31.02712694 121.43958078 1.75  0.0 0.0
2015-07-04-23 15 24.948	  31.02712694 121.43958078 1.75  0.0 0.0
2015-07-04-23 15 25.050	  31.02712694 121.43958078 1.75  0.0 0.0
2015-07-04-23 15 25.154	  31.02712694 121.43958078 1.75  0.0 0.0
2015-07-04-23 15 25.270	  31.02712694 121.43958078 1.75  0.0 0.0
2015-07-04-23 15 25.372	  31.02712694 121.43958078 1.75  0.0 0.0
2015-07-04-23 15 25.479	  31.02712694 121.43958078 1.75  0.0 0.0
2015-07-04-23 15 25.585	  31.02712694 121.43958078 1.75  0.0 0.0
2015-07-04-23 15 25.687	  31.02712694 121.43958078 1.75  0.0 0.0
2015-07-04-23 15 25.793	  31.02712694 121.43958078 1.75  0.0 0.0
2015-07-04-23 15 25.898	  31.02712694 121.43958078 1.75  0.0 0.0
2015-07-04-23 15 26.003	  31.02712694 121.43958078 1.75  0.0 0.0
2015-07-04-23 15 26.104	  31.02712694 121.43958078 1.75  0.0 0.0
2015-07-04-23 15 26.214	  31.02712694 121.43958078 1.75  0.0 0.0
2015-07-04-23 15 26.316	  31.02712694 121.43958078 1.75  0.0 0.0
2015-07-04-23 15 26.423	  31.02712694 121.43958078 1.75  0.0 0.0
2015-07-04-23 15 26.526	  31.02712694 121.43958078 1.75  0.0 0.0
2015-07-04-23 15 26.629	  31.02715691 121.43956983 1.75  0.0 0.0
2015-07-04-23 15 26.744	  31.02715691 121.43956983 1.75  0.0 0.0
2015-07-04-23 15 26.849	  31.02715691 121.43956983 1.75  0.0 0.0
2015-07-04-23 15 26.952	  31.02715691 121.43956983 1.75  0.0 0.0
2015-07-04-23 15 27.056	  31.02715691 121.43956983 1.75  0.0 0.0
2015-07-04-23 15 27.162	  31.02715691 121.43956983 1.75  0.0 0.0
2015-07-04-23 15 27.277	  31.02715691 121.43956983 1.75  0.0 0.0
2015-07-04-23 15 27.381	  31.02715691 121.43956983 1.75  0.0 0.0
2015-07-04-23 15 27.482	  31.02715691 121.43956983 1.75  0.0 0.0
2015-07-04-23 15 27.585	  31.02715691 121.43956983 1.75  0.0 0.0
2015-07-04-23 15 27.700	  31.02715691 121.43956983 1.75  0.0 0.0
2015-07-04-23 15 27.802	  31.02715691 121.43956983 1.75  0.0 0.0
2015-07-04-23 15 27.906	  31.02715691 121.43956983 1.75  0.0 0.0
2015-07-04-23 15 28.007	  31.02715691 121.43956983 1.75  0.0 0.0
2015-07-04-23 15 28.118	  31.02715691 121.43956983 1.75  0.0 0.0
2015-07-04-23 15 28.225	  31.02715691 121.43956983 1.75  0.0 0.0
2015-07-04-23 15 28.338	  31.02715691 121.43956983 1.75  0.0 0.0
2015-07-04-23 15 28.440	  31.02715691 121.43956983 1.75  0.0 0.0
2015-07-04-23 15 28.543	  31.02715691 121.43956983 1.75  0.0 0.0
2015-07-04-23 15 28.645	  31.02715691 121.43956983 1.75  0.0 0.0
2015-07-04-23 15 28.747	  31.02715691 121.43956983 1.75  0.0 0.0
2015-07-04-23 15 28.849	  31.02715691 121.43956983 1.75  0.0 0.0
2015-07-04-23 15 28.953	  31.02715691 121.43956983 1.75  0.0 0.0
2015-07-04-23 15 29.056	  31.02715691 121.43956983 1.75  0.0 0.0
2015-07-04-23 15 29.167	  31.02715691 121.43956983 1.75  0.0 0.0
2015-07-04-23 15 29.268	  31.02718628 121.43956069 1.75  0.0 0.0
2015-07-04-23 15 29.373	  31.02718628 121.43956069 1.75  0.0 0.0
2015-07-04-23 15 29.477	  31.02718628 121.43956069 1.75  0.0 0.0
2015-07-04-23 15 29.588	  31.02718628 121.43956069 1.75  0.0 0.0
2015-07-04-23 15 29.693	  31.02718628 121.43956069 1.75  0.0 0.0
2015-07-04-23 15 29.803	  31.02718628 121.43956069 1.75  0.0 0.0
2015-07-04-23 15 29.905	  31.02718628 121.43956069 1.75  0.0 0.0
2015-07-04-23 15 30.011	  31.02718628 121.43956069 1.75  0.0 0.0
2015-07-04-23 15 30.114	  31.02718628 121.43956069 1.75  0.0 0.0
2015-07-04-23 15 30.230	  31.02718628 121.43956069 1.75  0.0 0.0
2015-07-04-23 15 30.332	  31.02718628 121.43956069 1.75  0.0 0.0
2015-07-04-23 15 30.444	  31.02718628 121.43956069 1.75  0.0 0.0
2015-07-04-23 15 30.546	  31.02718628 121.43956069 1.75  0.0 0.0
2015-07-04-23 15 30.660	  31.02718628 121.43956069 1.75  0.0 0.0
2015-07-04-23 15 30.766	  31.02718628 121.43956069 1.75  0.0 0.0
2015-07-04-23 15 30.868	  31.02721655 121.43955074 1.75  0.0 0.0
2015-07-04-23 15 30.975	  31.02721655 121.43955074 1.75  0.0 0.0
2015-07-04-23 15 31.078	  31.02721655 121.43955074 1.75  0.0 0.0
2015-07-04-23 15 31.185	  31.02721655 121.43955074 1.75  0.0 0.0
2015-07-04-23 15 31.292	  31.02721655 121.43955074 1.75  0.0 0.0
2015-07-04-23 15 31.402	  31.02721655 121.43955074 1.75  0.0 0.0
2015-07-04-23 15 31.504	  31.02721655 121.43955074 1.75  0.0 0.0
2015-07-04-23 15 31.611	  31.02721655 121.43955074 1.75  0.0 0.0
2015-07-04-23 15 31.714	  31.02721655 121.43955074 1.75  0.0 0.0
2015-07-04-23 15 31.829	  31.02721655 121.43955074 1.75  0.0 0.0
2015-07-04-23 15 31.932	  31.02721655 121.43955074 1.75  0.0 0.0
2015-07-04-23 15 32.041	  31.02721655 121.43955074 1.75  0.0 0.0
2015-07-04-23 15 32.144	  31.02721655 121.43955074 1.75  0.0 0.0
2015-07-04-23 15 32.248	  31.02721655 121.43955074 1.75  0.0 0.0
2015-07-04-23 15 32.356	  31.02721655 121.43955074 1.75  0.0 0.0
2015-07-04-23 15 32.468	  31.02721655 121.43955074 1.75  0.0 0.0
2015-07-04-23 15 32.570	  31.02721655 121.43955074 1.75  0.0 0.0
2015-07-04-23 15 32.681	  31.02721655 121.43955074 1.75  0.0 0.0
2015-07-04-23 15 32.783	  31.02724688 121.4395393 1.75  0.0 0.0
2015-07-04-23 15 32.888	  31.02724688 121.4395393 1.75  0.0 0.0
2015-07-04-23 15 32.991	  31.02724688 121.4395393 1.75  0.0 0.0
2015-07-04-23 15 33.104	  31.02724688 121.4395393 1.75  0.0 0.0
2015-07-04-23 15 33.205	  31.02724688 121.4395393 1.75  0.0 0.0
2015-07-04-23 15 33.310	  31.02724688 121.4395393 1.75  0.0 0.0
2015-07-04-23 15 33.413	  31.02724688 121.4395393 1.75  0.0 0.0
2015-07-04-23 15 33.520	  31.02724688 121.4395393 1.75  0.0 0.0
2015-07-04-23 15 33.622	  31.02724688 121.4395393 1.75  0.0 0.0
2015-07-04-23 15 33.732	  31.02724688 121.4395393 1.75  0.0 0.0
2015-07-04-23 15 33.835	  31.02724688 121.4395393 1.75  0.0 0.0
2015-07-04-23 15 33.941	  31.02724688 121.4395393 1.75  0.0 0.0
2015-07-04-23 15 34.045	  31.02724688 121.4395393 1.75  0.0 0.0
2015-07-04-23 15 34.159	  31.02724688 121.4395393 1.75  0.0 0.0
2015-07-04-23 15 34.261	  31.02724688 121.4395393 1.75  0.0 0.0
2015-07-04-23 15 34.370	  31.02724688 121.4395393 1.75  0.0 0.0
2015-07-04-23 15 34.473	  31.02724688 121.4395393 1.75  0.0 0.0
2015-07-04-23 15 34.582	  31.02724688 121.4395393 1.75  0.0 0.0
2015-07-04-23 15 34.684	  31.02727701 121.43952913 1.75  0.0 0.0
2015-07-04-23 15 34.794	  31.02727701 121.43952913 1.75  0.0 0.0
2015-07-04-23 15 34.901	  31.02727701 121.43952913 1.75  0.0 0.0
2015-07-04-23 15 35.010	  31.02727701 121.43952913 1.75  0.0 0.0
2015-07-04-23 15 35.112	  31.02727701 121.43952913 1.75  0.0 0.0
2015-07-04-23 15 35.218	  31.02727701 121.43952913 1.75  0.0 0.0
2015-07-04-23 15 35.321	  31.02727701 121.43952913 1.75  0.0 0.0
2015-07-04-23 15 35.428	  31.02727701 121.43952913 1.75  0.0 0.0
2015-07-04-23 15 35.530	  31.02727701 121.43952913 1.75  0.0 0.0
2015-07-04-23 15 35.642	  31.02727701 121.43952913 1.75  0.0 0.0
2015-07-04-23 15 35.748	  31.02727701 121.43952913 1.75  0.0 0.0
2015-07-04-23 15 35.850	  31.02727701 121.43952913 1.75  0.0 0.0
2015-07-04-23 15 35.952	  31.02727701 121.43952913 1.75  0.0 0.0
2015-07-04-23 15 36.055	  31.02727701 121.43952913 1.75  0.0 0.0
2015-07-04-23 15 36.170	  31.02727701 121.43952913 1.75  0.0 0.0
2015-07-04-23 15 36.273	  31.02727701 121.43952913 1.75  0.0 0.0
2015-07-04-23 15 36.380	  31.02727701 121.43952913 1.75  0.0 0.0
2015-07-04-23 15 36.482	  31.02727701 121.43952913 1.75  0.0 0.0
2015-07-04-23 15 36.592	  31.02727701 121.43952913 1.75  0.0 0.0
2015-07-04-23 15 36.695	  31.02727701 121.43952913 1.75  0.0 0.0
2015-07-04-23 15 36.803	  31.02727701 121.43952913 1.75  0.0 0.0
2015-07-04-23 15 36.911	  31.02727701 121.43952913 1.75  0.0 0.0
2015-07-04-23 15 37.022	  31.02727701 121.43952913 1.75  0.0 0.0
2015-07-04-23 15 37.125	  31.02727701 121.43952913 1.75  0.0 0.0
2015-07-04-23 15 37.233	  31.027305 121.43951899 1.75  0.0 0.0
2015-07-04-23 15 37.336	  31.027305 121.43951899 1.75  0.0 0.0
2015-07-04-23 15 37.472	  31.027305 121.43951899 1.75  0.0 0.0
2015-07-04-23 15 37.579	  31.027305 121.43951899 1.75  0.0 0.0
2015-07-04-23 15 37.762	  31.027305 121.43951899 1.75  0.0 0.0
2015-07-04-23 15 37.865	  31.027305 121.43951899 1.75  0.0 0.0
2015-07-04-23 15 37.967	  31.027305 121.43951899 1.75  0.0 0.0
2015-07-04-23 15 38.126	  31.027305 121.43951899 1.75  0.0 0.0
2015-07-04-23 15 38.229	  31.027305 121.43951899 1.75  0.0 0.0
2015-07-04-23 15 38.375	  31.027305 121.43951899 1.75  0.0 0.0
2015-07-04-23 15 38.479	  31.027305 121.43951899 1.75  0.0 0.0
2015-07-04-23 15 38.584	  31.027305 121.43951899 1.75  0.0 0.0
2015-07-04-23 15 38.768	  31.027305 121.43951899 1.75  0.0 0.0
2015-07-04-23 15 38.871	  31.02733355 121.43950914 1.75  0.0 0.0
2015-07-04-23 15 39.001	  31.02733355 121.43950914 1.75  0.0 0.0
2015-07-04-23 15 39.102	  31.02733355 121.43950914 1.75  0.0 0.0
2015-07-04-23 15 39.205	  31.02733355 121.43950914 1.75  0.0 0.0
2015-07-04-23 15 39.353	  31.02733355 121.43950914 1.75  0.0 0.0
2015-07-04-23 15 39.455	  31.02733355 121.43950914 1.75  0.0 0.0
2015-07-04-23 15 39.605	  31.02733355 121.43950914 1.75  0.0 0.0
2015-07-04-23 15 39.707	  31.02733355 121.43950914 1.75  0.0 0.0
2015-07-04-23 15 39.811	  31.02733355 121.43950914 1.75  0.0 0.0
2015-07-04-23 15 39.949	  31.02733355 121.43950914 1.75  0.0 0.0
2015-07-04-23 15 40.051	  31.02733355 121.43950914 1.75  0.0 0.0
2015-07-04-23 15 40.191	  31.02733355 121.43950914 1.75  0.0 0.0
2015-07-04-23 15 40.301	  31.02733355 121.43950914 1.75  0.0 0.0
2015-07-04-23 15 40.405	  31.02733355 121.43950914 1.75  0.0 0.0
2015-07-04-23 15 40.521	  31.02733355 121.43950914 1.75  0.0 0.0
2015-07-04-23 15 40.624	  31.02733355 121.43950914 1.75  0.0 0.0
2015-07-04-23 15 40.775	  31.02736276 121.43949689 1.75  0.0 0.0
2015-07-04-23 15 40.877	  31.02736276 121.43949689 1.75  0.0 0.0
2015-07-04-23 15 41.007	  31.02736276 121.43949689 1.75  0.0 0.0
2015-07-04-23 15 41.114	  31.02736276 121.43949689 1.75  0.0 0.0
2015-07-04-23 15 41.294	  31.02736276 121.43949689 1.75  0.0 0.0
2015-07-04-23 15 41.402	  31.02736276 121.43949689 1.75  0.0 0.0
2015-07-04-23 15 41.507	  31.02736276 121.43949689 1.75  0.0 0.0
2015-07-04-23 15 41.658	  31.02736276 121.43949689 1.75  0.0 0.0
2015-07-04-23 15 41.759	  31.02736276 121.43949689 1.75  0.0 0.0
2015-07-04-23 15 41.917	  31.02736276 121.43949689 1.75  0.0 0.0
2015-07-04-23 15 42.022	  31.02736276 121.43949689 1.75  0.0 0.0
2015-07-04-23 15 42.125	  31.02736276 121.43949689 1.75  0.0 0.0
2015-07-04-23 15 42.274	  31.02736276 121.43949689 1.75  0.0 0.0
2015-07-04-23 15 42.379	  31.02736276 121.43949689 1.75  0.0 0.0
2015-07-04-23 15 42.549	  31.02736276 121.43949689 1.75  0.0 0.0
2015-07-04-23 15 42.653	  31.02739458 121.4394853 1.75  0.0 0.0
2015-07-04-23 15 42.800	  31.02739458 121.4394853 1.75  0.0 0.0
2015-07-04-23 15 42.902	  31.02739458 121.4394853 1.75  0.0 0.0
2015-07-04-23 15 43.041	  31.02739458 121.4394853 1.75  0.0 0.0
2015-07-04-23 15 43.153	  31.02739458 121.4394853 1.75  0.0 0.0
2015-07-04-23 15 43.254	  31.02739458 121.4394853 1.75  0.0 0.0
2015-07-04-23 15 43.374	  31.02739458 121.4394853 1.75  0.0 0.0
2015-07-04-23 15 43.477	  31.02739458 121.4394853 1.75  0.0 0.0
2015-07-04-23 15 43.619	  31.02739458 121.4394853 1.75  0.0 0.0
2015-07-04-23 15 43.746	  31.02741196 121.43947685 1.75  0.0 0.0
2015-07-04-23 15 43.847	  31.02741196 121.43947685 1.75  0.0 0.0
2015-07-04-23 15 43.975	  31.02741196 121.43947685 1.75  0.0 0.0
2015-07-04-23 15 44.077	  31.02741196 121.43947685 1.75  0.0 0.0
2015-07-04-23 15 44.223	  31.02741196 121.43947685 1.75  0.0 0.0
2015-07-04-23 15 44.335	  31.02741196 121.43947685 1.75  0.0 0.0
2015-07-04-23 15 44.441	  31.02741196 121.43947685 1.75  0.0 0.0
2015-07-04-23 15 44.609	  31.02741196 121.43947685 1.75  0.0 0.0
2015-07-04-23 15 44.715	  31.02741196 121.43947685 1.75  0.0 0.0
2015-07-04-23 15 44.822	  31.02741196 121.43947685 1.75  0.0 0.0
2015-07-04-23 15 44.935	  31.02742905 121.43946743 1.75  0.0 0.0
2015-07-04-23 15 45.038	  31.02742905 121.43946743 1.75  0.0 0.0
2015-07-04-23 15 45.161	  31.02742905 121.43946743 1.75  0.0 0.0
2015-07-04-23 15 45.264	  31.02742905 121.43946743 1.75  0.0 0.0
2015-07-04-23 15 45.398	  31.02742905 121.43946743 1.75  0.0 0.0
2015-07-04-23 15 45.505	  31.02742905 121.43946743 1.75  0.0 0.0
2015-07-04-23 15 45.608	  31.02742905 121.43946743 1.75  0.0 0.0
2015-07-04-23 15 45.728	  31.02742905 121.43946743 1.75  0.0 0.0
2015-07-04-23 15 45.833	  31.02744546 121.43945852 1.75  0.0 0.0
2015-07-04-23 15 45.934	  31.02744546 121.43945852 1.75  0.0 0.0
2015-07-04-23 15 46.036	  31.02744546 121.43945852 1.75  0.0 0.0
2015-07-04-23 15 46.183	  31.02744546 121.43945852 1.75  0.0 0.0
2015-07-04-23 15 46.286	  31.02744546 121.43945852 1.75  0.0 0.0
2015-07-04-23 15 46.408	  31.02744546 121.43945852 1.75  0.0 0.0
2015-07-04-23 15 46.512	  31.02744546 121.43945852 1.75  0.0 0.0
2015-07-04-23 15 46.614	  31.02744546 121.43945852 1.75  0.0 0.0
2015-07-04-23 15 46.760	  31.02744546 121.43945852 1.75  0.0 0.0
2015-07-04-23 15 46.866	  31.02744546 121.43945852 1.75  0.0 0.0
2015-07-04-23 15 46.969	  31.02744546 121.43945852 1.75  0.0 0.0
2015-07-04-23 15 47.108	  31.02744546 121.43945852 1.75  0.0 0.0
2015-07-04-23 15 47.214	  31.02744546 121.43945852 1.75  0.0 0.0
2015-07-04-23 15 47.322	  31.02744546 121.43945852 1.75  0.0 0.0
2015-07-04-23 15 47.434	  31.02744546 121.43945852 1.75  0.0 0.0
2015-07-04-23 15 47.536	  31.02744546 121.43945852 1.75  0.0 0.0
2015-07-04-23 15 47.682	  31.02744546 121.43945852 1.75  0.0 0.0
2015-07-04-23 15 47.787	  31.02747738 121.43944294 1.75  0.0 0.0
2015-07-04-23 15 47.889	  31.02747738 121.43944294 1.75  0.0 0.0
2015-07-04-23 15 48.011	  31.02747738 121.43944294 1.75  0.0 0.0
2015-07-04-23 15 48.114	  31.02747738 121.43944294 1.75  0.0 0.0
2015-07-04-23 15 48.216	  31.02747738 121.43944294 1.75  0.0 0.0
2015-07-04-23 15 48.366	  31.02747738 121.43944294 1.75  0.0 0.0
2015-07-04-23 15 48.473	  31.02747738 121.43944294 1.75  0.0 0.0
2015-07-04-23 15 48.574	  31.02747738 121.43944294 1.75  0.0 0.0
2015-07-04-23 15 48.692	  31.02747738 121.43944294 1.75  0.0 0.0
2015-07-04-23 15 48.800	  31.02747738 121.43944294 1.75  0.0 0.0
2015-07-04-23 15 48.902	  31.02747738 121.43944294 1.75  0.0 0.0
2015-07-04-23 15 49.048	  31.02747738 121.43944294 1.75  0.0 0.0
2015-07-04-23 15 49.158	  31.02747738 121.43944294 1.75  0.0 0.0
2015-07-04-23 15 49.261	  31.02747738 121.43944294 1.75  0.0 0.0
2015-07-04-23 15 49.418	  31.02747738 121.43944294 1.75  0.0 0.0
2015-07-04-23 15 49.526	  31.02747738 121.43944294 1.75  0.0 0.0
2015-07-04-23 15 49.628	  31.02750911 121.43943349 1.75  0.0 0.0
2015-07-04-23 15 49.805	  31.02750911 121.43943349 1.75  0.0 0.0
2015-07-04-23 15 49.909	  31.02750911 121.43943349 1.75  0.0 0.0
2015-07-04-23 15 50.014	  31.02750911 121.43943349 1.75  0.0 0.0
2015-07-04-23 15 50.208	  31.02750911 121.43943349 1.75  0.0 0.0
2015-07-04-23 15 50.310	  31.02750911 121.43943349 1.75  0.0 0.0
2015-07-04-23 15 50.478	  31.02750911 121.43943349 1.75  0.0 0.0
2015-07-04-23 15 50.581	  31.02750911 121.43943349 1.75  0.0 0.0
2015-07-04-23 15 50.740	  31.02750911 121.43943349 1.75  0.0 0.0
2015-07-04-23 15 50.847	  31.02750911 121.43943349 1.75  0.0 0.0
2015-07-04-23 15 50.949	  31.02750911 121.43943349 1.75  0.0 0.0
2015-07-04-23 15 51.058	  31.02750911 121.43943349 1.75  0.0 0.0
2015-07-04-23 15 51.161	  31.02750911 121.43943349 1.75  0.0 0.0
2015-07-04-23 15 51.333	  31.02750911 121.43943349 1.75  0.0 0.0
2015-07-04-23 15 51.449	  31.02750911 121.43943349 1.75  0.0 0.0
2015-07-04-23 15 51.554	  31.02750911 121.43943349 1.75  0.0 0.0
2015-07-04-23 15 51.663	  31.02753947 121.43942502 1.75  0.0 0.0
2015-07-04-23 15 51.784	  31.02753947 121.43942502 1.75  0.0 0.0
2015-07-04-23 15 51.900	  31.02753947 121.43942502 1.75  0.0 0.0
2015-07-04-23 15 52.004	  31.02753947 121.43942502 1.75  0.0 0.0
2015-07-04-23 15 52.108	  31.02753947 121.43942502 1.75  0.0 0.0
2015-07-04-23 15 52.257	  31.02753947 121.43942502 1.75  0.0 0.0
2015-07-04-23 15 52.397	  31.02753947 121.43942502 1.75  0.0 0.0
2015-07-04-23 15 52.504	  31.02753947 121.43942502 1.75  0.0 0.0
2015-07-04-23 15 52.606	  31.02753947 121.43942502 1.75  0.0 0.0
2015-07-04-23 15 52.754	  31.02753947 121.43942502 1.75  0.0 0.0
2015-07-04-23 15 52.896	  31.02753947 121.43942502 1.75  0.0 0.0
2015-07-04-23 15 52.998	  31.02753947 121.43942502 1.75  0.0 0.0
2015-07-04-23 15 53.101	  31.02753947 121.43942502 1.75  0.0 0.0
2015-07-04-23 15 53.242	  31.02753947 121.43942502 1.75  0.0 0.0
2015-07-04-23 15 53.374	  31.02753947 121.43942502 1.75  0.0 0.0
2015-07-04-23 15 53.484	  31.02753947 121.43942502 1.75  0.0 0.0
2015-07-04-23 15 53.588	  31.02753947 121.43942502 1.75  0.0 0.0
2015-07-04-23 15 53.760	  31.02753947 121.43942502 1.75  0.0 0.0
2015-07-04-23 15 53.877	  31.02756847 121.43941327 1.75  0.0 0.0
2015-07-04-23 15 53.982	  31.02756847 121.43941327 1.75  0.0 0.0
2015-07-04-23 15 54.084	  31.02756847 121.43941327 1.75  0.0 0.0
2015-07-04-23 15 54.226	  31.02756847 121.43941327 1.75  0.0 0.0
2015-07-04-23 15 54.360	  31.02756847 121.43941327 1.75  0.0 0.0
2015-07-04-23 15 54.462	  31.02756847 121.43941327 1.75  0.0 0.0
2015-07-04-23 15 54.565	  31.02756847 121.43941327 1.75  0.0 0.0
2015-07-04-23 15 54.704	  31.02756847 121.43941327 1.75  0.0 0.0
2015-07-04-23 15 54.808	  31.02756847 121.43941327 1.75  0.0 0.0
2015-07-04-23 15 54.954	  31.02756847 121.43941327 1.75  0.0 0.0
2015-07-04-23 15 55.092	  31.02756847 121.43941327 1.75  0.0 0.0
2015-07-04-23 15 55.211	  31.02756847 121.43941327 1.75  0.0 0.0
2015-07-04-23 15 55.312	  31.02756847 121.43941327 1.75  0.0 0.0
2015-07-04-23 15 55.445	  31.02756847 121.43941327 1.75  0.0 0.0
2015-07-04-23 15 55.607	  31.02756847 121.43941327 1.75  0.0 0.0
2015-07-04-23 15 55.711	  31.02756847 121.43941327 1.75  0.0 0.0
2015-07-04-23 15 55.816	  31.02759918 121.43940068 1.75  0.0 0.0
2015-07-04-23 15 55.957	  31.02759918 121.43940068 1.75  0.0 0.0
2015-07-04-23 15 56.108	  31.02759918 121.43940068 1.75  0.0 0.0
2015-07-04-23 15 56.244	  31.02759918 121.43940068 1.75  0.0 0.0
2015-07-04-23 15 56.395	  31.02759918 121.43940068 1.75  0.0 0.0
2015-07-04-23 15 56.500	  31.02759918 121.43940068 1.75  0.0 0.0
2015-07-04-23 15 56.601	  31.02759918 121.43940068 1.75  0.0 0.0
2015-07-04-23 15 56.739	  31.02759918 121.43940068 1.75  0.0 0.0
2015-07-04-23 15 56.879	  31.02759918 121.43940068 1.75  0.0 0.0
2015-07-04-23 15 56.989	  31.02759918 121.43940068 1.75  0.0 0.0
2015-07-04-23 15 57.096	  31.02759918 121.43940068 1.75  0.0 0.0
2015-07-04-23 15 57.263	  31.02759918 121.43940068 1.75  0.0 0.0
2015-07-04-23 15 57.391	  31.02759918 121.43940068 1.75  0.0 0.0
2015-07-04-23 15 57.503	  31.02759918 121.43940068 1.75  0.0 0.0
2015-07-04-23 15 57.606	  31.0276293 121.43938723 1.75  0.0 0.0
2015-07-04-23 15 57.765	  31.0276293 121.43938723 1.75  0.0 0.0
2015-07-04-23 15 57.881	  31.0276293 121.43938723 1.75  0.0 0.0
2015-07-04-23 15 57.983	  31.0276293 121.43938723 1.75  0.0 0.0
2015-07-04-23 15 58.089	  31.0276293 121.43938723 1.75  0.0 0.0
2015-07-04-23 15 58.259	  31.0276293 121.43938723 1.75  0.0 0.0
2015-07-04-23 15 58.374	  31.0276293 121.43938723 1.75  0.0 0.0
2015-07-04-23 15 58.478	  31.0276293 121.43938723 1.75  0.0 0.0
2015-07-04-23 15 58.581	  31.0276293 121.43938723 1.75  0.0 0.0
2015-07-04-23 15 58.771	  31.0276293 121.43938723 1.75  0.0 0.0
2015-07-04-23 15 58.896	  31.0276293 121.43938723 1.75  0.0 0.0
2015-07-04-23 15 58.998	  31.0276293 121.43938723 1.75  0.0 0.0
2015-07-04-23 15 59.099	  31.0276293 121.43938723 1.75  0.0 0.0
2015-07-04-23 15 59.261	  31.0276293 121.43938723 1.75  0.0 0.0
2015-07-04-23 15 59.389	  31.0276293 121.43938723 1.75  0.0 0.0
2015-07-04-23 15 59.491	  31.0276293 121.43938723 1.75  0.0 0.0
2015-07-04-23 15 59.599	  31.02765746 121.43937234 1.75  0.0 0.0
2015-07-04-23 15 59.769	  31.02765746 121.43937234 1.75  0.0 0.0
2015-07-04-23 15 59.906	  31.02765746 121.43937234 1.75  0.0 0.0
2015-07-04-23 16 00.011	  31.02765746 121.43937234 1.75  0.0 0.0
2015-07-04-23 16 00.115	  31.02765746 121.43937234 1.75  0.0 0.0
2015-07-04-23 16 00.265	  31.02765746 121.43937234 1.75  0.0 0.0
2015-07-04-23 16 00.443	  31.02765746 121.43937234 1.75  0.0 0.0
2015-07-04-23 16 00.548	  31.02765746 121.43937234 1.75  0.0 0.0
2015-07-04-23 16 00.650	  31.02765746 121.43937234 1.75  0.0 0.0
2015-07-04-23 16 00.799	  31.02765746 121.43937234 1.75  0.0 0.0
2015-07-04-23 16 00.920	  31.02765746 121.43937234 1.75  0.0 0.0
2015-07-04-23 16 01.035	  31.02765746 121.43937234 1.75  0.0 0.0
2015-07-04-23 16 01.136	  31.02765746 121.43937234 1.75  0.0 0.0
2015-07-04-23 16 01.245	  31.02765746 121.43937234 1.75  0.0 0.0
2015-07-04-23 16 01.347	  31.02765746 121.43937234 1.75  0.0 0.0
2015-07-04-23 16 01.491	  31.02765746 121.43937234 1.75  0.0 0.0
2015-07-04-23 16 01.638	  31.02765746 121.43937234 1.75  0.0 0.0
2015-07-04-23 16 01.740	  31.02765746 121.43937234 1.75  0.0 0.0
2015-07-04-23 16 01.843	  31.02768558 121.43935926 1.75  0.0 0.0
2015-07-04-23 16 01.977	  31.02768558 121.43935926 1.75  0.0 0.0
2015-07-04-23 16 02.116	  31.02768558 121.43935926 1.75  0.0 0.0
2015-07-04-23 16 02.220	  31.02768558 121.43935926 1.75  0.0 0.0
2015-07-04-23 16 02.323	  31.02768558 121.43935926 1.75  0.0 0.0
2015-07-04-23 16 02.509	  31.02768558 121.43935926 1.75  0.0 0.0
2015-07-04-23 16 02.628	  31.02768558 121.43935926 1.75  0.0 0.0
2015-07-04-23 16 02.733	  31.02768558 121.43935926 1.75  0.0 0.0
2015-07-04-23 16 02.836	  31.02768558 121.43935926 1.75  0.0 0.0
2015-07-04-23 16 02.966	  31.02768558 121.43935926 1.75  0.0 0.0
2015-07-04-23 16 03.085	  31.02768558 121.43935926 1.75  0.0 0.0
2015-07-04-23 16 03.193	  31.02768558 121.43935926 1.75  0.0 0.0
2015-07-04-23 16 03.299	  31.02768558 121.43935926 1.75  0.0 0.0
2015-07-04-23 16 03.424	  31.02768558 121.43935926 1.75  0.0 0.0
2015-07-04-23 16 03.544	  31.02768558 121.43935926 1.75  0.0 0.0
