2015-07-08-17 03 24.875	  0.0 0.0 0.0  0.0 0.0
2015-07-08-17 03 24.977	  0.0 0.0 0.0  0.0 0.0
2015-07-08-17 03 25.079	  0.0 0.0 0.0  0.0 0.0
2015-07-08-17 03 25.181	  0.0 0.0 0.0  0.0 0.0
2015-07-08-17 03 25.283	  0.0 0.0 0.0  0.0 0.0
2015-07-08-17 03 25.386	  0.0 0.0 0.0  0.0 0.0
2015-07-08-17 03 25.488	  0.0 0.0 0.0  0.0 0.0
2015-07-08-17 03 25.592	  0.0 0.0 0.0  0.0 0.0
2015-07-08-17 03 25.694	  31.02763615 121.43936645 1.25  0.0 0.0
2015-07-08-17 03 25.796	  31.02763615 121.43936645 1.25  0.0 0.0
2015-07-08-17 03 25.898	  31.02763615 121.43936645 1.25  0.0 0.0
2015-07-08-17 03 26.000	  31.02763615 121.43936645 1.25  0.0 0.0
2015-07-08-17 03 26.101	  31.02763615 121.43936645 1.25  0.0 0.0
2015-07-08-17 03 26.203	  31.02763615 121.43936645 1.25  0.0 0.0
2015-07-08-17 03 26.305	  31.02763615 121.43936645 1.25  0.0 0.0
2015-07-08-17 03 26.407	  31.02763615 121.43936645 1.25  0.0 0.0
2015-07-08-17 03 26.509	  31.02763615 121.43936645 1.25  0.0 0.0
2015-07-08-17 03 26.611	  31.02763615 121.43936645 1.25  0.0 0.0
2015-07-08-17 03 26.713	  31.02761485 121.43937782 1.5  0.0 0.0
2015-07-08-17 03 26.815	  31.02761485 121.43937782 1.5  0.0 0.0
2015-07-08-17 03 26.917	  31.02761485 121.43937782 1.5  0.0 0.0
2015-07-08-17 03 27.019	  31.02761485 121.43937782 1.5  0.0 0.0
2015-07-08-17 03 27.121	  31.02761485 121.43937782 1.5  0.0 0.0
2015-07-08-17 03 27.223	  31.02761485 121.43937782 1.5  0.0 0.0
2015-07-08-17 03 27.324	  31.02761485 121.43937782 1.5  0.0 0.0
2015-07-08-17 03 27.426	  31.02761485 121.43937782 1.5  0.0 0.0
2015-07-08-17 03 27.528	  31.02761485 121.43937782 1.5  0.0 0.0
2015-07-08-17 03 27.630	  31.02761485 121.43937782 1.5  0.0 0.0
2015-07-08-17 03 27.732	  31.02761485 121.43937782 1.5  0.0 0.0
2015-07-08-17 03 27.833	  31.02761485 121.43937782 1.5  0.0 0.0
2015-07-08-17 03 27.938	  31.02761485 121.43937782 1.5  0.0 0.0
2015-07-08-17 03 28.040	  31.02761485 121.43937782 1.5  0.0 0.0
2015-07-08-17 03 28.142	  31.02761485 121.43937782 1.5  0.0 0.0
2015-07-08-17 03 28.245	  31.02761485 121.43937782 1.5  0.0 0.0
2015-07-08-17 03 28.346	  31.02761485 121.43937782 1.5  0.0 0.0
2015-07-08-17 03 28.447	  31.02761485 121.43937782 1.5  0.0 0.0
2015-07-08-17 03 28.553	  31.02761485 121.43937782 1.5  0.0 0.0
2015-07-08-17 03 28.658	  31.02761485 121.43937782 1.5  0.0 0.0
2015-07-08-17 03 28.802	  31.02758831 121.43939645 1.5  0.0 0.0
2015-07-08-17 03 28.904	  31.02758831 121.43939645 1.5  0.0 0.0
2015-07-08-17 03 29.006	  31.02758831 121.43939645 1.5  0.0 0.0
2015-07-08-17 03 29.107	  31.02758831 121.43939645 1.5  0.0 0.0
2015-07-08-17 03 29.211	  31.02758831 121.43939645 1.5  0.0 0.0
2015-07-08-17 03 29.317	  31.02758831 121.43939645 1.5  0.0 0.0
2015-07-08-17 03 29.418	  31.02758831 121.43939645 1.5  0.0 0.0
2015-07-08-17 03 29.521	  31.02758831 121.43939645 1.5  0.0 0.0
2015-07-08-17 03 29.626	  31.02758831 121.43939645 1.5  0.0 0.0
2015-07-08-17 03 29.743	  31.02758831 121.43939645 1.5  0.0 0.0
2015-07-08-17 03 29.845	  31.02758831 121.43939645 1.5  0.0 0.0
2015-07-08-17 03 29.948	  31.02758831 121.43939645 1.5  0.0 0.0
2015-07-08-17 03 30.052	  31.02758831 121.43939645 1.5  0.0 0.0
2015-07-08-17 03 30.157	  31.02758831 121.43939645 1.5  0.0 0.0
2015-07-08-17 03 30.258	  31.02758831 121.43939645 1.5  0.0 0.0
2015-07-08-17 03 30.360	  31.02758831 121.43939645 1.5  0.0 0.0
2015-07-08-17 03 30.461	  31.02758831 121.43939645 1.5  0.0 0.0
2015-07-08-17 03 30.563	  31.02758831 121.43939645 1.5  0.0 0.0
2015-07-08-17 03 30.664	  31.02758831 121.43939645 1.5  0.0 0.0
2015-07-08-17 03 30.767	  31.02758831 121.43939645 1.5  0.0 0.0
2015-07-08-17 03 30.869	  31.02756247 121.43941389 1.5  0.0 0.0
2015-07-08-17 03 30.971	  31.02756247 121.43941389 1.5  0.0 0.0
2015-07-08-17 03 31.077	  31.02756247 121.43941389 1.5  0.0 0.0
2015-07-08-17 03 31.180	  31.02756247 121.43941389 1.5  0.0 0.0
2015-07-08-17 03 31.281	  31.02756247 121.43941389 1.5  0.0 0.0
2015-07-08-17 03 31.385	  31.02756247 121.43941389 1.5  0.0 0.0
2015-07-08-17 03 31.488	  31.02756247 121.43941389 1.5  0.0 0.0
2015-07-08-17 03 31.591	  31.02756247 121.43941389 1.5  0.0 0.0
2015-07-08-17 03 31.695	  31.02756247 121.43941389 1.5  0.0 0.0
2015-07-08-17 03 31.800	  31.02756247 121.43941389 1.5  0.0 0.0
2015-07-08-17 03 31.901	  31.02756247 121.43941389 1.5  0.0 0.0
2015-07-08-17 03 32.003	  31.02756247 121.43941389 1.5  0.0 0.0
2015-07-08-17 03 32.105	  31.02756247 121.43941389 1.5  0.0 0.0
2015-07-08-17 03 32.210	  31.02756247 121.43941389 1.5  0.0 0.0
2015-07-08-17 03 32.317	  31.02756247 121.43941389 1.5  0.0 0.0
2015-07-08-17 03 32.422	  31.02756247 121.43941389 1.5  0.0 0.0
2015-07-08-17 03 32.527	  31.02756247 121.43941389 1.5  0.0 0.0
2015-07-08-17 03 32.639	  31.02756247 121.43941389 1.5  0.0 0.0
2015-07-08-17 03 32.740	  31.02753722 121.4394285 1.5  0.0 0.0
2015-07-08-17 03 32.842	  31.02753722 121.4394285 1.5  0.0 0.0
2015-07-08-17 03 32.945	  31.02753722 121.4394285 1.5  0.0 0.0
2015-07-08-17 03 33.050	  31.02753722 121.4394285 1.5  0.0 0.0
2015-07-08-17 03 33.158	  31.02753722 121.4394285 1.5  0.0 0.0
2015-07-08-17 03 33.306	  31.02753722 121.4394285 1.5  0.0 0.0
2015-07-08-17 03 33.407	  31.02753722 121.4394285 1.5  0.0 0.0
2015-07-08-17 03 33.509	  31.02753722 121.4394285 1.5  0.0 0.0
2015-07-08-17 03 33.610	  31.02753722 121.4394285 1.5  0.0 0.0
2015-07-08-17 03 33.714	  31.02753722 121.4394285 1.5  0.0 0.0
2015-07-08-17 03 33.829	  31.02753722 121.4394285 1.5  0.0 0.0
2015-07-08-17 03 33.930	  31.02753722 121.4394285 1.5  0.0 0.0
2015-07-08-17 03 34.032	  31.02753722 121.4394285 1.5  0.0 0.0
2015-07-08-17 03 34.137	  31.02753722 121.4394285 1.5  0.0 0.0
2015-07-08-17 03 34.241	  31.02753722 121.4394285 1.5  0.0 0.0
2015-07-08-17 03 34.407	  31.02753722 121.4394285 1.5  0.0 0.0
2015-07-08-17 03 34.510	  31.02753722 121.4394285 1.5  0.0 0.0
2015-07-08-17 03 34.615	  31.02753722 121.4394285 1.5  0.0 0.0
2015-07-08-17 03 34.726	  31.02751096 121.43944054 1.5  0.0 0.0
2015-07-08-17 03 34.827	  31.02751096 121.43944054 1.5  0.0 0.0
2015-07-08-17 03 34.941	  31.02751096 121.43944054 1.5  0.0 0.0
2015-07-08-17 03 35.045	  31.02751096 121.43944054 1.5  0.0 0.0
2015-07-08-17 03 35.148	  31.02751096 121.43944054 1.5  0.0 0.0
2015-07-08-17 03 35.252	  31.02751096 121.43944054 1.5  0.0 0.0
2015-07-08-17 03 35.387	  31.02751096 121.43944054 1.5  0.0 0.0
2015-07-08-17 03 35.489	  31.02751096 121.43944054 1.5  0.0 0.0
2015-07-08-17 03 35.592	  31.02751096 121.43944054 1.5  0.0 0.0
2015-07-08-17 03 35.694	  31.02751096 121.43944054 1.5  0.0 0.0
2015-07-08-17 03 35.816	  31.02751096 121.43944054 1.5  0.0 0.0
2015-07-08-17 03 35.917	  31.02751096 121.43944054 1.5  0.0 0.0
2015-07-08-17 03 36.020	  31.02751096 121.43944054 1.5  0.0 0.0
2015-07-08-17 03 36.122	  31.02751096 121.43944054 1.5  0.0 0.0
2015-07-08-17 03 36.228	  31.02751096 121.43944054 1.5  0.0 0.0
2015-07-08-17 03 36.331	  31.02751096 121.43944054 1.5  0.0 0.0
2015-07-08-17 03 36.435	  31.02751096 121.43944054 1.5  0.0 0.0
2015-07-08-17 03 36.541	  31.02751096 121.43944054 1.5  0.0 0.0
2015-07-08-17 03 36.647	  31.02751096 121.43944054 1.5  0.0 0.0
2015-07-08-17 03 36.755	  31.02751096 121.43944054 1.5  0.0 0.0
2015-07-08-17 03 36.857	  31.02751096 121.43944054 1.5  0.0 0.0
2015-07-08-17 03 36.959	  31.02751096 121.43944054 1.5  0.0 0.0
2015-07-08-17 03 37.061	  31.02751096 121.43944054 1.5  0.0 0.0
2015-07-08-17 03 37.165	  31.02748502 121.43945159 1.75  0.0 0.0
2015-07-08-17 03 37.315	  31.02748502 121.43945159 1.75  0.0 0.0
2015-07-08-17 03 37.416	  31.02748502 121.43945159 1.75  0.0 0.0
2015-07-08-17 03 37.518	  31.02748502 121.43945159 1.75  0.0 0.0
2015-07-08-17 03 37.619	  31.02748502 121.43945159 1.75  0.0 0.0
2015-07-08-17 03 37.720	  31.02748502 121.43945159 1.75  0.0 0.0
2015-07-08-17 03 37.822	  31.02748502 121.43945159 1.75  0.0 0.0
2015-07-08-17 03 37.926	  31.02748502 121.43945159 1.75  0.0 0.0
2015-07-08-17 03 38.030	  31.02748502 121.43945159 1.75  0.0 0.0
2015-07-08-17 03 38.134	  31.02748502 121.43945159 1.75  0.0 0.0
2015-07-08-17 03 38.247	  31.02748502 121.43945159 1.75  0.0 0.0
2015-07-08-17 03 38.349	  31.02748502 121.43945159 1.75  0.0 0.0
2015-07-08-17 03 38.455	  31.02748502 121.43945159 1.75  0.0 0.0
2015-07-08-17 03 38.559	  31.02748502 121.43945159 1.75  0.0 0.0
2015-07-08-17 03 38.665	  31.02748502 121.43945159 1.75  0.0 0.0
2015-07-08-17 03 38.772	  31.02748502 121.43945159 1.75  0.0 0.0
2015-07-08-17 03 38.875	  31.02745946 121.43946234 1.75  0.0 0.0
2015-07-08-17 03 38.978	  31.02745946 121.43946234 1.75  0.0 0.0
2015-07-08-17 03 39.080	  31.02745946 121.43946234 1.75  0.0 0.0
2015-07-08-17 03 39.187	  31.02745946 121.43946234 1.75  0.0 0.0
2015-07-08-17 03 39.294	  31.02745946 121.43946234 1.75  0.0 0.0
2015-07-08-17 03 39.396	  31.02745946 121.43946234 1.75  0.0 0.0
2015-07-08-17 03 39.499	  31.02745946 121.43946234 1.75  0.0 0.0
2015-07-08-17 03 39.601	  31.02745946 121.43946234 1.75  0.0 0.0
2015-07-08-17 03 39.702	  31.02745946 121.43946234 1.75  0.0 0.0
2015-07-08-17 03 39.804	  31.02745946 121.43946234 1.75  0.0 0.0
2015-07-08-17 03 39.905	  31.02745946 121.43946234 1.75  0.0 0.0
2015-07-08-17 03 40.010	  31.02745946 121.43946234 1.75  0.0 0.0
2015-07-08-17 03 40.116	  31.02745946 121.43946234 1.75  0.0 0.0
2015-07-08-17 03 40.217	  31.02745946 121.43946234 1.75  0.0 0.0
2015-07-08-17 03 40.318	  31.02745946 121.43946234 1.75  0.0 0.0
2015-07-08-17 03 40.444	  31.02745946 121.43946234 1.75  0.0 0.0
2015-07-08-17 03 40.546	  31.02745946 121.43946234 1.75  0.0 0.0
2015-07-08-17 03 40.704	  31.02743439 121.43947212 1.5  0.0 0.0
2015-07-08-17 03 40.811	  31.02743439 121.43947212 1.5  0.0 0.0
2015-07-08-17 03 40.913	  31.02743439 121.43947212 1.5  0.0 0.0
2015-07-08-17 03 41.014	  31.02743439 121.43947212 1.5  0.0 0.0
2015-07-08-17 03 41.115	  31.02743439 121.43947212 1.5  0.0 0.0
2015-07-08-17 03 41.220	  31.02743439 121.43947212 1.5  0.0 0.0
2015-07-08-17 03 41.325	  31.02743439 121.43947212 1.5  0.0 0.0
2015-07-08-17 03 41.432	  31.02743439 121.43947212 1.5  0.0 0.0
2015-07-08-17 03 41.533	  31.02743439 121.43947212 1.5  0.0 0.0
2015-07-08-17 03 41.636	  31.02743439 121.43947212 1.5  0.0 0.0
2015-07-08-17 03 41.743	  31.02743439 121.43947212 1.5  0.0 0.0
2015-07-08-17 03 41.844	  31.02743439 121.43947212 1.5  0.0 0.0
2015-07-08-17 03 41.947	  31.02743439 121.43947212 1.5  0.0 0.0
2015-07-08-17 03 42.048	  31.02743439 121.43947212 1.5  0.0 0.0
2015-07-08-17 03 42.151	  31.02743439 121.43947212 1.5  0.0 0.0
2015-07-08-17 03 42.263	  31.02743439 121.43947212 1.5  0.0 0.0
2015-07-08-17 03 42.367	  31.02743439 121.43947212 1.5  0.0 0.0
2015-07-08-17 03 42.469	  31.02743439 121.43947212 1.5  0.0 0.0
2015-07-08-17 03 42.573	  31.02743439 121.43947212 1.5  0.0 0.0
2015-07-08-17 03 42.745	  31.02740924 121.43948082 1.5  0.0 0.0
2015-07-08-17 03 42.848	  31.02740924 121.43948082 1.5  0.0 0.0
2015-07-08-17 03 42.950	  31.02740924 121.43948082 1.5  0.0 0.0
2015-07-08-17 03 43.051	  31.02740924 121.43948082 1.5  0.0 0.0
2015-07-08-17 03 43.155	  31.02740924 121.43948082 1.5  0.0 0.0
2015-07-08-17 03 43.259	  31.02740924 121.43948082 1.5  0.0 0.0
2015-07-08-17 03 43.365	  31.02740924 121.43948082 1.5  0.0 0.0
2015-07-08-17 03 43.484	  31.02740924 121.43948082 1.5  0.0 0.0
2015-07-08-17 03 43.586	  31.02740924 121.43948082 1.5  0.0 0.0
2015-07-08-17 03 43.688	  31.02740924 121.43948082 1.5  0.0 0.0
2015-07-08-17 03 43.793	  31.02740924 121.43948082 1.5  0.0 0.0
2015-07-08-17 03 43.957	  31.02740924 121.43948082 1.5  0.0 0.0
2015-07-08-17 03 44.059	  31.02740924 121.43948082 1.5  0.0 0.0
2015-07-08-17 03 44.161	  31.02740924 121.43948082 1.5  0.0 0.0
2015-07-08-17 03 44.264	  31.02740924 121.43948082 1.5  0.0 0.0
2015-07-08-17 03 44.366	  31.02740924 121.43948082 1.5  0.0 0.0
2015-07-08-17 03 44.471	  31.02740924 121.43948082 1.5  0.0 0.0
2015-07-08-17 03 44.575	  31.02740924 121.43948082 1.5  0.0 0.0
2015-07-08-17 03 44.684	  31.02740924 121.43948082 1.5  0.0 0.0
2015-07-08-17 03 44.788	  31.02740924 121.43948082 1.5  0.0 0.0
2015-07-08-17 03 44.893	  31.02738477 121.43949076 1.5  0.0 0.0
2015-07-08-17 03 44.998	  31.02738477 121.43949076 1.5  0.0 0.0
2015-07-08-17 03 45.150	  31.02738477 121.43949076 1.5  0.0 0.0
2015-07-08-17 03 45.253	  31.02738477 121.43949076 1.5  0.0 0.0
2015-07-08-17 03 45.358	  31.02738477 121.43949076 1.5  0.0 0.0
2015-07-08-17 03 45.474	  31.02738477 121.43949076 1.5  0.0 0.0
2015-07-08-17 03 45.576	  31.02738477 121.43949076 1.5  0.0 0.0
2015-07-08-17 03 45.694	  31.02738477 121.43949076 1.5  0.0 0.0
2015-07-08-17 03 45.801	  31.02738477 121.43949076 1.5  0.0 0.0
2015-07-08-17 03 45.903	  31.02738477 121.43949076 1.5  0.0 0.0
2015-07-08-17 03 46.049	  31.02738477 121.43949076 1.5  0.0 0.0
2015-07-08-17 03 46.155	  31.02738477 121.43949076 1.5  0.0 0.0
2015-07-08-17 03 46.262	  31.02738477 121.43949076 1.5  0.0 0.0
2015-07-08-17 03 46.418	  31.02738477 121.43949076 1.5  0.0 0.0
2015-07-08-17 03 46.527	  31.02738477 121.43949076 1.5  0.0 0.0
2015-07-08-17 03 46.631	  31.02738477 121.43949076 1.5  0.0 0.0
2015-07-08-17 03 46.802	  31.02736064 121.43949754 1.5  0.0 0.0
2015-07-08-17 03 46.903	  31.02736064 121.43949754 1.5  0.0 0.0
2015-07-08-17 03 47.005	  31.02736064 121.43949754 1.5  0.0 0.0
2015-07-08-17 03 47.159	  31.02736064 121.43949754 1.5  0.0 0.0
2015-07-08-17 03 47.261	  31.02736064 121.43949754 1.5  0.0 0.0
2015-07-08-17 03 47.364	  31.02736064 121.43949754 1.5  0.0 0.0
2015-07-08-17 03 47.503	  31.02736064 121.43949754 1.5  0.0 0.0
2015-07-08-17 03 47.609	  31.02736064 121.43949754 1.5  0.0 0.0
2015-07-08-17 03 47.715	  31.02736064 121.43949754 1.5  0.0 0.0
2015-07-08-17 03 47.866	  31.02736064 121.43949754 1.5  0.0 0.0
2015-07-08-17 03 47.968	  31.02736064 121.43949754 1.5  0.0 0.0
2015-07-08-17 03 48.070	  31.02736064 121.43949754 1.5  0.0 0.0
2015-07-08-17 03 48.209	  31.02736064 121.43949754 1.5  0.0 0.0
2015-07-08-17 03 48.313	  31.02736064 121.43949754 1.5  0.0 0.0
2015-07-08-17 03 48.479	  31.02736064 121.43949754 1.5  0.0 0.0
2015-07-08-17 03 48.582	  31.02736064 121.43949754 1.5  0.0 0.0
2015-07-08-17 03 48.687	  31.02733639 121.43950384 1.5  0.0 0.0
2015-07-08-17 03 48.846	  31.02733639 121.43950384 1.5  0.0 0.0
2015-07-08-17 03 48.948	  31.02733639 121.43950384 1.5  0.0 0.0
2015-07-08-17 03 49.093	  31.02733639 121.43950384 1.5  0.0 0.0
2015-07-08-17 03 49.195	  31.02733639 121.43950384 1.5  0.0 0.0
2015-07-08-17 03 49.298	  31.02733639 121.43950384 1.5  0.0 0.0
2015-07-08-17 03 49.443	  31.02733639 121.43950384 1.5  0.0 0.0
2015-07-08-17 03 49.548	  31.02733639 121.43950384 1.5  0.0 0.0
2015-07-08-17 03 49.706	  31.02733639 121.43950384 1.5  0.0 0.0
2015-07-08-17 03 49.808	  31.02733639 121.43950384 1.5  0.0 0.0
2015-07-08-17 03 49.948	  31.02733639 121.43950384 1.5  0.0 0.0
2015-07-08-17 03 50.051	  31.02733639 121.43950384 1.5  0.0 0.0
2015-07-08-17 03 50.243	  31.02733639 121.43950384 1.5  0.0 0.0
2015-07-08-17 03 50.348	  31.02733639 121.43950384 1.5  0.0 0.0
2015-07-08-17 03 50.509	  31.02733639 121.43950384 1.5  0.0 0.0
2015-07-08-17 03 50.616	  31.02733639 121.43950384 1.5  0.0 0.0
2015-07-08-17 03 50.783	  31.02731353 121.43951241 1.5  0.0 0.0
2015-07-08-17 03 50.897	  31.02731353 121.43951241 1.5  0.0 0.0
2015-07-08-17 03 50.998	  31.02731353 121.43951241 1.5  0.0 0.0
2015-07-08-17 03 51.154	  31.02731353 121.43951241 1.5  0.0 0.0
2015-07-08-17 03 51.255	  31.02731353 121.43951241 1.5  0.0 0.0
2015-07-08-17 03 51.398	  31.02731353 121.43951241 1.5  0.0 0.0
2015-07-08-17 03 51.500	  31.02731353 121.43951241 1.5  0.0 0.0
2015-07-08-17 03 51.643	  31.02731353 121.43951241 1.5  0.0 0.0
2015-07-08-17 03 51.746	  31.02731353 121.43951241 1.5  0.0 0.0
2015-07-08-17 03 51.885	  31.02731353 121.43951241 1.5  0.0 0.0
2015-07-08-17 03 51.987	  31.02731353 121.43951241 1.5  0.0 0.0
2015-07-08-17 03 52.104	  31.02731353 121.43951241 1.5  0.0 0.0
2015-07-08-17 03 52.206	  31.02731353 121.43951241 1.5  0.0 0.0
2015-07-08-17 03 52.339	  31.02731353 121.43951241 1.5  0.0 0.0
2015-07-08-17 03 52.443	  31.02731353 121.43951241 1.5  0.0 0.0
2015-07-08-17 03 52.607	  31.02731353 121.43951241 1.5  0.0 0.0
2015-07-08-17 03 52.710	  31.02729261 121.43952424 1.5  0.0 0.0
2015-07-08-17 03 52.854	  31.02729261 121.43952424 1.5  0.0 0.0
2015-07-08-17 03 52.957	  31.02729261 121.43952424 1.5  0.0 0.0
2015-07-08-17 03 53.079	  31.02729261 121.43952424 1.5  0.0 0.0
2015-07-08-17 03 53.185	  31.02729261 121.43952424 1.5  0.0 0.0
2015-07-08-17 03 53.352	  31.02729261 121.43952424 1.5  0.0 0.0
2015-07-08-17 03 53.454	  31.02729261 121.43952424 1.5  0.0 0.0
2015-07-08-17 03 53.593	  31.02729261 121.43952424 1.5  0.0 0.0
2015-07-08-17 03 53.697	  31.02729261 121.43952424 1.5  0.0 0.0
2015-07-08-17 03 53.835	  31.02729261 121.43952424 1.5  0.0 0.0
2015-07-08-17 03 53.940	  31.02729261 121.43952424 1.5  0.0 0.0
2015-07-08-17 03 54.102	  31.02729261 121.43952424 1.5  0.0 0.0
2015-07-08-17 03 54.257	  31.02729261 121.43952424 1.5  0.0 0.0
2015-07-08-17 03 54.406	  31.02729261 121.43952424 1.5  0.0 0.0
2015-07-08-17 03 54.508	  31.02729261 121.43952424 1.5  0.0 0.0
2015-07-08-17 03 54.665	  31.02729261 121.43952424 1.5  0.0 0.0
2015-07-08-17 03 54.802	  31.02727043 121.43953499 1.5  0.0 0.0
2015-07-08-17 03 54.941	  31.02727043 121.43953499 1.5  0.0 0.0
2015-07-08-17 03 55.046	  31.02727043 121.43953499 1.5  0.0 0.0
2015-07-08-17 03 55.188	  31.02727043 121.43953499 1.5  0.0 0.0
2015-07-08-17 03 55.352	  31.02727043 121.43953499 1.5  0.0 0.0
2015-07-08-17 03 55.491	  31.02727043 121.43953499 1.5  0.0 0.0
2015-07-08-17 03 55.594	  31.02727043 121.43953499 1.5  0.0 0.0
2015-07-08-17 03 55.737	  31.02727043 121.43953499 1.5  0.0 0.0
2015-07-08-17 03 55.871	  31.02727043 121.43953499 1.5  0.0 0.0
2015-07-08-17 03 55.989	  31.02727043 121.43953499 1.5  0.0 0.0
2015-07-08-17 03 56.126	  31.02727043 121.43953499 1.5  0.0 0.0
2015-07-08-17 03 56.302	  31.02727043 121.43953499 1.5  0.0 0.0
2015-07-08-17 03 56.407	  31.02727043 121.43953499 1.5  0.0 0.0
2015-07-08-17 03 56.555	  31.02727043 121.43953499 1.5  0.0 0.0
2015-07-08-17 03 56.657	  31.02727043 121.43953499 1.5  0.0 0.0
2015-07-08-17 03 56.811	  31.02724685 121.43954548 1.5  0.0 0.0
2015-07-08-17 03 56.914	  31.02724685 121.43954548 1.5  0.0 0.0
2015-07-08-17 03 57.066	  31.02724685 121.43954548 1.5  0.0 0.0
2015-07-08-17 03 57.168	  31.02724685 121.43954548 1.5  0.0 0.0
2015-07-08-17 03 57.300	  31.02724685 121.43954548 1.5  0.0 0.0
2015-07-08-17 03 57.402	  31.02724685 121.43954548 1.5  0.0 0.0
2015-07-08-17 03 57.559	  31.02724685 121.43954548 1.5  0.0 0.0
2015-07-08-17 03 57.661	  31.02724685 121.43954548 1.5  0.0 0.0
2015-07-08-17 03 57.812	  31.02724685 121.43954548 1.5  0.0 0.0
2015-07-08-17 03 57.915	  31.02724685 121.43954548 1.5  0.0 0.0
2015-07-08-17 03 58.054	  31.02724685 121.43954548 1.5  0.0 0.0
2015-07-08-17 03 58.160	  31.02724685 121.43954548 1.5  0.0 0.0
2015-07-08-17 03 58.326	  31.02724685 121.43954548 1.5  0.0 0.0
2015-07-08-17 03 58.429	  31.02724685 121.43954548 1.5  0.0 0.0
2015-07-08-17 03 58.576	  31.02724685 121.43954548 1.5  0.0 0.0
2015-07-08-17 03 58.679	  31.02722335 121.43955746 1.5  0.0 0.0
2015-07-08-17 03 58.820	  31.02722335 121.43955746 1.5  0.0 0.0
2015-07-08-17 03 58.922	  31.02722335 121.43955746 1.5  0.0 0.0
2015-07-08-17 03 59.049	  31.02722335 121.43955746 1.5  0.0 0.0
2015-07-08-17 03 59.151	  31.02722335 121.43955746 1.5  0.0 0.0
2015-07-08-17 03 59.282	  31.02722335 121.43955746 1.5  0.0 0.0
2015-07-08-17 03 59.388	  31.02722335 121.43955746 1.5  0.0 0.0
2015-07-08-17 03 59.548	  31.02722335 121.43955746 1.5  0.0 0.0
2015-07-08-17 03 59.650	  31.02722335 121.43955746 1.5  0.0 0.0
2015-07-08-17 03 59.803	  31.02722335 121.43955746 1.5  0.0 0.0
2015-07-08-17 03 59.905	  31.02722335 121.43955746 1.5  0.0 0.0
2015-07-08-17 04 00.045	  31.02722335 121.43955746 1.5  0.0 0.0
2015-07-08-17 04 00.152	  31.02722335 121.43955746 1.5  0.0 0.0
2015-07-08-17 04 00.290	  31.02722335 121.43955746 1.5  0.0 0.0
2015-07-08-17 04 00.393	  31.02722335 121.43955746 1.5  0.0 0.0
2015-07-08-17 04 00.511	  31.02722335 121.43955746 1.5  0.0 0.0
2015-07-08-17 04 00.613	  31.02719882 121.43957031 1.5  0.0 0.0
2015-07-08-17 04 00.765	  31.02719882 121.43957031 1.5  0.0 0.0
2015-07-08-17 04 00.868	  31.02719882 121.43957031 1.5  0.0 0.0
2015-07-08-17 04 00.986	  31.02719882 121.43957031 1.5  0.0 0.0
2015-07-08-17 04 01.088	  31.02719882 121.43957031 1.5  0.0 0.0
2015-07-08-17 04 01.254	  31.02719882 121.43957031 1.5  0.0 0.0
2015-07-08-17 04 01.377	  31.02719882 121.43957031 1.5  0.0 0.0
2015-07-08-17 04 01.480	  31.02719882 121.43957031 1.5  0.0 0.0
2015-07-08-17 04 01.626	  31.02719882 121.43957031 1.5  0.0 0.0
2015-07-08-17 04 01.727	  31.02719882 121.43957031 1.5  0.0 0.0
2015-07-08-17 04 01.859	  31.02719882 121.43957031 1.5  0.0 0.0
2015-07-08-17 04 01.960	  31.02719882 121.43957031 1.5  0.0 0.0
2015-07-08-17 04 02.078	  31.02719882 121.43957031 1.5  0.0 0.0
2015-07-08-17 04 02.184	  31.02719882 121.43957031 1.5  0.0 0.0
2015-07-08-17 04 02.359	  31.02719882 121.43957031 1.5  0.0 0.0
2015-07-08-17 04 02.462	  31.02719882 121.43957031 1.5  0.0 0.0
2015-07-08-17 04 02.603	  31.02719882 121.43957031 1.5  0.0 0.0
2015-07-08-17 04 02.705	  31.02717297 121.4395849 1.5  0.0 0.0
2015-07-08-17 04 02.867	  31.02717297 121.4395849 1.5  0.0 0.0
2015-07-08-17 04 02.971	  31.02717297 121.4395849 1.5  0.0 0.0
2015-07-08-17 04 03.130	  31.02717297 121.4395849 1.5  0.0 0.0
2015-07-08-17 04 03.235	  31.02717297 121.4395849 1.5  0.0 0.0
2015-07-08-17 04 03.403	  31.02717297 121.4395849 1.5  0.0 0.0
2015-07-08-17 04 03.504	  31.02717297 121.4395849 1.5  0.0 0.0
2015-07-08-17 04 03.638	  31.02717297 121.4395849 1.5  0.0 0.0
2015-07-08-17 04 03.758	  31.02717297 121.4395849 1.5  0.0 0.0
2015-07-08-17 04 03.879	  31.02717297 121.4395849 1.5  0.0 0.0
2015-07-08-17 04 03.981	  31.02717297 121.4395849 1.5  0.0 0.0
2015-07-08-17 04 04.149	  31.02717297 121.4395849 1.5  0.0 0.0
2015-07-08-17 04 04.254	  31.02717297 121.4395849 1.5  0.0 0.0
2015-07-08-17 04 04.360	  31.02717297 121.4395849 1.5  0.0 0.0
2015-07-08-17 04 04.465	  31.02717297 121.4395849 1.5  0.0 0.0
2015-07-08-17 04 04.647	  31.02714669 121.4395974 1.5  0.0 0.0
2015-07-08-17 04 04.751	  31.02714669 121.4395974 1.5  0.0 0.0
2015-07-08-17 04 04.887	  31.02714669 121.4395974 1.5  0.0 0.0
2015-07-08-17 04 04.997	  31.02714669 121.4395974 1.5  0.0 0.0
2015-07-08-17 04 05.099	  31.02714669 121.4395974 1.5  0.0 0.0
2015-07-08-17 04 05.201	  31.02714669 121.4395974 1.5  0.0 0.0
2015-07-08-17 04 05.355	  31.02714669 121.4395974 1.5  0.0 0.0
2015-07-08-17 04 05.470	  31.02714669 121.4395974 1.5  0.0 0.0
2015-07-08-17 04 05.572	  31.02714669 121.4395974 1.5  0.0 0.0
2015-07-08-17 04 05.724	  31.02714669 121.4395974 1.5  0.0 0.0
2015-07-08-17 04 05.839	  31.02714669 121.4395974 1.5  0.0 0.0
2015-07-08-17 04 05.940	  31.02714669 121.4395974 1.5  0.0 0.0
2015-07-08-17 04 06.082	  31.02714669 121.4395974 1.5  0.0 0.0
2015-07-08-17 04 06.226	  31.02714669 121.4395974 1.5  0.0 0.0
2015-07-08-17 04 06.329	  31.02714669 121.4395974 1.5  0.0 0.0
2015-07-08-17 04 06.456	  31.02714669 121.4395974 1.5  0.0 0.0
2015-07-08-17 04 06.597	  31.02714669 121.4395974 1.5  0.0 0.0
2015-07-08-17 04 06.720	  31.02711906 121.43960889 1.5  0.0 0.0
2015-07-08-17 04 06.823	  31.02711906 121.43960889 1.5  0.0 0.0
2015-07-08-17 04 06.994	  31.02711906 121.43960889 1.5  0.0 0.0
2015-07-08-17 04 07.111	  31.02711906 121.43960889 1.5  0.0 0.0
2015-07-08-17 04 07.256	  31.02711906 121.43960889 1.5  0.0 0.0
2015-07-08-17 04 07.359	  31.02711906 121.43960889 1.5  0.0 0.0
2015-07-08-17 04 07.550	  31.02711906 121.43960889 1.5  0.0 0.0
2015-07-08-17 04 07.668	  31.02711906 121.43960889 1.5  0.0 0.0
2015-07-08-17 04 07.808	  31.02711906 121.43960889 1.5  0.0 0.0
2015-07-08-17 04 07.923	  31.02711906 121.43960889 1.5  0.0 0.0
2015-07-08-17 04 08.068	  31.02711906 121.43960889 1.5  0.0 0.0
2015-07-08-17 04 08.223	  31.02711906 121.43960889 1.5  0.0 0.0
2015-07-08-17 04 08.328	  31.02711906 121.43960889 1.5  0.0 0.0
2015-07-08-17 04 08.489	  31.02711906 121.43960889 1.5  0.0 0.0
2015-07-08-17 04 08.605	  31.02711906 121.43960889 1.5  0.0 0.0
2015-07-08-17 04 08.725	  31.02709279 121.43962574 1.5  0.0 0.0
2015-07-08-17 04 08.851	  31.02709279 121.43962574 1.5  0.0 0.0
2015-07-08-17 04 09.004	  31.02709279 121.43962574 1.5  0.0 0.0
2015-07-08-17 04 09.165	  31.02709279 121.43962574 1.5  0.0 0.0
2015-07-08-17 04 09.266	  31.02709279 121.43962574 1.5  0.0 0.0
2015-07-08-17 04 09.407	  31.02709279 121.43962574 1.5  0.0 0.0
2015-07-08-17 04 09.558	  31.02709279 121.43962574 1.5  0.0 0.0
2015-07-08-17 04 09.689	  31.02709279 121.43962574 1.5  0.0 0.0
2015-07-08-17 04 09.829	  31.02709279 121.43962574 1.5  0.0 0.0
2015-07-08-17 04 09.961	  31.02709279 121.43962574 1.5  0.0 0.0
2015-07-08-17 04 10.076	  31.02709279 121.43962574 1.5  0.0 0.0
2015-07-08-17 04 10.178	  31.02709279 121.43962574 1.5  0.0 0.0
2015-07-08-17 04 10.295	  31.02709279 121.43962574 1.5  0.0 0.0
2015-07-08-17 04 10.420	  31.02709279 121.43962574 1.5  0.0 0.0
2015-07-08-17 04 10.562	  31.02709279 121.43962574 1.5  0.0 0.0
2015-07-08-17 04 10.678	  31.02706785 121.43963891 1.5  0.0 0.0
2015-07-08-17 04 10.813	  31.02706785 121.43963891 1.5  0.0 0.0
2015-07-08-17 04 10.953	  31.02706785 121.43963891 1.5  0.0 0.0
2015-07-08-17 04 11.068	  31.02706785 121.43963891 1.5  0.0 0.0
2015-07-08-17 04 11.198	  31.02706785 121.43963891 1.5  0.0 0.0
2015-07-08-17 04 11.354	  31.02706785 121.43963891 1.5  0.0 0.0
2015-07-08-17 04 11.492	  31.02706785 121.43963891 1.5  0.0 0.0
2015-07-08-17 04 11.631	  31.02706785 121.43963891 1.5  0.0 0.0
2015-07-08-17 04 11.811	  31.02706785 121.43963891 1.5  0.0 0.0
2015-07-08-17 04 11.926	  31.02706785 121.43963891 1.5  0.0 0.0
2015-07-08-17 04 12.053	  31.02706785 121.43963891 1.5  0.0 0.0
2015-07-08-17 04 12.156	  31.02706785 121.43963891 1.5  0.0 0.0
2015-07-08-17 04 12.315	  31.02706785 121.43963891 1.5  0.0 0.0
2015-07-08-17 04 12.420	  31.02706785 121.43963891 1.5  0.0 0.0
2015-07-08-17 04 12.561	  31.02706785 121.43963891 1.5  0.0 0.0
2015-07-08-17 04 12.666	  31.02704239 121.43965175 1.5  0.0 0.0
2015-07-08-17 04 12.769	  31.02704239 121.43965175 1.5  0.0 0.0
2015-07-08-17 04 12.898	  31.02704239 121.43965175 1.5  0.0 0.0
2015-07-08-17 04 13.002	  31.02704239 121.43965175 1.5  0.0 0.0
2015-07-08-17 04 13.150	  31.02704239 121.43965175 1.5  0.0 0.0
2015-07-08-17 04 13.253	  31.02704239 121.43965175 1.5  0.0 0.0
2015-07-08-17 04 13.355	  31.02704239 121.43965175 1.5  0.0 0.0
2015-07-08-17 04 13.497	  31.02704239 121.43965175 1.5  0.0 0.0
2015-07-08-17 04 13.638	  31.02704239 121.43965175 1.5  0.0 0.0
2015-07-08-17 04 13.747	  31.02704239 121.43965175 1.5  0.0 0.0
2015-07-08-17 04 13.850	  31.02704239 121.43965175 1.5  0.0 0.0
2015-07-08-17 04 13.986	  31.02704239 121.43965175 1.5  0.0 0.0
2015-07-08-17 04 14.095	  31.02704239 121.43965175 1.5  0.0 0.0
2015-07-08-17 04 14.275	  31.02704239 121.43965175 1.5  0.0 0.0
2015-07-08-17 04 14.378	  31.02704239 121.43965175 1.5  0.0 0.0
2015-07-08-17 04 14.480	  31.02704239 121.43965175 1.5  0.0 0.0
2015-07-08-17 04 14.582	  31.02704239 121.43965175 1.5  0.0 0.0
2015-07-08-17 04 14.687	  31.02701536 121.43966305 1.5  0.0 0.0
2015-07-08-17 04 14.819	  31.02701536 121.43966305 1.5  0.0 0.0
2015-07-08-17 04 14.923	  31.02701536 121.43966305 1.5  0.0 0.0
2015-07-08-17 04 15.065	  31.02701536 121.43966305 1.5  0.0 0.0
2015-07-08-17 04 15.178	  31.02701536 121.43966305 1.5  0.0 0.0
2015-07-08-17 04 15.280	  31.02701536 121.43966305 1.5  0.0 0.0
2015-07-08-17 04 15.396	  31.02701536 121.43966305 1.5  0.0 0.0
2015-07-08-17 04 15.535	  31.02701536 121.43966305 1.5  0.0 0.0
2015-07-08-17 04 15.653	  31.02701536 121.43966305 1.5  0.0 0.0
2015-07-08-17 04 15.756	  31.02701536 121.43966305 1.5  0.0 0.0
2015-07-08-17 04 15.907	  31.02701536 121.43966305 1.5  0.0 0.0
2015-07-08-17 04 16.047	  31.02701536 121.43966305 1.5  0.0 0.0
2015-07-08-17 04 16.152	  31.02701536 121.43966305 1.5  0.0 0.0
2015-07-08-17 04 16.309	  31.02701536 121.43966305 1.5  0.0 0.0
2015-07-08-17 04 16.452	  31.02701536 121.43966305 1.5  0.0 0.0
2015-07-08-17 04 16.553	  31.02701536 121.43966305 1.5  0.0 0.0
2015-07-08-17 04 16.658	  31.02699008 121.43967643 1.5  0.0 0.0
2015-07-08-17 04 16.821	  31.02699008 121.43967643 1.5  0.0 0.0
2015-07-08-17 04 16.926	  31.02699008 121.43967643 1.5  0.0 0.0
2015-07-08-17 04 17.071	  31.02699008 121.43967643 1.5  0.0 0.0
2015-07-08-17 04 17.255	  31.02699008 121.43967643 1.5  0.0 0.0
2015-07-08-17 04 17.383	  31.02699008 121.43967643 1.5  0.0 0.0
2015-07-08-17 04 17.488	  31.02699008 121.43967643 1.5  0.0 0.0
2015-07-08-17 04 17.648	  31.02699008 121.43967643 1.5  0.0 0.0
2015-07-08-17 04 17.759	  31.02699008 121.43967643 1.5  0.0 0.0
2015-07-08-17 04 17.862	  31.02699008 121.43967643 1.5  0.0 0.0
2015-07-08-17 04 17.996	  31.02699008 121.43967643 1.5  0.0 0.0
2015-07-08-17 04 18.099	  31.02699008 121.43967643 1.5  0.0 0.0
2015-07-08-17 04 18.202	  31.02699008 121.43967643 1.5  0.0 0.0
2015-07-08-17 04 18.334	  31.02699008 121.43967643 1.5  0.0 0.0
2015-07-08-17 04 18.447	  31.02699008 121.43967643 1.5  0.0 0.0
2015-07-08-17 04 18.549	  31.02699008 121.43967643 1.5  0.0 0.0
2015-07-08-17 04 18.665	  31.02696698 121.43968986 1.5  0.0 0.0
2015-07-08-17 04 18.770	  31.02696698 121.43968986 1.5  0.0 0.0
2015-07-08-17 04 18.872	  31.02696698 121.43968986 1.5  0.0 0.0
2015-07-08-17 04 19.003	  31.02696698 121.43968986 1.5  0.0 0.0
2015-07-08-17 04 19.176	  31.02696698 121.43968986 1.5  0.0 0.0
2015-07-08-17 04 19.317	  31.02696698 121.43968986 1.5  0.0 0.0
2015-07-08-17 04 19.507	  31.02696698 121.43968986 1.5  0.0 0.0
2015-07-08-17 04 19.661	  31.02696698 121.43968986 1.5  0.0 0.0
2015-07-08-17 04 19.813	  31.02696698 121.43968986 1.5  0.0 0.0
2015-07-08-17 04 19.938	  31.02696698 121.43968986 1.5  0.0 0.0
2015-07-08-17 04 20.103	  31.02696698 121.43968986 1.5  0.0 0.0
2015-07-08-17 04 20.258	  31.02696698 121.43968986 1.5  0.0 0.0
2015-07-08-17 04 20.392	  31.02696698 121.43968986 1.5  0.0 0.0
2015-07-08-17 04 20.531	  31.02696698 121.43968986 1.5  0.0 0.0
2015-07-08-17 04 20.664	  31.02694224 121.43970098 1.5  0.0 0.0
2015-07-08-17 04 20.798	  31.02694224 121.43970098 1.5  0.0 0.0
2015-07-08-17 04 20.916	  31.02694224 121.43970098 1.5  0.0 0.0
2015-07-08-17 04 21.054	  31.02694224 121.43970098 1.5  0.0 0.0
2015-07-08-17 04 21.190	  31.02694224 121.43970098 1.5  0.0 0.0
2015-07-08-17 04 21.354	  31.02694224 121.43970098 1.5  0.0 0.0
2015-07-08-17 04 21.514	  31.02694224 121.43970098 1.5  0.0 0.0
2015-07-08-17 04 21.629	  31.02694224 121.43970098 1.5  0.0 0.0
2015-07-08-17 04 21.767	  31.02694224 121.43970098 1.5  0.0 0.0
2015-07-08-17 04 21.883	  31.02694224 121.43970098 1.5  0.0 0.0
2015-07-08-17 04 22.009	  31.02694224 121.43970098 1.5  0.0 0.0
2015-07-08-17 04 22.151	  31.02694224 121.43970098 1.5  0.0 0.0
2015-07-08-17 04 22.309	  31.02694224 121.43970098 1.5  0.0 0.0
2015-07-08-17 04 22.414	  31.02694224 121.43970098 1.5  0.0 0.0
2015-07-08-17 04 22.516	  31.02694224 121.43970098 1.5  0.0 0.0
2015-07-08-17 04 22.650	  31.026918 121.43971297 1.5  0.0 0.0
2015-07-08-17 04 22.797	  31.026918 121.43971297 1.5  0.0 0.0
2015-07-08-17 04 22.912	  31.026918 121.43971297 1.5  0.0 0.0
2015-07-08-17 04 23.056	  31.026918 121.43971297 1.5  0.0 0.0
2015-07-08-17 04 23.197	  31.026918 121.43971297 1.5  0.0 0.0
2015-07-08-17 04 23.314	  31.026918 121.43971297 1.5  0.0 0.0
2015-07-08-17 04 23.449	  31.026918 121.43971297 1.5  0.0 0.0
2015-07-08-17 04 23.600	  31.026918 121.43971297 1.5  0.0 0.0
2015-07-08-17 04 23.721	  31.026918 121.43971297 1.5  0.0 0.0
2015-07-08-17 04 23.863	  31.026918 121.43971297 1.5  0.0 0.0
2015-07-08-17 04 24.003	  31.026918 121.43971297 1.5  0.0 0.0
2015-07-08-17 04 24.165	  31.026918 121.43971297 1.5  0.0 0.0
2015-07-08-17 04 24.282	  31.026918 121.43971297 1.5  0.0 0.0
2015-07-08-17 04 24.432	  31.026918 121.43971297 1.5  0.0 0.0
2015-07-08-17 04 24.550	  31.026918 121.43971297 1.5  0.0 0.0
2015-07-08-17 04 24.664	  31.02689336 121.43972506 1.5  0.0 0.0
2015-07-08-17 04 24.812	  31.02689336 121.43972506 1.5  0.0 0.0
2015-07-08-17 04 24.929	  31.02689336 121.43972506 1.5  0.0 0.0
2015-07-08-17 04 25.059	  31.02689336 121.43972506 1.5  0.0 0.0
2015-07-08-17 04 25.201	  31.02689336 121.43972506 1.5  0.0 0.0
2015-07-08-17 04 25.316	  31.02689336 121.43972506 1.5  0.0 0.0
2015-07-08-17 04 25.444	  31.02689336 121.43972506 1.5  0.0 0.0
2015-07-08-17 04 25.574	  31.02689336 121.43972506 1.5  0.0 0.0
2015-07-08-17 04 25.735	  31.02689336 121.43972506 1.5  0.0 0.0
2015-07-08-17 04 25.850	  31.02689336 121.43972506 1.5  0.0 0.0
2015-07-08-17 04 25.985	  31.02689336 121.43972506 1.5  0.0 0.0
2015-07-08-17 04 26.125	  31.02689336 121.43972506 1.5  0.0 0.0
2015-07-08-17 04 26.259	  31.02689336 121.43972506 1.5  0.0 0.0
2015-07-08-17 04 26.399	  31.02689336 121.43972506 1.5  0.0 0.0
2015-07-08-17 04 26.537	  31.02689336 121.43972506 1.5  0.0 0.0
2015-07-08-17 04 26.682	  31.02686754 121.43973855 1.5  0.0 0.0
2015-07-08-17 04 26.824	  31.02686754 121.43973855 1.5  0.0 0.0
2015-07-08-17 04 26.991	  31.02686754 121.43973855 1.5  0.0 0.0
2015-07-08-17 04 27.106	  31.02686754 121.43973855 1.5  0.0 0.0
2015-07-08-17 04 27.237	  31.02686754 121.43973855 1.5  0.0 0.0
