2015-07-08-17 05 39.835	  0.0 0.0 0.0  0.0 0.0
2015-07-08-17 05 39.936	  0.0 0.0 0.0  0.0 0.0
2015-07-08-17 05 40.039	  0.0 0.0 0.0  0.0 0.0
2015-07-08-17 05 40.141	  0.0 0.0 0.0  0.0 0.0
2015-07-08-17 05 40.243	  0.0 0.0 0.0  0.0 0.0
2015-07-08-17 05 40.345	  0.0 0.0 0.0  0.0 0.0
2015-07-08-17 05 40.447	  0.0 0.0 0.0  0.0 0.0
2015-07-08-17 05 40.548	  0.0 0.0 0.0  0.0 0.0
2015-07-08-17 05 40.650	  31.02765223 121.43936001 0.75  0.0 0.0
2015-07-08-17 05 40.752	  31.02765223 121.43936001 0.75  0.0 0.0
2015-07-08-17 05 40.854	  31.02765223 121.43936001 0.75  0.0 0.0
2015-07-08-17 05 40.955	  31.02765223 121.43936001 0.75  0.0 0.0
2015-07-08-17 05 41.057	  31.02765223 121.43936001 0.75  0.0 0.0
2015-07-08-17 05 41.159	  31.02765223 121.43936001 0.75  0.0 0.0
2015-07-08-17 05 41.261	  31.02765223 121.43936001 0.75  0.0 0.0
2015-07-08-17 05 41.363	  31.02765223 121.43936001 0.75  0.0 0.0
2015-07-08-17 05 41.465	  31.02765223 121.43936001 0.75  0.0 0.0
2015-07-08-17 05 41.566	  31.02765223 121.43936001 0.75  0.0 0.0
2015-07-08-17 05 41.668	  31.02765223 121.43936001 0.75  0.0 0.0
2015-07-08-17 05 41.770	  31.02765223 121.43936001 0.75  0.0 0.0
2015-07-08-17 05 41.873	  31.02765223 121.43936001 0.75  0.0 0.0
2015-07-08-17 05 41.974	  31.02765223 121.43936001 0.75  0.0 0.0
2015-07-08-17 05 42.076	  31.02765223 121.43936001 0.75  0.0 0.0
2015-07-08-17 05 42.179	  31.02765223 121.43936001 0.75  0.0 0.0
2015-07-08-17 05 42.280	  31.02765223 121.43936001 0.75  0.0 0.0
2015-07-08-17 05 42.382	  31.02765223 121.43936001 0.75  0.0 0.0
2015-07-08-17 05 42.484	  31.02765223 121.43936001 0.75  0.0 0.0
2015-07-08-17 05 42.586	  31.02765223 121.43936001 0.75  0.0 0.0
2015-07-08-17 05 42.689	  31.02763123 121.43937061 1.0  0.0 0.0
2015-07-08-17 05 42.791	  31.02763123 121.43937061 1.0  0.0 0.0
2015-07-08-17 05 42.896	  31.02763123 121.43937061 1.0  0.0 0.0
2015-07-08-17 05 42.998	  31.02763123 121.43937061 1.0  0.0 0.0
2015-07-08-17 05 43.100	  31.02763123 121.43937061 1.0  0.0 0.0
2015-07-08-17 05 43.203	  31.02763123 121.43937061 1.0  0.0 0.0
2015-07-08-17 05 43.309	  31.02763123 121.43937061 1.0  0.0 0.0
2015-07-08-17 05 43.414	  31.02763123 121.43937061 1.0  0.0 0.0
2015-07-08-17 05 43.523	  31.02763123 121.43937061 1.0  0.0 0.0
2015-07-08-17 05 43.628	  31.02763123 121.43937061 1.0  0.0 0.0
2015-07-08-17 05 43.741	  31.02763123 121.43937061 1.0  0.0 0.0
2015-07-08-17 05 43.844	  31.02763123 121.43937061 1.0  0.0 0.0
2015-07-08-17 05 43.946	  31.02763123 121.43937061 1.0  0.0 0.0
2015-07-08-17 05 44.048	  31.02763123 121.43937061 1.0  0.0 0.0
2015-07-08-17 05 44.150	  31.02763123 121.43937061 1.0  0.0 0.0
2015-07-08-17 05 44.254	  31.02763123 121.43937061 1.0  0.0 0.0
2015-07-08-17 05 44.357	  31.02763123 121.43937061 1.0  0.0 0.0
2015-07-08-17 05 44.461	  31.02763123 121.43937061 1.0  0.0 0.0
2015-07-08-17 05 44.565	  31.02763123 121.43937061 1.0  0.0 0.0
2015-07-08-17 05 44.670	  31.02761375 121.43938133 1.0  0.0 0.0
2015-07-08-17 05 44.773	  31.02761375 121.43938133 1.0  0.0 0.0
2015-07-08-17 05 44.874	  31.02761375 121.43938133 1.0  0.0 0.0
2015-07-08-17 05 44.976	  31.02761375 121.43938133 1.0  0.0 0.0
2015-07-08-17 05 45.080	  31.02761375 121.43938133 1.0  0.0 0.0
2015-07-08-17 05 45.194	  31.02761375 121.43938133 1.0  0.0 0.0
2015-07-08-17 05 45.297	  31.02761375 121.43938133 1.0  0.0 0.0
2015-07-08-17 05 45.398	  31.02761375 121.43938133 1.0  0.0 0.0
2015-07-08-17 05 45.500	  31.02761375 121.43938133 1.0  0.0 0.0
2015-07-08-17 05 45.604	  31.02761375 121.43938133 1.0  0.0 0.0
2015-07-08-17 05 45.710	  31.02761375 121.43938133 1.0  0.0 0.0
2015-07-08-17 05 45.812	  31.02761375 121.43938133 1.0  0.0 0.0
2015-07-08-17 05 45.918	  31.02761375 121.43938133 1.0  0.0 0.0
2015-07-08-17 05 46.019	  31.02761375 121.43938133 1.0  0.0 0.0
2015-07-08-17 05 46.121	  31.02761375 121.43938133 1.0  0.0 0.0
2015-07-08-17 05 46.225	  31.02761375 121.43938133 1.0  0.0 0.0
2015-07-08-17 05 46.330	  31.02761375 121.43938133 1.0  0.0 0.0
2015-07-08-17 05 46.436	  31.02761375 121.43938133 1.0  0.0 0.0
2015-07-08-17 05 46.542	  31.02761375 121.43938133 1.0  0.0 0.0
2015-07-08-17 05 46.653	  31.02759567 121.43939459 1.0  0.0 0.0
2015-07-08-17 05 46.758	  31.02759567 121.43939459 1.0  0.0 0.0
2015-07-08-17 05 46.864	  31.02759567 121.43939459 1.0  0.0 0.0
2015-07-08-17 05 46.968	  31.02759567 121.43939459 1.0  0.0 0.0
2015-07-08-17 05 47.071	  31.02759567 121.43939459 1.0  0.0 0.0
2015-07-08-17 05 47.176	  31.02759567 121.43939459 1.0  0.0 0.0
2015-07-08-17 05 47.292	  31.02759567 121.43939459 1.0  0.0 0.0
2015-07-08-17 05 47.396	  31.02759567 121.43939459 1.0  0.0 0.0
2015-07-08-17 05 47.498	  31.02759567 121.43939459 1.0  0.0 0.0
2015-07-08-17 05 47.602	  31.02759567 121.43939459 1.0  0.0 0.0
2015-07-08-17 05 47.710	  31.02759567 121.43939459 1.0  0.0 0.0
2015-07-08-17 05 47.811	  31.02759567 121.43939459 1.0  0.0 0.0
2015-07-08-17 05 47.914	  31.02759567 121.43939459 1.0  0.0 0.0
2015-07-08-17 05 48.016	  31.02759567 121.43939459 1.0  0.0 0.0
2015-07-08-17 05 48.120	  31.02759567 121.43939459 1.0  0.0 0.0
2015-07-08-17 05 48.226	  31.02759567 121.43939459 1.0  0.0 0.0
2015-07-08-17 05 48.330	  31.02759567 121.43939459 1.0  0.0 0.0
2015-07-08-17 05 48.439	  31.02759567 121.43939459 1.0  0.0 0.0
2015-07-08-17 05 48.547	  31.02759567 121.43939459 1.0  0.0 0.0
2015-07-08-17 05 48.648	  31.027577 121.43940952 1.0  0.0 0.0
2015-07-08-17 05 48.752	  31.027577 121.43940952 1.0  0.0 0.0
2015-07-08-17 05 48.858	  31.027577 121.43940952 1.0  0.0 0.0
2015-07-08-17 05 48.962	  31.027577 121.43940952 1.0  0.0 0.0
2015-07-08-17 05 49.067	  31.027577 121.43940952 1.0  0.0 0.0
2015-07-08-17 05 49.169	  31.027577 121.43940952 1.0  0.0 0.0
2015-07-08-17 05 49.271	  31.027577 121.43940952 1.0  0.0 0.0
2015-07-08-17 05 49.375	  31.027577 121.43940952 1.0  0.0 0.0
2015-07-08-17 05 49.479	  31.027577 121.43940952 1.0  0.0 0.0
2015-07-08-17 05 49.584	  31.027577 121.43940952 1.0  0.0 0.0
2015-07-08-17 05 49.696	  31.027577 121.43940952 1.0  0.0 0.0
2015-07-08-17 05 49.798	  31.027577 121.43940952 1.0  0.0 0.0
2015-07-08-17 05 49.899	  31.027577 121.43940952 1.0  0.0 0.0
2015-07-08-17 05 50.001	  31.027577 121.43940952 1.0  0.0 0.0
2015-07-08-17 05 50.108	  31.027577 121.43940952 1.0  0.0 0.0
2015-07-08-17 05 50.219	  31.027577 121.43940952 1.0  0.0 0.0
2015-07-08-17 05 50.322	  31.027577 121.43940952 1.0  0.0 0.0
2015-07-08-17 05 50.425	  31.027577 121.43940952 1.0  0.0 0.0
2015-07-08-17 05 50.530	  31.027577 121.43940952 1.0  0.0 0.0
2015-07-08-17 05 50.640	  31.02755774 121.43942315 1.0  0.0 0.0
2015-07-08-17 05 50.749	  31.02755774 121.43942315 1.0  0.0 0.0
2015-07-08-17 05 50.854	  31.02755774 121.43942315 1.0  0.0 0.0
2015-07-08-17 05 50.959	  31.02755774 121.43942315 1.0  0.0 0.0
2015-07-08-17 05 51.068	  31.02755774 121.43942315 1.0  0.0 0.0
2015-07-08-17 05 51.180	  31.02755774 121.43942315 1.0  0.0 0.0
2015-07-08-17 05 51.283	  31.02755774 121.43942315 1.0  0.0 0.0
2015-07-08-17 05 51.386	  31.02755774 121.43942315 1.0  0.0 0.0
2015-07-08-17 05 51.490	  31.02755774 121.43942315 1.0  0.0 0.0
2015-07-08-17 05 51.597	  31.02755774 121.43942315 1.0  0.0 0.0
2015-07-08-17 05 51.708	  31.02755774 121.43942315 1.0  0.0 0.0
2015-07-08-17 05 51.809	  31.02755774 121.43942315 1.0  0.0 0.0
2015-07-08-17 05 51.910	  31.02755774 121.43942315 1.0  0.0 0.0
2015-07-08-17 05 52.014	  31.02755774 121.43942315 1.0  0.0 0.0
2015-07-08-17 05 52.121	  31.02755774 121.43942315 1.0  0.0 0.0
2015-07-08-17 05 52.232	  31.02755774 121.43942315 1.0  0.0 0.0
2015-07-08-17 05 52.333	  31.02755774 121.43942315 1.0  0.0 0.0
2015-07-08-17 05 52.435	  31.02755774 121.43942315 1.0  0.0 0.0
2015-07-08-17 05 52.537	  31.02755774 121.43942315 1.0  0.0 0.0
2015-07-08-17 05 52.643	  31.02753822 121.43943584 1.0  0.0 0.0
2015-07-08-17 05 52.771	  31.02753822 121.43943584 1.0  0.0 0.0
2015-07-08-17 05 52.872	  31.02753822 121.43943584 1.0  0.0 0.0
2015-07-08-17 05 52.974	  31.02753822 121.43943584 1.0  0.0 0.0
2015-07-08-17 05 53.077	  31.02753822 121.43943584 1.0  0.0 0.0
2015-07-08-17 05 53.184	  31.02753822 121.43943584 1.0  0.0 0.0
2015-07-08-17 05 53.285	  31.02753822 121.43943584 1.0  0.0 0.0
2015-07-08-17 05 53.388	  31.02753822 121.43943584 1.0  0.0 0.0
2015-07-08-17 05 53.490	  31.02753822 121.43943584 1.0  0.0 0.0
2015-07-08-17 05 53.594	  31.02753822 121.43943584 1.0  0.0 0.0
2015-07-08-17 05 53.700	  31.02753822 121.43943584 1.0  0.0 0.0
2015-07-08-17 05 53.802	  31.02753822 121.43943584 1.0  0.0 0.0
2015-07-08-17 05 53.903	  31.02753822 121.43943584 1.0  0.0 0.0
2015-07-08-17 05 54.005	  31.02753822 121.43943584 1.0  0.0 0.0
2015-07-08-17 05 54.109	  31.02753822 121.43943584 1.0  0.0 0.0
2015-07-08-17 05 54.211	  31.02753822 121.43943584 1.0  0.0 0.0
2015-07-08-17 05 54.313	  31.02753822 121.43943584 1.0  0.0 0.0
2015-07-08-17 05 54.420	  31.02753822 121.43943584 1.0  0.0 0.0
2015-07-08-17 05 54.524	  31.02753822 121.43943584 1.0  0.0 0.0
2015-07-08-17 05 54.629	  31.02753822 121.43943584 1.0  0.0 0.0
2015-07-08-17 05 54.730	  31.02751929 121.43944564 1.0  0.0 0.0
2015-07-08-17 05 54.833	  31.02751929 121.43944564 1.0  0.0 0.0
2015-07-08-17 05 54.937	  31.02751929 121.43944564 1.0  0.0 0.0
2015-07-08-17 05 55.041	  31.02751929 121.43944564 1.0  0.0 0.0
2015-07-08-17 05 55.146	  31.02751929 121.43944564 1.0  0.0 0.0
2015-07-08-17 05 55.249	  31.02751929 121.43944564 1.0  0.0 0.0
2015-07-08-17 05 55.351	  31.02751929 121.43944564 1.0  0.0 0.0
2015-07-08-17 05 55.453	  31.02751929 121.43944564 1.0  0.0 0.0
2015-07-08-17 05 55.556	  31.02751929 121.43944564 1.0  0.0 0.0
2015-07-08-17 05 55.662	  31.02751929 121.43944564 1.0  0.0 0.0
2015-07-08-17 05 55.777	  31.02751929 121.43944564 1.0  0.0 0.0
2015-07-08-17 05 55.878	  31.02751929 121.43944564 1.0  0.0 0.0
2015-07-08-17 05 55.980	  31.02751929 121.43944564 1.0  0.0 0.0
2015-07-08-17 05 56.085	  31.02751929 121.43944564 1.0  0.0 0.0
2015-07-08-17 05 56.196	  31.02751929 121.43944564 1.0  0.0 0.0
2015-07-08-17 05 56.299	  31.02751929 121.43944564 1.0  0.0 0.0
2015-07-08-17 05 56.401	  31.02751929 121.43944564 1.0  0.0 0.0
2015-07-08-17 05 56.502	  31.02751929 121.43944564 1.0  0.0 0.0
2015-07-08-17 05 56.604	  31.02751929 121.43944564 1.0  0.0 0.0
2015-07-08-17 05 56.707	  31.02750008 121.43945531 1.0  0.0 0.0
2015-07-08-17 05 56.809	  31.02750008 121.43945531 1.0  0.0 0.0
2015-07-08-17 05 56.912	  31.02750008 121.43945531 1.0  0.0 0.0
2015-07-08-17 05 57.020	  31.02750008 121.43945531 1.0  0.0 0.0
2015-07-08-17 05 57.123	  31.02750008 121.43945531 1.0  0.0 0.0
2015-07-08-17 05 57.228	  31.02750008 121.43945531 1.0  0.0 0.0
2015-07-08-17 05 57.331	  31.02750008 121.43945531 1.0  0.0 0.0
2015-07-08-17 05 57.436	  31.02750008 121.43945531 1.0  0.0 0.0
2015-07-08-17 05 57.538	  31.02750008 121.43945531 1.0  0.0 0.0
2015-07-08-17 05 57.642	  31.02750008 121.43945531 1.0  0.0 0.0
2015-07-08-17 05 57.777	  31.02750008 121.43945531 1.0  0.0 0.0
2015-07-08-17 05 57.884	  31.02750008 121.43945531 1.0  0.0 0.0
2015-07-08-17 05 57.986	  31.02750008 121.43945531 1.0  0.0 0.0
2015-07-08-17 05 58.088	  31.02750008 121.43945531 1.0  0.0 0.0
2015-07-08-17 05 58.195	  31.02750008 121.43945531 1.0  0.0 0.0
2015-07-08-17 05 58.308	  31.02750008 121.43945531 1.0  0.0 0.0
2015-07-08-17 05 58.410	  31.02750008 121.43945531 1.0  0.0 0.0
2015-07-08-17 05 58.511	  31.02750008 121.43945531 1.0  0.0 0.0
2015-07-08-17 05 58.616	  31.02750008 121.43945531 1.0  0.0 0.0
2015-07-08-17 05 58.728	  31.02748 121.43946521 1.25  0.0 0.0
2015-07-08-17 05 58.829	  31.02748 121.43946521 1.25  0.0 0.0
2015-07-08-17 05 58.931	  31.02748 121.43946521 1.25  0.0 0.0
2015-07-08-17 05 59.033	  31.02748 121.43946521 1.25  0.0 0.0
2015-07-08-17 05 59.144	  31.02748 121.43946521 1.25  0.0 0.0
2015-07-08-17 05 59.245	  31.02748 121.43946521 1.25  0.0 0.0
2015-07-08-17 05 59.346	  31.02748 121.43946521 1.25  0.0 0.0
2015-07-08-17 05 59.448	  31.02748 121.43946521 1.25  0.0 0.0
2015-07-08-17 05 59.558	  31.02748 121.43946521 1.25  0.0 0.0
2015-07-08-17 05 59.659	  31.02748 121.43946521 1.25  0.0 0.0
2015-07-08-17 05 59.761	  31.02748 121.43946521 1.25  0.0 0.0
2015-07-08-17 05 59.866	  31.02748 121.43946521 1.25  0.0 0.0
2015-07-08-17 05 59.977	  31.02748 121.43946521 1.25  0.0 0.0
2015-07-08-17 06 00.079	  31.02748 121.43946521 1.25  0.0 0.0
2015-07-08-17 06 00.182	  31.02748 121.43946521 1.25  0.0 0.0
2015-07-08-17 06 00.287	  31.02748 121.43946521 1.25  0.0 0.0
2015-07-08-17 06 00.403	  31.02748 121.43946521 1.25  0.0 0.0
2015-07-08-17 06 00.504	  31.02748 121.43946521 1.25  0.0 0.0
2015-07-08-17 06 00.624	  31.02748 121.43946521 1.25  0.0 0.0
2015-07-08-17 06 00.726	  31.02745913 121.4394749 1.25  0.0 0.0
2015-07-08-17 06 00.828	  31.02745913 121.4394749 1.25  0.0 0.0
2015-07-08-17 06 00.930	  31.02745913 121.4394749 1.25  0.0 0.0
2015-07-08-17 06 01.049	  31.02745913 121.4394749 1.25  0.0 0.0
2015-07-08-17 06 01.151	  31.02745913 121.4394749 1.25  0.0 0.0
2015-07-08-17 06 01.254	  31.02745913 121.4394749 1.25  0.0 0.0
2015-07-08-17 06 01.356	  31.02745913 121.4394749 1.25  0.0 0.0
2015-07-08-17 06 01.459	  31.02745913 121.4394749 1.25  0.0 0.0
2015-07-08-17 06 01.568	  31.02745913 121.4394749 1.25  0.0 0.0
2015-07-08-17 06 01.679	  31.02745913 121.4394749 1.25  0.0 0.0
2015-07-08-17 06 01.789	  31.02745913 121.4394749 1.25  0.0 0.0
2015-07-08-17 06 01.890	  31.02745913 121.4394749 1.25  0.0 0.0
2015-07-08-17 06 01.992	  31.02745913 121.4394749 1.25  0.0 0.0
2015-07-08-17 06 02.096	  31.02745913 121.4394749 1.25  0.0 0.0
2015-07-08-17 06 02.200	  31.02745913 121.4394749 1.25  0.0 0.0
2015-07-08-17 06 02.304	  31.02745913 121.4394749 1.25  0.0 0.0
2015-07-08-17 06 02.410	  31.02745913 121.4394749 1.25  0.0 0.0
2015-07-08-17 06 02.511	  31.02745913 121.4394749 1.25  0.0 0.0
2015-07-08-17 06 02.614	  31.02745913 121.4394749 1.25  0.0 0.0
2015-07-08-17 06 02.716	  31.02743784 121.43948371 1.25  0.0 0.0
2015-07-08-17 06 02.817	  31.02743784 121.43948371 1.25  0.0 0.0
2015-07-08-17 06 02.919	  31.02743784 121.43948371 1.25  0.0 0.0
2015-07-08-17 06 03.021	  31.02743784 121.43948371 1.25  0.0 0.0
2015-07-08-17 06 03.126	  31.02743784 121.43948371 1.25  0.0 0.0
2015-07-08-17 06 03.237	  31.02743784 121.43948371 1.25  0.0 0.0
2015-07-08-17 06 03.353	  31.02743784 121.43948371 1.25  0.0 0.0
2015-07-08-17 06 03.455	  31.02743784 121.43948371 1.25  0.0 0.0
2015-07-08-17 06 03.556	  31.02743784 121.43948371 1.25  0.0 0.0
2015-07-08-17 06 03.658	  31.02743784 121.43948371 1.25  0.0 0.0
2015-07-08-17 06 03.798	  31.02743784 121.43948371 1.25  0.0 0.0
2015-07-08-17 06 03.900	  31.02743784 121.43948371 1.25  0.0 0.0
2015-07-08-17 06 04.001	  31.02743784 121.43948371 1.25  0.0 0.0
2015-07-08-17 06 04.104	  31.02743784 121.43948371 1.25  0.0 0.0
2015-07-08-17 06 04.206	  31.02743784 121.43948371 1.25  0.0 0.0
2015-07-08-17 06 04.308	  31.02743784 121.43948371 1.25  0.0 0.0
2015-07-08-17 06 04.410	  31.02743784 121.43948371 1.25  0.0 0.0
2015-07-08-17 06 04.512	  31.02743784 121.43948371 1.25  0.0 0.0
2015-07-08-17 06 04.620	  31.02743784 121.43948371 1.25  0.0 0.0
2015-07-08-17 06 04.727	  31.02741656 121.43949254 1.25  0.0 0.0
2015-07-08-17 06 04.829	  31.02741656 121.43949254 1.25  0.0 0.0
2015-07-08-17 06 04.934	  31.02741656 121.43949254 1.25  0.0 0.0
2015-07-08-17 06 05.037	  31.02741656 121.43949254 1.25  0.0 0.0
2015-07-08-17 06 05.140	  31.02741656 121.43949254 1.25  0.0 0.0
2015-07-08-17 06 05.254	  31.02741656 121.43949254 1.25  0.0 0.0
2015-07-08-17 06 05.355	  31.02741656 121.43949254 1.25  0.0 0.0
2015-07-08-17 06 05.457	  31.02741656 121.43949254 1.25  0.0 0.0
2015-07-08-17 06 05.559	  31.02741656 121.43949254 1.25  0.0 0.0
2015-07-08-17 06 05.661	  31.02741656 121.43949254 1.25  0.0 0.0
2015-07-08-17 06 05.763	  31.02741656 121.43949254 1.25  0.0 0.0
2015-07-08-17 06 05.866	  31.02741656 121.43949254 1.25  0.0 0.0
2015-07-08-17 06 05.972	  31.02741656 121.43949254 1.25  0.0 0.0
2015-07-08-17 06 06.077	  31.02741656 121.43949254 1.25  0.0 0.0
2015-07-08-17 06 06.181	  31.02741656 121.43949254 1.25  0.0 0.0
2015-07-08-17 06 06.290	  31.02741656 121.43949254 1.25  0.0 0.0
2015-07-08-17 06 06.395	  31.02741656 121.43949254 1.25  0.0 0.0
2015-07-08-17 06 06.499	  31.02741656 121.43949254 1.25  0.0 0.0
2015-07-08-17 06 06.607	  31.02741656 121.43949254 1.25  0.0 0.0
2015-07-08-17 06 06.709	  31.02739429 121.43949748 1.25  0.0 0.0
2015-07-08-17 06 06.812	  31.02739429 121.43949748 1.25  0.0 0.0
2015-07-08-17 06 06.919	  31.02739429 121.43949748 1.25  0.0 0.0
2015-07-08-17 06 07.023	  31.02739429 121.43949748 1.25  0.0 0.0
2015-07-08-17 06 07.127	  31.02739429 121.43949748 1.25  0.0 0.0
2015-07-08-17 06 07.236	  31.02739429 121.43949748 1.25  0.0 0.0
2015-07-08-17 06 07.339	  31.02739429 121.43949748 1.25  0.0 0.0
2015-07-08-17 06 07.443	  31.02739429 121.43949748 1.25  0.0 0.0
2015-07-08-17 06 07.553	  31.02739429 121.43949748 1.25  0.0 0.0
2015-07-08-17 06 07.665	  31.02739429 121.43949748 1.25  0.0 0.0
2015-07-08-17 06 07.770	  31.02739429 121.43949748 1.25  0.0 0.0
2015-07-08-17 06 07.876	  31.02739429 121.43949748 1.25  0.0 0.0
2015-07-08-17 06 07.979	  31.02739429 121.43949748 1.25  0.0 0.0
2015-07-08-17 06 08.083	  31.02739429 121.43949748 1.25  0.0 0.0
2015-07-08-17 06 08.194	  31.02739429 121.43949748 1.25  0.0 0.0
2015-07-08-17 06 08.296	  31.02739429 121.43949748 1.25  0.0 0.0
2015-07-08-17 06 08.397	  31.02739429 121.43949748 1.25  0.0 0.0
2015-07-08-17 06 08.500	  31.02739429 121.43949748 1.25  0.0 0.0
2015-07-08-17 06 08.603	  31.02739429 121.43949748 1.25  0.0 0.0
2015-07-08-17 06 08.707	  31.02737293 121.43950496 1.25  0.0 0.0
2015-07-08-17 06 08.810	  31.02737293 121.43950496 1.25  0.0 0.0
2015-07-08-17 06 08.911	  31.02737293 121.43950496 1.25  0.0 0.0
2015-07-08-17 06 09.014	  31.02737293 121.43950496 1.25  0.0 0.0
2015-07-08-17 06 09.121	  31.02737293 121.43950496 1.25  0.0 0.0
2015-07-08-17 06 09.223	  31.02737293 121.43950496 1.25  0.0 0.0
2015-07-08-17 06 09.324	  31.02737293 121.43950496 1.25  0.0 0.0
2015-07-08-17 06 09.429	  31.02737293 121.43950496 1.25  0.0 0.0
2015-07-08-17 06 09.534	  31.02737293 121.43950496 1.25  0.0 0.0
2015-07-08-17 06 09.640	  31.02737293 121.43950496 1.25  0.0 0.0
2015-07-08-17 06 09.796	  31.02737293 121.43950496 1.25  0.0 0.0
2015-07-08-17 06 09.897	  31.02737293 121.43950496 1.25  0.0 0.0
2015-07-08-17 06 09.998	  31.02737293 121.43950496 1.25  0.0 0.0
2015-07-08-17 06 10.105	  31.02737293 121.43950496 1.25  0.0 0.0
2015-07-08-17 06 10.208	  31.02737293 121.43950496 1.25  0.0 0.0
2015-07-08-17 06 10.310	  31.02737293 121.43950496 1.25  0.0 0.0
2015-07-08-17 06 10.434	  31.02737293 121.43950496 1.25  0.0 0.0
2015-07-08-17 06 10.535	  31.02737293 121.43950496 1.25  0.0 0.0
2015-07-08-17 06 10.637	  31.02737293 121.43950496 1.25  0.0 0.0
2015-07-08-17 06 10.738	  31.02735197 121.43951524 1.25  0.0 0.0
2015-07-08-17 06 10.849	  31.02735197 121.43951524 1.25  0.0 0.0
2015-07-08-17 06 10.955	  31.02735197 121.43951524 1.25  0.0 0.0
2015-07-08-17 06 11.058	  31.02735197 121.43951524 1.25  0.0 0.0
2015-07-08-17 06 11.169	  31.02735197 121.43951524 1.25  0.0 0.0
2015-07-08-17 06 11.271	  31.02735197 121.43951524 1.25  0.0 0.0
2015-07-08-17 06 11.374	  31.02735197 121.43951524 1.25  0.0 0.0
2015-07-08-17 06 11.488	  31.02735197 121.43951524 1.25  0.0 0.0
2015-07-08-17 06 11.590	  31.02735197 121.43951524 1.25  0.0 0.0
2015-07-08-17 06 11.692	  31.02735197 121.43951524 1.25  0.0 0.0
2015-07-08-17 06 11.798	  31.02735197 121.43951524 1.25  0.0 0.0
2015-07-08-17 06 11.901	  31.02735197 121.43951524 1.25  0.0 0.0
2015-07-08-17 06 12.003	  31.02735197 121.43951524 1.25  0.0 0.0
2015-07-08-17 06 12.109	  31.02735197 121.43951524 1.25  0.0 0.0
2015-07-08-17 06 12.211	  31.02735197 121.43951524 1.25  0.0 0.0
2015-07-08-17 06 12.313	  31.02735197 121.43951524 1.25  0.0 0.0
2015-07-08-17 06 12.465	  31.02735197 121.43951524 1.25  0.0 0.0
2015-07-08-17 06 12.569	  31.02735197 121.43951524 1.25  0.0 0.0
2015-07-08-17 06 12.683	  31.02733123 121.43952185 1.25  0.0 0.0
2015-07-08-17 06 12.786	  31.02733123 121.43952185 1.25  0.0 0.0
2015-07-08-17 06 12.889	  31.02733123 121.43952185 1.25  0.0 0.0
2015-07-08-17 06 13.057	  31.02733123 121.43952185 1.25  0.0 0.0
2015-07-08-17 06 13.159	  31.02733123 121.43952185 1.25  0.0 0.0
2015-07-08-17 06 13.265	  31.02733123 121.43952185 1.25  0.0 0.0
2015-07-08-17 06 13.368	  31.02733123 121.43952185 1.25  0.0 0.0
2015-07-08-17 06 13.478	  31.02733123 121.43952185 1.25  0.0 0.0
2015-07-08-17 06 13.638	  31.02733123 121.43952185 1.25  0.0 0.0
2015-07-08-17 06 13.741	  31.02733123 121.43952185 1.25  0.0 0.0
2015-07-08-17 06 13.844	  31.02733123 121.43952185 1.25  0.0 0.0
2015-07-08-17 06 13.946	  31.02733123 121.43952185 1.25  0.0 0.0
2015-07-08-17 06 14.049	  31.02733123 121.43952185 1.25  0.0 0.0
2015-07-08-17 06 14.180	  31.02733123 121.43952185 1.25  0.0 0.0
2015-07-08-17 06 14.284	  31.02733123 121.43952185 1.25  0.0 0.0
2015-07-08-17 06 14.397	  31.02733123 121.43952185 1.25  0.0 0.0
2015-07-08-17 06 14.500	  31.02733123 121.43952185 1.25  0.0 0.0
2015-07-08-17 06 14.607	  31.02733123 121.43952185 1.25  0.0 0.0
2015-07-08-17 06 14.762	  31.02730879 121.43952967 1.25  0.0 0.0
2015-07-08-17 06 14.865	  31.02730879 121.43952967 1.25  0.0 0.0
2015-07-08-17 06 14.970	  31.02730879 121.43952967 1.25  0.0 0.0
2015-07-08-17 06 15.073	  31.02730879 121.43952967 1.25  0.0 0.0
2015-07-08-17 06 15.176	  31.02730879 121.43952967 1.25  0.0 0.0
2015-07-08-17 06 15.278	  31.02730879 121.43952967 1.25  0.0 0.0
2015-07-08-17 06 15.380	  31.02730879 121.43952967 1.25  0.0 0.0
2015-07-08-17 06 15.554	  31.02730879 121.43952967 1.25  0.0 0.0
2015-07-08-17 06 15.658	  31.02730879 121.43952967 1.25  0.0 0.0
2015-07-08-17 06 15.770	  31.02730879 121.43952967 1.25  0.0 0.0
2015-07-08-17 06 15.871	  31.02730879 121.43952967 1.25  0.0 0.0
2015-07-08-17 06 15.975	  31.02730879 121.43952967 1.25  0.0 0.0
2015-07-08-17 06 16.079	  31.02730879 121.43952967 1.25  0.0 0.0
2015-07-08-17 06 16.207	  31.02730879 121.43952967 1.25  0.0 0.0
2015-07-08-17 06 16.309	  31.02730879 121.43952967 1.25  0.0 0.0
2015-07-08-17 06 16.415	  31.02730879 121.43952967 1.25  0.0 0.0
2015-07-08-17 06 16.517	  31.02730879 121.43952967 1.25  0.0 0.0
2015-07-08-17 06 16.621	  31.02730879 121.43952967 1.25  0.0 0.0
2015-07-08-17 06 16.725	  31.02730879 121.43952967 1.25  0.0 0.0
2015-07-08-17 06 16.829	  31.02730879 121.43952967 1.25  0.0 0.0
2015-07-08-17 06 16.958	  31.02730879 121.43952967 1.25  0.0 0.0
2015-07-08-17 06 17.059	  31.02730879 121.43952967 1.25  0.0 0.0
2015-07-08-17 06 17.164	  31.02730879 121.43952967 1.25  0.0 0.0
2015-07-08-17 06 17.270	  31.027288509999998 121.43953948 1.25  0.0 0.0
2015-07-08-17 06 17.379	  31.027288509999998 121.43953948 1.25  0.0 0.0
2015-07-08-17 06 17.486	  31.027288509999998 121.43953948 1.25  0.0 0.0
2015-07-08-17 06 17.588	  31.027288509999998 121.43953948 1.25  0.0 0.0
2015-07-08-17 06 17.691	  31.027288509999998 121.43953948 1.25  0.0 0.0
2015-07-08-17 06 17.794	  31.027288509999998 121.43953948 1.25  0.0 0.0
2015-07-08-17 06 17.896	  31.027288509999998 121.43953948 1.25  0.0 0.0
2015-07-08-17 06 18.001	  31.027288509999998 121.43953948 1.25  0.0 0.0
2015-07-08-17 06 18.103	  31.027288509999998 121.43953948 1.25  0.0 0.0
2015-07-08-17 06 18.207	  31.027288509999998 121.43953948 1.25  0.0 0.0
2015-07-08-17 06 18.312	  31.027288509999998 121.43953948 1.25  0.0 0.0
2015-07-08-17 06 18.417	  31.027288509999998 121.43953948 1.25  0.0 0.0
2015-07-08-17 06 18.519	  31.027288509999998 121.43953948 1.25  0.0 0.0
2015-07-08-17 06 18.621	  31.027288509999998 121.43953948 1.25  0.0 0.0
2015-07-08-17 06 18.726	  31.02726789 121.43954822 1.25  0.0 0.0
2015-07-08-17 06 18.827	  31.02726789 121.43954822 1.25  0.0 0.0
2015-07-08-17 06 18.929	  31.02726789 121.43954822 1.25  0.0 0.0
2015-07-08-17 06 19.035	  31.02726789 121.43954822 1.25  0.0 0.0
2015-07-08-17 06 19.141	  31.02726789 121.43954822 1.25  0.0 0.0
2015-07-08-17 06 19.245	  31.02726789 121.43954822 1.25  0.0 0.0
2015-07-08-17 06 19.348	  31.02726789 121.43954822 1.25  0.0 0.0
2015-07-08-17 06 19.454	  31.02726789 121.43954822 1.25  0.0 0.0
2015-07-08-17 06 19.556	  31.02726789 121.43954822 1.25  0.0 0.0
2015-07-08-17 06 19.657	  31.02726789 121.43954822 1.25  0.0 0.0
2015-07-08-17 06 19.760	  31.02726789 121.43954822 1.25  0.0 0.0
2015-07-08-17 06 19.870	  31.02726789 121.43954822 1.25  0.0 0.0
2015-07-08-17 06 19.973	  31.02726789 121.43954822 1.25  0.0 0.0
2015-07-08-17 06 20.092	  31.02726789 121.43954822 1.25  0.0 0.0
2015-07-08-17 06 20.194	  31.02726789 121.43954822 1.25  0.0 0.0
2015-07-08-17 06 20.298	  31.02726789 121.43954822 1.25  0.0 0.0
2015-07-08-17 06 20.401	  31.02726789 121.43954822 1.25  0.0 0.0
2015-07-08-17 06 20.514	  31.02726789 121.43954822 1.25  0.0 0.0
2015-07-08-17 06 20.620	  31.02726789 121.43954822 1.25  0.0 0.0
2015-07-08-17 06 20.724	  31.02724922 121.43956075 1.25  0.0 0.0
2015-07-08-17 06 20.832	  31.02724922 121.43956075 1.25  0.0 0.0
2015-07-08-17 06 20.934	  31.02724922 121.43956075 1.25  0.0 0.0
2015-07-08-17 06 21.036	  31.02724922 121.43956075 1.25  0.0 0.0
2015-07-08-17 06 21.138	  31.02724922 121.43956075 1.25  0.0 0.0
2015-07-08-17 06 21.254	  31.02724922 121.43956075 1.25  0.0 0.0
2015-07-08-17 06 21.357	  31.02724922 121.43956075 1.25  0.0 0.0
2015-07-08-17 06 21.472	  31.02724922 121.43956075 1.25  0.0 0.0
2015-07-08-17 06 21.577	  31.02724922 121.43956075 1.25  0.0 0.0
2015-07-08-17 06 21.687	  31.02724922 121.43956075 1.25  0.0 0.0
2015-07-08-17 06 21.789	  31.02724922 121.43956075 1.25  0.0 0.0
2015-07-08-17 06 21.894	  31.02724922 121.43956075 1.25  0.0 0.0
2015-07-08-17 06 22.000	  31.02724922 121.43956075 1.25  0.0 0.0
2015-07-08-17 06 22.115	  31.02724922 121.43956075 1.25  0.0 0.0
2015-07-08-17 06 22.219	  31.02724922 121.43956075 1.25  0.0 0.0
2015-07-08-17 06 22.321	  31.02724922 121.43956075 1.25  0.0 0.0
2015-07-08-17 06 22.422	  31.02724922 121.43956075 1.25  0.0 0.0
2015-07-08-17 06 22.524	  31.02724922 121.43956075 1.25  0.0 0.0
2015-07-08-17 06 22.625	  31.02724922 121.43956075 1.25  0.0 0.0
2015-07-08-17 06 22.729	  31.02723075 121.43957505 1.25  0.0 0.0
2015-07-08-17 06 22.831	  31.02723075 121.43957505 1.25  0.0 0.0
2015-07-08-17 06 22.934	  31.02723075 121.43957505 1.25  0.0 0.0
2015-07-08-17 06 23.038	  31.02723075 121.43957505 1.25  0.0 0.0
2015-07-08-17 06 23.152	  31.02723075 121.43957505 1.25  0.0 0.0
2015-07-08-17 06 23.256	  31.02723075 121.43957505 1.25  0.0 0.0
2015-07-08-17 06 23.358	  31.02723075 121.43957505 1.25  0.0 0.0
2015-07-08-17 06 23.460	  31.02723075 121.43957505 1.25  0.0 0.0
2015-07-08-17 06 23.570	  31.02723075 121.43957505 1.25  0.0 0.0
2015-07-08-17 06 23.674	  31.02723075 121.43957505 1.25  0.0 0.0
2015-07-08-17 06 23.786	  31.02723075 121.43957505 1.25  0.0 0.0
2015-07-08-17 06 23.889	  31.02723075 121.43957505 1.25  0.0 0.0
2015-07-08-17 06 23.994	  31.02723075 121.43957505 1.25  0.0 0.0
2015-07-08-17 06 24.097	  31.02723075 121.43957505 1.25  0.0 0.0
2015-07-08-17 06 24.210	  31.02723075 121.43957505 1.25  0.0 0.0
2015-07-08-17 06 24.315	  31.02723075 121.43957505 1.25  0.0 0.0
2015-07-08-17 06 24.426	  31.02723075 121.43957505 1.25  0.0 0.0
2015-07-08-17 06 24.528	  31.02723075 121.43957505 1.25  0.0 0.0
2015-07-08-17 06 24.632	  31.02723075 121.43957505 1.25  0.0 0.0
2015-07-08-17 06 24.734	  31.02721123 121.43958607 1.25  0.0 0.0
2015-07-08-17 06 24.839	  31.02721123 121.43958607 1.25  0.0 0.0
2015-07-08-17 06 24.940	  31.02721123 121.43958607 1.25  0.0 0.0
2015-07-08-17 06 25.047	  31.02721123 121.43958607 1.25  0.0 0.0
2015-07-08-17 06 25.151	  31.02721123 121.43958607 1.25  0.0 0.0
2015-07-08-17 06 25.269	  31.02721123 121.43958607 1.25  0.0 0.0
2015-07-08-17 06 25.374	  31.02721123 121.43958607 1.25  0.0 0.0
2015-07-08-17 06 25.491	  31.02721123 121.43958607 1.25  0.0 0.0
2015-07-08-17 06 25.593	  31.02721123 121.43958607 1.25  0.0 0.0
2015-07-08-17 06 25.694	  31.02721123 121.43958607 1.25  0.0 0.0
2015-07-08-17 06 25.840	  31.02721123 121.43958607 1.25  0.0 0.0
2015-07-08-17 06 25.943	  31.02721123 121.43958607 1.25  0.0 0.0
2015-07-08-17 06 26.102	  31.02721123 121.43958607 1.25  0.0 0.0
2015-07-08-17 06 26.204	  31.02721123 121.43958607 1.25  0.0 0.0
2015-07-08-17 06 26.323	  31.02721123 121.43958607 1.25  0.0 0.0
2015-07-08-17 06 26.427	  31.02721123 121.43958607 1.25  0.0 0.0
2015-07-08-17 06 26.578	  31.02721123 121.43958607 1.25  0.0 0.0
2015-07-08-17 06 26.681	  31.02721123 121.43958607 1.25  0.0 0.0
2015-07-08-17 06 26.808	  31.02721123 121.43958607 1.25  0.0 0.0
2015-07-08-17 06 26.910	  31.027191469999998 121.43959319 1.25  0.0 0.0
2015-07-08-17 06 27.048	  31.027191469999998 121.43959319 1.25  0.0 0.0
2015-07-08-17 06 27.157	  31.027191469999998 121.43959319 1.25  0.0 0.0
2015-07-08-17 06 27.322	  31.027191469999998 121.43959319 1.25  0.0 0.0
2015-07-08-17 06 27.426	  31.027191469999998 121.43959319 1.25  0.0 0.0
2015-07-08-17 06 27.590	  31.027191469999998 121.43959319 1.25  0.0 0.0
2015-07-08-17 06 27.694	  31.027191469999998 121.43959319 1.25  0.0 0.0
2015-07-08-17 06 27.811	  31.027191469999998 121.43959319 1.25  0.0 0.0
2015-07-08-17 06 27.913	  31.027191469999998 121.43959319 1.25  0.0 0.0
2015-07-08-17 06 28.017	  31.027191469999998 121.43959319 1.25  0.0 0.0
2015-07-08-17 06 28.120	  31.027191469999998 121.43959319 1.25  0.0 0.0
2015-07-08-17 06 28.238	  31.027191469999998 121.43959319 1.25  0.0 0.0
2015-07-08-17 06 28.340	  31.027191469999998 121.43959319 1.25  0.0 0.0
2015-07-08-17 06 28.446	  31.027191469999998 121.43959319 1.25  0.0 0.0
2015-07-08-17 06 28.555	  31.027191469999998 121.43959319 1.25  0.0 0.0
2015-07-08-17 06 28.671	  31.027191469999998 121.43959319 1.25  0.0 0.0
2015-07-08-17 06 28.775	  31.02717346 121.43959911 1.25  0.0 0.0
2015-07-08-17 06 28.880	  31.02717346 121.43959911 1.25  0.0 0.0
2015-07-08-17 06 28.981	  31.02717346 121.43959911 1.25  0.0 0.0
2015-07-08-17 06 29.098	  31.02717346 121.43959911 1.25  0.0 0.0
2015-07-08-17 06 29.204	  31.02717346 121.43959911 1.25  0.0 0.0
2015-07-08-17 06 29.383	  31.02717346 121.43959911 1.25  0.0 0.0
2015-07-08-17 06 29.485	  31.02717346 121.43959911 1.25  0.0 0.0
2015-07-08-17 06 29.602	  31.02717346 121.43959911 1.25  0.0 0.0
2015-07-08-17 06 29.705	  31.02717346 121.43959911 1.25  0.0 0.0
2015-07-08-17 06 29.831	  31.02717346 121.43959911 1.25  0.0 0.0
2015-07-08-17 06 29.933	  31.02717346 121.43959911 1.25  0.0 0.0
2015-07-08-17 06 30.088	  31.02717346 121.43959911 1.25  0.0 0.0
2015-07-08-17 06 30.192	  31.02717346 121.43959911 1.25  0.0 0.0
2015-07-08-17 06 30.352	  31.02717346 121.43959911 1.25  0.0 0.0
2015-07-08-17 06 30.462	  31.02717346 121.43959911 1.25  0.0 0.0
2015-07-08-17 06 30.566	  31.02717346 121.43959911 1.25  0.0 0.0
2015-07-08-17 06 30.681	  31.02715463 121.43960589 1.25  0.0 0.0
2015-07-08-17 06 30.792	  31.02715463 121.43960589 1.25  0.0 0.0
2015-07-08-17 06 30.895	  31.02715463 121.43960589 1.25  0.0 0.0
2015-07-08-17 06 31.008	  31.02715463 121.43960589 1.25  0.0 0.0
2015-07-08-17 06 31.110	  31.02715463 121.43960589 1.25  0.0 0.0
2015-07-08-17 06 31.250	  31.02715463 121.43960589 1.25  0.0 0.0
2015-07-08-17 06 31.355	  31.02715463 121.43960589 1.25  0.0 0.0
2015-07-08-17 06 31.501	  31.02715463 121.43960589 1.25  0.0 0.0
2015-07-08-17 06 31.604	  31.02715463 121.43960589 1.25  0.0 0.0
2015-07-08-17 06 31.758	  31.02715463 121.43960589 1.25  0.0 0.0
2015-07-08-17 06 31.860	  31.02715463 121.43960589 1.25  0.0 0.0
2015-07-08-17 06 31.962	  31.02715463 121.43960589 1.25  0.0 0.0
2015-07-08-17 06 32.068	  31.02715463 121.43960589 1.25  0.0 0.0
2015-07-08-17 06 32.171	  31.02715463 121.43960589 1.25  0.0 0.0
2015-07-08-17 06 32.283	  31.02715463 121.43960589 1.25  0.0 0.0
2015-07-08-17 06 32.384	  31.02715463 121.43960589 1.25  0.0 0.0
2015-07-08-17 06 32.502	  31.02715463 121.43960589 1.25  0.0 0.0
2015-07-08-17 06 32.608	  31.02715463 121.43960589 1.25  0.0 0.0
2015-07-08-17 06 32.763	  31.02713507 121.43961541 1.25  0.0 0.0
2015-07-08-17 06 32.865	  31.02713507 121.43961541 1.25  0.0 0.0
2015-07-08-17 06 32.966	  31.02713507 121.43961541 1.25  0.0 0.0
2015-07-08-17 06 33.103	  31.02713507 121.43961541 1.25  0.0 0.0
2015-07-08-17 06 33.205	  31.02713507 121.43961541 1.25  0.0 0.0
2015-07-08-17 06 33.400	  31.02713507 121.43961541 1.25  0.0 0.0
2015-07-08-17 06 33.501	  31.02713507 121.43961541 1.25  0.0 0.0
2015-07-08-17 06 33.604	  31.02713507 121.43961541 1.25  0.0 0.0
2015-07-08-17 06 33.712	  31.02713507 121.43961541 1.25  0.0 0.0
2015-07-08-17 06 33.813	  31.02713507 121.43961541 1.25  0.0 0.0
2015-07-08-17 06 33.929	  31.02713507 121.43961541 1.25  0.0 0.0
2015-07-08-17 06 34.031	  31.02713507 121.43961541 1.25  0.0 0.0
2015-07-08-17 06 34.137	  31.02713507 121.43961541 1.25  0.0 0.0
2015-07-08-17 06 34.306	  31.02713507 121.43961541 1.25  0.0 0.0
2015-07-08-17 06 34.408	  31.02713507 121.43961541 1.25  0.0 0.0
2015-07-08-17 06 34.565	  31.02713507 121.43961541 1.25  0.0 0.0
2015-07-08-17 06 34.671	  31.02713507 121.43961541 1.25  0.0 0.0
2015-07-08-17 06 34.773	  31.02713507 121.43961541 1.25  0.0 0.0
2015-07-08-17 06 34.879	  31.02713507 121.43961541 1.25  0.0 0.0
2015-07-08-17 06 34.982	  31.02713507 121.43961541 1.25  0.0 0.0
2015-07-08-17 06 35.106	  31.02713507 121.43961541 1.25  0.0 0.0
2015-07-08-17 06 35.219	  31.0271163 121.43962519 1.25  0.0 0.0
2015-07-08-17 06 35.321	  31.0271163 121.43962519 1.25  0.0 0.0
2015-07-08-17 06 35.462	  31.0271163 121.43962519 1.25  0.0 0.0
2015-07-08-17 06 35.568	  31.0271163 121.43962519 1.25  0.0 0.0
2015-07-08-17 06 35.750	  31.0271163 121.43962519 1.25  0.0 0.0
2015-07-08-17 06 35.867	  31.0271163 121.43962519 1.25  0.0 0.0
2015-07-08-17 06 35.986	  31.0271163 121.43962519 1.25  0.0 0.0
2015-07-08-17 06 36.091	  31.0271163 121.43962519 1.25  0.0 0.0
2015-07-08-17 06 36.198	  31.0271163 121.43962519 1.25  0.0 0.0
2015-07-08-17 06 36.351	  31.0271163 121.43962519 1.25  0.0 0.0
2015-07-08-17 06 36.453	  31.0271163 121.43962519 1.25  0.0 0.0
2015-07-08-17 06 36.571	  31.0271163 121.43962519 1.25  0.0 0.0
2015-07-08-17 06 36.681	  31.0271163 121.43962519 1.25  0.0 0.0
2015-07-08-17 06 36.784	  31.0271163 121.43962519 1.25  0.0 0.0
2015-07-08-17 06 36.957	  31.0271163 121.43962519 1.25  0.0 0.0
2015-07-08-17 06 37.065	  31.0271163 121.43962519 1.25  0.0 0.0
2015-07-08-17 06 37.167	  31.02709787 121.4396365 1.25  0.0 0.0
2015-07-08-17 06 37.346	  31.02709787 121.4396365 1.25  0.0 0.0
2015-07-08-17 06 37.451	  31.02709787 121.4396365 1.25  0.0 0.0
2015-07-08-17 06 37.553	  31.02709787 121.4396365 1.25  0.0 0.0
2015-07-08-17 06 37.701	  31.02709787 121.4396365 1.25  0.0 0.0
2015-07-08-17 06 37.802	  31.02709787 121.4396365 1.25  0.0 0.0
2015-07-08-17 06 37.919	  31.02709787 121.4396365 1.25  0.0 0.0
2015-07-08-17 06 38.067	  31.02709787 121.4396365 1.25  0.0 0.0
2015-07-08-17 06 38.177	  31.02709787 121.4396365 1.25  0.0 0.0
2015-07-08-17 06 38.335	  31.02709787 121.4396365 1.25  0.0 0.0
2015-07-08-17 06 38.491	  31.02709787 121.4396365 1.25  0.0 0.0
2015-07-08-17 06 38.595	  31.02709787 121.4396365 1.25  0.0 0.0
2015-07-08-17 06 38.748	  31.02708078 121.43964945 1.25  0.0 0.0
2015-07-08-17 06 38.867	  31.02708078 121.43964945 1.25  0.0 0.0
2015-07-08-17 06 38.968	  31.02708078 121.43964945 1.25  0.0 0.0
2015-07-08-17 06 39.150	  31.02708078 121.43964945 1.25  0.0 0.0
2015-07-08-17 06 39.294	  31.02708078 121.43964945 1.25  0.0 0.0
2015-07-08-17 06 39.398	  31.02708078 121.43964945 1.25  0.0 0.0
2015-07-08-17 06 39.553	  31.02708078 121.43964945 1.25  0.0 0.0
2015-07-08-17 06 39.670	  31.02708078 121.43964945 1.25  0.0 0.0
2015-07-08-17 06 39.773	  31.02708078 121.43964945 1.25  0.0 0.0
2015-07-08-17 06 39.919	  31.02708078 121.43964945 1.25  0.0 0.0
2015-07-08-17 06 40.036	  31.02708078 121.43964945 1.25  0.0 0.0
2015-07-08-17 06 40.138	  31.02708078 121.43964945 1.25  0.0 0.0
2015-07-08-17 06 40.239	  31.02708078 121.43964945 1.25  0.0 0.0
2015-07-08-17 06 40.376	  31.02708078 121.43964945 1.25  0.0 0.0
2015-07-08-17 06 40.481	  31.02708078 121.43964945 1.25  0.0 0.0
2015-07-08-17 06 40.611	  31.02708078 121.43964945 1.25  0.0 0.0
2015-07-08-17 06 40.748	  31.02706091 121.43965828 1.25  0.0 0.0
2015-07-08-17 06 40.852	  31.02706091 121.43965828 1.25  0.0 0.0
2015-07-08-17 06 40.955	  31.02706091 121.43965828 1.25  0.0 0.0
2015-07-08-17 06 41.103	  31.02706091 121.43965828 1.25  0.0 0.0
2015-07-08-17 06 41.249	  31.02706091 121.43965828 1.25  0.0 0.0
2015-07-08-17 06 41.361	  31.02706091 121.43965828 1.25  0.0 0.0
2015-07-08-17 06 41.463	  31.02706091 121.43965828 1.25  0.0 0.0
2015-07-08-17 06 41.606	  31.02706091 121.43965828 1.25  0.0 0.0
2015-07-08-17 06 41.717	  31.02706091 121.43965828 1.25  0.0 0.0
2015-07-08-17 06 41.819	  31.02706091 121.43965828 1.25  0.0 0.0
2015-07-08-17 06 41.950	  31.02706091 121.43965828 1.25  0.0 0.0
2015-07-08-17 06 42.063	  31.02706091 121.43965828 1.25  0.0 0.0
2015-07-08-17 06 42.167	  31.02706091 121.43965828 1.25  0.0 0.0
2015-07-08-17 06 42.356	  31.02706091 121.43965828 1.25  0.0 0.0
2015-07-08-17 06 42.461	  31.02706091 121.43965828 1.25  0.0 0.0
2015-07-08-17 06 42.564	  31.02706091 121.43965828 1.25  0.0 0.0
2015-07-08-17 06 42.686	  31.02706091 121.43965828 1.25  0.0 0.0
2015-07-08-17 06 42.799	  31.02706091 121.43965828 1.25  0.0 0.0
2015-07-08-17 06 42.901	  31.02704187 121.43966762 1.25  0.0 0.0
2015-07-08-17 06 43.045	  31.02704187 121.43966762 1.25  0.0 0.0
2015-07-08-17 06 43.151	  31.02704187 121.43966762 1.25  0.0 0.0
2015-07-08-17 06 43.254	  31.02704187 121.43966762 1.25  0.0 0.0
2015-07-08-17 06 43.399	  31.02704187 121.43966762 1.25  0.0 0.0
2015-07-08-17 06 43.502	  31.02704187 121.43966762 1.25  0.0 0.0
2015-07-08-17 06 43.640	  31.02704187 121.43966762 1.25  0.0 0.0
2015-07-08-17 06 43.782	  31.02704187 121.43966762 1.25  0.0 0.0
2015-07-08-17 06 43.886	  31.02704187 121.43966762 1.25  0.0 0.0
2015-07-08-17 06 43.989	  31.02704187 121.43966762 1.25  0.0 0.0
2015-07-08-17 06 44.132	  31.02704187 121.43966762 1.25  0.0 0.0
2015-07-08-17 06 44.239	  31.02704187 121.43966762 1.25  0.0 0.0
2015-07-08-17 06 44.344	  31.02704187 121.43966762 1.25  0.0 0.0
2015-07-08-17 06 44.500	  31.02704187 121.43966762 1.25  0.0 0.0
2015-07-08-17 06 44.610	  31.02704187 121.43966762 1.25  0.0 0.0
2015-07-08-17 06 44.715	  31.02702354 121.43967049 1.25  0.0 0.0
2015-07-08-17 06 44.903	  31.02702354 121.43967049 1.25  0.0 0.0
2015-07-08-17 06 45.008	  31.02702354 121.43967049 1.25  0.0 0.0
2015-07-08-17 06 45.112	  31.02702354 121.43967049 1.25  0.0 0.0
2015-07-08-17 06 45.290	  31.02702354 121.43967049 1.25  0.0 0.0
2015-07-08-17 06 45.394	  31.02702354 121.43967049 1.25  0.0 0.0
2015-07-08-17 06 45.548	  31.02702354 121.43967049 1.25  0.0 0.0
2015-07-08-17 06 45.718	  31.02702354 121.43967049 1.25  0.0 0.0
2015-07-08-17 06 45.819	  31.02702354 121.43967049 1.25  0.0 0.0
2015-07-08-17 06 45.921	  31.02702354 121.43967049 1.25  0.0 0.0
2015-07-08-17 06 46.070	  31.02702354 121.43967049 1.25  0.0 0.0
2015-07-08-17 06 46.181	  31.02702354 121.43967049 1.25  0.0 0.0
2015-07-08-17 06 46.334	  31.02702354 121.43967049 1.25  0.0 0.0
2015-07-08-17 06 46.436	  31.02702354 121.43967049 1.25  0.0 0.0
2015-07-08-17 06 46.539	  31.02702354 121.43967049 1.25  0.0 0.0
2015-07-08-17 06 46.706	  31.02700469 121.43967478 1.25  0.0 0.0
2015-07-08-17 06 46.809	  31.02700469 121.43967478 1.25  0.0 0.0
2015-07-08-17 06 46.959	  31.02700469 121.43967478 1.25  0.0 0.0
2015-07-08-17 06 47.123	  31.02700469 121.43967478 1.25  0.0 0.0
2015-07-08-17 06 47.253	  31.02700469 121.43967478 1.25  0.0 0.0
2015-07-08-17 06 47.364	  31.02700469 121.43967478 1.25  0.0 0.0
2015-07-08-17 06 47.469	  31.02700469 121.43967478 1.25  0.0 0.0
2015-07-08-17 06 47.659	  31.02700469 121.43967478 1.25  0.0 0.0
2015-07-08-17 06 47.763	  31.02700469 121.43967478 1.25  0.0 0.0
2015-07-08-17 06 47.892	  31.02700469 121.43967478 1.25  0.0 0.0
2015-07-08-17 06 48.053	  31.02700469 121.43967478 1.25  0.0 0.0
2015-07-08-17 06 48.186	  31.02700469 121.43967478 1.25  0.0 0.0
2015-07-08-17 06 48.320	  31.02700469 121.43967478 1.25  0.0 0.0
2015-07-08-17 06 48.461	  31.02700469 121.43967478 1.25  0.0 0.0
2015-07-08-17 06 48.569	  31.02700469 121.43967478 1.25  0.0 0.0
2015-07-08-17 06 48.673	  31.02698544 121.43967745 1.25  0.0 0.0
2015-07-08-17 06 48.864	  31.02698544 121.43967745 1.25  0.0 0.0
2015-07-08-17 06 48.980	  31.02698544 121.43967745 1.25  0.0 0.0
2015-07-08-17 06 49.095	  31.02698544 121.43967745 1.25  0.0 0.0
2015-07-08-17 06 49.249	  31.02698544 121.43967745 1.25  0.0 0.0
2015-07-08-17 06 49.385	  31.02698544 121.43967745 1.25  0.0 0.0
2015-07-08-17 06 49.557	  31.02698544 121.43967745 1.25  0.0 0.0
2015-07-08-17 06 49.707	  31.02698544 121.43967745 1.25  0.0 0.0
2015-07-08-17 06 49.809	  31.02698544 121.43967745 1.25  0.0 0.0
2015-07-08-17 06 49.912	  31.02698544 121.43967745 1.25  0.0 0.0
2015-07-08-17 06 50.096	  31.02698544 121.43967745 1.25  0.0 0.0
2015-07-08-17 06 50.215	  31.02698544 121.43967745 1.25  0.0 0.0
2015-07-08-17 06 50.318	  31.02698544 121.43967745 1.25  0.0 0.0
2015-07-08-17 06 50.432	  31.02698544 121.43967745 1.25  0.0 0.0
2015-07-08-17 06 50.606	  31.02698544 121.43967745 1.25  0.0 0.0
2015-07-08-17 06 50.723	  31.02698544 121.43967745 1.25  0.0 0.0
2015-07-08-17 06 50.835	  31.02696561 121.43968039 1.25  0.0 0.0
2015-07-08-17 06 50.937	  31.02696561 121.43968039 1.25  0.0 0.0
2015-07-08-17 06 51.083	  31.02696561 121.43968039 1.25  0.0 0.0
2015-07-08-17 06 51.204	  31.02696561 121.43968039 1.25  0.0 0.0
2015-07-08-17 06 51.345	  31.02696561 121.43968039 1.25  0.0 0.0
2015-07-08-17 06 51.483	  31.02696561 121.43968039 1.25  0.0 0.0
2015-07-08-17 06 51.598	  31.02696561 121.43968039 1.25  0.0 0.0
2015-07-08-17 06 51.713	  31.02696561 121.43968039 1.25  0.0 0.0
2015-07-08-17 06 51.852	  31.02696561 121.43968039 1.25  0.0 0.0
2015-07-08-17 06 52.011	  31.02696561 121.43968039 1.25  0.0 0.0
2015-07-08-17 06 52.157	  31.02696561 121.43968039 1.25  0.0 0.0
2015-07-08-17 06 52.306	  31.02696561 121.43968039 1.25  0.0 0.0
2015-07-08-17 06 52.466	  31.02696561 121.43968039 1.25  0.0 0.0
2015-07-08-17 06 52.585	  31.02696561 121.43968039 1.25  0.0 0.0
2015-07-08-17 06 52.700	  31.02696561 121.43968039 1.25  0.0 0.0
2015-07-08-17 06 52.864	  31.02694523 121.4396897 1.25  0.0 0.0
2015-07-08-17 06 52.988	  31.02694523 121.4396897 1.25  0.0 0.0
2015-07-08-17 06 53.149	  31.02694523 121.4396897 1.25  0.0 0.0
2015-07-08-17 06 53.266	  31.02694523 121.4396897 1.25  0.0 0.0
2015-07-08-17 06 53.385	  31.02694523 121.4396897 1.25  0.0 0.0
2015-07-08-17 06 53.503	  31.02694523 121.4396897 1.25  0.0 0.0
2015-07-08-17 06 53.637	  31.02694523 121.4396897 1.25  0.0 0.0
2015-07-08-17 06 53.803	  31.02694523 121.4396897 1.25  0.0 0.0
2015-07-08-17 06 53.942	  31.02694523 121.4396897 1.25  0.0 0.0
2015-07-08-17 06 54.057	  31.02694523 121.4396897 1.25  0.0 0.0
2015-07-08-17 06 54.192	  31.02694523 121.4396897 1.25  0.0 0.0
2015-07-08-17 06 54.343	  31.02694523 121.4396897 1.25  0.0 0.0
2015-07-08-17 06 54.486	  31.02694523 121.4396897 1.25  0.0 0.0
2015-07-08-17 06 54.600	  31.02694523 121.4396897 1.25  0.0 0.0
2015-07-08-17 06 54.741	  31.02692447 121.43970036 1.25  0.0 0.0
2015-07-08-17 06 54.858	  31.02692447 121.43970036 1.25  0.0 0.0
2015-07-08-17 06 55.004	  31.02692447 121.43970036 1.25  0.0 0.0
2015-07-08-17 06 55.135	  31.02692447 121.43970036 1.25  0.0 0.0
2015-07-08-17 06 55.303	  31.02692447 121.43970036 1.25  0.0 0.0
2015-07-08-17 06 55.432	  31.02692447 121.43970036 1.25  0.0 0.0
2015-07-08-17 06 55.600	  31.02692447 121.43970036 1.25  0.0 0.0
2015-07-08-17 06 55.742	  31.02692447 121.43970036 1.25  0.0 0.0
2015-07-08-17 06 55.903	  31.02692447 121.43970036 1.25  0.0 0.0
2015-07-08-17 06 56.050	  31.02692447 121.43970036 1.25  0.0 0.0
2015-07-08-17 06 56.192	  31.02692447 121.43970036 1.25  0.0 0.0
2015-07-08-17 06 56.354	  31.02692447 121.43970036 1.25  0.0 0.0
2015-07-08-17 06 56.495	  31.02692447 121.43970036 1.25  0.0 0.0
2015-07-08-17 06 56.634	  31.02692447 121.43970036 1.25  0.0 0.0
2015-07-08-17 06 56.758	  31.02690273 121.43972388 1.25  0.0 0.0
2015-07-08-17 06 56.874	  31.02690273 121.43972388 1.25  0.0 0.0
2015-07-08-17 06 57.016	  31.02690273 121.43972388 1.25  0.0 0.0
2015-07-08-17 06 57.174	  31.02690273 121.43972388 1.25  0.0 0.0
2015-07-08-17 06 57.291	  31.02690273 121.43972388 1.25  0.0 0.0
2015-07-08-17 06 57.449	  31.02690273 121.43972388 1.25  0.0 0.0
2015-07-08-17 06 57.587	  31.02690273 121.43972388 1.25  0.0 0.0
2015-07-08-17 06 57.728	  31.02690273 121.43972388 1.25  0.0 0.0
2015-07-08-17 06 57.869	  31.02690273 121.43972388 1.25  0.0 0.0
2015-07-08-17 06 58.011	  31.02690273 121.43972388 1.25  0.0 0.0
2015-07-08-17 06 58.190	  31.02690273 121.43972388 1.25  0.0 0.0
2015-07-08-17 06 58.315	  31.02690273 121.43972388 1.25  0.0 0.0
2015-07-08-17 06 58.432	  31.02690273 121.43972388 1.25  0.0 0.0
2015-07-08-17 06 58.555	  31.02690273 121.43972388 1.25  0.0 0.0
2015-07-08-17 06 58.706	  31.02690273 121.43972388 1.25  0.0 0.0
2015-07-08-17 06 58.849	  31.02687895 121.4397419 1.25  0.0 0.0
2015-07-08-17 06 58.984	  31.02687895 121.4397419 1.25  0.0 0.0
2015-07-08-17 06 59.102	  31.02687895 121.4397419 1.25  0.0 0.0
2015-07-08-17 06 59.252	  31.02687895 121.4397419 1.25  0.0 0.0
2015-07-08-17 06 59.397	  31.02687895 121.4397419 1.25  0.0 0.0
2015-07-08-17 06 59.537	  31.02687895 121.4397419 1.25  0.0 0.0
2015-07-08-17 06 59.699	  31.02687895 121.4397419 1.25  0.0 0.0
2015-07-08-17 06 59.840	  31.02687895 121.4397419 1.25  0.0 0.0
2015-07-08-17 06 59.970	  31.02687895 121.4397419 1.25  0.0 0.0
2015-07-08-17 07 00.086	  31.02687895 121.4397419 1.25  0.0 0.0
2015-07-08-17 07 00.229	  31.02687895 121.4397419 1.25  0.0 0.0
2015-07-08-17 07 00.383	  31.02687895 121.4397419 1.25  0.0 0.0
2015-07-08-17 07 00.542	  31.02687895 121.4397419 1.25  0.0 0.0
2015-07-08-17 07 00.683	  31.02687895 121.4397419 1.25  0.0 0.0
2015-07-08-17 07 00.826	  31.02685565 121.43975546 1.25  0.0 0.0
2015-07-08-17 07 00.966	  31.02685565 121.43975546 1.25  0.0 0.0
2015-07-08-17 07 01.084	  31.02685565 121.43975546 1.25  0.0 0.0
2015-07-08-17 07 01.240	  31.02685565 121.43975546 1.25  0.0 0.0
2015-07-08-17 07 01.359	  31.02685565 121.43975546 1.25  0.0 0.0
