2015-07-08-17 02 03.658	  0.0 0.0 0.0  0.0 0.0
2015-07-08-17 02 03.760	  0.0 0.0 0.0  0.0 0.0
2015-07-08-17 02 03.861	  0.0 0.0 0.0  0.0 0.0
2015-07-08-17 02 03.966	  0.0 0.0 0.0  0.0 0.0
2015-07-08-17 02 04.068	  0.0 0.0 0.0  0.0 0.0
2015-07-08-17 02 04.170	  0.0 0.0 0.0  0.0 0.0
2015-07-08-17 02 04.272	  0.0 0.0 0.0  0.0 0.0
2015-07-08-17 02 04.374	  0.0 0.0 0.0  0.0 0.0
2015-07-08-17 02 04.475	  0.0 0.0 0.0  0.0 0.0
2015-07-08-17 02 04.577	  0.0 0.0 0.0  0.0 0.0
2015-07-08-17 02 04.679	  0.0 0.0 0.0  0.0 0.0
2015-07-08-17 02 04.781	  0.0 0.0 0.0  0.0 0.0
2015-07-08-17 02 04.883	  0.0 0.0 0.0  0.0 0.0
2015-07-08-17 02 04.984	  0.0 0.0 0.0  0.0 0.0
2015-07-08-17 02 05.087	  0.0 0.0 0.0  0.0 0.0
2015-07-08-17 02 05.189	  0.0 0.0 0.0  0.0 0.0
2015-07-08-17 02 05.290	  0.0 0.0 0.0  0.0 0.0
2015-07-08-17 02 05.392	  0.0 0.0 0.0  0.0 0.0
2015-07-08-17 02 05.494	  0.0 0.0 0.0  0.0 0.0
2015-07-08-17 02 05.596	  31.0268175 121.43974717 1.25  0.0 0.0
2015-07-08-17 02 05.698	  31.0268175 121.43974717 1.25  0.0 0.0
2015-07-08-17 02 05.800	  31.0268175 121.43974717 1.25  0.0 0.0
2015-07-08-17 02 05.901	  31.0268175 121.43974717 1.25  0.0 0.0
2015-07-08-17 02 06.006	  31.0268175 121.43974717 1.25  0.0 0.0
2015-07-08-17 02 06.109	  31.0268175 121.43974717 1.25  0.0 0.0
2015-07-08-17 02 06.211	  31.0268175 121.43974717 1.25  0.0 0.0
2015-07-08-17 02 06.316	  31.0268175 121.43974717 1.25  0.0 0.0
2015-07-08-17 02 06.418	  31.0268175 121.43974717 1.25  0.0 0.0
2015-07-08-17 02 06.520	  31.0268175 121.43974717 1.25  0.0 0.0
2015-07-08-17 02 06.621	  31.02683571 121.4397301 1.25  0.0 0.0
2015-07-08-17 02 06.732	  31.02683571 121.4397301 1.25  0.0 0.0
2015-07-08-17 02 06.835	  31.02683571 121.4397301 1.25  0.0 0.0
2015-07-08-17 02 06.943	  31.02683571 121.4397301 1.25  0.0 0.0
2015-07-08-17 02 07.047	  31.02683571 121.4397301 1.25  0.0 0.0
2015-07-08-17 02 07.149	  31.02683571 121.4397301 1.25  0.0 0.0
2015-07-08-17 02 07.250	  31.02683571 121.4397301 1.25  0.0 0.0
2015-07-08-17 02 07.353	  31.02683571 121.4397301 1.25  0.0 0.0
2015-07-08-17 02 07.461	  31.02683571 121.4397301 1.25  0.0 0.0
2015-07-08-17 02 07.565	  31.02683571 121.4397301 1.25  0.0 0.0
2015-07-08-17 02 07.686	  31.02683571 121.4397301 1.25  0.0 0.0
2015-07-08-17 02 07.787	  31.02683571 121.4397301 1.25  0.0 0.0
2015-07-08-17 02 07.888	  31.02683571 121.4397301 1.25  0.0 0.0
2015-07-08-17 02 07.990	  31.02683571 121.4397301 1.25  0.0 0.0
2015-07-08-17 02 08.096	  31.02683571 121.4397301 1.25  0.0 0.0
2015-07-08-17 02 08.201	  31.02685751 121.43972238 1.25  0.0 0.0
2015-07-08-17 02 08.314	  31.02685751 121.43972238 1.25  0.0 0.0
2015-07-08-17 02 08.418	  31.02685751 121.43972238 1.25  0.0 0.0
2015-07-08-17 02 08.520	  31.02685751 121.43972238 1.25  0.0 0.0
2015-07-08-17 02 08.628	  31.02685751 121.43972238 1.25  0.0 0.0
2015-07-08-17 02 08.730	  31.02685751 121.43972238 1.25  0.0 0.0
2015-07-08-17 02 08.834	  31.02685751 121.43972238 1.25  0.0 0.0
2015-07-08-17 02 08.937	  31.02685751 121.43972238 1.25  0.0 0.0
2015-07-08-17 02 09.043	  31.02685751 121.43972238 1.25  0.0 0.0
2015-07-08-17 02 09.147	  31.02685751 121.43972238 1.25  0.0 0.0
2015-07-08-17 02 09.251	  31.02685751 121.43972238 1.25  0.0 0.0
2015-07-08-17 02 09.357	  31.02685751 121.43972238 1.25  0.0 0.0
2015-07-08-17 02 09.462	  31.02685751 121.43972238 1.25  0.0 0.0
2015-07-08-17 02 09.566	  31.02685751 121.43972238 1.25  0.0 0.0
2015-07-08-17 02 09.674	  31.02685751 121.43972238 1.25  0.0 0.0
2015-07-08-17 02 09.784	  31.02689029 121.43970698 1.25  0.0 0.0
2015-07-08-17 02 09.885	  31.02689029 121.43970698 1.25  0.0 0.0
2015-07-08-17 02 09.987	  31.02689029 121.43970698 1.25  0.0 0.0
2015-07-08-17 02 10.089	  31.02689029 121.43970698 1.25  0.0 0.0
2015-07-08-17 02 10.193	  31.02689029 121.43970698 1.25  0.0 0.0
2015-07-08-17 02 10.299	  31.02689029 121.43970698 1.25  0.0 0.0
2015-07-08-17 02 10.403	  31.02689029 121.43970698 1.25  0.0 0.0
2015-07-08-17 02 10.506	  31.02689029 121.43970698 1.25  0.0 0.0
2015-07-08-17 02 10.607	  31.02689029 121.43970698 1.25  0.0 0.0
2015-07-08-17 02 10.708	  31.02689029 121.43970698 1.25  0.0 0.0
2015-07-08-17 02 10.816	  31.02689029 121.43970698 1.25  0.0 0.0
2015-07-08-17 02 10.918	  31.02689029 121.43970698 1.25  0.0 0.0
2015-07-08-17 02 11.019	  31.02689029 121.43970698 1.25  0.0 0.0
2015-07-08-17 02 11.121	  31.02689029 121.43970698 1.25  0.0 0.0
2015-07-08-17 02 11.227	  31.02689029 121.43970698 1.25  0.0 0.0
2015-07-08-17 02 11.331	  31.02689029 121.43970698 1.25  0.0 0.0
2015-07-08-17 02 11.436	  31.02689029 121.43970698 1.25  0.0 0.0
2015-07-08-17 02 11.543	  31.02689029 121.43970698 1.25  0.0 0.0
2015-07-08-17 02 11.651	  31.02689029 121.43970698 1.25  0.0 0.0
2015-07-08-17 02 11.753	  31.02691822 121.43969375 1.25  0.0 0.0
2015-07-08-17 02 11.856	  31.02691822 121.43969375 1.25  0.0 0.0
2015-07-08-17 02 11.958	  31.02691822 121.43969375 1.25  0.0 0.0
2015-07-08-17 02 12.064	  31.02691822 121.43969375 1.25  0.0 0.0
2015-07-08-17 02 12.169	  31.02691822 121.43969375 1.25  0.0 0.0
2015-07-08-17 02 12.284	  31.02691822 121.43969375 1.25  0.0 0.0
2015-07-08-17 02 12.385	  31.02691822 121.43969375 1.25  0.0 0.0
2015-07-08-17 02 12.486	  31.02691822 121.43969375 1.25  0.0 0.0
2015-07-08-17 02 12.588	  31.02691822 121.43969375 1.25  0.0 0.0
2015-07-08-17 02 12.691	  31.02691822 121.43969375 1.25  0.0 0.0
2015-07-08-17 02 12.800	  31.02691822 121.43969375 1.25  0.0 0.0
2015-07-08-17 02 12.905	  31.02691822 121.43969375 1.25  0.0 0.0
2015-07-08-17 02 13.006	  31.02691822 121.43969375 1.25  0.0 0.0
2015-07-08-17 02 13.107	  31.02691822 121.43969375 1.25  0.0 0.0
2015-07-08-17 02 13.209	  31.02691822 121.43969375 1.25  0.0 0.0
2015-07-08-17 02 13.311	  31.02691822 121.43969375 1.25  0.0 0.0
2015-07-08-17 02 13.413	  31.02691822 121.43969375 1.25  0.0 0.0
2015-07-08-17 02 13.518	  31.02691822 121.43969375 1.25  0.0 0.0
2015-07-08-17 02 13.619	  31.02694062 121.43968199 1.25  0.0 0.0
2015-07-08-17 02 13.726	  31.02694062 121.43968199 1.25  0.0 0.0
2015-07-08-17 02 13.831	  31.02694062 121.43968199 1.25  0.0 0.0
2015-07-08-17 02 13.933	  31.02694062 121.43968199 1.25  0.0 0.0
2015-07-08-17 02 14.043	  31.02694062 121.43968199 1.25  0.0 0.0
2015-07-08-17 02 14.149	  31.02694062 121.43968199 1.25  0.0 0.0
2015-07-08-17 02 14.252	  31.02694062 121.43968199 1.25  0.0 0.0
2015-07-08-17 02 14.355	  31.02694062 121.43968199 1.25  0.0 0.0
2015-07-08-17 02 14.466	  31.02694062 121.43968199 1.25  0.0 0.0
2015-07-08-17 02 14.568	  31.02694062 121.43968199 1.25  0.0 0.0
2015-07-08-17 02 14.671	  31.02694062 121.43968199 1.25  0.0 0.0
2015-07-08-17 02 14.777	  31.02694062 121.43968199 1.25  0.0 0.0
2015-07-08-17 02 14.879	  31.02694062 121.43968199 1.25  0.0 0.0
2015-07-08-17 02 14.981	  31.02694062 121.43968199 1.25  0.0 0.0
2015-07-08-17 02 15.084	  31.02694062 121.43968199 1.25  0.0 0.0
2015-07-08-17 02 15.187	  31.02694062 121.43968199 1.25  0.0 0.0
2015-07-08-17 02 15.289	  31.02694062 121.43968199 1.25  0.0 0.0
2015-07-08-17 02 15.392	  31.02694062 121.43968199 1.25  0.0 0.0
2015-07-08-17 02 15.499	  31.02694062 121.43968199 1.25  0.0 0.0
2015-07-08-17 02 15.600	  31.02694062 121.43968199 1.25  0.0 0.0
2015-07-08-17 02 15.702	  31.02696497 121.43967224 1.25  0.0 0.0
2015-07-08-17 02 15.806	  31.02696497 121.43967224 1.25  0.0 0.0
2015-07-08-17 02 15.909	  31.02696497 121.43967224 1.25  0.0 0.0
2015-07-08-17 02 16.018	  31.02696497 121.43967224 1.25  0.0 0.0
2015-07-08-17 02 16.121	  31.02696497 121.43967224 1.25  0.0 0.0
2015-07-08-17 02 16.222	  31.02696497 121.43967224 1.25  0.0 0.0
2015-07-08-17 02 16.330	  31.02696497 121.43967224 1.25  0.0 0.0
2015-07-08-17 02 16.436	  31.02696497 121.43967224 1.25  0.0 0.0
2015-07-08-17 02 16.547	  31.02696497 121.43967224 1.25  0.0 0.0
2015-07-08-17 02 16.649	  31.02696497 121.43967224 1.25  0.0 0.0
2015-07-08-17 02 16.752	  31.02696497 121.43967224 1.25  0.0 0.0
2015-07-08-17 02 16.856	  31.02696497 121.43967224 1.25  0.0 0.0
2015-07-08-17 02 16.964	  31.02696497 121.43967224 1.25  0.0 0.0
2015-07-08-17 02 17.079	  31.02696497 121.43967224 1.25  0.0 0.0
2015-07-08-17 02 17.183	  31.02696497 121.43967224 1.25  0.0 0.0
2015-07-08-17 02 17.286	  31.02696497 121.43967224 1.25  0.0 0.0
2015-07-08-17 02 17.389	  31.02696497 121.43967224 1.25  0.0 0.0
2015-07-08-17 02 17.492	  31.02696497 121.43967224 1.25  0.0 0.0
2015-07-08-17 02 17.599	  31.02696497 121.43967224 1.25  0.0 0.0
2015-07-08-17 02 17.700	  31.02696497 121.43967224 1.25  0.0 0.0
2015-07-08-17 02 17.804	  31.02698739 121.43966276 1.25  0.0 0.0
2015-07-08-17 02 17.908	  31.02698739 121.43966276 1.25  0.0 0.0
2015-07-08-17 02 18.011	  31.02698739 121.43966276 1.25  0.0 0.0
2015-07-08-17 02 18.113	  31.02698739 121.43966276 1.25  0.0 0.0
2015-07-08-17 02 18.216	  31.02698739 121.43966276 1.25  0.0 0.0
2015-07-08-17 02 18.318	  31.02698739 121.43966276 1.25  0.0 0.0
2015-07-08-17 02 18.423	  31.02698739 121.43966276 1.25  0.0 0.0
2015-07-08-17 02 18.524	  31.02698739 121.43966276 1.25  0.0 0.0
2015-07-08-17 02 18.625	  31.02698739 121.43966276 1.25  0.0 0.0
2015-07-08-17 02 18.726	  31.02698739 121.43966276 1.25  0.0 0.0
2015-07-08-17 02 18.829	  31.02698739 121.43966276 1.25  0.0 0.0
2015-07-08-17 02 18.931	  31.02698739 121.43966276 1.25  0.0 0.0
2015-07-08-17 02 19.043	  31.02698739 121.43966276 1.25  0.0 0.0
2015-07-08-17 02 19.152	  31.02698739 121.43966276 1.25  0.0 0.0
2015-07-08-17 02 19.253	  31.02698739 121.43966276 1.25  0.0 0.0
2015-07-08-17 02 19.356	  31.02698739 121.43966276 1.25  0.0 0.0
2015-07-08-17 02 19.460	  31.02698739 121.43966276 1.25  0.0 0.0
2015-07-08-17 02 19.634	  31.02698739 121.43966276 1.25  0.0 0.0
2015-07-08-17 02 19.737	  31.02700953 121.43965513 1.25  0.0 0.0
2015-07-08-17 02 19.849	  31.02700953 121.43965513 1.25  0.0 0.0
2015-07-08-17 02 19.951	  31.02700953 121.43965513 1.25  0.0 0.0
2015-07-08-17 02 20.055	  31.02700953 121.43965513 1.25  0.0 0.0
2015-07-08-17 02 20.158	  31.02700953 121.43965513 1.25  0.0 0.0
2015-07-08-17 02 20.262	  31.02700953 121.43965513 1.25  0.0 0.0
2015-07-08-17 02 20.373	  31.02700953 121.43965513 1.25  0.0 0.0
2015-07-08-17 02 20.486	  31.02700953 121.43965513 1.25  0.0 0.0
2015-07-08-17 02 20.589	  31.02700953 121.43965513 1.25  0.0 0.0
2015-07-08-17 02 20.690	  31.02700953 121.43965513 1.25  0.0 0.0
2015-07-08-17 02 20.793	  31.02700953 121.43965513 1.25  0.0 0.0
2015-07-08-17 02 20.903	  31.02700953 121.43965513 1.25  0.0 0.0
2015-07-08-17 02 21.005	  31.02700953 121.43965513 1.25  0.0 0.0
2015-07-08-17 02 21.107	  31.02700953 121.43965513 1.25  0.0 0.0
2015-07-08-17 02 21.209	  31.02700953 121.43965513 1.25  0.0 0.0
2015-07-08-17 02 21.318	  31.02700953 121.43965513 1.25  0.0 0.0
2015-07-08-17 02 21.420	  31.02700953 121.43965513 1.25  0.0 0.0
2015-07-08-17 02 21.521	  31.02700953 121.43965513 1.25  0.0 0.0
2015-07-08-17 02 21.624	  31.02703355 121.43964943 1.25  0.0 0.0
2015-07-08-17 02 21.743	  31.02703355 121.43964943 1.25  0.0 0.0
2015-07-08-17 02 21.844	  31.02703355 121.43964943 1.25  0.0 0.0
2015-07-08-17 02 21.946	  31.02703355 121.43964943 1.25  0.0 0.0
2015-07-08-17 02 22.050	  31.02703355 121.43964943 1.25  0.0 0.0
2015-07-08-17 02 22.160	  31.02703355 121.43964943 1.25  0.0 0.0
2015-07-08-17 02 22.262	  31.02703355 121.43964943 1.25  0.0 0.0
2015-07-08-17 02 22.363	  31.02703355 121.43964943 1.25  0.0 0.0
2015-07-08-17 02 22.465	  31.02703355 121.43964943 1.25  0.0 0.0
2015-07-08-17 02 22.575	  31.02703355 121.43964943 1.25  0.0 0.0
2015-07-08-17 02 22.678	  31.02703355 121.43964943 1.25  0.0 0.0
2015-07-08-17 02 22.783	  31.02703355 121.43964943 1.25  0.0 0.0
2015-07-08-17 02 22.888	  31.02703355 121.43964943 1.25  0.0 0.0
2015-07-08-17 02 22.996	  31.02703355 121.43964943 1.25  0.0 0.0
2015-07-08-17 02 23.098	  31.02703355 121.43964943 1.25  0.0 0.0
2015-07-08-17 02 23.201	  31.02703355 121.43964943 1.25  0.0 0.0
2015-07-08-17 02 23.307	  31.02703355 121.43964943 1.25  0.0 0.0
2015-07-08-17 02 23.424	  31.02703355 121.43964943 1.25  0.0 0.0
2015-07-08-17 02 23.526	  31.02703355 121.43964943 1.25  0.0 0.0
2015-07-08-17 02 23.630	  31.02703355 121.43964943 1.25  0.0 0.0
2015-07-08-17 02 23.742	  31.02705256 121.43963943 1.25  0.0 0.0
2015-07-08-17 02 23.843	  31.02705256 121.43963943 1.25  0.0 0.0
2015-07-08-17 02 23.946	  31.02705256 121.43963943 1.25  0.0 0.0
2015-07-08-17 02 24.050	  31.02705256 121.43963943 1.25  0.0 0.0
2015-07-08-17 02 24.155	  31.02705256 121.43963943 1.25  0.0 0.0
2015-07-08-17 02 24.289	  31.02705256 121.43963943 1.25  0.0 0.0
2015-07-08-17 02 24.390	  31.02705256 121.43963943 1.25  0.0 0.0
2015-07-08-17 02 24.508	  31.02705256 121.43963943 1.25  0.0 0.0
2015-07-08-17 02 24.613	  31.02705256 121.43963943 1.25  0.0 0.0
2015-07-08-17 02 24.717	  31.02705256 121.43963943 1.25  0.0 0.0
2015-07-08-17 02 24.836	  31.02705256 121.43963943 1.25  0.0 0.0
2015-07-08-17 02 24.938	  31.02705256 121.43963943 1.25  0.0 0.0
2015-07-08-17 02 25.040	  31.02705256 121.43963943 1.25  0.0 0.0
2015-07-08-17 02 25.149	  31.02705256 121.43963943 1.25  0.0 0.0
2015-07-08-17 02 25.256	  31.02705256 121.43963943 1.25  0.0 0.0
2015-07-08-17 02 25.358	  31.02705256 121.43963943 1.25  0.0 0.0
2015-07-08-17 02 25.461	  31.02705256 121.43963943 1.25  0.0 0.0
2015-07-08-17 02 25.566	  31.02705256 121.43963943 1.25  0.0 0.0
2015-07-08-17 02 25.667	  31.02705256 121.43963943 1.25  0.0 0.0
2015-07-08-17 02 25.770	  31.02705256 121.43963943 1.25  0.0 0.0
2015-07-08-17 02 25.872	  31.02707401 121.43963005 1.25  0.0 0.0
2015-07-08-17 02 25.977	  31.02707401 121.43963005 1.25  0.0 0.0
2015-07-08-17 02 26.081	  31.02707401 121.43963005 1.25  0.0 0.0
2015-07-08-17 02 26.185	  31.02707401 121.43963005 1.25  0.0 0.0
2015-07-08-17 02 26.302	  31.02707401 121.43963005 1.25  0.0 0.0
2015-07-08-17 02 26.404	  31.02707401 121.43963005 1.25  0.0 0.0
2015-07-08-17 02 26.506	  31.02707401 121.43963005 1.25  0.0 0.0
2015-07-08-17 02 26.608	  31.02707401 121.43963005 1.25  0.0 0.0
2015-07-08-17 02 26.712	  31.02707401 121.43963005 1.25  0.0 0.0
2015-07-08-17 02 26.817	  31.02707401 121.43963005 1.25  0.0 0.0
2015-07-08-17 02 26.919	  31.02707401 121.43963005 1.25  0.0 0.0
2015-07-08-17 02 27.021	  31.02707401 121.43963005 1.25  0.0 0.0
2015-07-08-17 02 27.124	  31.02707401 121.43963005 1.25  0.0 0.0
2015-07-08-17 02 27.230	  31.02707401 121.43963005 1.25  0.0 0.0
2015-07-08-17 02 27.334	  31.02707401 121.43963005 1.25  0.0 0.0
2015-07-08-17 02 27.441	  31.02707401 121.43963005 1.25  0.0 0.0
2015-07-08-17 02 27.553	  31.02707401 121.43963005 1.25  0.0 0.0
2015-07-08-17 02 27.655	  31.02707401 121.43963005 1.25  0.0 0.0
2015-07-08-17 02 27.758	  31.02709558 121.43961899 1.25  0.0 0.0
2015-07-08-17 02 27.859	  31.02709558 121.43961899 1.25  0.0 0.0
2015-07-08-17 02 27.961	  31.02709558 121.43961899 1.25  0.0 0.0
2015-07-08-17 02 28.063	  31.02709558 121.43961899 1.25  0.0 0.0
2015-07-08-17 02 28.166	  31.02709558 121.43961899 1.25  0.0 0.0
2015-07-08-17 02 28.269	  31.02709558 121.43961899 1.25  0.0 0.0
2015-07-08-17 02 28.373	  31.02709558 121.43961899 1.25  0.0 0.0
2015-07-08-17 02 28.489	  31.02709558 121.43961899 1.25  0.0 0.0
2015-07-08-17 02 28.591	  31.02709558 121.43961899 1.25  0.0 0.0
2015-07-08-17 02 28.692	  31.02709558 121.43961899 1.25  0.0 0.0
2015-07-08-17 02 28.828	  31.02709558 121.43961899 1.25  0.0 0.0
2015-07-08-17 02 28.930	  31.02709558 121.43961899 1.25  0.0 0.0
2015-07-08-17 02 29.033	  31.02709558 121.43961899 1.25  0.0 0.0
2015-07-08-17 02 29.171	  31.02709558 121.43961899 1.25  0.0 0.0
2015-07-08-17 02 29.272	  31.02709558 121.43961899 1.25  0.0 0.0
2015-07-08-17 02 29.376	  31.02709558 121.43961899 1.25  0.0 0.0
2015-07-08-17 02 29.500	  31.02709558 121.43961899 1.25  0.0 0.0
2015-07-08-17 02 29.605	  31.02709558 121.43961899 1.25  0.0 0.0
2015-07-08-17 02 29.710	  31.02711688 121.43960976 1.25  0.0 0.0
2015-07-08-17 02 29.812	  31.02711688 121.43960976 1.25  0.0 0.0
2015-07-08-17 02 29.913	  31.02711688 121.43960976 1.25  0.0 0.0
2015-07-08-17 02 30.017	  31.02711688 121.43960976 1.25  0.0 0.0
2015-07-08-17 02 30.119	  31.02711688 121.43960976 1.25  0.0 0.0
2015-07-08-17 02 30.221	  31.02711688 121.43960976 1.25  0.0 0.0
2015-07-08-17 02 30.341	  31.02711688 121.43960976 1.25  0.0 0.0
2015-07-08-17 02 30.447	  31.02711688 121.43960976 1.25  0.0 0.0
2015-07-08-17 02 30.553	  31.02711688 121.43960976 1.25  0.0 0.0
2015-07-08-17 02 30.706	  31.02711688 121.43960976 1.25  0.0 0.0
2015-07-08-17 02 30.808	  31.02711688 121.43960976 1.25  0.0 0.0
2015-07-08-17 02 30.913	  31.02711688 121.43960976 1.25  0.0 0.0
2015-07-08-17 02 31.015	  31.02711688 121.43960976 1.25  0.0 0.0
2015-07-08-17 02 31.117	  31.02711688 121.43960976 1.25  0.0 0.0
2015-07-08-17 02 31.221	  31.02711688 121.43960976 1.25  0.0 0.0
2015-07-08-17 02 31.324	  31.02711688 121.43960976 1.25  0.0 0.0
2015-07-08-17 02 31.427	  31.02711688 121.43960976 1.25  0.0 0.0
2015-07-08-17 02 31.590	  31.02711688 121.43960976 1.25  0.0 0.0
2015-07-08-17 02 31.692	  31.02711688 121.43960976 1.25  0.0 0.0
2015-07-08-17 02 31.804	  31.02711688 121.43960976 1.25  0.0 0.0
2015-07-08-17 02 31.906	  31.02711688 121.43960976 1.25  0.0 0.0
2015-07-08-17 02 32.007	  31.02711688 121.43960976 1.25  0.0 0.0
2015-07-08-17 02 32.125	  31.02711688 121.43960976 1.25  0.0 0.0
2015-07-08-17 02 32.232	  31.0271376 121.4396014 1.25  0.0 0.0
2015-07-08-17 02 32.348	  31.0271376 121.4396014 1.25  0.0 0.0
2015-07-08-17 02 32.450	  31.0271376 121.4396014 1.25  0.0 0.0
2015-07-08-17 02 32.578	  31.0271376 121.4396014 1.25  0.0 0.0
2015-07-08-17 02 32.687	  31.0271376 121.4396014 1.25  0.0 0.0
2015-07-08-17 02 32.826	  31.0271376 121.4396014 1.25  0.0 0.0
2015-07-08-17 02 32.929	  31.0271376 121.4396014 1.25  0.0 0.0
2015-07-08-17 02 33.054	  31.0271376 121.4396014 1.25  0.0 0.0
2015-07-08-17 02 33.157	  31.0271376 121.4396014 1.25  0.0 0.0
2015-07-08-17 02 33.306	  31.0271376 121.4396014 1.25  0.0 0.0
2015-07-08-17 02 33.412	  31.0271376 121.4396014 1.25  0.0 0.0
2015-07-08-17 02 33.553	  31.0271376 121.4396014 1.25  0.0 0.0
2015-07-08-17 02 33.656	  31.0271582 121.43959179 1.25  0.0 0.0
2015-07-08-17 02 33.803	  31.0271582 121.43959179 1.25  0.0 0.0
2015-07-08-17 02 33.905	  31.0271582 121.43959179 1.25  0.0 0.0
2015-07-08-17 02 34.058	  31.0271582 121.43959179 1.25  0.0 0.0
2015-07-08-17 02 34.162	  31.0271582 121.43959179 1.25  0.0 0.0
2015-07-08-17 02 34.281	  31.0271582 121.43959179 1.25  0.0 0.0
2015-07-08-17 02 34.401	  31.0271582 121.43959179 1.25  0.0 0.0
2015-07-08-17 02 34.504	  31.0271582 121.43959179 1.25  0.0 0.0
2015-07-08-17 02 34.615	  31.0271582 121.43959179 1.25  0.0 0.0
2015-07-08-17 02 34.797	  31.0271582 121.43959179 1.25  0.0 0.0
2015-07-08-17 02 34.899	  31.0271582 121.43959179 1.25  0.0 0.0
2015-07-08-17 02 35.058	  31.0271582 121.43959179 1.25  0.0 0.0
2015-07-08-17 02 35.160	  31.0271582 121.43959179 1.25  0.0 0.0
2015-07-08-17 02 35.263	  31.0271582 121.43959179 1.25  0.0 0.0
2015-07-08-17 02 35.409	  31.0271582 121.43959179 1.25  0.0 0.0
2015-07-08-17 02 35.515	  31.0271582 121.43959179 1.25  0.0 0.0
2015-07-08-17 02 35.705	  31.0271582 121.43959179 1.25  0.0 0.0
2015-07-08-17 02 35.809	  31.02717982 121.4395812 1.25  0.0 0.0
2015-07-08-17 02 35.951	  31.02717982 121.4395812 1.25  0.0 0.0
2015-07-08-17 02 36.055	  31.02717982 121.4395812 1.25  0.0 0.0
2015-07-08-17 02 36.200	  31.02717982 121.4395812 1.25  0.0 0.0
2015-07-08-17 02 36.302	  31.02717982 121.4395812 1.25  0.0 0.0
2015-07-08-17 02 36.465	  31.02717982 121.4395812 1.25  0.0 0.0
2015-07-08-17 02 36.568	  31.02717982 121.4395812 1.25  0.0 0.0
2015-07-08-17 02 36.762	  31.02717982 121.4395812 1.25  0.0 0.0
2015-07-08-17 02 36.863	  31.02717982 121.4395812 1.25  0.0 0.0
2015-07-08-17 02 36.978	  31.02717982 121.4395812 1.25  0.0 0.0
2015-07-08-17 02 37.081	  31.02717982 121.4395812 1.25  0.0 0.0
2015-07-08-17 02 37.229	  31.02717982 121.4395812 1.25  0.0 0.0
2015-07-08-17 02 37.332	  31.02717982 121.4395812 1.25  0.0 0.0
2015-07-08-17 02 37.491	  31.02717982 121.4395812 1.25  0.0 0.0
2015-07-08-17 02 37.594	  31.02717982 121.4395812 1.25  0.0 0.0
2015-07-08-17 02 37.711	  31.02720141 121.43956989 1.25  0.0 0.0
2015-07-08-17 02 37.815	  31.02720141 121.43956989 1.25  0.0 0.0
2015-07-08-17 02 37.981	  31.02720141 121.43956989 1.25  0.0 0.0
2015-07-08-17 02 38.084	  31.02720141 121.43956989 1.25  0.0 0.0
2015-07-08-17 02 38.242	  31.02720141 121.43956989 1.25  0.0 0.0
2015-07-08-17 02 38.345	  31.02720141 121.43956989 1.25  0.0 0.0
2015-07-08-17 02 38.499	  31.02720141 121.43956989 1.25  0.0 0.0
2015-07-08-17 02 38.600	  31.02720141 121.43956989 1.25  0.0 0.0
2015-07-08-17 02 38.763	  31.02720141 121.43956989 1.25  0.0 0.0
2015-07-08-17 02 38.864	  31.02720141 121.43956989 1.25  0.0 0.0
2015-07-08-17 02 38.980	  31.02720141 121.43956989 1.25  0.0 0.0
2015-07-08-17 02 39.082	  31.02720141 121.43956989 1.25  0.0 0.0
2015-07-08-17 02 39.230	  31.02720141 121.43956989 1.25  0.0 0.0
2015-07-08-17 02 39.331	  31.02720141 121.43956989 1.25  0.0 0.0
2015-07-08-17 02 39.463	  31.02720141 121.43956989 1.25  0.0 0.0
2015-07-08-17 02 39.569	  31.02720141 121.43956989 1.25  0.0 0.0
2015-07-08-17 02 39.757	  31.02722344 121.43956051 1.25  0.0 0.0
2015-07-08-17 02 39.873	  31.02722344 121.43956051 1.25  0.0 0.0
2015-07-08-17 02 39.974	  31.02722344 121.43956051 1.25  0.0 0.0
2015-07-08-17 02 40.104	  31.02722344 121.43956051 1.25  0.0 0.0
2015-07-08-17 02 40.208	  31.02722344 121.43956051 1.25  0.0 0.0
2015-07-08-17 02 40.373	  31.02722344 121.43956051 1.25  0.0 0.0
2015-07-08-17 02 40.475	  31.02722344 121.43956051 1.25  0.0 0.0
2015-07-08-17 02 40.625	  31.02722344 121.43956051 1.25  0.0 0.0
2015-07-08-17 02 40.727	  31.02722344 121.43956051 1.25  0.0 0.0
2015-07-08-17 02 40.879	  31.02722344 121.43956051 1.25  0.0 0.0
2015-07-08-17 02 40.981	  31.02722344 121.43956051 1.25  0.0 0.0
2015-07-08-17 02 41.117	  31.02722344 121.43956051 1.25  0.0 0.0
2015-07-08-17 02 41.221	  31.02722344 121.43956051 1.25  0.0 0.0
2015-07-08-17 02 41.362	  31.02722344 121.43956051 1.25  0.0 0.0
2015-07-08-17 02 41.464	  31.02722344 121.43956051 1.25  0.0 0.0
2015-07-08-17 02 41.569	  31.02722344 121.43956051 1.25  0.0 0.0
2015-07-08-17 02 41.671	  31.02722344 121.43956051 1.25  0.0 0.0
2015-07-08-17 02 41.802	  31.02722344 121.43956051 1.25  0.0 0.0
2015-07-08-17 02 41.905	  31.02724512 121.43955058 1.25  0.0 0.0
2015-07-08-17 02 42.040	  31.02724512 121.43955058 1.25  0.0 0.0
2015-07-08-17 02 42.142	  31.02724512 121.43955058 1.25  0.0 0.0
2015-07-08-17 02 42.301	  31.02724512 121.43955058 1.25  0.0 0.0
2015-07-08-17 02 42.405	  31.02724512 121.43955058 1.25  0.0 0.0
2015-07-08-17 02 42.555	  31.02724512 121.43955058 1.25  0.0 0.0
2015-07-08-17 02 42.667	  31.02724512 121.43955058 1.25  0.0 0.0
2015-07-08-17 02 42.811	  31.02724512 121.43955058 1.25  0.0 0.0
2015-07-08-17 02 42.913	  31.02724512 121.43955058 1.25  0.0 0.0
2015-07-08-17 02 43.047	  31.02724512 121.43955058 1.25  0.0 0.0
2015-07-08-17 02 43.154	  31.02724512 121.43955058 1.25  0.0 0.0
2015-07-08-17 02 43.282	  31.02724512 121.43955058 1.25  0.0 0.0
2015-07-08-17 02 43.385	  31.02724512 121.43955058 1.25  0.0 0.0
2015-07-08-17 02 43.500	  31.02724512 121.43955058 1.25  0.0 0.0
2015-07-08-17 02 43.625	  31.02726818 121.43954347 1.25  0.0 0.0
2015-07-08-17 02 43.748	  31.02726818 121.43954347 1.25  0.0 0.0
2015-07-08-17 02 43.865	  31.02726818 121.43954347 1.25  0.0 0.0
2015-07-08-17 02 43.988	  31.02726818 121.43954347 1.25  0.0 0.0
2015-07-08-17 02 44.091	  31.02726818 121.43954347 1.25  0.0 0.0
2015-07-08-17 02 44.237	  31.02726818 121.43954347 1.25  0.0 0.0
2015-07-08-17 02 44.402	  31.02726818 121.43954347 1.25  0.0 0.0
2015-07-08-17 02 44.504	  31.02726818 121.43954347 1.25  0.0 0.0
2015-07-08-17 02 44.641	  31.02726818 121.43954347 1.25  0.0 0.0
2015-07-08-17 02 44.787	  31.02726818 121.43954347 1.25  0.0 0.0
2015-07-08-17 02 44.952	  31.02726818 121.43954347 1.25  0.0 0.0
2015-07-08-17 02 45.069	  31.02726818 121.43954347 1.25  0.0 0.0
2015-07-08-17 02 45.201	  31.02726818 121.43954347 1.25  0.0 0.0
2015-07-08-17 02 45.321	  31.02726818 121.43954347 1.25  0.0 0.0
2015-07-08-17 02 45.427	  31.02726818 121.43954347 1.25  0.0 0.0
2015-07-08-17 02 45.586	  31.02726818 121.43954347 1.25  0.0 0.0
2015-07-08-17 02 45.702	  31.02729126 121.43953682 1.25  0.0 0.0
2015-07-08-17 02 45.805	  31.02729126 121.43953682 1.25  0.0 0.0
2015-07-08-17 02 45.959	  31.02729126 121.43953682 1.25  0.0 0.0
2015-07-08-17 02 46.075	  31.02729126 121.43953682 1.25  0.0 0.0
2015-07-08-17 02 46.177	  31.02729126 121.43953682 1.25  0.0 0.0
2015-07-08-17 02 46.303	  31.02729126 121.43953682 1.25  0.0 0.0
2015-07-08-17 02 46.453	  31.02729126 121.43953682 1.25  0.0 0.0
2015-07-08-17 02 46.557	  31.02729126 121.43953682 1.25  0.0 0.0
2015-07-08-17 02 46.743	  31.02729126 121.43953682 1.25  0.0 0.0
2015-07-08-17 02 46.858	  31.02729126 121.43953682 1.25  0.0 0.0
2015-07-08-17 02 46.960	  31.02729126 121.43953682 1.25  0.0 0.0
2015-07-08-17 02 47.078	  31.02729126 121.43953682 1.25  0.0 0.0
2015-07-08-17 02 47.225	  31.02729126 121.43953682 1.25  0.0 0.0
2015-07-08-17 02 47.327	  31.02729126 121.43953682 1.25  0.0 0.0
2015-07-08-17 02 47.501	  31.02729126 121.43953682 1.25  0.0 0.0
2015-07-08-17 02 47.650	  31.02731473 121.43952687 1.25  0.0 0.0
2015-07-08-17 02 47.752	  31.02731473 121.43952687 1.25  0.0 0.0
2015-07-08-17 02 47.891	  31.02731473 121.43952687 1.25  0.0 0.0
2015-07-08-17 02 48.035	  31.02731473 121.43952687 1.25  0.0 0.0
2015-07-08-17 02 48.141	  31.02731473 121.43952687 1.25  0.0 0.0
2015-07-08-17 02 48.299	  31.02731473 121.43952687 1.25  0.0 0.0
2015-07-08-17 02 48.451	  31.02731473 121.43952687 1.25  0.0 0.0
2015-07-08-17 02 48.553	  31.02731473 121.43952687 1.25  0.0 0.0
2015-07-08-17 02 48.683	  31.02731473 121.43952687 1.25  0.0 0.0
2015-07-08-17 02 48.808	  31.02731473 121.43952687 1.25  0.0 0.0
2015-07-08-17 02 48.909	  31.02731473 121.43952687 1.25  0.0 0.0
2015-07-08-17 02 49.042	  31.02731473 121.43952687 1.25  0.0 0.0
2015-07-08-17 02 49.217	  31.02731473 121.43952687 1.25  0.0 0.0
2015-07-08-17 02 49.334	  31.02731473 121.43952687 1.25  0.0 0.0
2015-07-08-17 02 49.471	  31.02731473 121.43952687 1.25  0.0 0.0
2015-07-08-17 02 49.653	  31.02733733 121.43951639 1.25  0.0 0.0
2015-07-08-17 02 49.792	  31.02733733 121.43951639 1.25  0.0 0.0
2015-07-08-17 02 49.919	  31.02733733 121.43951639 1.25  0.0 0.0
2015-07-08-17 02 50.091	  31.02733733 121.43951639 1.25  0.0 0.0
2015-07-08-17 02 50.207	  31.02733733 121.43951639 1.25  0.0 0.0
2015-07-08-17 02 50.325	  31.02733733 121.43951639 1.25  0.0 0.0
2015-07-08-17 02 50.467	  31.02733733 121.43951639 1.25  0.0 0.0
2015-07-08-17 02 50.608	  31.02733733 121.43951639 1.25  0.0 0.0
2015-07-08-17 02 50.764	  31.02733733 121.43951639 1.25  0.0 0.0
2015-07-08-17 02 50.879	  31.02733733 121.43951639 1.25  0.0 0.0
2015-07-08-17 02 50.995	  31.02733733 121.43951639 1.25  0.0 0.0
2015-07-08-17 02 51.111	  31.02733733 121.43951639 1.25  0.0 0.0
2015-07-08-17 02 51.248	  31.02733733 121.43951639 1.25  0.0 0.0
2015-07-08-17 02 51.383	  31.02733733 121.43951639 1.25  0.0 0.0
2015-07-08-17 02 51.536	  31.02733733 121.43951639 1.25  0.0 0.0
2015-07-08-17 02 51.653	  31.02736011 121.43950688 1.25  0.0 0.0
2015-07-08-17 02 51.794	  31.02736011 121.43950688 1.25  0.0 0.0
2015-07-08-17 02 51.936	  31.02736011 121.43950688 1.25  0.0 0.0
2015-07-08-17 02 52.053	  31.02736011 121.43950688 1.25  0.0 0.0
2015-07-08-17 02 52.180	  31.02736011 121.43950688 1.25  0.0 0.0
2015-07-08-17 02 52.352	  31.02736011 121.43950688 1.25  0.0 0.0
2015-07-08-17 02 52.468	  31.02736011 121.43950688 1.25  0.0 0.0
2015-07-08-17 02 52.609	  31.02736011 121.43950688 1.25  0.0 0.0
2015-07-08-17 02 52.763	  31.02736011 121.43950688 1.25  0.0 0.0
2015-07-08-17 02 52.878	  31.02736011 121.43950688 1.25  0.0 0.0
2015-07-08-17 02 53.011	  31.02736011 121.43950688 1.25  0.0 0.0
2015-07-08-17 02 53.151	  31.02736011 121.43950688 1.25  0.0 0.0
2015-07-08-17 02 53.299	  31.02736011 121.43950688 1.25  0.0 0.0
2015-07-08-17 02 53.447	  31.02736011 121.43950688 1.25  0.0 0.0
2015-07-08-17 02 53.581	  31.02736011 121.43950688 1.25  0.0 0.0
2015-07-08-17 02 53.751	  31.02738168 121.4394974 1.25  0.0 0.0
2015-07-08-17 02 53.865	  31.02738168 121.4394974 1.25  0.0 0.0
2015-07-08-17 02 53.980	  31.02738168 121.4394974 1.25  0.0 0.0
2015-07-08-17 02 54.095	  31.02738168 121.4394974 1.25  0.0 0.0
2015-07-08-17 02 54.245	  31.02738168 121.4394974 1.25  0.0 0.0
2015-07-08-17 02 54.378	  31.02738168 121.4394974 1.25  0.0 0.0
2015-07-08-17 02 54.529	  31.02738168 121.4394974 1.25  0.0 0.0
2015-07-08-17 02 54.687	  31.02738168 121.4394974 1.25  0.0 0.0
2015-07-08-17 02 54.805	  31.02738168 121.4394974 1.25  0.0 0.0
2015-07-08-17 02 54.922	  31.02738168 121.4394974 1.25  0.0 0.0
2015-07-08-17 02 55.073	  31.02738168 121.4394974 1.25  0.0 0.0
2015-07-08-17 02 55.235	  31.02738168 121.4394974 1.25  0.0 0.0
2015-07-08-17 02 55.355	  31.02738168 121.4394974 1.25  0.0 0.0
2015-07-08-17 02 55.499	  31.02738168 121.4394974 1.25  0.0 0.0
2015-07-08-17 02 55.642	  31.02740396 121.43948981 1.25  0.0 0.0
2015-07-08-17 02 55.764	  31.02740396 121.43948981 1.25  0.0 0.0
2015-07-08-17 02 55.879	  31.02740396 121.43948981 1.25  0.0 0.0
2015-07-08-17 02 56.009	  31.02740396 121.43948981 1.25  0.0 0.0
2015-07-08-17 02 56.200	  31.02740396 121.43948981 1.25  0.0 0.0
2015-07-08-17 02 56.339	  31.02740396 121.43948981 1.25  0.0 0.0
2015-07-08-17 02 56.472	  31.02740396 121.43948981 1.25  0.0 0.0
2015-07-08-17 02 56.630	  31.02740396 121.43948981 1.25  0.0 0.0
2015-07-08-17 02 56.762	  31.02740396 121.43948981 1.25  0.0 0.0
2015-07-08-17 02 56.906	  31.02740396 121.43948981 1.25  0.0 0.0
2015-07-08-17 02 57.060	  31.02740396 121.43948981 1.25  0.0 0.0
2015-07-08-17 02 57.216	  31.02740396 121.43948981 1.25  0.0 0.0
2015-07-08-17 02 57.377	  31.02740396 121.43948981 1.25  0.0 0.0
2015-07-08-17 02 57.517	  31.02740396 121.43948981 1.25  0.0 0.0
2015-07-08-17 02 57.633	  31.02742474 121.43948052 1.25  0.0 0.0
2015-07-08-17 02 57.774	  31.02742474 121.43948052 1.25  0.0 0.0
2015-07-08-17 02 57.912	  31.02742474 121.43948052 1.25  0.0 0.0
2015-07-08-17 02 58.100	  31.02742474 121.43948052 1.25  0.0 0.0
2015-07-08-17 02 58.235	  31.02742474 121.43948052 1.25  0.0 0.0
2015-07-08-17 02 58.388	  31.02742474 121.43948052 1.25  0.0 0.0
2015-07-08-17 02 58.504	  31.02742474 121.43948052 1.25  0.0 0.0
2015-07-08-17 02 58.656	  31.02742474 121.43948052 1.25  0.0 0.0
2015-07-08-17 02 58.798	  31.02742474 121.43948052 1.25  0.0 0.0
2015-07-08-17 02 58.914	  31.02742474 121.43948052 1.25  0.0 0.0
2015-07-08-17 02 59.040	  31.02742474 121.43948052 1.25  0.0 0.0
2015-07-08-17 02 59.208	  31.02742474 121.43948052 1.25  0.0 0.0
2015-07-08-17 02 59.350	  31.02742474 121.43948052 1.25  0.0 0.0
2015-07-08-17 02 59.506	  31.02742474 121.43948052 1.25  0.0 0.0
2015-07-08-17 02 59.651	  31.02744568 121.4394708 1.25  0.0 0.0
2015-07-08-17 02 59.797	  31.02744568 121.4394708 1.25  0.0 0.0
2015-07-08-17 02 59.915	  31.02744568 121.4394708 1.25  0.0 0.0
2015-07-08-17 03 00.109	  31.02744568 121.4394708 1.25  0.0 0.0
2015-07-08-17 03 00.258	  31.02744568 121.4394708 1.25  0.0 0.0
2015-07-08-17 03 00.419	  31.02744568 121.4394708 1.25  0.0 0.0
2015-07-08-17 03 00.557	  31.02744568 121.4394708 1.25  0.0 0.0
2015-07-08-17 03 00.702	  31.02744568 121.4394708 1.25  0.0 0.0
2015-07-08-17 03 00.830	  31.02744568 121.4394708 1.25  0.0 0.0
2015-07-08-17 03 00.969	  31.02744568 121.4394708 1.25  0.0 0.0
2015-07-08-17 03 01.110	  31.02744568 121.4394708 1.25  0.0 0.0
2015-07-08-17 03 01.300	  31.02744568 121.4394708 1.25  0.0 0.0
2015-07-08-17 03 01.501	  31.02744568 121.4394708 1.25  0.0 0.0
2015-07-08-17 03 01.606	  31.02744568 121.4394708 1.25  0.0 0.0
2015-07-08-17 03 01.759	  31.02746754 121.43946142 1.25  0.0 0.0
2015-07-08-17 03 01.877	  31.02746754 121.43946142 1.25  0.0 0.0
2015-07-08-17 03 01.979	  31.02746754 121.43946142 1.25  0.0 0.0
2015-07-08-17 03 02.095	  31.02746754 121.43946142 1.25  0.0 0.0
2015-07-08-17 03 02.270	  31.02746754 121.43946142 1.25  0.0 0.0
2015-07-08-17 03 02.372	  31.02746754 121.43946142 1.25  0.0 0.0
2015-07-08-17 03 02.513	  31.02746754 121.43946142 1.25  0.0 0.0
2015-07-08-17 03 02.685	  31.02746754 121.43946142 1.25  0.0 0.0
2015-07-08-17 03 02.787	  31.02746754 121.43946142 1.25  0.0 0.0
2015-07-08-17 03 02.904	  31.02746754 121.43946142 1.25  0.0 0.0
2015-07-08-17 03 03.057	  31.02746754 121.43946142 1.25  0.0 0.0
2015-07-08-17 03 03.158	  31.02746754 121.43946142 1.25  0.0 0.0
2015-07-08-17 03 03.302	  31.02746754 121.43946142 1.25  0.0 0.0
2015-07-08-17 03 03.453	  31.02746754 121.43946142 1.25  0.0 0.0
2015-07-08-17 03 03.584	  31.02746754 121.43946142 1.25  0.0 0.0
2015-07-08-17 03 03.687	  31.02749007 121.43945276 1.25  0.0 0.0
2015-07-08-17 03 03.808	  31.02749007 121.43945276 1.25  0.0 0.0
2015-07-08-17 03 03.949	  31.02749007 121.43945276 1.25  0.0 0.0
2015-07-08-17 03 04.050	  31.02749007 121.43945276 1.25  0.0 0.0
2015-07-08-17 03 04.204	  31.02749007 121.43945276 1.25  0.0 0.0
2015-07-08-17 03 04.348	  31.02749007 121.43945276 1.25  0.0 0.0
2015-07-08-17 03 04.450	  31.02749007 121.43945276 1.25  0.0 0.0
2015-07-08-17 03 04.565	  31.02749007 121.43945276 1.25  0.0 0.0
2015-07-08-17 03 04.683	  31.02749007 121.43945276 1.25  0.0 0.0
2015-07-08-17 03 04.835	  31.02749007 121.43945276 1.25  0.0 0.0
2015-07-08-17 03 04.980	  31.02749007 121.43945276 1.25  0.0 0.0
2015-07-08-17 03 05.096	  31.02749007 121.43945276 1.25  0.0 0.0
2015-07-08-17 03 05.238	  31.02749007 121.43945276 1.25  0.0 0.0
2015-07-08-17 03 05.379	  31.02749007 121.43945276 1.25  0.0 0.0
2015-07-08-17 03 05.510	  31.02749007 121.43945276 1.25  0.0 0.0
2015-07-08-17 03 05.626	  31.02751282 121.43944372 1.25  0.0 0.0
2015-07-08-17 03 05.757	  31.02751282 121.43944372 1.25  0.0 0.0
2015-07-08-17 03 05.916	  31.02751282 121.43944372 1.25  0.0 0.0
2015-07-08-17 03 06.061	  31.02751282 121.43944372 1.25  0.0 0.0
2015-07-08-17 03 06.247	  31.02751282 121.43944372 1.25  0.0 0.0
2015-07-08-17 03 06.395	  31.02751282 121.43944372 1.25  0.0 0.0
2015-07-08-17 03 06.517	  31.02751282 121.43944372 1.25  0.0 0.0
2015-07-08-17 03 06.774	  31.02751282 121.43944372 1.25  0.0 0.0
2015-07-08-17 03 06.889	  31.02751282 121.43944372 1.25  0.0 0.0
2015-07-08-17 03 07.003	  31.02751282 121.43944372 1.25  0.0 0.0
2015-07-08-17 03 07.140	  31.02751282 121.43944372 1.25  0.0 0.0
2015-07-08-17 03 07.277	  31.02751282 121.43944372 1.25  0.0 0.0
2015-07-08-17 03 07.449	  31.02751282 121.43944372 1.25  0.0 0.0
2015-07-08-17 03 07.595	  31.02751282 121.43944372 1.25  0.0 0.0
2015-07-08-17 03 07.763	  31.02753446 121.43943346 1.25  0.0 0.0
2015-07-08-17 03 07.878	  31.02753446 121.43943346 1.25  0.0 0.0
2015-07-08-17 03 07.992	  31.02753446 121.43943346 1.25  0.0 0.0
2015-07-08-17 03 08.108	  31.02753446 121.43943346 1.25  0.0 0.0
2015-07-08-17 03 08.264	  31.02753446 121.43943346 1.25  0.0 0.0
2015-07-08-17 03 08.398	  31.02753446 121.43943346 1.25  0.0 0.0
2015-07-08-17 03 08.554	  31.02753446 121.43943346 1.25  0.0 0.0
2015-07-08-17 03 08.671	  31.02753446 121.43943346 1.25  0.0 0.0
2015-07-08-17 03 08.797	  31.02753446 121.43943346 1.25  0.0 0.0
2015-07-08-17 03 08.916	  31.02753446 121.43943346 1.25  0.0 0.0
2015-07-08-17 03 09.057	  31.02753446 121.43943346 1.25  0.0 0.0
2015-07-08-17 03 09.175	  31.02753446 121.43943346 1.25  0.0 0.0
2015-07-08-17 03 09.294	  31.02753446 121.43943346 1.25  0.0 0.0
2015-07-08-17 03 09.454	  31.02753446 121.43943346 1.25  0.0 0.0
2015-07-08-17 03 09.582	  31.02753446 121.43943346 1.25  0.0 0.0
2015-07-08-17 03 09.699	  31.02755544 121.43942256 1.25  0.0 0.0
2015-07-08-17 03 09.849	  31.02755544 121.43942256 1.25  0.0 0.0
2015-07-08-17 03 09.991	  31.02755544 121.43942256 1.25  0.0 0.0
2015-07-08-17 03 10.108	  31.02755544 121.43942256 1.25  0.0 0.0
2015-07-08-17 03 10.243	  31.02755544 121.43942256 1.25  0.0 0.0
2015-07-08-17 03 10.372	  31.02755544 121.43942256 1.25  0.0 0.0
2015-07-08-17 03 10.560	  31.02755544 121.43942256 1.25  0.0 0.0
2015-07-08-17 03 10.676	  31.02755544 121.43942256 1.25  0.0 0.0
2015-07-08-17 03 10.809	  31.02755544 121.43942256 1.25  0.0 0.0
2015-07-08-17 03 10.927	  31.02755544 121.43942256 1.25  0.0 0.0
2015-07-08-17 03 11.044	  31.02755544 121.43942256 1.25  0.0 0.0
2015-07-08-17 03 11.184	  31.02755544 121.43942256 1.25  0.0 0.0
2015-07-08-17 03 11.353	  31.02755544 121.43942256 1.25  0.0 0.0
2015-07-08-17 03 11.493	  31.02755544 121.43942256 1.25  0.0 0.0
2015-07-08-17 03 11.622	  31.02755544 121.43942256 1.25  0.0 0.0
2015-07-08-17 03 11.764	  31.02757639 121.43941124 1.25  0.0 0.0
2015-07-08-17 03 11.879	  31.02757639 121.43941124 1.25  0.0 0.0
2015-07-08-17 03 11.997	  31.02757639 121.43941124 1.25  0.0 0.0
2015-07-08-17 03 12.126	  31.02757639 121.43941124 1.25  0.0 0.0
2015-07-08-17 03 12.228	  31.02757639 121.43941124 1.25  0.0 0.0
2015-07-08-17 03 12.331	  31.02757639 121.43941124 1.25  0.0 0.0
2015-07-08-17 03 12.493	  31.02757639 121.43941124 1.25  0.0 0.0
2015-07-08-17 03 12.609	  31.02757639 121.43941124 1.25  0.0 0.0
2015-07-08-17 03 12.771	  31.02757639 121.43941124 1.25  0.0 0.0
2015-07-08-17 03 12.908	  31.02757639 121.43941124 1.25  0.0 0.0
2015-07-08-17 03 13.045	  31.02757639 121.43941124 1.25  0.0 0.0
2015-07-08-17 03 13.152	  31.02757639 121.43941124 1.25  0.0 0.0
2015-07-08-17 03 13.255	  31.02757639 121.43941124 1.25  0.0 0.0
2015-07-08-17 03 13.387	  31.02757639 121.43941124 1.25  0.0 0.0
2015-07-08-17 03 13.492	  31.02757639 121.43941124 1.25  0.0 0.0
2015-07-08-17 03 13.599	  31.02757639 121.43941124 1.25  0.0 0.0
2015-07-08-17 03 13.757	  31.02759806 121.43940114 1.25  0.0 0.0
2015-07-08-17 03 13.858	  31.02759806 121.43940114 1.25  0.0 0.0
2015-07-08-17 03 13.960	  31.02759806 121.43940114 1.25  0.0 0.0
2015-07-08-17 03 14.104	  31.02759806 121.43940114 1.25  0.0 0.0
2015-07-08-17 03 14.220	  31.02759806 121.43940114 1.25  0.0 0.0
2015-07-08-17 03 14.321	  31.02759806 121.43940114 1.25  0.0 0.0
2015-07-08-17 03 14.441	  31.02759806 121.43940114 1.25  0.0 0.0
2015-07-08-17 03 14.544	  31.02759806 121.43940114 1.25  0.0 0.0
2015-07-08-17 03 14.651	  31.02759806 121.43940114 1.25  0.0 0.0
2015-07-08-17 03 14.783	  31.02759806 121.43940114 1.25  0.0 0.0
2015-07-08-17 03 14.885	  31.02759806 121.43940114 1.25  0.0 0.0
2015-07-08-17 03 14.987	  31.02759806 121.43940114 1.25  0.0 0.0
2015-07-08-17 03 15.162	  31.02759806 121.43940114 1.25  0.0 0.0
2015-07-08-17 03 15.269	  31.02759806 121.43940114 1.25  0.0 0.0
2015-07-08-17 03 15.372	  31.02759806 121.43940114 1.25  0.0 0.0
2015-07-08-17 03 15.537	  31.02759806 121.43940114 1.25  0.0 0.0
2015-07-08-17 03 15.642	  31.02761933 121.4393913 1.25  0.0 0.0
2015-07-08-17 03 15.745	  31.02761933 121.4393913 1.25  0.0 0.0
2015-07-08-17 03 15.870	  31.02761933 121.4393913 1.25  0.0 0.0
2015-07-08-17 03 15.972	  31.02761933 121.4393913 1.25  0.0 0.0
2015-07-08-17 03 16.094	  31.02761933 121.4393913 1.25  0.0 0.0
2015-07-08-17 03 16.208	  31.02761933 121.4393913 1.25  0.0 0.0
