2015-07-08-17 00 44.781	  0.0 0.0 0.0  0.0 0.0
2015-07-08-17 00 44.882	  0.0 0.0 0.0  0.0 0.0
2015-07-08-17 00 44.984	  0.0 0.0 0.0  0.0 0.0
2015-07-08-17 00 45.086	  0.0 0.0 0.0  0.0 0.0
2015-07-08-17 00 45.189	  0.0 0.0 0.0  0.0 0.0
2015-07-08-17 00 45.291	  0.0 0.0 0.0  0.0 0.0
2015-07-08-17 00 45.393	  0.0 0.0 0.0  0.0 0.0
2015-07-08-17 00 45.496	  0.0 0.0 0.0  0.0 0.0
2015-07-08-17 00 45.598	  0.0 0.0 0.0  0.0 0.0
2015-07-08-17 00 45.699	  0.0 0.0 0.0  0.0 0.0
2015-07-08-17 00 45.801	  0.0 0.0 0.0  0.0 0.0
2015-07-08-17 00 45.903	  0.0 0.0 0.0  0.0 0.0
2015-07-08-17 00 46.005	  0.0 0.0 0.0  0.0 0.0
2015-07-08-17 00 46.106	  0.0 0.0 0.0  0.0 0.0
2015-07-08-17 00 46.208	  0.0 0.0 0.0  0.0 0.0
2015-07-08-17 00 46.309	  0.0 0.0 0.0  0.0 0.0
2015-07-08-17 00 46.411	  0.0 0.0 0.0  0.0 0.0
2015-07-08-17 00 46.514	  31.02767598 121.43934262 1.25  0.0 0.0
2015-07-08-17 00 46.616	  31.02767598 121.43934262 1.25  0.0 0.0
2015-07-08-17 00 46.719	  31.02767598 121.43934262 1.25  0.0 0.0
2015-07-08-17 00 46.820	  31.02767598 121.43934262 1.25  0.0 0.0
2015-07-08-17 00 46.922	  31.02767598 121.43934262 1.25  0.0 0.0
2015-07-08-17 00 47.024	  31.02767598 121.43934262 1.25  0.0 0.0
2015-07-08-17 00 47.126	  31.02767598 121.43934262 1.25  0.0 0.0
2015-07-08-17 00 47.228	  31.02767598 121.43934262 1.25  0.0 0.0
2015-07-08-17 00 47.330	  31.02767598 121.43934262 1.25  0.0 0.0
2015-07-08-17 00 47.431	  31.02767598 121.43934262 1.25  0.0 0.0
2015-07-08-17 00 47.533	  31.02767598 121.43934262 1.25  0.0 0.0
2015-07-08-17 00 47.635	  31.02767598 121.43934262 1.25  0.0 0.0
2015-07-08-17 00 47.738	  31.02767598 121.43934262 1.25  0.0 0.0
2015-07-08-17 00 47.841	  31.02767598 121.43934262 1.25  0.0 0.0
2015-07-08-17 00 47.947	  31.02767598 121.43934262 1.25  0.0 0.0
2015-07-08-17 00 48.049	  31.02767598 121.43934262 1.25  0.0 0.0
2015-07-08-17 00 48.153	  31.02767598 121.43934262 1.25  0.0 0.0
2015-07-08-17 00 48.258	  31.02767598 121.43934262 1.25  0.0 0.0
2015-07-08-17 00 48.365	  31.02767598 121.43934262 1.25  0.0 0.0
2015-07-08-17 00 48.467	  31.02767598 121.43934262 1.25  0.0 0.0
2015-07-08-17 00 48.568	  31.02767598 121.43934262 1.25  0.0 0.0
2015-07-08-17 00 48.676	  31.02767598 121.43934262 1.25  0.0 0.0
2015-07-08-17 00 48.778	  31.02767598 121.43934262 1.25  0.0 0.0
2015-07-08-17 00 48.880	  31.02767598 121.43934262 1.25  0.0 0.0
2015-07-08-17 00 48.981	  31.02767598 121.43934262 1.25  0.0 0.0
2015-07-08-17 00 49.085	  31.02767598 121.43934262 1.25  0.0 0.0
2015-07-08-17 00 49.188	  31.02767598 121.43934262 1.25  0.0 0.0
2015-07-08-17 00 49.292	  31.02767598 121.43934262 1.25  0.0 0.0
2015-07-08-17 00 49.397	  31.02767598 121.43934262 1.25  0.0 0.0
2015-07-08-17 00 49.498	  31.02767598 121.43934262 1.25  0.0 0.0
2015-07-08-17 00 49.600	  31.02767598 121.43934262 1.25  0.0 0.0
2015-07-08-17 00 49.701	  31.02764196 121.43936454 1.0  0.0 0.0
2015-07-08-17 00 49.803	  31.02764196 121.43936454 1.0  0.0 0.0
2015-07-08-17 00 49.905	  31.02764196 121.43936454 1.0  0.0 0.0
2015-07-08-17 00 50.010	  31.02764196 121.43936454 1.0  0.0 0.0
2015-07-08-17 00 50.115	  31.02764196 121.43936454 1.0  0.0 0.0
2015-07-08-17 00 50.218	  31.02764196 121.43936454 1.0  0.0 0.0
2015-07-08-17 00 50.320	  31.02764196 121.43936454 1.0  0.0 0.0
2015-07-08-17 00 50.422	  31.02764196 121.43936454 1.0  0.0 0.0
2015-07-08-17 00 50.524	  31.02764196 121.43936454 1.0  0.0 0.0
2015-07-08-17 00 50.635	  31.02764196 121.43936454 1.0  0.0 0.0
2015-07-08-17 00 50.737	  31.02764196 121.43936454 1.0  0.0 0.0
2015-07-08-17 00 50.838	  31.02764196 121.43936454 1.0  0.0 0.0
2015-07-08-17 00 50.939	  31.02764196 121.43936454 1.0  0.0 0.0
2015-07-08-17 00 51.042	  31.02764196 121.43936454 1.0  0.0 0.0
2015-07-08-17 00 51.146	  31.02764196 121.43936454 1.0  0.0 0.0
2015-07-08-17 00 51.250	  31.02762426 121.43938015 1.25  0.0 0.0
2015-07-08-17 00 51.352	  31.02762426 121.43938015 1.25  0.0 0.0
2015-07-08-17 00 51.454	  31.02762426 121.43938015 1.25  0.0 0.0
2015-07-08-17 00 51.555	  31.02762426 121.43938015 1.25  0.0 0.0
2015-07-08-17 00 51.662	  31.02762426 121.43938015 1.25  0.0 0.0
2015-07-08-17 00 51.767	  31.02762426 121.43938015 1.25  0.0 0.0
2015-07-08-17 00 51.868	  31.02762426 121.43938015 1.25  0.0 0.0
2015-07-08-17 00 51.970	  31.02762426 121.43938015 1.25  0.0 0.0
2015-07-08-17 00 52.073	  31.02762426 121.43938015 1.25  0.0 0.0
2015-07-08-17 00 52.176	  31.02762426 121.43938015 1.25  0.0 0.0
2015-07-08-17 00 52.281	  31.02762426 121.43938015 1.25  0.0 0.0
2015-07-08-17 00 52.387	  31.02762426 121.43938015 1.25  0.0 0.0
2015-07-08-17 00 52.491	  31.02762426 121.43938015 1.25  0.0 0.0
2015-07-08-17 00 52.595	  31.02762426 121.43938015 1.25  0.0 0.0
2015-07-08-17 00 52.696	  31.02758763 121.4393997 1.25  0.0 0.0
2015-07-08-17 00 52.798	  31.02758763 121.4393997 1.25  0.0 0.0
2015-07-08-17 00 52.901	  31.02758763 121.4393997 1.25  0.0 0.0
2015-07-08-17 00 53.008	  31.02758763 121.4393997 1.25  0.0 0.0
2015-07-08-17 00 53.113	  31.02758763 121.4393997 1.25  0.0 0.0
2015-07-08-17 00 53.230	  31.02758763 121.4393997 1.25  0.0 0.0
2015-07-08-17 00 53.332	  31.02758763 121.4393997 1.25  0.0 0.0
2015-07-08-17 00 53.437	  31.02758763 121.4393997 1.25  0.0 0.0
2015-07-08-17 00 53.541	  31.02758763 121.4393997 1.25  0.0 0.0
2015-07-08-17 00 53.644	  31.02756972 121.43940761 1.25  0.0 0.0
2015-07-08-17 00 53.749	  31.02756972 121.43940761 1.25  0.0 0.0
2015-07-08-17 00 53.858	  31.02756972 121.43940761 1.25  0.0 0.0
2015-07-08-17 00 53.964	  31.02756972 121.43940761 1.25  0.0 0.0
2015-07-08-17 00 54.070	  31.02756972 121.43940761 1.25  0.0 0.0
2015-07-08-17 00 54.176	  31.02756972 121.43940761 1.25  0.0 0.0
2015-07-08-17 00 54.286	  31.02756972 121.43940761 1.25  0.0 0.0
2015-07-08-17 00 54.392	  31.02756972 121.43940761 1.25  0.0 0.0
2015-07-08-17 00 54.498	  31.02756972 121.43940761 1.25  0.0 0.0
2015-07-08-17 00 54.600	  31.02756972 121.43940761 1.25  0.0 0.0
2015-07-08-17 00 54.705	  31.02756972 121.43940761 1.25  0.0 0.0
2015-07-08-17 00 54.806	  31.02756972 121.43940761 1.25  0.0 0.0
2015-07-08-17 00 54.907	  31.02756972 121.43940761 1.25  0.0 0.0
2015-07-08-17 00 55.009	  31.02756972 121.43940761 1.25  0.0 0.0
2015-07-08-17 00 55.111	  31.02756972 121.43940761 1.25  0.0 0.0
2015-07-08-17 00 55.216	  31.02756972 121.43940761 1.25  0.0 0.0
2015-07-08-17 00 55.321	  31.02756972 121.43940761 1.25  0.0 0.0
2015-07-08-17 00 55.424	  31.02756972 121.43940761 1.25  0.0 0.0
2015-07-08-17 00 55.528	  31.02756972 121.43940761 1.25  0.0 0.0
2015-07-08-17 00 55.632	  31.02753736 121.43942198 1.25  0.0 0.0
2015-07-08-17 00 55.751	  31.02753736 121.43942198 1.25  0.0 0.0
2015-07-08-17 00 55.853	  31.02753736 121.43942198 1.25  0.0 0.0
2015-07-08-17 00 55.954	  31.02753736 121.43942198 1.25  0.0 0.0
2015-07-08-17 00 56.056	  31.02753736 121.43942198 1.25  0.0 0.0
2015-07-08-17 00 56.160	  31.02753736 121.43942198 1.25  0.0 0.0
2015-07-08-17 00 56.270	  31.02753736 121.43942198 1.25  0.0 0.0
2015-07-08-17 00 56.372	  31.02753736 121.43942198 1.25  0.0 0.0
2015-07-08-17 00 56.474	  31.02753736 121.43942198 1.25  0.0 0.0
2015-07-08-17 00 56.578	  31.02753736 121.43942198 1.25  0.0 0.0
2015-07-08-17 00 56.682	  31.02752099 121.43943173 1.25  0.0 0.0
2015-07-08-17 00 56.799	  31.02752099 121.43943173 1.25  0.0 0.0
2015-07-08-17 00 56.901	  31.02752099 121.43943173 1.25  0.0 0.0
2015-07-08-17 00 57.003	  31.02752099 121.43943173 1.25  0.0 0.0
2015-07-08-17 00 57.110	  31.02752099 121.43943173 1.25  0.0 0.0
2015-07-08-17 00 57.217	  31.02752099 121.43943173 1.25  0.0 0.0
2015-07-08-17 00 57.329	  31.02752099 121.43943173 1.25  0.0 0.0
2015-07-08-17 00 57.431	  31.02752099 121.43943173 1.25  0.0 0.0
2015-07-08-17 00 57.532	  31.02752099 121.43943173 1.25  0.0 0.0
2015-07-08-17 00 57.639	  31.02752099 121.43943173 1.25  0.0 0.0
2015-07-08-17 00 57.748	  31.02752099 121.43943173 1.25  0.0 0.0
2015-07-08-17 00 57.866	  31.02752099 121.43943173 1.25  0.0 0.0
2015-07-08-17 00 57.969	  31.02752099 121.43943173 1.25  0.0 0.0
2015-07-08-17 00 58.071	  31.02752099 121.43943173 1.25  0.0 0.0
2015-07-08-17 00 58.176	  31.02752099 121.43943173 1.25  0.0 0.0
2015-07-08-17 00 58.282	  31.02752099 121.43943173 1.25  0.0 0.0
2015-07-08-17 00 58.388	  31.02752099 121.43943173 1.25  0.0 0.0
2015-07-08-17 00 58.489	  31.02752099 121.43943173 1.25  0.0 0.0
2015-07-08-17 00 58.592	  31.02752099 121.43943173 1.25  0.0 0.0
2015-07-08-17 00 58.699	  31.02752099 121.43943173 1.25  0.0 0.0
2015-07-08-17 00 58.805	  31.02749051 121.43944407 1.25  0.0 0.0
2015-07-08-17 00 58.907	  31.02749051 121.43944407 1.25  0.0 0.0
2015-07-08-17 00 59.008	  31.02749051 121.43944407 1.25  0.0 0.0
2015-07-08-17 00 59.110	  31.02749051 121.43944407 1.25  0.0 0.0
2015-07-08-17 00 59.216	  31.02749051 121.43944407 1.25  0.0 0.0
2015-07-08-17 00 59.318	  31.02749051 121.43944407 1.25  0.0 0.0
2015-07-08-17 00 59.422	  31.02749051 121.43944407 1.25  0.0 0.0
2015-07-08-17 00 59.527	  31.02749051 121.43944407 1.25  0.0 0.0
2015-07-08-17 00 59.630	  31.02749051 121.43944407 1.25  0.0 0.0
2015-07-08-17 00 59.735	  31.02749051 121.43944407 1.25  0.0 0.0
2015-07-08-17 00 59.838	  31.02749051 121.43944407 1.25  0.0 0.0
2015-07-08-17 00 59.942	  31.02749051 121.43944407 1.25  0.0 0.0
2015-07-08-17 01 00.050	  31.02749051 121.43944407 1.25  0.0 0.0
2015-07-08-17 01 00.152	  31.02749051 121.43944407 1.25  0.0 0.0
2015-07-08-17 01 00.254	  31.02749051 121.43944407 1.25  0.0 0.0
2015-07-08-17 01 00.359	  31.02749051 121.43944407 1.25  0.0 0.0
2015-07-08-17 01 00.461	  31.02749051 121.43944407 1.25  0.0 0.0
2015-07-08-17 01 00.569	  31.02749051 121.43944407 1.25  0.0 0.0
2015-07-08-17 01 00.674	  31.02746346 121.43944366 1.25  0.0 0.0
2015-07-08-17 01 00.776	  31.02746346 121.43944366 1.25  0.0 0.0
2015-07-08-17 01 00.877	  31.02746346 121.43944366 1.25  0.0 0.0
2015-07-08-17 01 00.978	  31.02746346 121.43944366 1.25  0.0 0.0
2015-07-08-17 01 01.079	  31.02746346 121.43944366 1.25  0.0 0.0
2015-07-08-17 01 01.184	  31.02746346 121.43944366 1.25  0.0 0.0
2015-07-08-17 01 01.287	  31.02746346 121.43944366 1.25  0.0 0.0
2015-07-08-17 01 01.389	  31.02746346 121.43944366 1.25  0.0 0.0
2015-07-08-17 01 01.490	  31.02746346 121.43944366 1.25  0.0 0.0
2015-07-08-17 01 01.595	  31.02746346 121.43944366 1.25  0.0 0.0
2015-07-08-17 01 01.697	  31.02746346 121.43944366 1.25  0.0 0.0
2015-07-08-17 01 01.799	  31.02746346 121.43944366 1.25  0.0 0.0
2015-07-08-17 01 01.903	  31.02746346 121.43944366 1.25  0.0 0.0
2015-07-08-17 01 02.011	  31.02746346 121.43944366 1.25  0.0 0.0
2015-07-08-17 01 02.113	  31.02746346 121.43944366 1.25  0.0 0.0
2015-07-08-17 01 02.215	  31.02746346 121.43944366 1.25  0.0 0.0
2015-07-08-17 01 02.317	  31.02746346 121.43944366 1.25  0.0 0.0
2015-07-08-17 01 02.424	  31.02746346 121.43944366 1.25  0.0 0.0
2015-07-08-17 01 02.529	  31.02746346 121.43944366 1.25  0.0 0.0
2015-07-08-17 01 02.633	  31.02746346 121.43944366 1.25  0.0 0.0
2015-07-08-17 01 02.738	  31.02743609 121.43945041 1.25  0.0 0.0
2015-07-08-17 01 02.842	  31.02743609 121.43945041 1.25  0.0 0.0
2015-07-08-17 01 02.944	  31.02743609 121.43945041 1.25  0.0 0.0
2015-07-08-17 01 03.046	  31.02743609 121.43945041 1.25  0.0 0.0
2015-07-08-17 01 03.149	  31.02743609 121.43945041 1.25  0.0 0.0
2015-07-08-17 01 03.265	  31.02743609 121.43945041 1.25  0.0 0.0
2015-07-08-17 01 03.367	  31.02743609 121.43945041 1.25  0.0 0.0
2015-07-08-17 01 03.469	  31.02743609 121.43945041 1.25  0.0 0.0
2015-07-08-17 01 03.572	  31.02743609 121.43945041 1.25  0.0 0.0
2015-07-08-17 01 03.685	  31.02743609 121.43945041 1.25  0.0 0.0
2015-07-08-17 01 03.786	  31.02743609 121.43945041 1.25  0.0 0.0
2015-07-08-17 01 03.888	  31.02743609 121.43945041 1.25  0.0 0.0
2015-07-08-17 01 03.989	  31.02743609 121.43945041 1.25  0.0 0.0
2015-07-08-17 01 04.095	  31.02743609 121.43945041 1.25  0.0 0.0
2015-07-08-17 01 04.197	  31.02743609 121.43945041 1.25  0.0 0.0
2015-07-08-17 01 04.299	  31.02743609 121.43945041 1.25  0.0 0.0
2015-07-08-17 01 04.405	  31.02743609 121.43945041 1.25  0.0 0.0
2015-07-08-17 01 04.515	  31.02743609 121.43945041 1.25  0.0 0.0
2015-07-08-17 01 04.616	  31.02743609 121.43945041 1.25  0.0 0.0
2015-07-08-17 01 04.717	  31.02743609 121.43945041 1.25  0.0 0.0
2015-07-08-17 01 04.822	  31.02741058 121.43945355 1.25  0.0 0.0
2015-07-08-17 01 04.938	  31.02741058 121.43945355 1.25  0.0 0.0
2015-07-08-17 01 05.040	  31.02741058 121.43945355 1.25  0.0 0.0
2015-07-08-17 01 05.144	  31.02741058 121.43945355 1.25  0.0 0.0
2015-07-08-17 01 05.251	  31.02741058 121.43945355 1.25  0.0 0.0
2015-07-08-17 01 05.353	  31.02741058 121.43945355 1.25  0.0 0.0
2015-07-08-17 01 05.459	  31.02741058 121.43945355 1.25  0.0 0.0
2015-07-08-17 01 05.561	  31.02741058 121.43945355 1.25  0.0 0.0
2015-07-08-17 01 05.664	  31.02741058 121.43945355 1.25  0.0 0.0
2015-07-08-17 01 05.766	  31.02741058 121.43945355 1.25  0.0 0.0
2015-07-08-17 01 05.868	  31.02741058 121.43945355 1.25  0.0 0.0
2015-07-08-17 01 05.970	  31.02741058 121.43945355 1.25  0.0 0.0
2015-07-08-17 01 06.073	  31.02741058 121.43945355 1.25  0.0 0.0
2015-07-08-17 01 06.177	  31.02741058 121.43945355 1.25  0.0 0.0
2015-07-08-17 01 06.281	  31.02741058 121.43945355 1.25  0.0 0.0
2015-07-08-17 01 06.384	  31.02741058 121.43945355 1.25  0.0 0.0
2015-07-08-17 01 06.485	  31.02741058 121.43945355 1.25  0.0 0.0
2015-07-08-17 01 06.593	  31.02741058 121.43945355 1.25  0.0 0.0
2015-07-08-17 01 06.695	  31.02741058 121.43945355 1.25  0.0 0.0
2015-07-08-17 01 06.797	  31.02738635 121.43946727 1.25  0.0 0.0
2015-07-08-17 01 06.904	  31.02738635 121.43946727 1.25  0.0 0.0
2015-07-08-17 01 07.005	  31.02738635 121.43946727 1.25  0.0 0.0
2015-07-08-17 01 07.107	  31.02738635 121.43946727 1.25  0.0 0.0
2015-07-08-17 01 07.208	  31.02738635 121.43946727 1.25  0.0 0.0
2015-07-08-17 01 07.310	  31.02738635 121.43946727 1.25  0.0 0.0
2015-07-08-17 01 07.412	  31.02738635 121.43946727 1.25  0.0 0.0
2015-07-08-17 01 07.517	  31.02738635 121.43946727 1.25  0.0 0.0
2015-07-08-17 01 07.618	  31.02738635 121.43946727 1.25  0.0 0.0
2015-07-08-17 01 07.720	  31.02738635 121.43946727 1.25  0.0 0.0
2015-07-08-17 01 07.825	  31.02738635 121.43946727 1.25  0.0 0.0
2015-07-08-17 01 07.928	  31.02738635 121.43946727 1.25  0.0 0.0
2015-07-08-17 01 08.032	  31.02738635 121.43946727 1.25  0.0 0.0
2015-07-08-17 01 08.139	  31.02738635 121.43946727 1.25  0.0 0.0
2015-07-08-17 01 08.240	  31.02738635 121.43946727 1.25  0.0 0.0
2015-07-08-17 01 08.341	  31.02738635 121.43946727 1.25  0.0 0.0
2015-07-08-17 01 08.453	  31.02738635 121.43946727 1.25  0.0 0.0
2015-07-08-17 01 08.555	  31.02738635 121.43946727 1.25  0.0 0.0
2015-07-08-17 01 08.657	  31.02736432 121.4394884 1.25  0.0 0.0
2015-07-08-17 01 08.786	  31.02736432 121.4394884 1.25  0.0 0.0
2015-07-08-17 01 08.888	  31.02736432 121.4394884 1.25  0.0 0.0
2015-07-08-17 01 08.990	  31.02736432 121.4394884 1.25  0.0 0.0
2015-07-08-17 01 09.106	  31.02736432 121.4394884 1.25  0.0 0.0
2015-07-08-17 01 09.208	  31.02736432 121.4394884 1.25  0.0 0.0
2015-07-08-17 01 09.309	  31.02736432 121.4394884 1.25  0.0 0.0
2015-07-08-17 01 09.451	  31.02736432 121.4394884 1.25  0.0 0.0
2015-07-08-17 01 09.556	  31.02736432 121.4394884 1.25  0.0 0.0
2015-07-08-17 01 09.662	  31.02736432 121.4394884 1.25  0.0 0.0
2015-07-08-17 01 09.791	  31.02736432 121.4394884 1.25  0.0 0.0
2015-07-08-17 01 09.894	  31.02736432 121.4394884 1.25  0.0 0.0
2015-07-08-17 01 09.997	  31.02736432 121.4394884 1.25  0.0 0.0
2015-07-08-17 01 10.155	  31.02736432 121.4394884 1.25  0.0 0.0
2015-07-08-17 01 10.257	  31.02736432 121.4394884 1.25  0.0 0.0
2015-07-08-17 01 10.358	  31.02736432 121.4394884 1.25  0.0 0.0
2015-07-08-17 01 10.518	  31.02736432 121.4394884 1.25  0.0 0.0
2015-07-08-17 01 10.624	  31.02736432 121.4394884 1.25  0.0 0.0
2015-07-08-17 01 10.733	  31.02734319 121.43950576 1.5  0.0 0.0
2015-07-08-17 01 10.851	  31.02734319 121.43950576 1.5  0.0 0.0
2015-07-08-17 01 10.952	  31.02734319 121.43950576 1.5  0.0 0.0
2015-07-08-17 01 11.057	  31.02734319 121.43950576 1.5  0.0 0.0
2015-07-08-17 01 11.159	  31.02734319 121.43950576 1.5  0.0 0.0
2015-07-08-17 01 11.262	  31.02734319 121.43950576 1.5  0.0 0.0
2015-07-08-17 01 11.372	  31.02734319 121.43950576 1.5  0.0 0.0
2015-07-08-17 01 11.474	  31.02734319 121.43950576 1.5  0.0 0.0
2015-07-08-17 01 11.577	  31.02734319 121.43950576 1.5  0.0 0.0
2015-07-08-17 01 11.753	  31.02734319 121.43950576 1.5  0.0 0.0
2015-07-08-17 01 11.854	  31.02734319 121.43950576 1.5  0.0 0.0
2015-07-08-17 01 11.955	  31.02734319 121.43950576 1.5  0.0 0.0
2015-07-08-17 01 12.075	  31.02734319 121.43950576 1.5  0.0 0.0
2015-07-08-17 01 12.177	  31.02734319 121.43950576 1.5  0.0 0.0
2015-07-08-17 01 12.279	  31.02734319 121.43950576 1.5  0.0 0.0
2015-07-08-17 01 12.382	  31.02734319 121.43950576 1.5  0.0 0.0
2015-07-08-17 01 12.486	  31.02734319 121.43950576 1.5  0.0 0.0
2015-07-08-17 01 12.606	  31.02734319 121.43950576 1.5  0.0 0.0
2015-07-08-17 01 12.708	  31.02734319 121.43950576 1.5  0.0 0.0
2015-07-08-17 01 12.810	  31.02734319 121.43950576 1.5  0.0 0.0
2015-07-08-17 01 12.930	  31.02734319 121.43950576 1.5  0.0 0.0
2015-07-08-17 01 13.036	  31.02734319 121.43950576 1.5  0.0 0.0
2015-07-08-17 01 13.145	  31.02734319 121.43950576 1.5  0.0 0.0
2015-07-08-17 01 13.310	  31.02732641 121.4395219 1.25  0.0 0.0
2015-07-08-17 01 13.412	  31.02732641 121.4395219 1.25  0.0 0.0
2015-07-08-17 01 13.546	  31.02732641 121.4395219 1.25  0.0 0.0
2015-07-08-17 01 13.647	  31.02732641 121.4395219 1.25  0.0 0.0
2015-07-08-17 01 13.790	  31.02732641 121.4395219 1.25  0.0 0.0
2015-07-08-17 01 13.892	  31.02732641 121.4395219 1.25  0.0 0.0
2015-07-08-17 01 14.049	  31.02732641 121.4395219 1.25  0.0 0.0
2015-07-08-17 01 14.152	  31.02732641 121.4395219 1.25  0.0 0.0
2015-07-08-17 01 14.300	  31.02732641 121.4395219 1.25  0.0 0.0
2015-07-08-17 01 14.403	  31.02732641 121.4395219 1.25  0.0 0.0
2015-07-08-17 01 14.549	  31.02732641 121.4395219 1.25  0.0 0.0
2015-07-08-17 01 14.657	  31.02732641 121.4395219 1.25  0.0 0.0
2015-07-08-17 01 14.849	  31.02731178 121.43953623 1.25  0.0 0.0
2015-07-08-17 01 14.951	  31.02731178 121.43953623 1.25  0.0 0.0
2015-07-08-17 01 15.098	  31.02731178 121.43953623 1.25  0.0 0.0
2015-07-08-17 01 15.201	  31.02731178 121.43953623 1.25  0.0 0.0
2015-07-08-17 01 15.358	  31.02731178 121.43953623 1.25  0.0 0.0
2015-07-08-17 01 15.460	  31.02731178 121.43953623 1.25  0.0 0.0
2015-07-08-17 01 15.583	  31.02731178 121.43953623 1.25  0.0 0.0
2015-07-08-17 01 15.712	  31.02731178 121.43953623 1.25  0.0 0.0
2015-07-08-17 01 15.817	  31.02731178 121.43953623 1.25  0.0 0.0
2015-07-08-17 01 15.925	  31.02731178 121.43953623 1.25  0.0 0.0
2015-07-08-17 01 16.031	  31.02731178 121.43953623 1.25  0.0 0.0
2015-07-08-17 01 16.136	  31.02731178 121.43953623 1.25  0.0 0.0
2015-07-08-17 01 16.302	  31.02731178 121.43953623 1.25  0.0 0.0
2015-07-08-17 01 16.407	  31.02731178 121.43953623 1.25  0.0 0.0
2015-07-08-17 01 16.569	  31.02731178 121.43953623 1.25  0.0 0.0
2015-07-08-17 01 16.672	  31.02729635 121.43954958 1.25  0.0 0.0
2015-07-08-17 01 16.808	  31.02729635 121.43954958 1.25  0.0 0.0
2015-07-08-17 01 16.910	  31.02729635 121.43954958 1.25  0.0 0.0
2015-07-08-17 01 17.051	  31.02729635 121.43954958 1.25  0.0 0.0
2015-07-08-17 01 17.157	  31.02729635 121.43954958 1.25  0.0 0.0
2015-07-08-17 01 17.320	  31.02729635 121.43954958 1.25  0.0 0.0
2015-07-08-17 01 17.423	  31.02729635 121.43954958 1.25  0.0 0.0
2015-07-08-17 01 17.538	  31.02729635 121.43954958 1.25  0.0 0.0
2015-07-08-17 01 17.648	  31.02729635 121.43954958 1.25  0.0 0.0
2015-07-08-17 01 17.767	  31.02729635 121.43954958 1.25  0.0 0.0
2015-07-08-17 01 17.868	  31.02729635 121.43954958 1.25  0.0 0.0
2015-07-08-17 01 17.999	  31.02729635 121.43954958 1.25  0.0 0.0
2015-07-08-17 01 18.106	  31.02729635 121.43954958 1.25  0.0 0.0
2015-07-08-17 01 18.267	  31.02729635 121.43954958 1.25  0.0 0.0
2015-07-08-17 01 18.372	  31.02729635 121.43954958 1.25  0.0 0.0
2015-07-08-17 01 18.535	  31.02729635 121.43954958 1.25  0.0 0.0
2015-07-08-17 01 18.638	  31.02727857 121.43956205 1.25  0.0 0.0
2015-07-08-17 01 18.789	  31.02727857 121.43956205 1.25  0.0 0.0
2015-07-08-17 01 18.891	  31.02727857 121.43956205 1.25  0.0 0.0
2015-07-08-17 01 19.005	  31.02727857 121.43956205 1.25  0.0 0.0
2015-07-08-17 01 19.107	  31.02727857 121.43956205 1.25  0.0 0.0
2015-07-08-17 01 19.235	  31.02727857 121.43956205 1.25  0.0 0.0
2015-07-08-17 01 19.337	  31.02727857 121.43956205 1.25  0.0 0.0
2015-07-08-17 01 19.505	  31.02727857 121.43956205 1.25  0.0 0.0
2015-07-08-17 01 19.609	  31.02727857 121.43956205 1.25  0.0 0.0
2015-07-08-17 01 19.803	  31.02727857 121.43956205 1.25  0.0 0.0
2015-07-08-17 01 19.904	  31.02727857 121.43956205 1.25  0.0 0.0
2015-07-08-17 01 20.045	  31.02727857 121.43956205 1.25  0.0 0.0
2015-07-08-17 01 20.149	  31.02727857 121.43956205 1.25  0.0 0.0
2015-07-08-17 01 20.300	  31.02727857 121.43956205 1.25  0.0 0.0
2015-07-08-17 01 20.403	  31.02727857 121.43956205 1.25  0.0 0.0
2015-07-08-17 01 20.554	  31.02727857 121.43956205 1.25  0.0 0.0
2015-07-08-17 01 20.656	  31.02727857 121.43956205 1.25  0.0 0.0
2015-07-08-17 01 20.795	  31.02727857 121.43956205 1.25  0.0 0.0
2015-07-08-17 01 20.898	  31.02727857 121.43956205 1.25  0.0 0.0
2015-07-08-17 01 21.055	  31.02727857 121.43956205 1.25  0.0 0.0
2015-07-08-17 01 21.158	  31.02725909 121.4395737 1.25  0.0 0.0
2015-07-08-17 01 21.311	  31.02725909 121.4395737 1.25  0.0 0.0
2015-07-08-17 01 21.413	  31.02725909 121.4395737 1.25  0.0 0.0
2015-07-08-17 01 21.558	  31.02725909 121.4395737 1.25  0.0 0.0
2015-07-08-17 01 21.663	  31.02725909 121.4395737 1.25  0.0 0.0
2015-07-08-17 01 21.825	  31.02725909 121.4395737 1.25  0.0 0.0
2015-07-08-17 01 21.927	  31.02725909 121.4395737 1.25  0.0 0.0
2015-07-08-17 01 22.057	  31.02725909 121.4395737 1.25  0.0 0.0
2015-07-08-17 01 22.158	  31.02725909 121.4395737 1.25  0.0 0.0
2015-07-08-17 01 22.305	  31.02725909 121.4395737 1.25  0.0 0.0
2015-07-08-17 01 22.411	  31.02725909 121.4395737 1.25  0.0 0.0
2015-07-08-17 01 22.561	  31.02725909 121.4395737 1.25  0.0 0.0
2015-07-08-17 01 22.663	  31.02725909 121.4395737 1.25  0.0 0.0
2015-07-08-17 01 22.798	  31.02724121 121.43958929 1.25  0.0 0.0
2015-07-08-17 01 22.900	  31.02724121 121.43958929 1.25  0.0 0.0
2015-07-08-17 01 23.033	  31.02724121 121.43958929 1.25  0.0 0.0
2015-07-08-17 01 23.139	  31.02724121 121.43958929 1.25  0.0 0.0
2015-07-08-17 01 23.288	  31.02724121 121.43958929 1.25  0.0 0.0
2015-07-08-17 01 23.395	  31.02724121 121.43958929 1.25  0.0 0.0
2015-07-08-17 01 23.554	  31.02724121 121.43958929 1.25  0.0 0.0
2015-07-08-17 01 23.656	  31.02724121 121.43958929 1.25  0.0 0.0
2015-07-08-17 01 23.759	  31.02724121 121.43958929 1.25  0.0 0.0
2015-07-08-17 01 23.862	  31.02724121 121.43958929 1.25  0.0 0.0
2015-07-08-17 01 23.973	  31.02724121 121.43958929 1.25  0.0 0.0
2015-07-08-17 01 24.078	  31.02724121 121.43958929 1.25  0.0 0.0
2015-07-08-17 01 24.232	  31.02724121 121.43958929 1.25  0.0 0.0
2015-07-08-17 01 24.333	  31.02724121 121.43958929 1.25  0.0 0.0
2015-07-08-17 01 24.455	  31.02724121 121.43958929 1.25  0.0 0.0
2015-07-08-17 01 24.600	  31.02724121 121.43958929 1.25  0.0 0.0
2015-07-08-17 01 24.702	  31.02722175 121.43959984 1.25  0.0 0.0
2015-07-08-17 01 24.835	  31.02722175 121.43959984 1.25  0.0 0.0
2015-07-08-17 01 24.959	  31.02722175 121.43959984 1.25  0.0 0.0
2015-07-08-17 01 25.062	  31.02722175 121.43959984 1.25  0.0 0.0
2015-07-08-17 01 25.219	  31.02722175 121.43959984 1.25  0.0 0.0
2015-07-08-17 01 25.335	  31.02722175 121.43959984 1.25  0.0 0.0
2015-07-08-17 01 25.437	  31.02722175 121.43959984 1.25  0.0 0.0
2015-07-08-17 01 25.587	  31.02722175 121.43959984 1.25  0.0 0.0
2015-07-08-17 01 25.706	  31.02722175 121.43959984 1.25  0.0 0.0
2015-07-08-17 01 25.810	  31.02722175 121.43959984 1.25  0.0 0.0
2015-07-08-17 01 25.982	  31.02722175 121.43959984 1.25  0.0 0.0
2015-07-08-17 01 26.085	  31.02722175 121.43959984 1.25  0.0 0.0
2015-07-08-17 01 26.253	  31.02722175 121.43959984 1.25  0.0 0.0
2015-07-08-17 01 26.357	  31.02722175 121.43959984 1.25  0.0 0.0
2015-07-08-17 01 26.459	  31.02722175 121.43959984 1.25  0.0 0.0
2015-07-08-17 01 26.592	  31.02722175 121.43959984 1.25  0.0 0.0
2015-07-08-17 01 26.759	  31.02720054 121.43960757 1.25  0.0 0.0
2015-07-08-17 01 26.861	  31.02720054 121.43960757 1.25  0.0 0.0
2015-07-08-17 01 26.976	  31.02720054 121.43960757 1.25  0.0 0.0
2015-07-08-17 01 27.092	  31.02720054 121.43960757 1.25  0.0 0.0
2015-07-08-17 01 27.194	  31.02720054 121.43960757 1.25  0.0 0.0
2015-07-08-17 01 27.354	  31.02720054 121.43960757 1.25  0.0 0.0
2015-07-08-17 01 27.470	  31.02720054 121.43960757 1.25  0.0 0.0
2015-07-08-17 01 27.573	  31.02720054 121.43960757 1.25  0.0 0.0
2015-07-08-17 01 27.746	  31.02720054 121.43960757 1.25  0.0 0.0
2015-07-08-17 01 27.884	  31.02720054 121.43960757 1.25  0.0 0.0
2015-07-08-17 01 27.988	  31.02720054 121.43960757 1.25  0.0 0.0
2015-07-08-17 01 28.148	  31.02720054 121.43960757 1.25  0.0 0.0
2015-07-08-17 01 28.266	  31.02720054 121.43960757 1.25  0.0 0.0
2015-07-08-17 01 28.367	  31.02720054 121.43960757 1.25  0.0 0.0
2015-07-08-17 01 28.484	  31.02720054 121.43960757 1.25  0.0 0.0
2015-07-08-17 01 28.650	  31.02718079 121.43961565 1.25  0.0 0.0
2015-07-08-17 01 28.756	  31.02718079 121.43961565 1.25  0.0 0.0
2015-07-08-17 01 28.871	  31.02718079 121.43961565 1.25  0.0 0.0
2015-07-08-17 01 28.998	  31.02718079 121.43961565 1.25  0.0 0.0
2015-07-08-17 01 29.102	  31.02718079 121.43961565 1.25  0.0 0.0
2015-07-08-17 01 29.276	  31.02718079 121.43961565 1.25  0.0 0.0
2015-07-08-17 01 29.414	  31.02718079 121.43961565 1.25  0.0 0.0
2015-07-08-17 01 29.517	  31.02718079 121.43961565 1.25  0.0 0.0
2015-07-08-17 01 29.671	  31.02718079 121.43961565 1.25  0.0 0.0
2015-07-08-17 01 29.814	  31.02718079 121.43961565 1.25  0.0 0.0
2015-07-08-17 01 29.920	  31.02718079 121.43961565 1.25  0.0 0.0
2015-07-08-17 01 30.089	  31.02718079 121.43961565 1.25  0.0 0.0
2015-07-08-17 01 30.253	  31.02718079 121.43961565 1.25  0.0 0.0
2015-07-08-17 01 30.356	  31.02718079 121.43961565 1.25  0.0 0.0
2015-07-08-17 01 30.498	  31.02718079 121.43961565 1.25  0.0 0.0
2015-07-08-17 01 30.640	  31.02718079 121.43961565 1.25  0.0 0.0
2015-07-08-17 01 30.743	  31.02718079 121.43961565 1.25  0.0 0.0
2015-07-08-17 01 30.883	  31.02716098 121.4396226 1.25  0.0 0.0
2015-07-08-17 01 31.021	  31.02716098 121.4396226 1.25  0.0 0.0
2015-07-08-17 01 31.143	  31.02716098 121.4396226 1.25  0.0 0.0
2015-07-08-17 01 31.279	  31.02716098 121.4396226 1.25  0.0 0.0
2015-07-08-17 01 31.434	  31.02716098 121.4396226 1.25  0.0 0.0
2015-07-08-17 01 31.575	  31.02716098 121.4396226 1.25  0.0 0.0
2015-07-08-17 01 31.716	  31.02716098 121.4396226 1.25  0.0 0.0
2015-07-08-17 01 31.834	  31.02716098 121.4396226 1.25  0.0 0.0
2015-07-08-17 01 31.959	  31.02716098 121.4396226 1.25  0.0 0.0
2015-07-08-17 01 32.125	  31.02716098 121.4396226 1.25  0.0 0.0
2015-07-08-17 01 32.280	  31.02716098 121.4396226 1.25  0.0 0.0
2015-07-08-17 01 32.436	  31.02716098 121.4396226 1.25  0.0 0.0
2015-07-08-17 01 32.562	  31.02716098 121.4396226 1.25  0.0 0.0
2015-07-08-17 01 32.678	  31.02714114 121.43963014 1.25  0.0 0.0
2015-07-08-17 01 32.819	  31.02714114 121.43963014 1.25  0.0 0.0
2015-07-08-17 01 32.935	  31.02714114 121.43963014 1.25  0.0 0.0
2015-07-08-17 01 33.115	  31.02714114 121.43963014 1.25  0.0 0.0
2015-07-08-17 01 33.232	  31.02714114 121.43963014 1.25  0.0 0.0
2015-07-08-17 01 33.372	  31.02714114 121.43963014 1.25  0.0 0.0
2015-07-08-17 01 33.510	  31.02714114 121.43963014 1.25  0.0 0.0
2015-07-08-17 01 33.634	  31.02714114 121.43963014 1.25  0.0 0.0
2015-07-08-17 01 33.795	  31.02714114 121.43963014 1.25  0.0 0.0
2015-07-08-17 01 33.909	  31.02714114 121.43963014 1.25  0.0 0.0
2015-07-08-17 01 34.036	  31.02714114 121.43963014 1.25  0.0 0.0
2015-07-08-17 01 34.201	  31.02714114 121.43963014 1.25  0.0 0.0
2015-07-08-17 01 34.317	  31.02714114 121.43963014 1.25  0.0 0.0
2015-07-08-17 01 34.482	  31.02714114 121.43963014 1.25  0.0 0.0
2015-07-08-17 01 34.622	  31.02714114 121.43963014 1.25  0.0 0.0
2015-07-08-17 01 34.748	  31.02712038 121.43963836 1.25  0.0 0.0
2015-07-08-17 01 34.880	  31.02712038 121.43963836 1.25  0.0 0.0
2015-07-08-17 01 35.010	  31.02712038 121.43963836 1.25  0.0 0.0
2015-07-08-17 01 35.150	  31.02712038 121.43963836 1.25  0.0 0.0
2015-07-08-17 01 35.300	  31.02712038 121.43963836 1.25  0.0 0.0
2015-07-08-17 01 35.454	  31.02712038 121.43963836 1.25  0.0 0.0
2015-07-08-17 01 35.598	  31.02712038 121.43963836 1.25  0.0 0.0
2015-07-08-17 01 35.715	  31.02712038 121.43963836 1.25  0.0 0.0
2015-07-08-17 01 35.865	  31.02712038 121.43963836 1.25  0.0 0.0
2015-07-08-17 01 36.001	  31.02712038 121.43963836 1.25  0.0 0.0
2015-07-08-17 01 36.170	  31.02712038 121.43963836 1.25  0.0 0.0
2015-07-08-17 01 36.309	  31.02712038 121.43963836 1.25  0.0 0.0
2015-07-08-17 01 36.491	  31.02712038 121.43963836 1.25  0.0 0.0
2015-07-08-17 01 36.652	  31.02712038 121.43963836 1.25  0.0 0.0
2015-07-08-17 01 36.771	  31.02712038 121.43963836 1.25  0.0 0.0
2015-07-08-17 01 36.911	  31.02712038 121.43963836 1.25  0.0 0.0
2015-07-08-17 01 37.059	  31.02712038 121.43963836 1.25  0.0 0.0
2015-07-08-17 01 37.200	  31.02710046 121.43964825 1.25  0.0 0.0
2015-07-08-17 01 37.353	  31.02710046 121.43964825 1.25  0.0 0.0
2015-07-08-17 01 37.468	  31.02710046 121.43964825 1.25  0.0 0.0
2015-07-08-17 01 37.598	  31.02710046 121.43964825 1.25  0.0 0.0
2015-07-08-17 01 37.744	  31.02710046 121.43964825 1.25  0.0 0.0
2015-07-08-17 01 37.868	  31.02710046 121.43964825 1.25  0.0 0.0
2015-07-08-17 01 38.001	  31.02710046 121.43964825 1.25  0.0 0.0
2015-07-08-17 01 38.155	  31.02710046 121.43964825 1.25  0.0 0.0
2015-07-08-17 01 38.295	  31.02710046 121.43964825 1.25  0.0 0.0
2015-07-08-17 01 38.437	  31.02710046 121.43964825 1.25  0.0 0.0
2015-07-08-17 01 38.584	  31.02710046 121.43964825 1.25  0.0 0.0
2015-07-08-17 01 38.702	  31.02710046 121.43964825 1.25  0.0 0.0
2015-07-08-17 01 38.854	  31.02708164 121.43965539 1.25  0.0 0.0
2015-07-08-17 01 38.973	  31.02708164 121.43965539 1.25  0.0 0.0
2015-07-08-17 01 39.098	  31.02708164 121.43965539 1.25  0.0 0.0
2015-07-08-17 01 39.262	  31.02708164 121.43965539 1.25  0.0 0.0
2015-07-08-17 01 39.414	  31.02708164 121.43965539 1.25  0.0 0.0
2015-07-08-17 01 39.555	  31.02708164 121.43965539 1.25  0.0 0.0
2015-07-08-17 01 39.750	  31.02708164 121.43965539 1.25  0.0 0.0
2015-07-08-17 01 39.865	  31.02708164 121.43965539 1.25  0.0 0.0
2015-07-08-17 01 39.980	  31.02708164 121.43965539 1.25  0.0 0.0
2015-07-08-17 01 40.099	  31.02708164 121.43965539 1.25  0.0 0.0
2015-07-08-17 01 40.261	  31.02708164 121.43965539 1.25  0.0 0.0
2015-07-08-17 01 40.395	  31.02708164 121.43965539 1.25  0.0 0.0
2015-07-08-17 01 40.539	  31.02708164 121.43965539 1.25  0.0 0.0
2015-07-08-17 01 40.657	  31.0270613 121.439665 1.25  0.0 0.0
2015-07-08-17 01 40.801	  31.0270613 121.439665 1.25  0.0 0.0
2015-07-08-17 01 40.915	  31.0270613 121.439665 1.25  0.0 0.0
2015-07-08-17 01 41.031	  31.0270613 121.439665 1.25  0.0 0.0
2015-07-08-17 01 41.198	  31.0270613 121.439665 1.25  0.0 0.0
2015-07-08-17 01 41.317	  31.0270613 121.439665 1.25  0.0 0.0
2015-07-08-17 01 41.478	  31.0270613 121.439665 1.25  0.0 0.0
2015-07-08-17 01 41.594	  31.0270613 121.439665 1.25  0.0 0.0
2015-07-08-17 01 41.741	  31.0270613 121.439665 1.25  0.0 0.0
2015-07-08-17 01 41.856	  31.0270613 121.439665 1.25  0.0 0.0
2015-07-08-17 01 41.981	  31.0270613 121.439665 1.25  0.0 0.0
2015-07-08-17 01 42.143	  31.0270613 121.439665 1.25  0.0 0.0
2015-07-08-17 01 42.283	  31.0270613 121.439665 1.25  0.0 0.0
2015-07-08-17 01 42.400	  31.0270613 121.439665 1.25  0.0 0.0
2015-07-08-17 01 42.540	  31.0270613 121.439665 1.25  0.0 0.0
2015-07-08-17 01 42.685	  31.02704061 121.43967453 1.25  0.0 0.0
2015-07-08-17 01 42.809	  31.02704061 121.43967453 1.25  0.0 0.0
2015-07-08-17 01 42.925	  31.02704061 121.43967453 1.25  0.0 0.0
2015-07-08-17 01 43.067	  31.02704061 121.43967453 1.25  0.0 0.0
2015-07-08-17 01 43.211	  31.02704061 121.43967453 1.25  0.0 0.0
2015-07-08-17 01 43.350	  31.02704061 121.43967453 1.25  0.0 0.0
2015-07-08-17 01 43.503	  31.02704061 121.43967453 1.25  0.0 0.0
2015-07-08-17 01 43.657	  31.02704061 121.43967453 1.25  0.0 0.0
2015-07-08-17 01 43.783	  31.02704061 121.43967453 1.25  0.0 0.0
2015-07-08-17 01 43.930	  31.02704061 121.43967453 1.25  0.0 0.0
2015-07-08-17 01 44.071	  31.02704061 121.43967453 1.25  0.0 0.0
2015-07-08-17 01 44.189	  31.02704061 121.43967453 1.25  0.0 0.0
2015-07-08-17 01 44.307	  31.02704061 121.43967453 1.25  0.0 0.0
2015-07-08-17 01 44.452	  31.02704061 121.43967453 1.25  0.0 0.0
2015-07-08-17 01 44.603	  31.02704061 121.43967453 1.25  0.0 0.0
2015-07-08-17 01 44.720	  31.0270192 121.43968481 1.25  0.0 0.0
2015-07-08-17 01 44.851	  31.0270192 121.43968481 1.25  0.0 0.0
2015-07-08-17 01 44.980	  31.0270192 121.43968481 1.25  0.0 0.0
2015-07-08-17 01 45.131	  31.0270192 121.43968481 1.25  0.0 0.0
2015-07-08-17 01 45.273	  31.0270192 121.43968481 1.25  0.0 0.0
2015-07-08-17 01 45.414	  31.0270192 121.43968481 1.25  0.0 0.0
2015-07-08-17 01 45.581	  31.0270192 121.43968481 1.25  0.0 0.0
2015-07-08-17 01 45.717	  31.0270192 121.43968481 1.25  0.0 0.0
2015-07-08-17 01 45.886	  31.0270192 121.43968481 1.25  0.0 0.0
2015-07-08-17 01 46.023	  31.0270192 121.43968481 1.25  0.0 0.0
2015-07-08-17 01 46.142	  31.0270192 121.43968481 1.25  0.0 0.0
2015-07-08-17 01 46.302	  31.0270192 121.43968481 1.25  0.0 0.0
2015-07-08-17 01 46.455	  31.0270192 121.43968481 1.25  0.0 0.0
2015-07-08-17 01 46.600	  31.0270192 121.43968481 1.25  0.0 0.0
2015-07-08-17 01 46.716	  31.0270192 121.43968481 1.25  0.0 0.0
2015-07-08-17 01 46.878	  31.02699779 121.43969316 1.25  0.0 0.0
2015-07-08-17 01 47.005	  31.02699779 121.43969316 1.25  0.0 0.0
2015-07-08-17 01 47.167	  31.02699779 121.43969316 1.25  0.0 0.0
2015-07-08-17 01 47.283	  31.02699779 121.43969316 1.25  0.0 0.0
2015-07-08-17 01 47.428	  31.02699779 121.43969316 1.25  0.0 0.0
2015-07-08-17 01 47.546	  31.02699779 121.43969316 1.25  0.0 0.0
2015-07-08-17 01 47.693	  31.02699779 121.43969316 1.25  0.0 0.0
2015-07-08-17 01 47.851	  31.02699779 121.43969316 1.25  0.0 0.0
2015-07-08-17 01 47.965	  31.02699779 121.43969316 1.25  0.0 0.0
2015-07-08-17 01 48.105	  31.02699779 121.43969316 1.25  0.0 0.0
2015-07-08-17 01 48.255	  31.02699779 121.43969316 1.25  0.0 0.0
2015-07-08-17 01 48.359	  31.02699779 121.43969316 1.25  0.0 0.0
2015-07-08-17 01 48.518	  31.02699779 121.43969316 1.25  0.0 0.0
2015-07-08-17 01 48.650	  31.02697651 121.43969943 1.25  0.0 0.0
2015-07-08-17 01 48.753	  31.02697651 121.43969943 1.25  0.0 0.0
2015-07-08-17 01 48.896	  31.02697651 121.43969943 1.25  0.0 0.0
2015-07-08-17 01 49.014	  31.02697651 121.43969943 1.25  0.0 0.0
2015-07-08-17 01 49.116	  31.02697651 121.43969943 1.25  0.0 0.0
2015-07-08-17 01 49.232	  31.02697651 121.43969943 1.25  0.0 0.0
2015-07-08-17 01 49.371	  31.02697651 121.43969943 1.25  0.0 0.0
2015-07-08-17 01 49.473	  31.02697651 121.43969943 1.25  0.0 0.0
2015-07-08-17 01 49.602	  31.02697651 121.43969943 1.25  0.0 0.0
2015-07-08-17 01 49.724	  31.02697651 121.43969943 1.25  0.0 0.0
2015-07-08-17 01 49.828	  31.02697651 121.43969943 1.25  0.0 0.0
2015-07-08-17 01 49.969	  31.02697651 121.43969943 1.25  0.0 0.0
2015-07-08-17 01 50.117	  31.02697651 121.43969943 1.25  0.0 0.0
2015-07-08-17 01 50.223	  31.02697651 121.43969943 1.25  0.0 0.0
2015-07-08-17 01 50.395	  31.02697651 121.43969943 1.25  0.0 0.0
2015-07-08-17 01 50.512	  31.02697651 121.43969943 1.25  0.0 0.0
2015-07-08-17 01 50.615	  31.02695519 121.439706 1.25  0.0 0.0
2015-07-08-17 01 50.757	  31.02695519 121.439706 1.25  0.0 0.0
2015-07-08-17 01 50.900	  31.02695519 121.439706 1.25  0.0 0.0
2015-07-08-17 01 51.008	  31.02695519 121.439706 1.25  0.0 0.0
2015-07-08-17 01 51.156	  31.02695519 121.439706 1.25  0.0 0.0
2015-07-08-17 01 51.273	  31.02695519 121.439706 1.25  0.0 0.0
2015-07-08-17 01 51.375	  31.02695519 121.439706 1.25  0.0 0.0
2015-07-08-17 01 51.497	  31.02695519 121.439706 1.25  0.0 0.0
2015-07-08-17 01 51.634	  31.02695519 121.439706 1.25  0.0 0.0
2015-07-08-17 01 51.738	  31.02695519 121.439706 1.25  0.0 0.0
2015-07-08-17 01 51.865	  31.02695519 121.439706 1.25  0.0 0.0
2015-07-08-17 01 52.022	  31.02695519 121.439706 1.25  0.0 0.0
2015-07-08-17 01 52.126	  31.02695519 121.439706 1.25  0.0 0.0
2015-07-08-17 01 52.253	  31.02695519 121.439706 1.25  0.0 0.0
2015-07-08-17 01 52.388	  31.02695519 121.439706 1.25  0.0 0.0
2015-07-08-17 01 52.515	  31.02695519 121.439706 1.25  0.0 0.0
2015-07-08-17 01 52.672	  31.02695519 121.439706 1.25  0.0 0.0
2015-07-08-17 01 52.811	  31.02695519 121.439706 1.25  0.0 0.0
2015-07-08-17 01 52.937	  31.02695519 121.439706 1.25  0.0 0.0
2015-07-08-17 01 53.040	  31.02695519 121.439706 1.25  0.0 0.0
2015-07-08-17 01 53.219	  31.02693501 121.43970711 1.25  0.0 0.0
2015-07-08-17 01 53.333	  31.02693501 121.43970711 1.25  0.0 0.0
2015-07-08-17 01 53.487	  31.02693501 121.43970711 1.25  0.0 0.0
2015-07-08-17 01 53.645	  31.02693501 121.43970711 1.25  0.0 0.0
2015-07-08-17 01 53.782	  31.02693501 121.43970711 1.25  0.0 0.0
2015-07-08-17 01 53.914	  31.02693501 121.43970711 1.25  0.0 0.0
2015-07-08-17 01 54.030	  31.02693501 121.43970711 1.25  0.0 0.0
2015-07-08-17 01 54.132	  31.02693501 121.43970711 1.25  0.0 0.0
2015-07-08-17 01 54.237	  31.02693501 121.43970711 1.25  0.0 0.0
2015-07-08-17 01 54.398	  31.02693501 121.43970711 1.25  0.0 0.0
2015-07-08-17 01 54.513	  31.02693501 121.43970711 1.25  0.0 0.0
2015-07-08-17 01 54.651	  31.02693501 121.43970711 1.25  0.0 0.0
2015-07-08-17 01 54.807	  31.02691563 121.43971169 1.25  0.0 0.0
2015-07-08-17 01 54.924	  31.02691563 121.43971169 1.25  0.0 0.0
2015-07-08-17 01 55.039	  31.02691563 121.43971169 1.25  0.0 0.0
2015-07-08-17 01 55.183	  31.02691563 121.43971169 1.25  0.0 0.0
2015-07-08-17 01 55.285	  31.02691563 121.43971169 1.25  0.0 0.0
2015-07-08-17 01 55.388	  31.02691563 121.43971169 1.25  0.0 0.0
2015-07-08-17 01 55.553	  31.02691563 121.43971169 1.25  0.0 0.0
2015-07-08-17 01 55.671	  31.02691563 121.43971169 1.25  0.0 0.0
2015-07-08-17 01 55.799	  31.02691563 121.43971169 1.25  0.0 0.0
2015-07-08-17 01 55.914	  31.02691563 121.43971169 1.25  0.0 0.0
2015-07-08-17 01 56.075	  31.02691563 121.43971169 1.25  0.0 0.0
2015-07-08-17 01 56.220	  31.02691563 121.43971169 1.25  0.0 0.0
2015-07-08-17 01 56.370	  31.02691563 121.43971169 1.25  0.0 0.0
2015-07-08-17 01 56.481	  31.02691563 121.43971169 1.25  0.0 0.0
2015-07-08-17 01 56.583	  31.02691563 121.43971169 1.25  0.0 0.0
2015-07-08-17 01 56.704	  31.02689526 121.43972038 1.25  0.0 0.0
2015-07-08-17 01 56.811	  31.02689526 121.43972038 1.25  0.0 0.0
2015-07-08-17 01 56.914	  31.02689526 121.43972038 1.25  0.0 0.0
2015-07-08-17 01 57.061	  31.02689526 121.43972038 1.25  0.0 0.0
2015-07-08-17 01 57.167	  31.02689526 121.43972038 1.25  0.0 0.0
2015-07-08-17 01 57.271	  31.02689526 121.43972038 1.25  0.0 0.0
2015-07-08-17 01 57.392	  31.02689526 121.43972038 1.25  0.0 0.0
