2015-06-26-19 58 34.719	  0.0 0.0 0.0  0.0 0.0
2015-06-26-19 58 35.221	  0.0 0.0 0.0  0.0 0.0
2015-06-26-19 58 35.723	  0.0 0.0 0.0  0.0 0.0
2015-06-26-19 58 36.224	  0.0 0.0 0.0  0.0 0.0
2015-06-26-19 58 36.727	  0.0 0.0 0.0  0.0 0.0
2015-06-26-19 58 37.228	  0.0 0.0 0.0  0.0 0.0
2015-06-26-19 58 37.732	  0.0 0.0 0.0  0.0 0.0
2015-06-26-19 58 38.236	  0.0 0.0 0.0  0.0 0.0
2015-06-26-19 58 38.739	  0.0 0.0 0.0  0.0 0.0
2015-06-26-19 58 39.247	  0.0 0.0 0.0  0.0 0.0
2015-06-26-19 58 39.760	  0.0 0.0 0.0  0.0 0.0
2015-06-26-19 58 40.262	  0.0 0.0 0.0  0.0 0.0
2015-06-26-19 58 40.769	  0.0 0.0 0.0  0.0 0.0
2015-06-26-19 58 41.270	  0.0 0.0 0.0  0.0 0.0
2015-06-26-19 58 41.776	  0.0 0.0 0.0  0.0 0.0
2015-06-26-19 58 42.282	  0.0 0.0 0.0  0.0 0.0
2015-06-26-19 58 42.785	  0.0 0.0 0.0  0.0 0.0
2015-06-26-19 58 43.293	  0.0 0.0 0.0  0.0 0.0
2015-06-26-19 58 43.799	  0.0 0.0 0.0  0.0 0.0
2015-06-26-19 58 44.307	  0.0 0.0 0.0  0.0 0.0
2015-06-26-19 58 44.810	  0.0 0.0 0.0  0.0 0.0
2015-06-26-19 58 45.314	  0.0 0.0 0.0  0.0 0.0
2015-06-26-19 58 45.818	  0.0 0.0 0.0  0.0 0.0
2015-06-26-19 58 46.319	  0.0 0.0 0.0  0.0 0.0
2015-06-26-19 58 46.824	  0.0 0.0 0.0  0.0 0.0
2015-06-26-19 58 47.328	  0.0 0.0 0.0  0.0 0.0
2015-06-26-19 58 47.835	  0.0 0.0 0.0  0.0 0.0
2015-06-26-19 58 48.341	  0.0 0.0 0.0  0.0 0.0
2015-06-26-19 58 48.843	  0.0 0.0 0.0  0.0 0.0
2015-06-26-19 58 49.347	  0.0 0.0 0.0  0.0 0.0
2015-06-26-19 58 49.850	  0.0 0.0 0.0  0.0 0.0
2015-06-26-19 58 50.356	  0.0 0.0 0.0  0.0 0.0
2015-06-26-19 58 50.862	  0.0 0.0 0.0  0.0 0.0
2015-06-26-19 58 51.363	  0.0 0.0 0.0  0.0 0.0
2015-06-26-19 58 51.867	  0.0 0.0 0.0  0.0 0.0
2015-06-26-19 58 52.371	  0.0 0.0 0.0  0.0 0.0
2015-06-26-19 58 52.877	  0.0 0.0 0.0  0.0 0.0
2015-06-26-19 58 53.380	  0.0 0.0 0.0  0.0 0.0
2015-06-26-19 58 53.881	  0.0 0.0 0.0  0.0 0.0
2015-06-26-19 58 54.385	  0.0 0.0 0.0  0.0 0.0
2015-06-26-19 58 54.891	  0.0 0.0 0.0  0.0 0.0
2015-06-26-19 58 55.397	  0.0 0.0 0.0  0.0 0.0
2015-06-26-19 58 55.901	  0.0 0.0 0.0  0.0 0.0
2015-06-26-19 58 56.409	  0.0 0.0 0.0  0.0 0.0
2015-06-26-19 58 56.911	  0.0 0.0 0.0  0.0 0.0
2015-06-26-19 58 57.418	  0.0 0.0 0.0  0.0 0.0
2015-06-26-19 58 57.925	  0.0 0.0 0.0  0.0 0.0
2015-06-26-19 58 58.429	  0.0 0.0 0.0  0.0 0.0
2015-06-26-19 58 58.931	  0.0 0.0 0.0  0.0 0.0
2015-06-26-19 58 59.437	  0.0 0.0 0.0  0.0 0.0
2015-06-26-19 58 59.938	  0.0 0.0 0.0  0.0 0.0
2015-06-26-19 59 00.440	  0.0 0.0 0.0  0.0 0.0
2015-06-26-19 59 00.947	  0.0 0.0 0.0  0.0 0.0
2015-06-26-19 59 01.452	  0.0 0.0 0.0  0.0 0.0
2015-06-26-19 59 01.957	  0.0 0.0 0.0  0.0 0.0
2015-06-26-19 59 02.467	  0.0 0.0 0.0  0.0 0.0
2015-06-26-19 59 02.974	  0.0 0.0 0.0  0.0 0.0
2015-06-26-19 59 03.478	  0.0 0.0 0.0  0.0 0.0
2015-06-26-19 59 03.979	  0.0 0.0 0.0  0.0 0.0
2015-06-26-19 59 04.484	  0.0 0.0 0.0  0.0 0.0
2015-06-26-19 59 04.986	  0.0 0.0 0.0  0.0 0.0
2015-06-26-19 59 05.487	  0.0 0.0 0.0  0.0 0.0
2015-06-26-19 59 05.992	  0.0 0.0 0.0  0.0 0.0
2015-06-26-19 59 06.493	  0.0 0.0 0.0  0.0 0.0
2015-06-26-19 59 06.998	  0.0 0.0 0.0  0.0 0.0
2015-06-26-19 59 07.514	  0.0 0.0 0.0  0.0 0.0
2015-06-26-19 59 08.020	  0.0 0.0 0.0  0.0 0.0
2015-06-26-19 59 08.524	  0.0 0.0 0.0  0.0 0.0
2015-06-26-19 59 09.027	  0.0 0.0 0.0  0.0 0.0
2015-06-26-19 59 09.533	  0.0 0.0 0.0  0.0 0.0
2015-06-26-19 59 10.037	  0.0 0.0 0.0  0.0 0.0
2015-06-26-19 59 10.539	  0.0 0.0 0.0  0.0 0.0
2015-06-26-19 59 11.044	  0.0 0.0 0.0  0.0 0.0
2015-06-26-19 59 11.546	  0.0 0.0 0.0  0.0 0.0
2015-06-26-19 59 12.050	  0.0 0.0 0.0  0.0 0.0
2015-06-26-19 59 12.555	  0.0 0.0 0.0  0.0 0.0
2015-06-26-19 59 13.059	  0.0 0.0 0.0  0.0 0.0
2015-06-26-19 59 13.564	  0.0 0.0 0.0  0.0 0.0
2015-06-26-19 59 14.069	  0.0 0.0 0.0  0.0 0.0
2015-06-26-19 59 14.576	  0.0 0.0 0.0  0.0 0.0
2015-06-26-19 59 15.077	  0.0 0.0 0.0  0.0 0.0
2015-06-26-19 59 15.579	  0.0 0.0 0.0  0.0 0.0
2015-06-26-19 59 16.083	  0.0 0.0 0.0  0.0 0.0
2015-06-26-19 59 16.586	  0.0 0.0 0.0  0.0 0.0
2015-06-26-19 59 17.091	  0.0 0.0 0.0  0.0 0.0
2015-06-26-19 59 17.600	  0.0 0.0 0.0  0.0 0.0
2015-06-26-19 59 18.102	  0.0 0.0 0.0  0.0 0.0
2015-06-26-19 59 18.606	  0.0 0.0 0.0  0.0 0.0
2015-06-26-19 59 19.111	  0.0 0.0 0.0  0.0 0.0
2015-06-26-19 59 19.617	  0.0 0.0 0.0  0.0 0.0
2015-06-26-19 59 20.121	  0.0 0.0 0.0  0.0 0.0
2015-06-26-19 59 20.622	  0.0 0.0 0.0  0.0 0.0
2015-06-26-19 59 21.129	  0.0 0.0 0.0  0.0 0.0
2015-06-26-19 59 21.633	  31.02704428 121.43987503 1.5  0.0 0.0
2015-06-26-19 59 22.138	  31.02704428 121.43987503 1.5  0.0 0.0
2015-06-26-19 59 22.642	  31.02704428 121.43987503 1.5  0.0 0.0
2015-06-26-19 59 23.149	  31.02704428 121.43987503 1.5  0.0 0.0
2015-06-26-19 59 23.654	  31.02704428 121.43987503 1.5  0.0 0.0
2015-06-26-19 59 24.156	  31.02704428 121.43987503 1.5  0.0 0.0
2015-06-26-19 59 24.662	  31.02704428 121.43987503 1.5  0.0 0.0
2015-06-26-19 59 25.165	  31.02704428 121.43987503 1.5  0.0 0.0
2015-06-26-19 59 25.667	  31.02704428 121.43987503 1.5  0.0 0.0
2015-06-26-19 59 26.173	  31.02704428 121.43987503 1.5  0.0 0.0
2015-06-26-19 59 26.675	  31.02704428 121.43987503 1.5  0.0 0.0
2015-06-26-19 59 27.182	  31.02704428 121.43987503 1.5  0.0 0.0
2015-06-26-19 59 27.686	  31.02704428 121.43987503 1.5  0.0 0.0
2015-06-26-19 59 28.190	  31.02704428 121.43987503 1.5  0.0 0.0
2015-06-26-19 59 28.692	  31.02704428 121.43987503 1.5  0.0 0.0
2015-06-26-19 59 29.198	  31.02704428 121.43987503 1.5  0.0 0.0
2015-06-26-19 59 29.699	  31.02704428 121.43987503 1.5  0.0 0.0
2015-06-26-19 59 30.204	  31.02704428 121.43987503 1.5  0.0 0.0
2015-06-26-19 59 30.707	  31.02704428 121.43987503 1.5  0.0 0.0
2015-06-26-19 59 31.227	  31.02704428 121.43987503 1.5  0.0 0.0
2015-06-26-19 59 31.735	  31.02704428 121.43987503 1.5  0.0 0.0
2015-06-26-19 59 32.247	  31.02704428 121.43987503 1.5  0.0 0.0
2015-06-26-19 59 32.753	  31.02704428 121.43987503 1.5  0.0 0.0
2015-06-26-19 59 33.260	  31.02704428 121.43987503 1.5  0.0 0.0
2015-06-26-19 59 33.767	  31.02704428 121.43987503 1.5  0.0 0.0
2015-06-26-19 59 34.277	  31.02704428 121.43987503 1.5  0.0 0.0
2015-06-26-19 59 34.781	  31.02704428 121.43987503 1.5  0.0 0.0
2015-06-26-19 59 35.289	  31.02704428 121.43987503 1.5  0.0 0.0
2015-06-26-19 59 35.801	  31.02704428 121.43987503 1.5  0.0 0.0
2015-06-26-19 59 36.306	  31.02704428 121.43987503 1.5  0.0 0.0
2015-06-26-19 59 36.817	  31.02704428 121.43987503 1.5  0.0 0.0
2015-06-26-19 59 37.326	  31.02704428 121.43987503 1.5  0.0 0.0
2015-06-26-19 59 37.836	  31.02704428 121.43987503 1.5  0.0 0.0
2015-06-26-19 59 38.345	  31.02704428 121.43987503 1.5  0.0 0.0
2015-06-26-19 59 38.857	  31.02704428 121.43987503 1.5  0.0 0.0
2015-06-26-19 59 39.366	  31.02704428 121.43987503 1.5  0.0 0.0
2015-06-26-19 59 39.876	  31.02704428 121.43987503 1.5  0.0 0.0
2015-06-26-19 59 40.382	  31.02704428 121.43987503 1.5  0.0 0.0
2015-06-26-19 59 40.884	  31.02704428 121.43987503 1.5  0.0 0.0
2015-06-26-19 59 41.390	  31.02704428 121.43987503 1.5  0.0 0.0
2015-06-26-19 59 41.897	  31.02704428 121.43987503 1.5  0.0 0.0
2015-06-26-19 59 42.415	  31.02704428 121.43987503 1.5  0.0 0.0
2015-06-26-19 59 42.920	  31.02704428 121.43987503 1.5  0.0 0.0
2015-06-26-19 59 43.435	  31.02704428 121.43987503 1.5  0.0 0.0
2015-06-26-19 59 43.939	  31.02704428 121.43987503 1.5  0.0 0.0
2015-06-26-19 59 44.447	  31.02704428 121.43987503 1.5  0.0 0.0
2015-06-26-19 59 44.958	  31.02704428 121.43987503 1.5  0.0 0.0
2015-06-26-19 59 45.469	  31.02704428 121.43987503 1.5  0.0 0.0
2015-06-26-19 59 45.981	  31.02704428 121.43987503 1.5  0.0 0.0
2015-06-26-19 59 46.486	  31.02704428 121.43987503 1.5  0.0 0.0
2015-06-26-19 59 47.005	  31.02704428 121.43987503 1.5  0.0 0.0
2015-06-26-19 59 47.511	  31.02704428 121.43987503 1.5  0.0 0.0
2015-06-26-19 59 48.023	  31.02704428 121.43987503 1.5  0.0 0.0
2015-06-26-19 59 48.527	  31.02704428 121.43987503 1.5  0.0 0.0
2015-06-26-19 59 49.043	  31.02704428 121.43987503 1.5  0.0 0.0
2015-06-26-19 59 49.547	  31.02704428 121.43987503 1.5  0.0 0.0
2015-06-26-19 59 50.061	  31.02704428 121.43987503 1.5  0.0 0.0
2015-06-26-19 59 50.568	  31.02704428 121.43987503 1.5  0.0 0.0
2015-06-26-19 59 51.072	  31.02704428 121.43987503 1.5  0.0 0.0
2015-06-26-19 59 51.576	  31.02704428 121.43987503 1.5  0.0 0.0
2015-06-26-19 59 52.078	  31.02704428 121.43987503 1.5  0.0 0.0
2015-06-26-19 59 52.583	  31.02704428 121.43987503 1.5  0.0 0.0
2015-06-26-19 59 53.089	  31.02704428 121.43987503 1.5  0.0 0.0
2015-06-26-19 59 53.601	  31.02704428 121.43987503 1.5  0.0 0.0
2015-06-26-19 59 54.110	  31.02704428 121.43987503 1.5  0.0 0.0
2015-06-26-19 59 54.620	  31.02704428 121.43987503 1.5  0.0 0.0
2015-06-26-19 59 55.121	  31.02704428 121.43987503 1.5  0.0 0.0
2015-06-26-19 59 55.636	  31.02704428 121.43987503 1.5  0.0 0.0
2015-06-26-19 59 56.148	  31.02704428 121.43987503 1.5  0.0 0.0
2015-06-26-19 59 56.659	  31.02704428 121.43987503 1.5  0.0 0.0
2015-06-26-19 59 57.178	  31.02704428 121.43987503 1.5  0.0 0.0
2015-06-26-19 59 57.687	  31.02704428 121.43987503 1.5  0.0 0.0
2015-06-26-19 59 58.206	  31.02704428 121.43987503 1.5  0.0 0.0
2015-06-26-19 59 58.712	  31.02704428 121.43987503 1.5  0.0 0.0
2015-06-26-19 59 59.231	  31.02704428 121.43987503 1.5  0.0 0.0
2015-06-26-19 59 59.741	  31.02704428 121.43987503 1.5  0.0 0.0
2015-06-26-20 00 00.258	  31.02704428 121.43987503 1.5  0.0 0.0
2015-06-26-20 00 00.760	  31.02704428 121.43987503 1.5  0.0 0.0
2015-06-26-20 00 01.262	  31.02704428 121.43987503 1.5  0.0 0.0
2015-06-26-20 00 01.768	  31.02704428 121.43987503 1.5  0.0 0.0
2015-06-26-20 00 02.276	  31.02704428 121.43987503 1.5  0.0 0.0
2015-06-26-20 00 02.788	  31.02704428 121.43987503 1.5  0.0 0.0
2015-06-26-20 00 03.294	  31.02704428 121.43987503 1.5  0.0 0.0
2015-06-26-20 00 03.802	  31.02704428 121.43987503 1.5  0.0 0.0
2015-06-26-20 00 04.307	  31.02704428 121.43987503 1.5  0.0 0.0
2015-06-26-20 00 04.811	  31.02704428 121.43987503 1.5  0.0 0.0
2015-06-26-20 00 05.319	  31.02704428 121.43987503 1.5  0.0 0.0
2015-06-26-20 00 05.830	  31.02704428 121.43987503 1.5  0.0 0.0
2015-06-26-20 00 06.342	  31.02704428 121.43987503 1.5  0.0 0.0
2015-06-26-20 00 06.851	  31.02704428 121.43987503 1.5  0.0 0.0
2015-06-26-20 00 07.356	  31.02704428 121.43987503 1.5  0.0 0.0
2015-06-26-20 00 07.869	  31.02704428 121.43987503 1.5  0.0 0.0
2015-06-26-20 00 08.373	  31.02704428 121.43987503 1.5  0.0 0.0
2015-06-26-20 00 08.882	  31.02704428 121.43987503 1.5  0.0 0.0
2015-06-26-20 00 09.387	  31.02704428 121.43987503 1.5  0.0 0.0
2015-06-26-20 00 09.898	  31.02704428 121.43987503 1.5  0.0 0.0
2015-06-26-20 00 10.402	  31.02704428 121.43987503 1.5  0.0 0.0
2015-06-26-20 00 10.904	  31.02704428 121.43987503 1.5  0.0 0.0
