2015-07-05-11 48 24.057	  0.0 0.0 0.0  0.0 0.0
2015-07-05-11 48 24.160	  0.0 0.0 0.0  0.0 0.0
2015-07-05-11 48 24.262	  0.0 0.0 0.0  0.0 0.0
2015-07-05-11 48 24.367	  0.0 0.0 0.0  0.0 0.0
2015-07-05-11 48 24.472	  0.0 0.0 0.0  0.0 0.0
2015-07-05-11 48 24.575	  0.0 0.0 0.0  0.0 0.0
2015-07-05-11 48 24.677	  0.0 0.0 0.0  0.0 0.0
2015-07-05-11 48 24.779	  0.0 0.0 0.0  0.0 0.0
2015-07-05-11 48 24.880	  0.0 0.0 0.0  0.0 0.0
2015-07-05-11 48 24.982	  0.0 0.0 0.0  0.0 0.0
2015-07-05-11 48 25.085	  0.0 0.0 0.0  0.0 0.0
2015-07-05-11 48 25.187	  0.0 0.0 0.0  0.0 0.0
2015-07-05-11 48 25.291	  0.0 0.0 0.0  0.0 0.0
2015-07-05-11 48 25.396	  0.0 0.0 0.0  0.0 0.0
2015-07-05-11 48 25.498	  0.0 0.0 0.0  0.0 0.0
2015-07-05-11 48 25.600	  0.0 0.0 0.0  0.0 0.0
2015-07-05-11 48 25.702	  0.0 0.0 0.0  0.0 0.0
2015-07-05-11 48 25.803	  0.0 0.0 0.0  0.0 0.0
2015-07-05-11 48 25.906	  0.0 0.0 0.0  0.0 0.0
2015-07-05-11 48 26.007	  0.0 0.0 0.0  0.0 0.0
2015-07-05-11 48 26.109	  0.0 0.0 0.0  0.0 0.0
2015-07-05-11 48 26.211	  0.0 0.0 0.0  0.0 0.0
2015-07-05-11 48 26.313	  0.0 0.0 0.0  0.0 0.0
2015-07-05-11 48 26.414	  0.0 0.0 0.0  0.0 0.0
2015-07-05-11 48 26.516	  0.0 0.0 0.0  0.0 0.0
2015-07-05-11 48 26.618	  0.0 0.0 0.0  0.0 0.0
2015-07-05-11 48 26.719	  0.0 0.0 0.0  0.0 0.0
2015-07-05-11 48 26.821	  0.0 0.0 0.0  0.0 0.0
2015-07-05-11 48 26.924	  0.0 0.0 0.0  0.0 0.0
2015-07-05-11 48 27.026	  0.0 0.0 0.0  0.0 0.0
2015-07-05-11 48 27.129	  0.0 0.0 0.0  0.0 0.0
2015-07-05-11 48 27.232	  0.0 0.0 0.0  0.0 0.0
2015-07-05-11 48 27.335	  0.0 0.0 0.0  0.0 0.0
2015-07-05-11 48 27.437	  0.0 0.0 0.0  0.0 0.0
2015-07-05-11 48 27.539	  0.0 0.0 0.0  0.0 0.0
2015-07-05-11 48 27.646	  0.0 0.0 0.0  0.0 0.0
2015-07-05-11 48 27.754	  0.0 0.0 0.0  0.0 0.0
2015-07-05-11 48 27.868	  0.0 0.0 0.0  0.0 0.0
2015-07-05-11 48 27.970	  0.0 0.0 0.0  0.0 0.0
2015-07-05-11 48 28.072	  0.0 0.0 0.0  0.0 0.0
2015-07-05-11 48 28.176	  0.0 0.0 0.0  0.0 0.0
2015-07-05-11 48 28.279	  0.0 0.0 0.0  0.0 0.0
2015-07-05-11 48 28.383	  0.0 0.0 0.0  0.0 0.0
2015-07-05-11 48 28.487	  0.0 0.0 0.0  0.0 0.0
2015-07-05-11 48 28.593	  0.0 0.0 0.0  0.0 0.0
2015-07-05-11 48 28.696	  0.0 0.0 0.0  0.0 0.0
2015-07-05-11 48 28.799	  0.0 0.0 0.0  0.0 0.0
2015-07-05-11 48 28.900	  0.0 0.0 0.0  0.0 0.0
2015-07-05-11 48 29.004	  0.0 0.0 0.0  0.0 0.0
2015-07-05-11 48 29.106	  0.0 0.0 0.0  0.0 0.0
2015-07-05-11 48 29.210	  0.0 0.0 0.0  0.0 0.0
2015-07-05-11 48 29.328	  0.0 0.0 0.0  0.0 0.0
2015-07-05-11 48 29.474	  31.02770968 121.43940082 0.75  0.0 0.0
2015-07-05-11 48 29.575	  31.02770968 121.43940082 0.75  0.0 0.0
2015-07-05-11 48 29.677	  31.02770968 121.43940082 0.75  0.0 0.0
2015-07-05-11 48 29.778	  31.02770968 121.43940082 0.75  0.0 0.0
2015-07-05-11 48 29.881	  31.02770968 121.43940082 0.75  0.0 0.0
2015-07-05-11 48 29.983	  31.02770968 121.43940082 0.75  0.0 0.0
2015-07-05-11 48 30.088	  31.02770968 121.43940082 0.75  0.0 0.0
2015-07-05-11 48 30.194	  31.02770968 121.43940082 0.75  0.0 0.0
2015-07-05-11 48 30.298	  31.02770968 121.43940082 0.75  0.0 0.0
2015-07-05-11 48 30.405	  31.02770968 121.43940082 0.75  0.0 0.0
2015-07-05-11 48 30.509	  31.02770968 121.43940082 0.75  0.0 0.0
2015-07-05-11 48 30.612	  31.02770968 121.43940082 0.75  0.0 0.0
2015-07-05-11 48 30.717	  31.02770968 121.43940082 0.75  0.0 0.0
2015-07-05-11 48 30.821	  31.02770968 121.43940082 0.75  0.0 0.0
2015-07-05-11 48 30.927	  31.02770968 121.43940082 0.75  0.0 0.0
2015-07-05-11 48 31.031	  31.02770968 121.43940082 0.75  0.0 0.0
2015-07-05-11 48 31.136	  31.02770968 121.43940082 0.75  0.0 0.0
2015-07-05-11 48 31.240	  31.02770968 121.43940082 0.75  0.0 0.0
2015-07-05-11 48 31.345	  31.0276797 121.4393998 1.5  0.0 0.0
2015-07-05-11 48 31.446	  31.0276797 121.4393998 1.5  0.0 0.0
2015-07-05-11 48 31.549	  31.0276797 121.4393998 1.5  0.0 0.0
2015-07-05-11 48 31.654	  31.0276797 121.4393998 1.5  0.0 0.0
2015-07-05-11 48 31.756	  31.0276797 121.4393998 1.5  0.0 0.0
2015-07-05-11 48 31.862	  31.0276797 121.4393998 1.5  0.0 0.0
2015-07-05-11 48 31.969	  31.0276797 121.4393998 1.5  0.0 0.0
2015-07-05-11 48 32.075	  31.0276797 121.4393998 1.5  0.0 0.0
2015-07-05-11 48 32.179	  31.0276797 121.4393998 1.5  0.0 0.0
2015-07-05-11 48 32.286	  31.0276797 121.4393998 1.5  0.0 0.0
2015-07-05-11 48 32.388	  31.0276797 121.4393998 1.5  0.0 0.0
2015-07-05-11 48 32.489	  31.0276797 121.4393998 1.5  0.0 0.0
2015-07-05-11 48 32.590	  31.0276797 121.4393998 1.5  0.0 0.0
2015-07-05-11 48 32.696	  31.0276797 121.4393998 1.5  0.0 0.0
2015-07-05-11 48 32.800	  31.0276797 121.4393998 1.5  0.0 0.0
2015-07-05-11 48 32.904	  31.0276797 121.4393998 1.5  0.0 0.0
2015-07-05-11 48 33.006	  31.0276797 121.4393998 1.5  0.0 0.0
2015-07-05-11 48 33.107	  31.0276797 121.4393998 1.5  0.0 0.0
2015-07-05-11 48 33.209	  31.0276797 121.4393998 1.5  0.0 0.0
2015-07-05-11 48 33.310	  31.02765118 121.43940583 1.25  0.0 0.0
2015-07-05-11 48 33.411	  31.02765118 121.43940583 1.25  0.0 0.0
2015-07-05-11 48 33.512	  31.02765118 121.43940583 1.25  0.0 0.0
2015-07-05-11 48 33.615	  31.02765118 121.43940583 1.25  0.0 0.0
2015-07-05-11 48 33.719	  31.02765118 121.43940583 1.25  0.0 0.0
2015-07-05-11 48 33.825	  31.02765118 121.43940583 1.25  0.0 0.0
2015-07-05-11 48 33.929	  31.02765118 121.43940583 1.25  0.0 0.0
2015-07-05-11 48 34.033	  31.02765118 121.43940583 1.25  0.0 0.0
2015-07-05-11 48 34.140	  31.02765118 121.43940583 1.25  0.0 0.0
2015-07-05-11 48 34.243	  31.02765118 121.43940583 1.25  0.0 0.0
2015-07-05-11 48 34.347	  31.02765118 121.43940583 1.25  0.0 0.0
2015-07-05-11 48 34.459	  31.02765118 121.43940583 1.25  0.0 0.0
2015-07-05-11 48 34.560	  31.02765118 121.43940583 1.25  0.0 0.0
2015-07-05-11 48 34.662	  31.02765118 121.43940583 1.25  0.0 0.0
2015-07-05-11 48 34.766	  31.02765118 121.43940583 1.25  0.0 0.0
2015-07-05-11 48 34.874	  31.02765118 121.43940583 1.25  0.0 0.0
2015-07-05-11 48 34.976	  31.02765118 121.43940583 1.25  0.0 0.0
2015-07-05-11 48 35.082	  31.02765118 121.43940583 1.25  0.0 0.0
2015-07-05-11 48 35.184	  31.02765118 121.43940583 1.25  0.0 0.0
2015-07-05-11 48 35.286	  31.02765118 121.43940583 1.25  0.0 0.0
2015-07-05-11 48 35.390	  31.02762763 121.43941027 1.25  0.0 0.0
2015-07-05-11 48 35.498	  31.02762763 121.43941027 1.25  0.0 0.0
2015-07-05-11 48 35.600	  31.02762763 121.43941027 1.25  0.0 0.0
2015-07-05-11 48 35.701	  31.02762763 121.43941027 1.25  0.0 0.0
2015-07-05-11 48 35.807	  31.02762763 121.43941027 1.25  0.0 0.0
2015-07-05-11 48 35.914	  31.02762763 121.43941027 1.25  0.0 0.0
2015-07-05-11 48 36.021	  31.02762763 121.43941027 1.25  0.0 0.0
2015-07-05-11 48 36.132	  31.02762763 121.43941027 1.25  0.0 0.0
2015-07-05-11 48 36.233	  31.02762763 121.43941027 1.25  0.0 0.0
2015-07-05-11 48 36.334	  31.02762763 121.43941027 1.25  0.0 0.0
2015-07-05-11 48 36.436	  31.02762763 121.43941027 1.25  0.0 0.0
2015-07-05-11 48 36.538	  31.02762763 121.43941027 1.25  0.0 0.0
2015-07-05-11 48 36.644	  31.02762763 121.43941027 1.25  0.0 0.0
2015-07-05-11 48 36.747	  31.02762763 121.43941027 1.25  0.0 0.0
2015-07-05-11 48 36.850	  31.02762763 121.43941027 1.25  0.0 0.0
2015-07-05-11 48 36.953	  31.02762763 121.43941027 1.25  0.0 0.0
2015-07-05-11 48 37.055	  31.02762763 121.43941027 1.25  0.0 0.0
2015-07-05-11 48 37.169	  31.02762763 121.43941027 1.25  0.0 0.0
2015-07-05-11 48 37.272	  31.02762763 121.43941027 1.25  0.0 0.0
2015-07-05-11 48 37.376	  31.02762763 121.43941027 1.25  0.0 0.0
2015-07-05-11 48 37.479	  31.02762763 121.43941027 1.25  0.0 0.0
2015-07-05-11 48 37.581	  31.02762763 121.43941027 1.25  0.0 0.0
2015-07-05-11 48 37.686	  31.02762763 121.43941027 1.25  0.0 0.0
2015-07-05-11 48 37.788	  31.02762763 121.43941027 1.25  0.0 0.0
2015-07-05-11 48 37.892	  31.02762763 121.43941027 1.25  0.0 0.0
2015-07-05-11 48 37.996	  31.02762763 121.43941027 1.25  0.0 0.0
2015-07-05-11 48 38.103	  31.02762763 121.43941027 1.25  0.0 0.0
2015-07-05-11 48 38.216	  31.02762763 121.43941027 1.25  0.0 0.0
2015-07-05-11 48 38.320	  31.02760831 121.43940706 1.25  0.0 0.0
2015-07-05-11 48 38.426	  31.02760831 121.43940706 1.25  0.0 0.0
2015-07-05-11 48 38.528	  31.02760831 121.43940706 1.25  0.0 0.0
2015-07-05-11 48 38.637	  31.02760831 121.43940706 1.25  0.0 0.0
2015-07-05-11 48 38.742	  31.02760831 121.43940706 1.25  0.0 0.0
2015-07-05-11 48 38.843	  31.02760831 121.43940706 1.25  0.0 0.0
2015-07-05-11 48 38.945	  31.02760831 121.43940706 1.25  0.0 0.0
2015-07-05-11 48 39.047	  31.02760831 121.43940706 1.25  0.0 0.0
2015-07-05-11 48 39.156	  31.02760831 121.43940706 1.25  0.0 0.0
2015-07-05-11 48 39.264	  31.02760831 121.43940706 1.25  0.0 0.0
2015-07-05-11 48 39.367	  31.02760831 121.43940706 1.25  0.0 0.0
2015-07-05-11 48 39.468	  31.02760831 121.43940706 1.25  0.0 0.0
2015-07-05-11 48 39.572	  31.02760831 121.43940706 1.25  0.0 0.0
2015-07-05-11 48 39.675	  31.02760831 121.43940706 1.25  0.0 0.0
2015-07-05-11 48 39.780	  31.02760831 121.43940706 1.25  0.0 0.0
2015-07-05-11 48 39.886	  31.02760831 121.43940706 1.25  0.0 0.0
2015-07-05-11 48 39.993	  31.02760831 121.43940706 1.25  0.0 0.0
2015-07-05-11 48 40.097	  31.02760831 121.43940706 1.25  0.0 0.0
2015-07-05-11 48 40.199	  31.02760831 121.43940706 1.25  0.0 0.0
2015-07-05-11 48 40.304	  31.02760831 121.43940706 1.25  0.0 0.0
2015-07-05-11 48 40.407	  31.02760831 121.43940706 1.25  0.0 0.0
2015-07-05-11 48 40.509	  31.02760831 121.43940706 1.25  0.0 0.0
2015-07-05-11 48 40.613	  31.02760831 121.43940706 1.25  0.0 0.0
2015-07-05-11 48 40.718	  31.02760831 121.43940706 1.25  0.0 0.0
2015-07-05-11 48 40.835	  31.02760831 121.43940706 1.25  0.0 0.0
2015-07-05-11 48 40.938	  31.02760831 121.43940706 1.25  0.0 0.0
2015-07-05-11 48 41.039	  31.02760831 121.43940706 1.25  0.0 0.0
2015-07-05-11 48 41.142	  31.02760831 121.43940706 1.25  0.0 0.0
2015-07-05-11 48 41.257	  31.02760831 121.43940706 1.25  0.0 0.0
2015-07-05-11 48 41.363	  31.02760831 121.43940706 1.25  0.0 0.0
2015-07-05-11 48 41.470	  31.02758161 121.43941754 1.25  0.0 0.0
2015-07-05-11 48 41.571	  31.02758161 121.43941754 1.25  0.0 0.0
2015-07-05-11 48 41.673	  31.02758161 121.43941754 1.25  0.0 0.0
2015-07-05-11 48 41.775	  31.02758161 121.43941754 1.25  0.0 0.0
2015-07-05-11 48 41.879	  31.02758161 121.43941754 1.25  0.0 0.0
2015-07-05-11 48 41.984	  31.02758161 121.43941754 1.25  0.0 0.0
2015-07-05-11 48 42.093	  31.02758161 121.43941754 1.25  0.0 0.0
2015-07-05-11 48 42.194	  31.02758161 121.43941754 1.25  0.0 0.0
2015-07-05-11 48 42.295	  31.02758161 121.43941754 1.25  0.0 0.0
2015-07-05-11 48 42.397	  31.02758161 121.43941754 1.25  0.0 0.0
2015-07-05-11 48 42.507	  31.02758161 121.43941754 1.25  0.0 0.0
2015-07-05-11 48 42.609	  31.02758161 121.43941754 1.25  0.0 0.0
2015-07-05-11 48 42.715	  31.02758161 121.43941754 1.25  0.0 0.0
2015-07-05-11 48 42.819	  31.02758161 121.43941754 1.25  0.0 0.0
2015-07-05-11 48 42.935	  31.02758161 121.43941754 1.25  0.0 0.0
2015-07-05-11 48 43.036	  31.02758161 121.43941754 1.25  0.0 0.0
2015-07-05-11 48 43.137	  31.02758161 121.43941754 1.25  0.0 0.0
2015-07-05-11 48 43.239	  31.02758161 121.43941754 1.25  0.0 0.0
2015-07-05-11 48 43.353	  31.02755602 121.43943088 1.25  0.0 0.0
2015-07-05-11 48 43.456	  31.02755602 121.43943088 1.25  0.0 0.0
2015-07-05-11 48 43.557	  31.02755602 121.43943088 1.25  0.0 0.0
2015-07-05-11 48 43.659	  31.02755602 121.43943088 1.25  0.0 0.0
2015-07-05-11 48 43.765	  31.02755602 121.43943088 1.25  0.0 0.0
2015-07-05-11 48 43.866	  31.02755602 121.43943088 1.25  0.0 0.0
2015-07-05-11 48 43.968	  31.02755602 121.43943088 1.25  0.0 0.0
2015-07-05-11 48 44.075	  31.02755602 121.43943088 1.25  0.0 0.0
2015-07-05-11 48 44.181	  31.02755602 121.43943088 1.25  0.0 0.0
2015-07-05-11 48 44.284	  31.02755602 121.43943088 1.25  0.0 0.0
2015-07-05-11 48 44.388	  31.02755602 121.43943088 1.25  0.0 0.0
2015-07-05-11 48 44.491	  31.02755602 121.43943088 1.25  0.0 0.0
2015-07-05-11 48 44.601	  31.02755602 121.43943088 1.25  0.0 0.0
2015-07-05-11 48 44.704	  31.02755602 121.43943088 1.25  0.0 0.0
2015-07-05-11 48 44.806	  31.02755602 121.43943088 1.25  0.0 0.0
2015-07-05-11 48 44.919	  31.02755602 121.43943088 1.25  0.0 0.0
2015-07-05-11 48 45.021	  31.02755602 121.43943088 1.25  0.0 0.0
2015-07-05-11 48 45.126	  31.02755602 121.43943088 1.25  0.0 0.0
2015-07-05-11 48 45.235	  31.02755602 121.43943088 1.25  0.0 0.0
2015-07-05-11 48 45.340	  31.02753193 121.43944105 1.5  0.0 0.0
2015-07-05-11 48 45.442	  31.02753193 121.43944105 1.5  0.0 0.0
2015-07-05-11 48 45.545	  31.02753193 121.43944105 1.5  0.0 0.0
2015-07-05-11 48 45.650	  31.02753193 121.43944105 1.5  0.0 0.0
2015-07-05-11 48 45.761	  31.02753193 121.43944105 1.5  0.0 0.0
2015-07-05-11 48 45.864	  31.02753193 121.43944105 1.5  0.0 0.0
2015-07-05-11 48 45.967	  31.02753193 121.43944105 1.5  0.0 0.0
2015-07-05-11 48 46.069	  31.02753193 121.43944105 1.5  0.0 0.0
2015-07-05-11 48 46.177	  31.02753193 121.43944105 1.5  0.0 0.0
2015-07-05-11 48 46.282	  31.02753193 121.43944105 1.5  0.0 0.0
2015-07-05-11 48 46.397	  31.02753193 121.43944105 1.5  0.0 0.0
2015-07-05-11 48 46.499	  31.02753193 121.43944105 1.5  0.0 0.0
2015-07-05-11 48 46.601	  31.02753193 121.43944105 1.5  0.0 0.0
2015-07-05-11 48 46.706	  31.02753193 121.43944105 1.5  0.0 0.0
2015-07-05-11 48 46.810	  31.02753193 121.43944105 1.5  0.0 0.0
2015-07-05-11 48 46.912	  31.02753193 121.43944105 1.5  0.0 0.0
2015-07-05-11 48 47.015	  31.02753193 121.43944105 1.5  0.0 0.0
2015-07-05-11 48 47.118	  31.02753193 121.43944105 1.5  0.0 0.0
2015-07-05-11 48 47.222	  31.02753193 121.43944105 1.5  0.0 0.0
2015-07-05-11 48 47.325	  31.02750651 121.43945419 1.5  0.0 0.0
2015-07-05-11 48 47.427	  31.02750651 121.43945419 1.5  0.0 0.0
2015-07-05-11 48 47.533	  31.02750651 121.43945419 1.5  0.0 0.0
2015-07-05-11 48 47.638	  31.02750651 121.43945419 1.5  0.0 0.0
2015-07-05-11 48 47.743	  31.02750651 121.43945419 1.5  0.0 0.0
2015-07-05-11 48 47.854	  31.02750651 121.43945419 1.5  0.0 0.0
2015-07-05-11 48 47.955	  31.02750651 121.43945419 1.5  0.0 0.0
2015-07-05-11 48 48.057	  31.02750651 121.43945419 1.5  0.0 0.0
2015-07-05-11 48 48.160	  31.02750651 121.43945419 1.5  0.0 0.0
2015-07-05-11 48 48.262	  31.02750651 121.43945419 1.5  0.0 0.0
2015-07-05-11 48 48.365	  31.02750651 121.43945419 1.5  0.0 0.0
2015-07-05-11 48 48.471	  31.02750651 121.43945419 1.5  0.0 0.0
2015-07-05-11 48 48.573	  31.02750651 121.43945419 1.5  0.0 0.0
2015-07-05-11 48 48.675	  31.02750651 121.43945419 1.5  0.0 0.0
2015-07-05-11 48 48.799	  31.02750651 121.43945419 1.5  0.0 0.0
2015-07-05-11 48 48.900	  31.02750651 121.43945419 1.5  0.0 0.0
2015-07-05-11 48 49.002	  31.02750651 121.43945419 1.5  0.0 0.0
2015-07-05-11 48 49.106	  31.02750651 121.43945419 1.5  0.0 0.0
2015-07-05-11 48 49.216	  31.02750651 121.43945419 1.5  0.0 0.0
2015-07-05-11 48 49.321	  31.02750651 121.43945419 1.5  0.0 0.0
2015-07-05-11 48 49.425	  31.02748217 121.4394663 1.25  0.0 0.0
2015-07-05-11 48 49.529	  31.02748217 121.4394663 1.25  0.0 0.0
2015-07-05-11 48 49.634	  31.02748217 121.4394663 1.25  0.0 0.0
2015-07-05-11 48 49.744	  31.02748217 121.4394663 1.25  0.0 0.0
2015-07-05-11 48 49.848	  31.02748217 121.4394663 1.25  0.0 0.0
2015-07-05-11 48 49.952	  31.02748217 121.4394663 1.25  0.0 0.0
2015-07-05-11 48 50.068	  31.02748217 121.4394663 1.25  0.0 0.0
2015-07-05-11 48 50.171	  31.02748217 121.4394663 1.25  0.0 0.0
2015-07-05-11 48 50.276	  31.02748217 121.4394663 1.25  0.0 0.0
2015-07-05-11 48 50.383	  31.02748217 121.4394663 1.25  0.0 0.0
2015-07-05-11 48 50.485	  31.02748217 121.4394663 1.25  0.0 0.0
2015-07-05-11 48 50.587	  31.02748217 121.4394663 1.25  0.0 0.0
2015-07-05-11 48 50.691	  31.02748217 121.4394663 1.25  0.0 0.0
2015-07-05-11 48 50.797	  31.02748217 121.4394663 1.25  0.0 0.0
2015-07-05-11 48 50.902	  31.02748217 121.4394663 1.25  0.0 0.0
2015-07-05-11 48 51.016	  31.02748217 121.4394663 1.25  0.0 0.0
2015-07-05-11 48 51.118	  31.02748217 121.4394663 1.25  0.0 0.0
2015-07-05-11 48 51.223	  31.02748217 121.4394663 1.25  0.0 0.0
2015-07-05-11 48 51.332	  31.02746014 121.43947528 1.25  0.0 0.0
2015-07-05-11 48 51.436	  31.02746014 121.43947528 1.25  0.0 0.0
2015-07-05-11 48 51.537	  31.02746014 121.43947528 1.25  0.0 0.0
2015-07-05-11 48 51.649	  31.02746014 121.43947528 1.25  0.0 0.0
2015-07-05-11 48 51.754	  31.02746014 121.43947528 1.25  0.0 0.0
2015-07-05-11 48 51.860	  31.02746014 121.43947528 1.25  0.0 0.0
2015-07-05-11 48 51.975	  31.02746014 121.43947528 1.25  0.0 0.0
2015-07-05-11 48 52.078	  31.02746014 121.43947528 1.25  0.0 0.0
2015-07-05-11 48 52.179	  31.02746014 121.43947528 1.25  0.0 0.0
2015-07-05-11 48 52.284	  31.02746014 121.43947528 1.25  0.0 0.0
2015-07-05-11 48 52.412	  31.02746014 121.43947528 1.25  0.0 0.0
2015-07-05-11 48 52.514	  31.02746014 121.43947528 1.25  0.0 0.0
2015-07-05-11 48 52.623	  31.02746014 121.43947528 1.25  0.0 0.0
2015-07-05-11 48 52.728	  31.02746014 121.43947528 1.25  0.0 0.0
2015-07-05-11 48 52.831	  31.02746014 121.43947528 1.25  0.0 0.0
2015-07-05-11 48 52.946	  31.02746014 121.43947528 1.25  0.0 0.0
2015-07-05-11 48 53.047	  31.02746014 121.43947528 1.25  0.0 0.0
2015-07-05-11 48 53.149	  31.02746014 121.43947528 1.25  0.0 0.0
2015-07-05-11 48 53.262	  31.02746014 121.43947528 1.25  0.0 0.0
2015-07-05-11 48 53.365	  31.0274375 121.43948613 1.25  0.0 0.0
2015-07-05-11 48 53.466	  31.0274375 121.43948613 1.25  0.0 0.0
2015-07-05-11 48 53.572	  31.0274375 121.43948613 1.25  0.0 0.0
2015-07-05-11 48 53.674	  31.0274375 121.43948613 1.25  0.0 0.0
2015-07-05-11 48 53.785	  31.0274375 121.43948613 1.25  0.0 0.0
2015-07-05-11 48 53.895	  31.0274375 121.43948613 1.25  0.0 0.0
2015-07-05-11 48 53.997	  31.0274375 121.43948613 1.25  0.0 0.0
2015-07-05-11 48 54.098	  31.0274375 121.43948613 1.25  0.0 0.0
2015-07-05-11 48 54.204	  31.0274375 121.43948613 1.25  0.0 0.0
2015-07-05-11 48 54.306	  31.0274375 121.43948613 1.25  0.0 0.0
2015-07-05-11 48 54.424	  31.0274375 121.43948613 1.25  0.0 0.0
2015-07-05-11 48 54.527	  31.0274375 121.43948613 1.25  0.0 0.0
2015-07-05-11 48 54.629	  31.0274375 121.43948613 1.25  0.0 0.0
2015-07-05-11 48 54.734	  31.0274375 121.43948613 1.25  0.0 0.0
2015-07-05-11 48 54.837	  31.0274375 121.43948613 1.25  0.0 0.0
2015-07-05-11 48 54.938	  31.0274375 121.43948613 1.25  0.0 0.0
2015-07-05-11 48 55.040	  31.0274375 121.43948613 1.25  0.0 0.0
2015-07-05-11 48 55.143	  31.0274375 121.43948613 1.25  0.0 0.0
2015-07-05-11 48 55.257	  31.0274375 121.43948613 1.25  0.0 0.0
2015-07-05-11 48 55.360	  31.02741697 121.43949909 1.25  0.0 0.0
2015-07-05-11 48 55.462	  31.02741697 121.43949909 1.25  0.0 0.0
2015-07-05-11 48 55.572	  31.02741697 121.43949909 1.25  0.0 0.0
2015-07-05-11 48 55.674	  31.02741697 121.43949909 1.25  0.0 0.0
2015-07-05-11 48 55.777	  31.02741697 121.43949909 1.25  0.0 0.0
2015-07-05-11 48 55.892	  31.02741697 121.43949909 1.25  0.0 0.0
2015-07-05-11 48 55.994	  31.02741697 121.43949909 1.25  0.0 0.0
2015-07-05-11 48 56.095	  31.02741697 121.43949909 1.25  0.0 0.0
2015-07-05-11 48 56.212	  31.02741697 121.43949909 1.25  0.0 0.0
2015-07-05-11 48 56.316	  31.02741697 121.43949909 1.25  0.0 0.0
2015-07-05-11 48 56.420	  31.02741697 121.43949909 1.25  0.0 0.0
2015-07-05-11 48 56.522	  31.02741697 121.43949909 1.25  0.0 0.0
2015-07-05-11 48 56.626	  31.02741697 121.43949909 1.25  0.0 0.0
2015-07-05-11 48 56.731	  31.02741697 121.43949909 1.25  0.0 0.0
2015-07-05-11 48 56.833	  31.02741697 121.43949909 1.25  0.0 0.0
2015-07-05-11 48 56.936	  31.02741697 121.43949909 1.25  0.0 0.0
2015-07-05-11 48 57.043	  31.02741697 121.43949909 1.25  0.0 0.0
2015-07-05-11 48 57.147	  31.02741697 121.43949909 1.25  0.0 0.0
2015-07-05-11 48 57.251	  31.02741697 121.43949909 1.25  0.0 0.0
2015-07-05-11 48 57.363	  31.02741697 121.43949909 1.25  0.0 0.0
2015-07-05-11 48 57.466	  31.02739843 121.43950833 1.25  0.0 0.0
2015-07-05-11 48 57.568	  31.02739843 121.43950833 1.25  0.0 0.0
2015-07-05-11 48 57.746	  31.02739843 121.43950833 1.25  0.0 0.0
2015-07-05-11 48 57.848	  31.02739843 121.43950833 1.25  0.0 0.0
2015-07-05-11 48 57.950	  31.02739843 121.43950833 1.25  0.0 0.0
2015-07-05-11 48 58.058	  31.02739843 121.43950833 1.25  0.0 0.0
2015-07-05-11 48 58.164	  31.02739843 121.43950833 1.25  0.0 0.0
2015-07-05-11 48 58.339	  31.02739843 121.43950833 1.25  0.0 0.0
2015-07-05-11 48 58.441	  31.02739843 121.43950833 1.25  0.0 0.0
2015-07-05-11 48 58.543	  31.02739843 121.43950833 1.25  0.0 0.0
2015-07-05-11 48 58.649	  31.02739843 121.43950833 1.25  0.0 0.0
2015-07-05-11 48 58.755	  31.02739843 121.43950833 1.25  0.0 0.0
2015-07-05-11 48 58.897	  31.02739843 121.43950833 1.25  0.0 0.0
2015-07-05-11 48 58.999	  31.02739843 121.43950833 1.25  0.0 0.0
2015-07-05-11 48 59.108	  31.02739843 121.43950833 1.25  0.0 0.0
2015-07-05-11 48 59.213	  31.02739843 121.43950833 1.25  0.0 0.0
2015-07-05-11 48 59.318	  31.02739843 121.43950833 1.25  0.0 0.0
2015-07-05-11 48 59.480	  31.02737831 121.43951876 1.25  0.0 0.0
2015-07-05-11 48 59.583	  31.02737831 121.43951876 1.25  0.0 0.0
2015-07-05-11 48 59.694	  31.02737831 121.43951876 1.25  0.0 0.0
2015-07-05-11 48 59.796	  31.02737831 121.43951876 1.25  0.0 0.0
2015-07-05-11 48 59.898	  31.02737831 121.43951876 1.25  0.0 0.0
2015-07-05-11 49 00.009	  31.02737831 121.43951876 1.25  0.0 0.0
2015-07-05-11 49 00.112	  31.02737831 121.43951876 1.25  0.0 0.0
2015-07-05-11 49 00.217	  31.02737831 121.43951876 1.25  0.0 0.0
2015-07-05-11 49 00.388	  31.02737831 121.43951876 1.25  0.0 0.0
2015-07-05-11 49 00.490	  31.02737831 121.43951876 1.25  0.0 0.0
2015-07-05-11 49 00.593	  31.02737831 121.43951876 1.25  0.0 0.0
2015-07-05-11 49 00.697	  31.02737831 121.43951876 1.25  0.0 0.0
2015-07-05-11 49 00.802	  31.02737831 121.43951876 1.25  0.0 0.0
2015-07-05-11 49 00.951	  31.02737831 121.43951876 1.25  0.0 0.0
2015-07-05-11 49 01.053	  31.02737831 121.43951876 1.25  0.0 0.0
2015-07-05-11 49 01.163	  31.02737831 121.43951876 1.25  0.0 0.0
2015-07-05-11 49 01.265	  31.02735841 121.43952998 1.25  0.0 0.0
2015-07-05-11 49 01.386	  31.02735841 121.43952998 1.25  0.0 0.0
2015-07-05-11 49 01.490	  31.02735841 121.43952998 1.25  0.0 0.0
2015-07-05-11 49 01.594	  31.02735841 121.43952998 1.25  0.0 0.0
2015-07-05-11 49 01.761	  31.02735841 121.43952998 1.25  0.0 0.0
2015-07-05-11 49 01.863	  31.02735841 121.43952998 1.25  0.0 0.0
2015-07-05-11 49 01.974	  31.02735841 121.43952998 1.25  0.0 0.0
2015-07-05-11 49 02.077	  31.02735841 121.43952998 1.25  0.0 0.0
2015-07-05-11 49 02.182	  31.02735841 121.43952998 1.25  0.0 0.0
2015-07-05-11 49 02.305	  31.02735841 121.43952998 1.25  0.0 0.0
2015-07-05-11 49 02.407	  31.02735841 121.43952998 1.25  0.0 0.0
2015-07-05-11 49 02.512	  31.02735841 121.43952998 1.25  0.0 0.0
2015-07-05-11 49 02.614	  31.02735841 121.43952998 1.25  0.0 0.0
2015-07-05-11 49 02.717	  31.02735841 121.43952998 1.25  0.0 0.0
2015-07-05-11 49 02.820	  31.02735841 121.43952998 1.25  0.0 0.0
2015-07-05-11 49 02.923	  31.02735841 121.43952998 1.25  0.0 0.0
2015-07-05-11 49 03.024	  31.02735841 121.43952998 1.25  0.0 0.0
2015-07-05-11 49 03.127	  31.02735841 121.43952998 1.25  0.0 0.0
2015-07-05-11 49 03.231	  31.02735841 121.43952998 1.25  0.0 0.0
2015-07-05-11 49 03.333	  31.02733627 121.43954128 1.25  0.0 0.0
2015-07-05-11 49 03.490	  31.02733627 121.43954128 1.25  0.0 0.0
2015-07-05-11 49 03.596	  31.02733627 121.43954128 1.25  0.0 0.0
2015-07-05-11 49 03.757	  31.02733627 121.43954128 1.25  0.0 0.0
2015-07-05-11 49 03.859	  31.02733627 121.43954128 1.25  0.0 0.0
2015-07-05-11 49 03.972	  31.02733627 121.43954128 1.25  0.0 0.0
2015-07-05-11 49 04.079	  31.02733627 121.43954128 1.25  0.0 0.0
2015-07-05-11 49 04.184	  31.02733627 121.43954128 1.25  0.0 0.0
2015-07-05-11 49 04.288	  31.02733627 121.43954128 1.25  0.0 0.0
2015-07-05-11 49 04.402	  31.02733627 121.43954128 1.25  0.0 0.0
2015-07-05-11 49 04.503	  31.02733627 121.43954128 1.25  0.0 0.0
2015-07-05-11 49 04.606	  31.02733627 121.43954128 1.25  0.0 0.0
2015-07-05-11 49 04.708	  31.02733627 121.43954128 1.25  0.0 0.0
2015-07-05-11 49 04.810	  31.02733627 121.43954128 1.25  0.0 0.0
2015-07-05-11 49 04.920	  31.02733627 121.43954128 1.25  0.0 0.0
2015-07-05-11 49 05.025	  31.02733627 121.43954128 1.25  0.0 0.0
2015-07-05-11 49 05.130	  31.02733627 121.43954128 1.25  0.0 0.0
2015-07-05-11 49 05.231	  31.02733627 121.43954128 1.25  0.0 0.0
2015-07-05-11 49 05.333	  31.02733627 121.43954128 1.25  0.0 0.0
2015-07-05-11 49 05.436	  31.02731426 121.43954958 1.25  0.0 0.0
2015-07-05-11 49 05.548	  31.02731426 121.43954958 1.25  0.0 0.0
2015-07-05-11 49 05.649	  31.02731426 121.43954958 1.25  0.0 0.0
2015-07-05-11 49 05.751	  31.02731426 121.43954958 1.25  0.0 0.0
2015-07-05-11 49 05.854	  31.02731426 121.43954958 1.25  0.0 0.0
2015-07-05-11 49 05.968	  31.02731426 121.43954958 1.25  0.0 0.0
2015-07-05-11 49 06.072	  31.02731426 121.43954958 1.25  0.0 0.0
2015-07-05-11 49 06.178	  31.02731426 121.43954958 1.25  0.0 0.0
2015-07-05-11 49 06.280	  31.02731426 121.43954958 1.25  0.0 0.0
2015-07-05-11 49 06.383	  31.02731426 121.43954958 1.25  0.0 0.0
2015-07-05-11 49 06.487	  31.02731426 121.43954958 1.25  0.0 0.0
2015-07-05-11 49 06.597	  31.02731426 121.43954958 1.25  0.0 0.0
2015-07-05-11 49 06.699	  31.02731426 121.43954958 1.25  0.0 0.0
2015-07-05-11 49 06.802	  31.02731426 121.43954958 1.25  0.0 0.0
2015-07-05-11 49 06.905	  31.02731426 121.43954958 1.25  0.0 0.0
2015-07-05-11 49 07.007	  31.02731426 121.43954958 1.25  0.0 0.0
2015-07-05-11 49 07.109	  31.02731426 121.43954958 1.25  0.0 0.0
2015-07-05-11 49 07.214	  31.02731426 121.43954958 1.25  0.0 0.0
2015-07-05-11 49 07.317	  31.02731426 121.43954958 1.25  0.0 0.0
2015-07-05-11 49 07.423	  31.02729275 121.43955867 1.25  0.0 0.0
2015-07-05-11 49 07.526	  31.02729275 121.43955867 1.25  0.0 0.0
2015-07-05-11 49 07.638	  31.02729275 121.43955867 1.25  0.0 0.0
2015-07-05-11 49 07.739	  31.02729275 121.43955867 1.25  0.0 0.0
2015-07-05-11 49 07.841	  31.02729275 121.43955867 1.25  0.0 0.0
2015-07-05-11 49 07.943	  31.02729275 121.43955867 1.25  0.0 0.0
2015-07-05-11 49 08.060	  31.02729275 121.43955867 1.25  0.0 0.0
2015-07-05-11 49 08.162	  31.02729275 121.43955867 1.25  0.0 0.0
2015-07-05-11 49 08.267	  31.02729275 121.43955867 1.25  0.0 0.0
2015-07-05-11 49 08.370	  31.02729275 121.43955867 1.25  0.0 0.0
2015-07-05-11 49 08.474	  31.02729275 121.43955867 1.25  0.0 0.0
2015-07-05-11 49 08.576	  31.02729275 121.43955867 1.25  0.0 0.0
2015-07-05-11 49 08.679	  31.02729275 121.43955867 1.25  0.0 0.0
2015-07-05-11 49 08.785	  31.02729275 121.43955867 1.25  0.0 0.0
2015-07-05-11 49 08.893	  31.02729275 121.43955867 1.25  0.0 0.0
2015-07-05-11 49 08.994	  31.02729275 121.43955867 1.25  0.0 0.0
2015-07-05-11 49 09.096	  31.02729275 121.43955867 1.25  0.0 0.0
2015-07-05-11 49 09.199	  31.02729275 121.43955867 1.25  0.0 0.0
2015-07-05-11 49 09.301	  31.02727053 121.43956642 1.25  0.0 0.0
2015-07-05-11 49 09.406	  31.02727053 121.43956642 1.25  0.0 0.0
2015-07-05-11 49 09.518	  31.02727053 121.43956642 1.25  0.0 0.0
2015-07-05-11 49 09.623	  31.02727053 121.43956642 1.25  0.0 0.0
2015-07-05-11 49 09.738	  31.02727053 121.43956642 1.25  0.0 0.0
2015-07-05-11 49 09.840	  31.02727053 121.43956642 1.25  0.0 0.0
2015-07-05-11 49 09.944	  31.02727053 121.43956642 1.25  0.0 0.0
2015-07-05-11 49 10.073	  31.02727053 121.43956642 1.25  0.0 0.0
2015-07-05-11 49 10.177	  31.02727053 121.43956642 1.25  0.0 0.0
2015-07-05-11 49 10.353	  31.02727053 121.43956642 1.25  0.0 0.0
2015-07-05-11 49 10.454	  31.02727053 121.43956642 1.25  0.0 0.0
2015-07-05-11 49 10.570	  31.02727053 121.43956642 1.25  0.0 0.0
2015-07-05-11 49 10.672	  31.02727053 121.43956642 1.25  0.0 0.0
2015-07-05-11 49 10.817	  31.02727053 121.43956642 1.25  0.0 0.0
2015-07-05-11 49 10.922	  31.02727053 121.43956642 1.25  0.0 0.0
2015-07-05-11 49 11.025	  31.02727053 121.43956642 1.25  0.0 0.0
2015-07-05-11 49 11.130	  31.02727053 121.43956642 1.25  0.0 0.0
2015-07-05-11 49 11.237	  31.02727053 121.43956642 1.25  0.0 0.0
2015-07-05-11 49 11.390	  31.02724833 121.43957531 1.25  0.0 0.0
2015-07-05-11 49 11.492	  31.02724833 121.43957531 1.25  0.0 0.0
2015-07-05-11 49 11.649	  31.02724833 121.43957531 1.25  0.0 0.0
2015-07-05-11 49 11.750	  31.02724833 121.43957531 1.25  0.0 0.0
2015-07-05-11 49 11.866	  31.02724833 121.43957531 1.25  0.0 0.0
2015-07-05-11 49 11.969	  31.02724833 121.43957531 1.25  0.0 0.0
2015-07-05-11 49 12.072	  31.02724833 121.43957531 1.25  0.0 0.0
2015-07-05-11 49 12.177	  31.02724833 121.43957531 1.25  0.0 0.0
2015-07-05-11 49 12.281	  31.02724833 121.43957531 1.25  0.0 0.0
2015-07-05-11 49 12.451	  31.02724833 121.43957531 1.25  0.0 0.0
2015-07-05-11 49 12.552	  31.02724833 121.43957531 1.25  0.0 0.0
2015-07-05-11 49 12.689	  31.02724833 121.43957531 1.25  0.0 0.0
2015-07-05-11 49 12.791	  31.02724833 121.43957531 1.25  0.0 0.0
2015-07-05-11 49 12.894	  31.02724833 121.43957531 1.25  0.0 0.0
2015-07-05-11 49 13.004	  31.02724833 121.43957531 1.25  0.0 0.0
2015-07-05-11 49 13.105	  31.02724833 121.43957531 1.25  0.0 0.0
2015-07-05-11 49 13.213	  31.02724833 121.43957531 1.25  0.0 0.0
2015-07-05-11 49 13.316	  31.02722486 121.43958462 1.25  0.0 0.0
2015-07-05-11 49 13.429	  31.02722486 121.43958462 1.25  0.0 0.0
2015-07-05-11 49 13.531	  31.02722486 121.43958462 1.25  0.0 0.0
2015-07-05-11 49 13.677	  31.02722486 121.43958462 1.25  0.0 0.0
2015-07-05-11 49 13.779	  31.02722486 121.43958462 1.25  0.0 0.0
2015-07-05-11 49 13.897	  31.02722486 121.43958462 1.25  0.0 0.0
2015-07-05-11 49 13.999	  31.02722486 121.43958462 1.25  0.0 0.0
2015-07-05-11 49 14.101	  31.02722486 121.43958462 1.25  0.0 0.0
2015-07-05-11 49 14.207	  31.02722486 121.43958462 1.25  0.0 0.0
2015-07-05-11 49 14.310	  31.02722486 121.43958462 1.25  0.0 0.0
2015-07-05-11 49 14.454	  31.02722486 121.43958462 1.25  0.0 0.0
2015-07-05-11 49 14.557	  31.02722486 121.43958462 1.25  0.0 0.0
2015-07-05-11 49 14.700	  31.02722486 121.43958462 1.25  0.0 0.0
2015-07-05-11 49 14.807	  31.02722486 121.43958462 1.25  0.0 0.0
2015-07-05-11 49 14.914	  31.02722486 121.43958462 1.25  0.0 0.0
2015-07-05-11 49 15.023	  31.02722486 121.43958462 1.25  0.0 0.0
2015-07-05-11 49 15.182	  31.02722486 121.43958462 1.25  0.0 0.0
2015-07-05-11 49 15.290	  31.02722486 121.43958462 1.25  0.0 0.0
2015-07-05-11 49 15.394	  31.02720129 121.43959434 1.25  0.0 0.0
2015-07-05-11 49 15.512	  31.02720129 121.43959434 1.25  0.0 0.0
2015-07-05-11 49 15.615	  31.02720129 121.43959434 1.25  0.0 0.0
2015-07-05-11 49 15.756	  31.02720129 121.43959434 1.25  0.0 0.0
2015-07-05-11 49 15.858	  31.02720129 121.43959434 1.25  0.0 0.0
2015-07-05-11 49 15.989	  31.02720129 121.43959434 1.25  0.0 0.0
2015-07-05-11 49 16.093	  31.02720129 121.43959434 1.25  0.0 0.0
2015-07-05-11 49 16.195	  31.02720129 121.43959434 1.25  0.0 0.0
2015-07-05-11 49 16.299	  31.02720129 121.43959434 1.25  0.0 0.0
2015-07-05-11 49 16.444	  31.02720129 121.43959434 1.25  0.0 0.0
2015-07-05-11 49 16.551	  31.02720129 121.43959434 1.25  0.0 0.0
2015-07-05-11 49 16.655	  31.02720129 121.43959434 1.25  0.0 0.0
2015-07-05-11 49 16.837	  31.02720129 121.43959434 1.25  0.0 0.0
2015-07-05-11 49 16.940	  31.02720129 121.43959434 1.25  0.0 0.0
2015-07-05-11 49 17.047	  31.02720129 121.43959434 1.25  0.0 0.0
2015-07-05-11 49 17.158	  31.02720129 121.43959434 1.25  0.0 0.0
2015-07-05-11 49 17.259	  31.02717812 121.4396037 1.25  0.0 0.0
2015-07-05-11 49 17.386	  31.02717812 121.4396037 1.25  0.0 0.0
2015-07-05-11 49 17.492	  31.02717812 121.4396037 1.25  0.0 0.0
2015-07-05-11 49 17.596	  31.02717812 121.4396037 1.25  0.0 0.0
2015-07-05-11 49 17.751	  31.02717812 121.4396037 1.25  0.0 0.0
2015-07-05-11 49 17.852	  31.02717812 121.4396037 1.25  0.0 0.0
2015-07-05-11 49 17.994	  31.02717812 121.4396037 1.25  0.0 0.0
2015-07-05-11 49 18.110	  31.02717812 121.4396037 1.25  0.0 0.0
2015-07-05-11 49 18.221	  31.02717812 121.4396037 1.25  0.0 0.0
2015-07-05-11 49 18.328	  31.02717812 121.4396037 1.25  0.0 0.0
2015-07-05-11 49 18.463	  31.02717812 121.4396037 1.25  0.0 0.0
2015-07-05-11 49 18.567	  31.02717812 121.4396037 1.25  0.0 0.0
2015-07-05-11 49 18.670	  31.02717812 121.4396037 1.25  0.0 0.0
2015-07-05-11 49 18.852	  31.02717812 121.4396037 1.25  0.0 0.0
2015-07-05-11 49 18.956	  31.02717812 121.4396037 1.25  0.0 0.0
2015-07-05-11 49 19.060	  31.02717812 121.4396037 1.25  0.0 0.0
2015-07-05-11 49 19.198	  31.02717812 121.4396037 1.25  0.0 0.0
2015-07-05-11 49 19.311	  31.02715388 121.43961448 1.25  0.0 0.0
2015-07-05-11 49 19.413	  31.02715388 121.43961448 1.25  0.0 0.0
2015-07-05-11 49 19.529	  31.02715388 121.43961448 1.25  0.0 0.0
2015-07-05-11 49 19.635	  31.02715388 121.43961448 1.25  0.0 0.0
2015-07-05-11 49 19.743	  31.02715388 121.43961448 1.25  0.0 0.0
2015-07-05-11 49 19.908	  31.02715388 121.43961448 1.25  0.0 0.0
2015-07-05-11 49 20.017	  31.02715388 121.43961448 1.25  0.0 0.0
2015-07-05-11 49 20.119	  31.02715388 121.43961448 1.25  0.0 0.0
2015-07-05-11 49 20.229	  31.02715388 121.43961448 1.25  0.0 0.0
2015-07-05-11 49 20.332	  31.02715388 121.43961448 1.25  0.0 0.0
2015-07-05-11 49 20.472	  31.02715388 121.43961448 1.25  0.0 0.0
2015-07-05-11 49 20.580	  31.02715388 121.43961448 1.25  0.0 0.0
2015-07-05-11 49 20.685	  31.02715388 121.43961448 1.25  0.0 0.0
2015-07-05-11 49 20.810	  31.02715388 121.43961448 1.25  0.0 0.0
2015-07-05-11 49 20.918	  31.02715388 121.43961448 1.25  0.0 0.0
2015-07-05-11 49 21.023	  31.02715388 121.43961448 1.25  0.0 0.0
2015-07-05-11 49 21.185	  31.02715388 121.43961448 1.25  0.0 0.0
2015-07-05-11 49 21.287	  31.02715388 121.43961448 1.25  0.0 0.0
2015-07-05-11 49 21.392	  31.02712906 121.43962591 1.25  0.0 0.0
2015-07-05-11 49 21.550	  31.02712906 121.43962591 1.25  0.0 0.0
2015-07-05-11 49 21.651	  31.02712906 121.43962591 1.25  0.0 0.0
2015-07-05-11 49 21.796	  31.02712906 121.43962591 1.25  0.0 0.0
2015-07-05-11 49 21.899	  31.02712906 121.43962591 1.25  0.0 0.0
2015-07-05-11 49 22.009	  31.02712906 121.43962591 1.25  0.0 0.0
2015-07-05-11 49 22.158	  31.02712906 121.43962591 1.25  0.0 0.0
2015-07-05-11 49 22.260	  31.02712906 121.43962591 1.25  0.0 0.0
2015-07-05-11 49 22.400	  31.02712906 121.43962591 1.25  0.0 0.0
2015-07-05-11 49 22.502	  31.02712906 121.43962591 1.25  0.0 0.0
2015-07-05-11 49 22.604	  31.02712906 121.43962591 1.25  0.0 0.0
2015-07-05-11 49 22.724	  31.02712906 121.43962591 1.25  0.0 0.0
2015-07-05-11 49 22.833	  31.02712906 121.43962591 1.25  0.0 0.0
2015-07-05-11 49 23.001	  31.02712906 121.43962591 1.25  0.0 0.0
2015-07-05-11 49 23.144	  31.02712906 121.43962591 1.25  0.0 0.0
2015-07-05-11 49 23.245	  31.02712906 121.43962591 1.25  0.0 0.0
2015-07-05-11 49 23.373	  31.02710413 121.43963771 1.25  0.0 0.0
2015-07-05-11 49 23.512	  31.02710413 121.43963771 1.25  0.0 0.0
2015-07-05-11 49 23.614	  31.02710413 121.43963771 1.25  0.0 0.0
2015-07-05-11 49 23.758	  31.02710413 121.43963771 1.25  0.0 0.0
2015-07-05-11 49 23.904	  31.02710413 121.43963771 1.25  0.0 0.0
2015-07-05-11 49 24.007	  31.02710413 121.43963771 1.25  0.0 0.0
2015-07-05-11 49 24.155	  31.02710413 121.43963771 1.25  0.0 0.0
2015-07-05-11 49 24.256	  31.02710413 121.43963771 1.25  0.0 0.0
2015-07-05-11 49 24.372	  31.02710413 121.43963771 1.25  0.0 0.0
2015-07-05-11 49 24.488	  31.02710413 121.43963771 1.25  0.0 0.0
2015-07-05-11 49 24.591	  31.02710413 121.43963771 1.25  0.0 0.0
2015-07-05-11 49 24.754	  31.02710413 121.43963771 1.25  0.0 0.0
2015-07-05-11 49 24.874	  31.02710413 121.43963771 1.25  0.0 0.0
2015-07-05-11 49 24.980	  31.02710413 121.43963771 1.25  0.0 0.0
2015-07-05-11 49 25.109	  31.02710413 121.43963771 1.25  0.0 0.0
2015-07-05-11 49 25.214	  31.02710413 121.43963771 1.25  0.0 0.0
2015-07-05-11 49 25.336	  31.02708302 121.43964477 1.25  0.0 0.0
2015-07-05-11 49 25.441	  31.02708302 121.43964477 1.25  0.0 0.0
2015-07-05-11 49 25.544	  31.02708302 121.43964477 1.25  0.0 0.0
2015-07-05-11 49 25.700	  31.02708302 121.43964477 1.25  0.0 0.0
2015-07-05-11 49 25.806	  31.02708302 121.43964477 1.25  0.0 0.0
2015-07-05-11 49 25.909	  31.02708302 121.43964477 1.25  0.0 0.0
2015-07-05-11 49 26.054	  31.02708302 121.43964477 1.25  0.0 0.0
2015-07-05-11 49 26.169	  31.02708302 121.43964477 1.25  0.0 0.0
2015-07-05-11 49 26.271	  31.02708302 121.43964477 1.25  0.0 0.0
2015-07-05-11 49 26.432	  31.02708302 121.43964477 1.25  0.0 0.0
2015-07-05-11 49 26.534	  31.02708302 121.43964477 1.25  0.0 0.0
2015-07-05-11 49 26.661	  31.02708302 121.43964477 1.25  0.0 0.0
2015-07-05-11 49 26.768	  31.02708302 121.43964477 1.25  0.0 0.0
2015-07-05-11 49 26.907	  31.02708302 121.43964477 1.25  0.0 0.0
2015-07-05-11 49 27.049	  31.02708302 121.43964477 1.25  0.0 0.0
2015-07-05-11 49 27.152	  31.02708302 121.43964477 1.25  0.0 0.0
2015-07-05-11 49 27.255	  31.02708302 121.43964477 1.25  0.0 0.0
2015-07-05-11 49 27.396	  31.02706054 121.43965213 1.25  0.0 0.0
2015-07-05-11 49 27.497	  31.02706054 121.43965213 1.25  0.0 0.0
2015-07-05-11 49 27.602	  31.02706054 121.43965213 1.25  0.0 0.0
2015-07-05-11 49 27.753	  31.02706054 121.43965213 1.25  0.0 0.0
2015-07-05-11 49 27.855	  31.02706054 121.43965213 1.25  0.0 0.0
2015-07-05-11 49 27.957	  31.02706054 121.43965213 1.25  0.0 0.0
2015-07-05-11 49 28.129	  31.02706054 121.43965213 1.25  0.0 0.0
2015-07-05-11 49 28.231	  31.02706054 121.43965213 1.25  0.0 0.0
2015-07-05-11 49 28.333	  31.02706054 121.43965213 1.25  0.0 0.0
2015-07-05-11 49 28.461	  31.02706054 121.43965213 1.25  0.0 0.0
2015-07-05-11 49 28.567	  31.02706054 121.43965213 1.25  0.0 0.0
2015-07-05-11 49 28.671	  31.02706054 121.43965213 1.25  0.0 0.0
2015-07-05-11 49 28.827	  31.02706054 121.43965213 1.25  0.0 0.0
2015-07-05-11 49 28.945	  31.02706054 121.43965213 1.25  0.0 0.0
2015-07-05-11 49 29.061	  31.02706054 121.43965213 1.25  0.0 0.0
2015-07-05-11 49 29.225	  31.02706054 121.43965213 1.25  0.0 0.0
2015-07-05-11 49 29.366	  31.02706054 121.43965213 1.25  0.0 0.0
2015-07-05-11 49 29.505	  31.02703772 121.43966098 1.25  0.0 0.0
2015-07-05-11 49 29.630	  31.02703772 121.43966098 1.25  0.0 0.0
2015-07-05-11 49 29.794	  31.02703772 121.43966098 1.25  0.0 0.0
2015-07-05-11 49 29.929	  31.02703772 121.43966098 1.25  0.0 0.0
2015-07-05-11 49 30.092	  31.02703772 121.43966098 1.25  0.0 0.0
2015-07-05-11 49 30.207	  31.02703772 121.43966098 1.25  0.0 0.0
2015-07-05-11 49 30.329	  31.02703772 121.43966098 1.25  0.0 0.0
2015-07-05-11 49 30.434	  31.02703772 121.43966098 1.25  0.0 0.0
2015-07-05-11 49 30.537	  31.02703772 121.43966098 1.25  0.0 0.0
2015-07-05-11 49 30.700	  31.02703772 121.43966098 1.25  0.0 0.0
2015-07-05-11 49 30.815	  31.02703772 121.43966098 1.25  0.0 0.0
2015-07-05-11 49 30.946	  31.02703772 121.43966098 1.25  0.0 0.0
2015-07-05-11 49 31.061	  31.02703772 121.43966098 1.25  0.0 0.0
2015-07-05-11 49 31.196	  31.02703772 121.43966098 1.25  0.0 0.0
2015-07-05-11 49 31.313	  31.02701444 121.43967064 1.25  0.0 0.0
2015-07-05-11 49 31.456	  31.02701444 121.43967064 1.25  0.0 0.0
2015-07-05-11 49 31.572	  31.02701444 121.43967064 1.25  0.0 0.0
2015-07-05-11 49 31.691	  31.02701444 121.43967064 1.25  0.0 0.0
2015-07-05-11 49 31.825	  31.02701444 121.43967064 1.25  0.0 0.0
2015-07-05-11 49 31.982	  31.02701444 121.43967064 1.25  0.0 0.0
2015-07-05-11 49 32.097	  31.02701444 121.43967064 1.25  0.0 0.0
2015-07-05-11 49 32.255	  31.02701444 121.43967064 1.25  0.0 0.0
2015-07-05-11 49 32.371	  31.02701444 121.43967064 1.25  0.0 0.0
2015-07-05-11 49 32.491	  31.02701444 121.43967064 1.25  0.0 0.0
2015-07-05-11 49 32.636	  31.02701444 121.43967064 1.25  0.0 0.0
2015-07-05-11 49 32.767	  31.02701444 121.43967064 1.25  0.0 0.0
2015-07-05-11 49 32.930	  31.02701444 121.43967064 1.25  0.0 0.0
2015-07-05-11 49 33.075	  31.02701444 121.43967064 1.25  0.0 0.0
2015-07-05-11 49 33.210	  31.02701444 121.43967064 1.25  0.0 0.0
2015-07-05-11 49 33.366	  31.02698869 121.43968146 1.25  0.0 0.0
2015-07-05-11 49 33.520	  31.02698869 121.43968146 1.25  0.0 0.0
2015-07-05-11 49 33.638	  31.02698869 121.43968146 1.25  0.0 0.0
2015-07-05-11 49 33.778	  31.02698869 121.43968146 1.25  0.0 0.0
2015-07-05-11 49 33.955	  31.02698869 121.43968146 1.25  0.0 0.0
2015-07-05-11 49 34.074	  31.02698869 121.43968146 1.25  0.0 0.0
2015-07-05-11 49 34.255	  31.02698869 121.43968146 1.25  0.0 0.0
2015-07-05-11 49 34.415	  31.02698869 121.43968146 1.25  0.0 0.0
2015-07-05-11 49 34.532	  31.02698869 121.43968146 1.25  0.0 0.0
2015-07-05-11 49 34.688	  31.02698869 121.43968146 1.25  0.0 0.0
2015-07-05-11 49 34.830	  31.02698869 121.43968146 1.25  0.0 0.0
2015-07-05-11 49 34.970	  31.02698869 121.43968146 1.25  0.0 0.0
2015-07-05-11 49 35.088	  31.02698869 121.43968146 1.25  0.0 0.0
2015-07-05-11 49 35.262	  31.02696359 121.43969328 1.25  0.0 0.0
2015-07-05-11 49 35.446	  31.02696359 121.43969328 1.25  0.0 0.0
2015-07-05-11 49 35.561	  31.02696359 121.43969328 1.25  0.0 0.0
2015-07-05-11 49 35.676	  31.02696359 121.43969328 1.25  0.0 0.0
2015-07-05-11 49 35.815	  31.02696359 121.43969328 1.25  0.0 0.0
2015-07-05-11 49 35.952	  31.02696359 121.43969328 1.25  0.0 0.0
2015-07-05-11 49 36.117	  31.02696359 121.43969328 1.25  0.0 0.0
2015-07-05-11 49 36.259	  31.02696359 121.43969328 1.25  0.0 0.0
2015-07-05-11 49 36.451	  31.02696359 121.43969328 1.25  0.0 0.0
2015-07-05-11 49 36.576	  31.02696359 121.43969328 1.25  0.0 0.0
2015-07-05-11 49 36.723	  31.02696359 121.43969328 1.25  0.0 0.0
2015-07-05-11 49 36.872	  31.02696359 121.43969328 1.25  0.0 0.0
2015-07-05-11 49 37.051	  31.02696359 121.43969328 1.25  0.0 0.0
2015-07-05-11 49 37.178	  31.02696359 121.43969328 1.25  0.0 0.0
2015-07-05-11 49 37.353	  31.02696359 121.43969328 1.25  0.0 0.0
2015-07-05-11 49 37.469	  31.02693998 121.43970356 1.25  0.0 0.0
2015-07-05-11 49 37.590	  31.02693998 121.43970356 1.25  0.0 0.0
2015-07-05-11 49 37.728	  31.02693998 121.43970356 1.25  0.0 0.0
2015-07-05-11 49 37.845	  31.02693998 121.43970356 1.25  0.0 0.0
2015-07-05-11 49 37.975	  31.02693998 121.43970356 1.25  0.0 0.0
2015-07-05-11 49 38.135	  31.02693998 121.43970356 1.25  0.0 0.0
2015-07-05-11 49 38.250	  31.02693998 121.43970356 1.25  0.0 0.0
2015-07-05-11 49 38.368	  31.02693998 121.43970356 1.25  0.0 0.0
2015-07-05-11 49 38.485	  31.02693998 121.43970356 1.25  0.0 0.0
2015-07-05-11 49 38.628	  31.02693998 121.43970356 1.25  0.0 0.0
2015-07-05-11 49 38.754	  31.02693998 121.43970356 1.25  0.0 0.0
2015-07-05-11 49 38.873	  31.02693998 121.43970356 1.25  0.0 0.0
2015-07-05-11 49 39.003	  31.02693998 121.43970356 1.25  0.0 0.0
2015-07-05-11 49 39.163	  31.02693998 121.43970356 1.25  0.0 0.0
2015-07-05-11 49 39.300	  31.02693998 121.43970356 1.25  0.0 0.0
2015-07-05-11 49 39.434	  31.02691513 121.439714 1.25  0.0 0.0
2015-07-05-11 49 39.559	  31.02691513 121.439714 1.25  0.0 0.0
2015-07-05-11 49 39.752	  31.02691513 121.439714 1.25  0.0 0.0
2015-07-05-11 49 39.869	  31.02691513 121.439714 1.25  0.0 0.0
2015-07-05-11 49 40.015	  31.02691513 121.439714 1.25  0.0 0.0
2015-07-05-11 49 40.157	  31.02691513 121.439714 1.25  0.0 0.0
2015-07-05-11 49 40.298	  31.02691513 121.439714 1.25  0.0 0.0
2015-07-05-11 49 40.462	  31.02691513 121.439714 1.25  0.0 0.0
2015-07-05-11 49 40.584	  31.02691513 121.439714 1.25  0.0 0.0
2015-07-05-11 49 40.726	  31.02691513 121.439714 1.25  0.0 0.0
2015-07-05-11 49 40.869	  31.02691513 121.439714 1.25  0.0 0.0
2015-07-05-11 49 40.988	  31.02691513 121.439714 1.25  0.0 0.0
2015-07-05-11 49 41.142	  31.02691513 121.439714 1.25  0.0 0.0
2015-07-05-11 49 41.281	  31.02689092 121.43972578 1.25  0.0 0.0
2015-07-05-11 49 41.429	  31.02689092 121.43972578 1.25  0.0 0.0
2015-07-05-11 49 41.566	  31.02689092 121.43972578 1.25  0.0 0.0
2015-07-05-11 49 41.698	  31.02689092 121.43972578 1.25  0.0 0.0
2015-07-05-11 49 41.856	  31.02689092 121.43972578 1.25  0.0 0.0
2015-07-05-11 49 41.987	  31.02689092 121.43972578 1.25  0.0 0.0
2015-07-05-11 49 42.147	  31.02689092 121.43972578 1.25  0.0 0.0
2015-07-05-11 49 42.287	  31.02689092 121.43972578 1.25  0.0 0.0
2015-07-05-11 49 42.431	  31.02689092 121.43972578 1.25  0.0 0.0
2015-07-05-11 49 42.568	  31.02689092 121.43972578 1.25  0.0 0.0
2015-07-05-11 49 42.684	  31.02689092 121.43972578 1.25  0.0 0.0
2015-07-05-11 49 42.824	  31.02689092 121.43972578 1.25  0.0 0.0
2015-07-05-11 49 42.966	  31.02689092 121.43972578 1.25  0.0 0.0
2015-07-05-11 49 43.119	  31.02689092 121.43972578 1.25  0.0 0.0
2015-07-05-11 49 43.238	  31.02689092 121.43972578 1.25  0.0 0.0
2015-07-05-11 49 43.383	  31.02686797 121.439738 1.25  0.0 0.0
2015-07-05-11 49 43.499	  31.02686797 121.439738 1.25  0.0 0.0
2015-07-05-11 49 43.621	  31.02686797 121.439738 1.25  0.0 0.0
2015-07-05-11 49 43.760	  31.02686797 121.439738 1.25  0.0 0.0
2015-07-05-11 49 43.876	  31.02686797 121.439738 1.25  0.0 0.0
2015-07-05-11 49 44.038	  31.02686797 121.439738 1.25  0.0 0.0
2015-07-05-11 49 44.178	  31.02686797 121.439738 1.25  0.0 0.0
2015-07-05-11 49 44.293	  31.02686797 121.439738 1.25  0.0 0.0
2015-07-05-11 49 44.413	  31.02686797 121.439738 1.25  0.0 0.0
2015-07-05-11 49 44.529	  31.02686797 121.439738 1.25  0.0 0.0
2015-07-05-11 49 44.704	  31.02686797 121.439738 1.25  0.0 0.0
2015-07-05-11 49 44.821	  31.02686797 121.439738 1.25  0.0 0.0
2015-07-05-11 49 44.935	  31.02686797 121.439738 1.25  0.0 0.0
2015-07-05-11 49 45.097	  31.02686797 121.439738 1.25  0.0 0.0
2015-07-05-11 49 45.251	  31.02686797 121.439738 1.25  0.0 0.0
2015-07-05-11 49 45.377	  31.02684494 121.43975136 1.25  0.0 0.0
2015-07-05-11 49 45.557	  31.02684494 121.43975136 1.25  0.0 0.0
2015-07-05-11 49 45.675	  31.02684494 121.43975136 1.25  0.0 0.0
2015-07-05-11 49 45.791	  31.02684494 121.43975136 1.25  0.0 0.0
2015-07-05-11 49 45.907	  31.02684494 121.43975136 1.25  0.0 0.0
2015-07-05-11 49 46.023	  31.02684494 121.43975136 1.25  0.0 0.0
2015-07-05-11 49 46.140	  31.02684494 121.43975136 1.25  0.0 0.0
2015-07-05-11 49 46.256	  31.02684494 121.43975136 1.25  0.0 0.0
2015-07-05-11 49 46.390	  31.02684494 121.43975136 1.25  0.0 0.0
2015-07-05-11 49 46.516	  31.02684494 121.43975136 1.25  0.0 0.0
2015-07-05-11 49 46.660	  31.02684494 121.43975136 1.25  0.0 0.0
2015-07-05-11 49 46.822	  31.02684494 121.43975136 1.25  0.0 0.0
2015-07-05-11 49 46.951	  31.02684494 121.43975136 1.25  0.0 0.0
2015-07-05-11 49 47.065	  31.02684494 121.43975136 1.25  0.0 0.0
2015-07-05-11 49 47.203	  31.02684494 121.43975136 1.25  0.0 0.0
2015-07-05-11 49 47.367	  31.02682094 121.43976415 1.25  0.0 0.0
2015-07-05-11 49 47.485	  31.02682094 121.43976415 1.25  0.0 0.0
2015-07-05-11 49 47.623	  31.02682094 121.43976415 1.25  0.0 0.0
2015-07-05-11 49 47.772	  31.02682094 121.43976415 1.25  0.0 0.0
2015-07-05-11 49 47.926	  31.02682094 121.43976415 1.25  0.0 0.0
2015-07-05-11 49 48.081	  31.02682094 121.43976415 1.25  0.0 0.0
2015-07-05-11 49 48.229	  31.02682094 121.43976415 1.25  0.0 0.0
2015-07-05-11 49 48.378	  31.02682094 121.43976415 1.25  0.0 0.0
2015-07-05-11 49 48.494	  31.02682094 121.43976415 1.25  0.0 0.0
2015-07-05-11 49 48.642	  31.02682094 121.43976415 1.25  0.0 0.0
2015-07-05-11 49 48.766	  31.02682094 121.43976415 1.25  0.0 0.0
2015-07-05-11 49 48.908	  31.02682094 121.43976415 1.25  0.0 0.0
2015-07-05-11 49 49.056	  31.02682094 121.43976415 1.25  0.0 0.0
2015-07-05-11 49 49.204	  31.02682094 121.43976415 1.25  0.0 0.0
2015-07-05-11 49 49.358	  31.02679778 121.43977552 1.25  0.0 0.0
2015-07-05-11 49 49.497	  31.02679778 121.43977552 1.25  0.0 0.0
2015-07-05-11 49 49.648	  31.02679778 121.43977552 1.25  0.0 0.0
2015-07-05-11 49 49.800	  31.02679778 121.43977552 1.25  0.0 0.0
2015-07-05-11 49 49.973	  31.02679778 121.43977552 1.25  0.0 0.0
2015-07-05-11 49 50.088	  31.02679778 121.43977552 1.25  0.0 0.0
2015-07-05-11 49 50.247	  31.02679778 121.43977552 1.25  0.0 0.0
2015-07-05-11 49 50.385	  31.02679778 121.43977552 1.25  0.0 0.0
2015-07-05-11 49 50.501	  31.02679778 121.43977552 1.25  0.0 0.0
2015-07-05-11 49 50.631	  31.02679778 121.43977552 1.25  0.0 0.0
2015-07-05-11 49 50.786	  31.02679778 121.43977552 1.25  0.0 0.0
2015-07-05-11 49 50.925	  31.02679778 121.43977552 1.25  0.0 0.0
2015-07-05-11 49 51.155	  31.02679778 121.43977552 1.25  0.0 0.0
2015-07-05-11 49 51.296	  31.02677775 121.43978406 1.25  0.0 0.0
2015-07-05-11 49 51.450	  31.02677775 121.43978406 1.25  0.0 0.0
2015-07-05-11 49 51.564	  31.02677775 121.43978406 1.25  0.0 0.0
2015-07-05-11 49 51.685	  31.02677775 121.43978406 1.25  0.0 0.0
2015-07-05-11 49 51.821	  31.02677775 121.43978406 1.25  0.0 0.0
2015-07-05-11 49 51.969	  31.02677775 121.43978406 1.25  0.0 0.0
2015-07-05-11 49 52.107	  31.02677775 121.43978406 1.25  0.0 0.0
2015-07-05-11 49 52.249	  31.02677775 121.43978406 1.25  0.0 0.0
2015-07-05-11 49 52.405	  31.02677775 121.43978406 1.25  0.0 0.0
2015-07-05-11 49 52.522	  31.02677775 121.43978406 1.25  0.0 0.0
2015-07-05-11 49 52.663	  31.02677775 121.43978406 1.25  0.0 0.0
2015-07-05-11 49 52.803	  31.02677775 121.43978406 1.25  0.0 0.0
2015-07-05-11 49 52.949	  31.02677775 121.43978406 1.25  0.0 0.0
2015-07-05-11 49 53.090	  31.02677775 121.43978406 1.25  0.0 0.0
2015-07-05-11 49 53.229	  31.02677775 121.43978406 1.25  0.0 0.0
2015-07-05-11 49 53.349	  31.02677775 121.43978406 1.25  0.0 0.0
2015-07-05-11 49 53.490	  31.02675269 121.43979575 1.25  0.0 0.0
2015-07-05-11 49 53.602	  31.02675269 121.43979575 1.25  0.0 0.0
2015-07-05-11 49 53.743	  31.02675269 121.43979575 1.25  0.0 0.0
2015-07-05-11 49 53.875	  31.02675269 121.43979575 1.25  0.0 0.0
2015-07-05-11 49 54.003	  31.02675269 121.43979575 1.25  0.0 0.0
2015-07-05-11 49 54.126	  31.02675269 121.43979575 1.25  0.0 0.0
2015-07-05-11 49 54.243	  31.02675269 121.43979575 1.25  0.0 0.0
2015-07-05-11 49 54.374	  31.02675269 121.43979575 1.25  0.0 0.0
2015-07-05-11 49 54.503	  31.02675269 121.43979575 1.25  0.0 0.0
2015-07-05-11 49 54.641	  31.02675269 121.43979575 1.25  0.0 0.0
2015-07-05-11 49 54.771	  31.02675269 121.43979575 1.25  0.0 0.0
2015-07-05-11 49 54.921	  31.02675269 121.43979575 1.25  0.0 0.0
2015-07-05-11 49 55.068	  31.02675269 121.43979575 1.25  0.0 0.0
2015-07-05-11 49 55.208	  31.02675269 121.43979575 1.25  0.0 0.0
2015-07-05-11 49 55.328	  31.02672966 121.43980701 1.25  0.0 0.0
2015-07-05-11 49 55.505	  31.02672966 121.43980701 1.25  0.0 0.0
2015-07-05-11 49 55.645	  31.02672966 121.43980701 1.25  0.0 0.0
2015-07-05-11 49 55.784	  31.02672966 121.43980701 1.25  0.0 0.0
2015-07-05-11 49 55.937	  31.02672966 121.43980701 1.25  0.0 0.0
2015-07-05-11 49 56.041	  31.02672966 121.43980701 1.25  0.0 0.0
2015-07-05-11 49 56.170	  31.02672966 121.43980701 1.25  0.0 0.0
2015-07-05-11 49 56.280	  31.02672966 121.43980701 1.25  0.0 0.0
2015-07-05-11 49 56.406	  31.02672966 121.43980701 1.25  0.0 0.0
2015-07-05-11 49 56.523	  31.02672966 121.43980701 1.25  0.0 0.0
2015-07-05-11 49 56.630	  31.02672966 121.43980701 1.25  0.0 0.0
2015-07-05-11 49 56.765	  31.02672966 121.43980701 1.25  0.0 0.0
2015-07-05-11 49 56.883	  31.02672966 121.43980701 1.25  0.0 0.0
2015-07-05-11 49 57.033	  31.02672966 121.43980701 1.25  0.0 0.0
2015-07-05-11 49 57.181	  31.02672966 121.43980701 1.25  0.0 0.0
2015-07-05-11 49 57.298	  31.02670758 121.43981771 1.25  0.0 0.0
2015-07-05-11 49 57.422	  31.02670758 121.43981771 1.25  0.0 0.0
2015-07-05-11 49 57.549	  31.02670758 121.43981771 1.25  0.0 0.0
2015-07-05-11 49 57.696	  31.02670758 121.43981771 1.25  0.0 0.0
2015-07-05-11 49 57.849	  31.02670758 121.43981771 1.25  0.0 0.0
2015-07-05-11 49 58.036	  31.02670758 121.43981771 1.25  0.0 0.0
2015-07-05-11 49 58.140	  31.02670758 121.43981771 1.25  0.0 0.0
2015-07-05-11 49 58.245	  31.02670758 121.43981771 1.25  0.0 0.0
2015-07-05-11 49 58.394	  31.02670758 121.43981771 1.25  0.0 0.0
2015-07-05-11 49 58.495	  31.02670758 121.43981771 1.25  0.0 0.0
2015-07-05-11 49 58.597	  31.02670758 121.43981771 1.25  0.0 0.0
2015-07-05-11 49 58.699	  31.02670758 121.43981771 1.25  0.0 0.0
2015-07-05-11 49 58.813	  31.02670758 121.43981771 1.25  0.0 0.0
2015-07-05-11 49 58.944	  31.02670758 121.43981771 1.25  0.0 0.0
2015-07-05-11 49 59.060	  31.02670758 121.43981771 1.25  0.0 0.0
2015-07-05-11 49 59.192	  31.02670758 121.43981771 1.25  0.0 0.0
2015-07-05-11 49 59.354	  31.02668492 121.43982874 1.25  0.0 0.0
2015-07-05-11 49 59.456	  31.02668492 121.43982874 1.25  0.0 0.0
2015-07-05-11 49 59.561	  31.02668492 121.43982874 1.25  0.0 0.0
2015-07-05-11 49 59.678	  31.02668492 121.43982874 1.25  0.0 0.0
2015-07-05-11 49 59.822	  31.02668492 121.43982874 1.25  0.0 0.0
2015-07-05-11 49 59.927	  31.02668492 121.43982874 1.25  0.0 0.0
2015-07-05-11 50 00.030	  31.02668492 121.43982874 1.25  0.0 0.0
2015-07-05-11 50 00.134	  31.02668492 121.43982874 1.25  0.0 0.0
2015-07-05-11 50 00.237	  31.02668492 121.43982874 1.25  0.0 0.0
2015-07-05-11 50 00.343	  31.02668492 121.43982874 1.25  0.0 0.0
2015-07-05-11 50 00.487	  31.02668492 121.43982874 1.25  0.0 0.0
2015-07-05-11 50 00.625	  31.02668492 121.43982874 1.25  0.0 0.0
2015-07-05-11 50 00.728	  31.02668492 121.43982874 1.25  0.0 0.0
2015-07-05-11 50 00.831	  31.02668492 121.43982874 1.25  0.0 0.0
2015-07-05-11 50 00.943	  31.02668492 121.43982874 1.25  0.0 0.0
2015-07-05-11 50 01.072	  31.02668492 121.43982874 1.25  0.0 0.0
2015-07-05-11 50 01.242	  31.02668492 121.43982874 1.25  0.0 0.0
2015-07-05-11 50 01.345	  31.02668492 121.43982874 1.25  0.0 0.0
2015-07-05-11 50 01.456	  31.02666284 121.43983901 1.25  0.0 0.0
2015-07-05-11 50 01.572	  31.02666284 121.43983901 1.25  0.0 0.0
2015-07-05-11 50 01.691	  31.02666284 121.43983901 1.25  0.0 0.0
2015-07-05-11 50 01.795	  31.02666284 121.43983901 1.25  0.0 0.0
2015-07-05-11 50 01.910	  31.02666284 121.43983901 1.25  0.0 0.0
2015-07-05-11 50 02.042	  31.02666284 121.43983901 1.25  0.0 0.0
2015-07-05-11 50 02.194	  31.02666284 121.43983901 1.25  0.0 0.0
2015-07-05-11 50 02.303	  31.02666284 121.43983901 1.25  0.0 0.0
2015-07-05-11 50 02.461	  31.02666284 121.43983901 1.25  0.0 0.0
2015-07-05-11 50 02.579	  31.02666284 121.43983901 1.25  0.0 0.0
2015-07-05-11 50 02.686	  31.02666284 121.43983901 1.25  0.0 0.0
2015-07-05-11 50 02.839	  31.02666284 121.43983901 1.25  0.0 0.0
2015-07-05-11 50 02.995	  31.02666284 121.43983901 1.25  0.0 0.0
2015-07-05-11 50 03.101	  31.02666284 121.43983901 1.25  0.0 0.0
2015-07-05-11 50 03.276	  31.02666284 121.43983901 1.25  0.0 0.0
2015-07-05-11 50 03.452	  31.02664111 121.43984815 1.25  0.0 0.0
2015-07-05-11 50 03.566	  31.02664111 121.43984815 1.25  0.0 0.0
2015-07-05-11 50 03.683	  31.02664111 121.43984815 1.25  0.0 0.0
2015-07-05-11 50 03.791	  31.02664111 121.43984815 1.25  0.0 0.0
2015-07-05-11 50 03.892	  31.02664111 121.43984815 1.25  0.0 0.0
2015-07-05-11 50 03.995	  31.02664111 121.43984815 1.25  0.0 0.0
2015-07-05-11 50 04.106	  31.02664111 121.43984815 1.25  0.0 0.0
2015-07-05-11 50 04.222	  31.02664111 121.43984815 1.25  0.0 0.0
2015-07-05-11 50 04.339	  31.02664111 121.43984815 1.25  0.0 0.0
2015-07-05-11 50 04.460	  31.02664111 121.43984815 1.25  0.0 0.0
2015-07-05-11 50 04.576	  31.02664111 121.43984815 1.25  0.0 0.0
2015-07-05-11 50 04.718	  31.02664111 121.43984815 1.25  0.0 0.0
2015-07-05-11 50 04.861	  31.02664111 121.43984815 1.25  0.0 0.0
2015-07-05-11 50 05.023	  31.02664111 121.43984815 1.25  0.0 0.0
2015-07-05-11 50 05.138	  31.02664111 121.43984815 1.25  0.0 0.0
2015-07-05-11 50 05.288	  31.02661866 121.43985861 1.25  0.0 0.0
2015-07-05-11 50 05.436	  31.02661866 121.43985861 1.25  0.0 0.0
2015-07-05-11 50 05.572	  31.02661866 121.43985861 1.25  0.0 0.0
2015-07-05-11 50 05.713	  31.02661866 121.43985861 1.25  0.0 0.0
2015-07-05-11 50 05.888	  31.02661866 121.43985861 1.25  0.0 0.0
2015-07-05-11 50 06.024	  31.02661866 121.43985861 1.25  0.0 0.0
2015-07-05-11 50 06.153	  31.02661866 121.43985861 1.25  0.0 0.0
2015-07-05-11 50 06.303	  31.02661866 121.43985861 1.25  0.0 0.0
2015-07-05-11 50 06.449	  31.02661866 121.43985861 1.25  0.0 0.0
2015-07-05-11 50 06.554	  31.02661866 121.43985861 1.25  0.0 0.0
2015-07-05-11 50 06.696	  31.02661866 121.43985861 1.25  0.0 0.0
2015-07-05-11 50 06.856	  31.02661866 121.43985861 1.25  0.0 0.0
2015-07-05-11 50 06.971	  31.02661866 121.43985861 1.25  0.0 0.0
2015-07-05-11 50 07.088	  31.02661866 121.43985861 1.25  0.0 0.0
2015-07-05-11 50 07.224	  31.02661866 121.43985861 1.25  0.0 0.0
2015-07-05-11 50 07.360	  31.02659536 121.43987029 1.25  0.0 0.0
2015-07-05-11 50 07.507	  31.02659536 121.43987029 1.25  0.0 0.0
2015-07-05-11 50 07.638	  31.02659536 121.43987029 1.25  0.0 0.0
