2015-07-05-11 58 55.214	  0.0 0.0 0.0  0.0 0.0
2015-07-05-11 58 55.315	  0.0 0.0 0.0  0.0 0.0
2015-07-05-11 58 55.418	  0.0 0.0 0.0  0.0 0.0
2015-07-05-11 58 55.520	  0.0 0.0 0.0  0.0 0.0
2015-07-05-11 58 55.622	  0.0 0.0 0.0  0.0 0.0
2015-07-05-11 58 55.725	  0.0 0.0 0.0  0.0 0.0
2015-07-05-11 58 55.827	  0.0 0.0 0.0  0.0 0.0
2015-07-05-11 58 55.929	  0.0 0.0 0.0  0.0 0.0
2015-07-05-11 58 56.030	  0.0 0.0 0.0  0.0 0.0
2015-07-05-11 58 56.132	  0.0 0.0 0.0  0.0 0.0
2015-07-05-11 58 56.234	  0.0 0.0 0.0  0.0 0.0
2015-07-05-11 58 56.336	  0.0 0.0 0.0  0.0 0.0
2015-07-05-11 58 56.437	  0.0 0.0 0.0  0.0 0.0
2015-07-05-11 58 56.539	  0.0 0.0 0.0  0.0 0.0
2015-07-05-11 58 56.641	  0.0 0.0 0.0  0.0 0.0
2015-07-05-11 58 56.743	  0.0 0.0 0.0  0.0 0.0
2015-07-05-11 58 56.845	  0.0 0.0 0.0  0.0 0.0
2015-07-05-11 58 56.946	  0.0 0.0 0.0  0.0 0.0
2015-07-05-11 58 57.048	  0.0 0.0 0.0  0.0 0.0
2015-07-05-11 58 57.150	  0.0 0.0 0.0  0.0 0.0
2015-07-05-11 58 57.253	  0.0 0.0 0.0  0.0 0.0
2015-07-05-11 58 57.354	  0.0 0.0 0.0  0.0 0.0
2015-07-05-11 58 57.456	  0.0 0.0 0.0  0.0 0.0
2015-07-05-11 58 57.557	  0.0 0.0 0.0  0.0 0.0
2015-07-05-11 58 57.660	  0.0 0.0 0.0  0.0 0.0
2015-07-05-11 58 57.762	  0.0 0.0 0.0  0.0 0.0
2015-07-05-11 58 57.863	  0.0 0.0 0.0  0.0 0.0
2015-07-05-11 58 57.965	  0.0 0.0 0.0  0.0 0.0
2015-07-05-11 58 58.067	  0.0 0.0 0.0  0.0 0.0
2015-07-05-11 58 58.169	  0.0 0.0 0.0  0.0 0.0
2015-07-05-11 58 58.271	  0.0 0.0 0.0  0.0 0.0
2015-07-05-11 58 58.373	  31.0277802 121.43930276 0.75  0.0 0.0
2015-07-05-11 58 58.477	  31.0277802 121.43930276 0.75  0.0 0.0
2015-07-05-11 58 58.579	  31.0277802 121.43930276 0.75  0.0 0.0
2015-07-05-11 58 58.684	  31.0277802 121.43930276 0.75  0.0 0.0
2015-07-05-11 58 58.788	  31.0277802 121.43930276 0.75  0.0 0.0
2015-07-05-11 58 58.889	  31.0277802 121.43930276 0.75  0.0 0.0
2015-07-05-11 58 58.991	  31.0277802 121.43930276 0.75  0.0 0.0
2015-07-05-11 58 59.098	  31.0277802 121.43930276 0.75  0.0 0.0
2015-07-05-11 58 59.202	  31.0277802 121.43930276 0.75  0.0 0.0
2015-07-05-11 58 59.319	  31.0277802 121.43930276 0.75  0.0 0.0
2015-07-05-11 58 59.421	  31.0277802 121.43930276 0.75  0.0 0.0
2015-07-05-11 58 59.524	  31.02776945 121.4393233 0.75  0.0 0.0
2015-07-05-11 58 59.626	  31.02776945 121.4393233 0.75  0.0 0.0
2015-07-05-11 58 59.730	  31.02776945 121.4393233 0.75  0.0 0.0
2015-07-05-11 58 59.835	  31.02776945 121.4393233 0.75  0.0 0.0
2015-07-05-11 58 59.940	  31.02776945 121.4393233 0.75  0.0 0.0
2015-07-05-11 59 00.047	  31.02776945 121.4393233 0.75  0.0 0.0
2015-07-05-11 59 00.153	  31.02776945 121.4393233 0.75  0.0 0.0
2015-07-05-11 59 00.254	  31.02776945 121.4393233 0.75  0.0 0.0
2015-07-05-11 59 00.355	  31.02776945 121.4393233 0.75  0.0 0.0
2015-07-05-11 59 00.473	  31.02776945 121.4393233 0.75  0.0 0.0
2015-07-05-11 59 00.578	  31.02776945 121.4393233 0.75  0.0 0.0
2015-07-05-11 59 00.680	  31.02776945 121.4393233 0.75  0.0 0.0
2015-07-05-11 59 00.785	  31.02776945 121.4393233 0.75  0.0 0.0
2015-07-05-11 59 00.889	  31.02776945 121.4393233 0.75  0.0 0.0
2015-07-05-11 59 00.994	  31.02776945 121.4393233 0.75  0.0 0.0
2015-07-05-11 59 01.098	  31.02776945 121.4393233 0.75  0.0 0.0
2015-07-05-11 59 01.202	  31.02776945 121.4393233 0.75  0.0 0.0
2015-07-05-11 59 01.317	  31.02776945 121.4393233 0.75  0.0 0.0
2015-07-05-11 59 01.418	  31.02776945 121.4393233 0.75  0.0 0.0
2015-07-05-11 59 01.521	  31.02774713 121.43935228 0.75  0.0 0.0
2015-07-05-11 59 01.628	  31.02774713 121.43935228 0.75  0.0 0.0
2015-07-05-11 59 01.730	  31.02774713 121.43935228 0.75  0.0 0.0
2015-07-05-11 59 01.832	  31.02774713 121.43935228 0.75  0.0 0.0
2015-07-05-11 59 01.934	  31.02774713 121.43935228 0.75  0.0 0.0
2015-07-05-11 59 02.049	  31.02774713 121.43935228 0.75  0.0 0.0
2015-07-05-11 59 02.153	  31.02774713 121.43935228 0.75  0.0 0.0
2015-07-05-11 59 02.258	  31.02774713 121.43935228 0.75  0.0 0.0
2015-07-05-11 59 02.367	  31.02774713 121.43935228 0.75  0.0 0.0
2015-07-05-11 59 02.472	  31.02774713 121.43935228 0.75  0.0 0.0
2015-07-05-11 59 02.598	  31.02774713 121.43935228 0.75  0.0 0.0
2015-07-05-11 59 02.699	  31.02774713 121.43935228 0.75  0.0 0.0
2015-07-05-11 59 02.802	  31.02774713 121.43935228 0.75  0.0 0.0
2015-07-05-11 59 02.907	  31.02774713 121.43935228 0.75  0.0 0.0
2015-07-05-11 59 03.017	  31.02774713 121.43935228 0.75  0.0 0.0
2015-07-05-11 59 03.121	  31.02774713 121.43935228 0.75  0.0 0.0
2015-07-05-11 59 03.225	  31.02774713 121.43935228 0.75  0.0 0.0
2015-07-05-11 59 03.328	  31.02774713 121.43935228 0.75  0.0 0.0
2015-07-05-11 59 03.430	  31.02772435 121.4393723 1.0  0.0 0.0
2015-07-05-11 59 03.532	  31.02772435 121.4393723 1.0  0.0 0.0
2015-07-05-11 59 03.635	  31.02772435 121.4393723 1.0  0.0 0.0
2015-07-05-11 59 03.738	  31.02772435 121.4393723 1.0  0.0 0.0
2015-07-05-11 59 03.843	  31.02772435 121.4393723 1.0  0.0 0.0
2015-07-05-11 59 03.947	  31.02772435 121.4393723 1.0  0.0 0.0
2015-07-05-11 59 04.052	  31.02772435 121.4393723 1.0  0.0 0.0
2015-07-05-11 59 04.155	  31.02772435 121.4393723 1.0  0.0 0.0
2015-07-05-11 59 04.259	  31.02772435 121.4393723 1.0  0.0 0.0
2015-07-05-11 59 04.366	  31.02772435 121.4393723 1.0  0.0 0.0
2015-07-05-11 59 04.471	  31.02772435 121.4393723 1.0  0.0 0.0
2015-07-05-11 59 04.576	  31.02772435 121.4393723 1.0  0.0 0.0
2015-07-05-11 59 04.680	  31.02772435 121.4393723 1.0  0.0 0.0
2015-07-05-11 59 04.783	  31.02772435 121.4393723 1.0  0.0 0.0
2015-07-05-11 59 04.887	  31.02772435 121.4393723 1.0  0.0 0.0
2015-07-05-11 59 04.992	  31.02772435 121.4393723 1.0  0.0 0.0
2015-07-05-11 59 05.101	  31.02772435 121.4393723 1.0  0.0 0.0
2015-07-05-11 59 05.203	  31.02772435 121.4393723 1.0  0.0 0.0
2015-07-05-11 59 05.306	  31.02772435 121.4393723 1.0  0.0 0.0
2015-07-05-11 59 05.408	  31.02770599 121.43938526 1.0  0.0 0.0
2015-07-05-11 59 05.510	  31.02770599 121.43938526 1.0  0.0 0.0
2015-07-05-11 59 05.614	  31.02770599 121.43938526 1.0  0.0 0.0
2015-07-05-11 59 05.720	  31.02770599 121.43938526 1.0  0.0 0.0
2015-07-05-11 59 05.826	  31.02770599 121.43938526 1.0  0.0 0.0
2015-07-05-11 59 05.930	  31.02770599 121.43938526 1.0  0.0 0.0
2015-07-05-11 59 06.034	  31.02770599 121.43938526 1.0  0.0 0.0
2015-07-05-11 59 06.135	  31.02770599 121.43938526 1.0  0.0 0.0
2015-07-05-11 59 06.239	  31.02770599 121.43938526 1.0  0.0 0.0
2015-07-05-11 59 06.347	  31.02770599 121.43938526 1.0  0.0 0.0
2015-07-05-11 59 06.479	  31.02770599 121.43938526 1.0  0.0 0.0
2015-07-05-11 59 06.580	  31.02770599 121.43938526 1.0  0.0 0.0
2015-07-05-11 59 06.684	  31.02770599 121.43938526 1.0  0.0 0.0
2015-07-05-11 59 06.787	  31.02770599 121.43938526 1.0  0.0 0.0
2015-07-05-11 59 06.889	  31.02770599 121.43938526 1.0  0.0 0.0
2015-07-05-11 59 06.995	  31.02770599 121.43938526 1.0  0.0 0.0
2015-07-05-11 59 07.108	  31.02770599 121.43938526 1.0  0.0 0.0
2015-07-05-11 59 07.210	  31.02770599 121.43938526 1.0  0.0 0.0
2015-07-05-11 59 07.311	  31.02770599 121.43938526 1.0  0.0 0.0
2015-07-05-11 59 07.413	  31.02768639 121.43939437 1.0  0.0 0.0
2015-07-05-11 59 07.516	  31.02768639 121.43939437 1.0  0.0 0.0
2015-07-05-11 59 07.627	  31.02768639 121.43939437 1.0  0.0 0.0
2015-07-05-11 59 07.730	  31.02768639 121.43939437 1.0  0.0 0.0
2015-07-05-11 59 07.834	  31.02768639 121.43939437 1.0  0.0 0.0
2015-07-05-11 59 07.938	  31.02768639 121.43939437 1.0  0.0 0.0
2015-07-05-11 59 08.045	  31.02768639 121.43939437 1.0  0.0 0.0
2015-07-05-11 59 08.163	  31.02768639 121.43939437 1.0  0.0 0.0
2015-07-05-11 59 08.264	  31.02768639 121.43939437 1.0  0.0 0.0
2015-07-05-11 59 08.369	  31.02768639 121.43939437 1.0  0.0 0.0
2015-07-05-11 59 08.475	  31.02768639 121.43939437 1.0  0.0 0.0
2015-07-05-11 59 08.579	  31.02768639 121.43939437 1.0  0.0 0.0
2015-07-05-11 59 08.689	  31.02768639 121.43939437 1.0  0.0 0.0
2015-07-05-11 59 08.790	  31.02768639 121.43939437 1.0  0.0 0.0
2015-07-05-11 59 08.892	  31.02768639 121.43939437 1.0  0.0 0.0
2015-07-05-11 59 08.995	  31.02768639 121.43939437 1.0  0.0 0.0
2015-07-05-11 59 09.099	  31.02768639 121.43939437 1.0  0.0 0.0
2015-07-05-11 59 09.212	  31.02768639 121.43939437 1.0  0.0 0.0
2015-07-05-11 59 09.314	  31.02768639 121.43939437 1.0  0.0 0.0
2015-07-05-11 59 09.416	  31.02765807 121.43940573 1.0  0.0 0.0
2015-07-05-11 59 09.519	  31.02765807 121.43940573 1.0  0.0 0.0
2015-07-05-11 59 09.623	  31.02765807 121.43940573 1.0  0.0 0.0
2015-07-05-11 59 09.735	  31.02765807 121.43940573 1.0  0.0 0.0
2015-07-05-11 59 09.838	  31.02765807 121.43940573 1.0  0.0 0.0
2015-07-05-11 59 09.939	  31.02765807 121.43940573 1.0  0.0 0.0
2015-07-05-11 59 10.046	  31.02765807 121.43940573 1.0  0.0 0.0
2015-07-05-11 59 10.151	  31.02765807 121.43940573 1.0  0.0 0.0
2015-07-05-11 59 10.253	  31.02765807 121.43940573 1.0  0.0 0.0
2015-07-05-11 59 10.356	  31.02765807 121.43940573 1.0  0.0 0.0
2015-07-05-11 59 10.459	  31.02765807 121.43940573 1.0  0.0 0.0
2015-07-05-11 59 10.568	  31.02765807 121.43940573 1.0  0.0 0.0
2015-07-05-11 59 10.678	  31.02765807 121.43940573 1.0  0.0 0.0
2015-07-05-11 59 10.784	  31.02765807 121.43940573 1.0  0.0 0.0
2015-07-05-11 59 10.889	  31.02765807 121.43940573 1.0  0.0 0.0
2015-07-05-11 59 10.995	  31.02765807 121.43940573 1.0  0.0 0.0
2015-07-05-11 59 11.102	  31.02765807 121.43940573 1.0  0.0 0.0
2015-07-05-11 59 11.206	  31.02765807 121.43940573 1.0  0.0 0.0
2015-07-05-11 59 11.310	  31.02765807 121.43940573 1.0  0.0 0.0
2015-07-05-11 59 11.411	  31.0276389 121.43941385 1.0  0.0 0.0
2015-07-05-11 59 11.516	  31.0276389 121.43941385 1.0  0.0 0.0
2015-07-05-11 59 11.618	  31.0276389 121.43941385 1.0  0.0 0.0
2015-07-05-11 59 11.723	  31.0276389 121.43941385 1.0  0.0 0.0
2015-07-05-11 59 11.826	  31.0276389 121.43941385 1.0  0.0 0.0
2015-07-05-11 59 11.928	  31.0276389 121.43941385 1.0  0.0 0.0
2015-07-05-11 59 12.032	  31.0276389 121.43941385 1.0  0.0 0.0
2015-07-05-11 59 12.145	  31.0276389 121.43941385 1.0  0.0 0.0
2015-07-05-11 59 12.246	  31.0276389 121.43941385 1.0  0.0 0.0
2015-07-05-11 59 12.347	  31.0276389 121.43941385 1.0  0.0 0.0
2015-07-05-11 59 12.451	  31.0276389 121.43941385 1.0  0.0 0.0
2015-07-05-11 59 12.558	  31.0276389 121.43941385 1.0  0.0 0.0
2015-07-05-11 59 12.660	  31.0276389 121.43941385 1.0  0.0 0.0
2015-07-05-11 59 12.762	  31.0276389 121.43941385 1.0  0.0 0.0
2015-07-05-11 59 12.867	  31.0276389 121.43941385 1.0  0.0 0.0
2015-07-05-11 59 12.978	  31.0276389 121.43941385 1.0  0.0 0.0
2015-07-05-11 59 13.080	  31.0276389 121.43941385 1.0  0.0 0.0
2015-07-05-11 59 13.182	  31.0276389 121.43941385 1.0  0.0 0.0
2015-07-05-11 59 13.289	  31.0276389 121.43941385 1.0  0.0 0.0
2015-07-05-11 59 13.406	  31.0276389 121.43941385 1.0  0.0 0.0
2015-07-05-11 59 13.507	  31.0276389 121.43941385 1.0  0.0 0.0
2015-07-05-11 59 13.609	  31.0276389 121.43941385 1.0  0.0 0.0
2015-07-05-11 59 13.712	  31.0276389 121.43941385 1.0  0.0 0.0
2015-07-05-11 59 13.822	  31.0276389 121.43941385 1.0  0.0 0.0
2015-07-05-11 59 13.925	  31.0276389 121.43941385 1.0  0.0 0.0
2015-07-05-11 59 14.029	  31.0276389 121.43941385 1.0  0.0 0.0
2015-07-05-11 59 14.133	  31.0276389 121.43941385 1.0  0.0 0.0
2015-07-05-11 59 14.243	  31.0276389 121.43941385 1.0  0.0 0.0
2015-07-05-11 59 14.344	  31.02761236 121.4394226 1.0  0.0 0.0
2015-07-05-11 59 14.460	  31.02761236 121.4394226 1.0  0.0 0.0
2015-07-05-11 59 14.563	  31.02761236 121.4394226 1.0  0.0 0.0
2015-07-05-11 59 14.673	  31.02761236 121.4394226 1.0  0.0 0.0
2015-07-05-11 59 14.777	  31.02761236 121.4394226 1.0  0.0 0.0
2015-07-05-11 59 14.881	  31.02761236 121.4394226 1.0  0.0 0.0
2015-07-05-11 59 14.985	  31.02761236 121.4394226 1.0  0.0 0.0
2015-07-05-11 59 15.098	  31.02761236 121.4394226 1.0  0.0 0.0
2015-07-05-11 59 15.202	  31.02761236 121.4394226 1.0  0.0 0.0
2015-07-05-11 59 15.308	  31.02761236 121.4394226 1.0  0.0 0.0
2015-07-05-11 59 15.415	  31.02761236 121.4394226 1.0  0.0 0.0
2015-07-05-11 59 15.526	  31.02761236 121.4394226 1.0  0.0 0.0
2015-07-05-11 59 15.629	  31.02761236 121.4394226 1.0  0.0 0.0
2015-07-05-11 59 15.731	  31.02761236 121.4394226 1.0  0.0 0.0
2015-07-05-11 59 15.834	  31.02761236 121.4394226 1.0  0.0 0.0
2015-07-05-11 59 15.937	  31.02761236 121.4394226 1.0  0.0 0.0
2015-07-05-11 59 16.040	  31.02761236 121.4394226 1.0  0.0 0.0
2015-07-05-11 59 16.163	  31.02761236 121.4394226 1.0  0.0 0.0
2015-07-05-11 59 16.266	  31.02761236 121.4394226 1.0  0.0 0.0
2015-07-05-11 59 16.368	  31.02761236 121.4394226 1.0  0.0 0.0
2015-07-05-11 59 16.470	  31.02761236 121.4394226 1.0  0.0 0.0
2015-07-05-11 59 16.575	  31.02759332 121.43942924 1.0  0.0 0.0
2015-07-05-11 59 16.677	  31.02759332 121.43942924 1.0  0.0 0.0
2015-07-05-11 59 16.779	  31.02759332 121.43942924 1.0  0.0 0.0
2015-07-05-11 59 16.884	  31.02759332 121.43942924 1.0  0.0 0.0
2015-07-05-11 59 16.990	  31.02759332 121.43942924 1.0  0.0 0.0
2015-07-05-11 59 17.091	  31.02759332 121.43942924 1.0  0.0 0.0
2015-07-05-11 59 17.194	  31.02759332 121.43942924 1.0  0.0 0.0
2015-07-05-11 59 17.296	  31.02759332 121.43942924 1.0  0.0 0.0
2015-07-05-11 59 17.399	  31.02759332 121.43942924 1.0  0.0 0.0
2015-07-05-11 59 17.502	  31.02759332 121.43942924 1.0  0.0 0.0
2015-07-05-11 59 17.625	  31.02759332 121.43942924 1.0  0.0 0.0
2015-07-05-11 59 17.726	  31.02759332 121.43942924 1.0  0.0 0.0
2015-07-05-11 59 17.830	  31.02759332 121.43942924 1.0  0.0 0.0
2015-07-05-11 59 17.935	  31.02759332 121.43942924 1.0  0.0 0.0
2015-07-05-11 59 18.040	  31.02759332 121.43942924 1.0  0.0 0.0
2015-07-05-11 59 18.142	  31.02759332 121.43942924 1.0  0.0 0.0
2015-07-05-11 59 18.244	  31.02759332 121.43942924 1.0  0.0 0.0
2015-07-05-11 59 18.346	  31.02759332 121.43942924 1.0  0.0 0.0
2015-07-05-11 59 18.448	  31.02759332 121.43942924 1.0  0.0 0.0
2015-07-05-11 59 18.552	  31.02757566 121.43943399 1.0  0.0 0.0
2015-07-05-11 59 18.655	  31.02757566 121.43943399 1.0  0.0 0.0
2015-07-05-11 59 18.757	  31.02757566 121.43943399 1.0  0.0 0.0
2015-07-05-11 59 18.861	  31.02757566 121.43943399 1.0  0.0 0.0
2015-07-05-11 59 18.965	  31.02757566 121.43943399 1.0  0.0 0.0
2015-07-05-11 59 19.067	  31.02757566 121.43943399 1.0  0.0 0.0
2015-07-05-11 59 19.168	  31.02757566 121.43943399 1.0  0.0 0.0
2015-07-05-11 59 19.269	  31.02757566 121.43943399 1.0  0.0 0.0
2015-07-05-11 59 19.371	  31.02757566 121.43943399 1.0  0.0 0.0
2015-07-05-11 59 19.472	  31.02757566 121.43943399 1.0  0.0 0.0
2015-07-05-11 59 19.575	  31.02757566 121.43943399 1.0  0.0 0.0
2015-07-05-11 59 19.679	  31.02757566 121.43943399 1.0  0.0 0.0
2015-07-05-11 59 19.783	  31.02757566 121.43943399 1.0  0.0 0.0
2015-07-05-11 59 19.888	  31.02757566 121.43943399 1.0  0.0 0.0
2015-07-05-11 59 19.990	  31.02757566 121.43943399 1.0  0.0 0.0
2015-07-05-11 59 20.095	  31.02757566 121.43943399 1.0  0.0 0.0
2015-07-05-11 59 20.208	  31.02757566 121.43943399 1.0  0.0 0.0
2015-07-05-11 59 20.309	  31.02757566 121.43943399 1.0  0.0 0.0
2015-07-05-11 59 20.412	  31.02757566 121.43943399 1.0  0.0 0.0
2015-07-05-11 59 20.516	  31.02757566 121.43943399 1.0  0.0 0.0
2015-07-05-11 59 20.618	  31.02757566 121.43943399 1.0  0.0 0.0
2015-07-05-11 59 20.719	  31.02757566 121.43943399 1.0  0.0 0.0
2015-07-05-11 59 20.831	  31.02757566 121.43943399 1.0  0.0 0.0
2015-07-05-11 59 20.935	  31.02757566 121.43943399 1.0  0.0 0.0
2015-07-05-11 59 21.038	  31.02757566 121.43943399 1.0  0.0 0.0
2015-07-05-11 59 21.139	  31.02757566 121.43943399 1.0  0.0 0.0
2015-07-05-11 59 21.242	  31.02757566 121.43943399 1.0  0.0 0.0
2015-07-05-11 59 21.348	  31.02754963 121.43944095 1.0  0.0 0.0
2015-07-05-11 59 21.456	  31.02754963 121.43944095 1.0  0.0 0.0
2015-07-05-11 59 21.558	  31.02754963 121.43944095 1.0  0.0 0.0
2015-07-05-11 59 21.663	  31.02754963 121.43944095 1.0  0.0 0.0
2015-07-05-11 59 21.766	  31.02754963 121.43944095 1.0  0.0 0.0
2015-07-05-11 59 21.871	  31.02754963 121.43944095 1.0  0.0 0.0
2015-07-05-11 59 21.981	  31.02754963 121.43944095 1.0  0.0 0.0
2015-07-05-11 59 22.084	  31.02754963 121.43944095 1.0  0.0 0.0
2015-07-05-11 59 22.187	  31.02754963 121.43944095 1.0  0.0 0.0
2015-07-05-11 59 22.294	  31.02754963 121.43944095 1.0  0.0 0.0
2015-07-05-11 59 22.396	  31.02754963 121.43944095 1.0  0.0 0.0
2015-07-05-11 59 22.498	  31.02754963 121.43944095 1.0  0.0 0.0
2015-07-05-11 59 22.607	  31.02754963 121.43944095 1.0  0.0 0.0
2015-07-05-11 59 22.708	  31.02754963 121.43944095 1.0  0.0 0.0
2015-07-05-11 59 22.810	  31.02754963 121.43944095 1.0  0.0 0.0
2015-07-05-11 59 22.920	  31.02754963 121.43944095 1.0  0.0 0.0
2015-07-05-11 59 23.021	  31.02754963 121.43944095 1.0  0.0 0.0
2015-07-05-11 59 23.123	  31.02754963 121.43944095 1.0  0.0 0.0
2015-07-05-11 59 23.235	  31.02754963 121.43944095 1.0  0.0 0.0
2015-07-05-11 59 23.339	  31.02754963 121.43944095 1.0  0.0 0.0
2015-07-05-11 59 23.443	  31.02754963 121.43944095 1.0  0.0 0.0
2015-07-05-11 59 23.556	  31.02754963 121.43944095 1.0  0.0 0.0
2015-07-05-11 59 23.659	  31.02754963 121.43944095 1.0  0.0 0.0
2015-07-05-11 59 23.763	  31.02754963 121.43944095 1.0  0.0 0.0
2015-07-05-11 59 23.879	  31.02754963 121.43944095 1.0  0.0 0.0
2015-07-05-11 59 23.980	  31.02754963 121.43944095 1.0  0.0 0.0
2015-07-05-11 59 24.083	  31.02754963 121.43944095 1.0  0.0 0.0
2015-07-05-11 59 24.189	  31.02754963 121.43944095 1.0  0.0 0.0
2015-07-05-11 59 24.298	  31.02754963 121.43944095 1.0  0.0 0.0
2015-07-05-11 59 24.403	  31.02754963 121.43944095 1.0  0.0 0.0
2015-07-05-11 59 24.518	  31.02754963 121.43944095 1.0  0.0 0.0
2015-07-05-11 59 24.622	  31.02752483 121.43945012 1.0  0.0 0.0
2015-07-05-11 59 24.724	  31.02752483 121.43945012 1.0  0.0 0.0
2015-07-05-11 59 24.833	  31.02752483 121.43945012 1.0  0.0 0.0
2015-07-05-11 59 24.936	  31.02752483 121.43945012 1.0  0.0 0.0
2015-07-05-11 59 25.038	  31.02752483 121.43945012 1.0  0.0 0.0
2015-07-05-11 59 25.146	  31.02752483 121.43945012 1.0  0.0 0.0
2015-07-05-11 59 25.249	  31.02752483 121.43945012 1.0  0.0 0.0
2015-07-05-11 59 25.354	  31.02752483 121.43945012 1.0  0.0 0.0
2015-07-05-11 59 25.464	  31.02752483 121.43945012 1.0  0.0 0.0
2015-07-05-11 59 25.566	  31.02752483 121.43945012 1.0  0.0 0.0
2015-07-05-11 59 25.668	  31.02752483 121.43945012 1.0  0.0 0.0
2015-07-05-11 59 25.777	  31.02752483 121.43945012 1.0  0.0 0.0
2015-07-05-11 59 25.879	  31.02752483 121.43945012 1.0  0.0 0.0
2015-07-05-11 59 25.992	  31.02752483 121.43945012 1.0  0.0 0.0
2015-07-05-11 59 26.093	  31.02752483 121.43945012 1.0  0.0 0.0
2015-07-05-11 59 26.198	  31.02752483 121.43945012 1.0  0.0 0.0
2015-07-05-11 59 26.302	  31.02752483 121.43945012 1.0  0.0 0.0
2015-07-05-11 59 26.405	  31.02752483 121.43945012 1.0  0.0 0.0
2015-07-05-11 59 26.512	  31.02752483 121.43945012 1.0  0.0 0.0
2015-07-05-11 59 26.646	  31.02752483 121.43945012 1.0  0.0 0.0
2015-07-05-11 59 26.748	  31.02752483 121.43945012 1.0  0.0 0.0
2015-07-05-11 59 26.849	  31.02752483 121.43945012 1.0  0.0 0.0
2015-07-05-11 59 26.953	  31.02752483 121.43945012 1.0  0.0 0.0
2015-07-05-11 59 27.055	  31.02752483 121.43945012 1.0  0.0 0.0
2015-07-05-11 59 27.162	  31.02752483 121.43945012 1.0  0.0 0.0
2015-07-05-11 59 27.269	  31.02752483 121.43945012 1.0  0.0 0.0
2015-07-05-11 59 27.373	  31.02752483 121.43945012 1.0  0.0 0.0
2015-07-05-11 59 27.524	  31.02750038 121.43945949 1.0  0.0 0.0
2015-07-05-11 59 27.625	  31.02750038 121.43945949 1.0  0.0 0.0
2015-07-05-11 59 27.726	  31.02750038 121.43945949 1.0  0.0 0.0
2015-07-05-11 59 27.828	  31.02750038 121.43945949 1.0  0.0 0.0
2015-07-05-11 59 27.930	  31.02750038 121.43945949 1.0  0.0 0.0
2015-07-05-11 59 28.040	  31.02750038 121.43945949 1.0  0.0 0.0
2015-07-05-11 59 28.144	  31.02750038 121.43945949 1.0  0.0 0.0
2015-07-05-11 59 28.251	  31.02750038 121.43945949 1.0  0.0 0.0
2015-07-05-11 59 28.368	  31.02750038 121.43945949 1.0  0.0 0.0
2015-07-05-11 59 28.470	  31.02750038 121.43945949 1.0  0.0 0.0
2015-07-05-11 59 28.572	  31.02750038 121.43945949 1.0  0.0 0.0
2015-07-05-11 59 28.749	  31.02750038 121.43945949 1.0  0.0 0.0
2015-07-05-11 59 28.851	  31.02750038 121.43945949 1.0  0.0 0.0
2015-07-05-11 59 28.955	  31.02750038 121.43945949 1.0  0.0 0.0
2015-07-05-11 59 29.059	  31.02750038 121.43945949 1.0  0.0 0.0
2015-07-05-11 59 29.162	  31.02750038 121.43945949 1.0  0.0 0.0
2015-07-05-11 59 29.323	  31.02750038 121.43945949 1.0  0.0 0.0
2015-07-05-11 59 29.424	  31.02750038 121.43945949 1.0  0.0 0.0
2015-07-05-11 59 29.531	  31.02750038 121.43945949 1.0  0.0 0.0
2015-07-05-11 59 29.635	  31.02750038 121.43945949 1.0  0.0 0.0
2015-07-05-11 59 29.743	  31.02750038 121.43945949 1.0  0.0 0.0
2015-07-05-11 59 29.891	  31.02750038 121.43945949 1.0  0.0 0.0
2015-07-05-11 59 29.994	  31.02750038 121.43945949 1.0  0.0 0.0
2015-07-05-11 59 30.102	  31.02750038 121.43945949 1.0  0.0 0.0
2015-07-05-11 59 30.205	  31.02750038 121.43945949 1.0  0.0 0.0
2015-07-05-11 59 30.309	  31.02750038 121.43945949 1.0  0.0 0.0
2015-07-05-11 59 30.461	  31.0274775 121.43946922 1.0  0.0 0.0
2015-07-05-11 59 30.563	  31.0274775 121.43946922 1.0  0.0 0.0
2015-07-05-11 59 30.677	  31.0274775 121.43946922 1.0  0.0 0.0
2015-07-05-11 59 30.778	  31.0274775 121.43946922 1.0  0.0 0.0
2015-07-05-11 59 30.879	  31.0274775 121.43946922 1.0  0.0 0.0
2015-07-05-11 59 30.992	  31.0274775 121.43946922 1.0  0.0 0.0
2015-07-05-11 59 31.098	  31.0274775 121.43946922 1.0  0.0 0.0
2015-07-05-11 59 31.200	  31.0274775 121.43946922 1.0  0.0 0.0
2015-07-05-11 59 31.306	  31.0274775 121.43946922 1.0  0.0 0.0
2015-07-05-11 59 31.437	  31.0274775 121.43946922 1.0  0.0 0.0
2015-07-05-11 59 31.539	  31.0274775 121.43946922 1.0  0.0 0.0
2015-07-05-11 59 31.650	  31.0274775 121.43946922 1.0  0.0 0.0
2015-07-05-11 59 31.753	  31.0274775 121.43946922 1.0  0.0 0.0
2015-07-05-11 59 31.856	  31.0274775 121.43946922 1.0  0.0 0.0
2015-07-05-11 59 31.959	  31.0274775 121.43946922 1.0  0.0 0.0
2015-07-05-11 59 32.061	  31.0274775 121.43946922 1.0  0.0 0.0
2015-07-05-11 59 32.201	  31.0274775 121.43946922 1.0  0.0 0.0
2015-07-05-11 59 32.303	  31.0274775 121.43946922 1.0  0.0 0.0
2015-07-05-11 59 32.406	  31.0274775 121.43946922 1.0  0.0 0.0
2015-07-05-11 59 32.508	  31.0274775 121.43946922 1.0  0.0 0.0
2015-07-05-11 59 32.610	  31.0274775 121.43946922 1.0  0.0 0.0
2015-07-05-11 59 32.711	  31.0274775 121.43946922 1.0  0.0 0.0
2015-07-05-11 59 32.812	  31.0274775 121.43946922 1.0  0.0 0.0
2015-07-05-11 59 32.964	  31.0274775 121.43946922 1.0  0.0 0.0
2015-07-05-11 59 33.070	  31.0274775 121.43946922 1.0  0.0 0.0
2015-07-05-11 59 33.179	  31.0274775 121.43946922 1.0  0.0 0.0
2015-07-05-11 59 33.283	  31.0274775 121.43946922 1.0  0.0 0.0
2015-07-05-11 59 33.385	  31.0274775 121.43946922 1.0  0.0 0.0
2015-07-05-11 59 33.489	  31.0274775 121.43946922 1.0  0.0 0.0
2015-07-05-11 59 33.594	  31.02745454 121.43948121 1.0  0.0 0.0
2015-07-05-11 59 33.700	  31.02745454 121.43948121 1.0  0.0 0.0
2015-07-05-11 59 33.802	  31.02745454 121.43948121 1.0  0.0 0.0
2015-07-05-11 59 33.910	  31.02745454 121.43948121 1.0  0.0 0.0
2015-07-05-11 59 34.015	  31.02745454 121.43948121 1.0  0.0 0.0
2015-07-05-11 59 34.119	  31.02745454 121.43948121 1.0  0.0 0.0
2015-07-05-11 59 34.221	  31.02745454 121.43948121 1.0  0.0 0.0
2015-07-05-11 59 34.322	  31.02745454 121.43948121 1.0  0.0 0.0
2015-07-05-11 59 34.424	  31.02745454 121.43948121 1.0  0.0 0.0
2015-07-05-11 59 34.527	  31.02745454 121.43948121 1.0  0.0 0.0
2015-07-05-11 59 34.630	  31.02745454 121.43948121 1.0  0.0 0.0
2015-07-05-11 59 34.731	  31.02745454 121.43948121 1.0  0.0 0.0
2015-07-05-11 59 34.833	  31.02745454 121.43948121 1.0  0.0 0.0
2015-07-05-11 59 34.935	  31.02745454 121.43948121 1.0  0.0 0.0
2015-07-05-11 59 35.039	  31.02745454 121.43948121 1.0  0.0 0.0
2015-07-05-11 59 35.149	  31.02745454 121.43948121 1.0  0.0 0.0
2015-07-05-11 59 35.251	  31.02745454 121.43948121 1.0  0.0 0.0
2015-07-05-11 59 35.356	  31.02745454 121.43948121 1.0  0.0 0.0
2015-07-05-11 59 35.457	  31.02745454 121.43948121 1.0  0.0 0.0
2015-07-05-11 59 35.570	  31.02745454 121.43948121 1.0  0.0 0.0
2015-07-05-11 59 35.671	  31.02745454 121.43948121 1.0  0.0 0.0
2015-07-05-11 59 35.778	  31.02745454 121.43948121 1.0  0.0 0.0
2015-07-05-11 59 35.880	  31.02745454 121.43948121 1.0  0.0 0.0
2015-07-05-11 59 35.985	  31.02745454 121.43948121 1.0  0.0 0.0
2015-07-05-11 59 36.087	  31.02745454 121.43948121 1.0  0.0 0.0
2015-07-05-11 59 36.189	  31.02745454 121.43948121 1.0  0.0 0.0
2015-07-05-11 59 36.304	  31.02745454 121.43948121 1.0  0.0 0.0
2015-07-05-11 59 36.406	  31.02743134 121.43949457 1.0  0.0 0.0
2015-07-05-11 59 36.508	  31.02743134 121.43949457 1.0  0.0 0.0
2015-07-05-11 59 36.610	  31.02743134 121.43949457 1.0  0.0 0.0
2015-07-05-11 59 36.711	  31.02743134 121.43949457 1.0  0.0 0.0
2015-07-05-11 59 36.816	  31.02743134 121.43949457 1.0  0.0 0.0
2015-07-05-11 59 36.927	  31.02743134 121.43949457 1.0  0.0 0.0
2015-07-05-11 59 37.028	  31.02743134 121.43949457 1.0  0.0 0.0
2015-07-05-11 59 37.133	  31.02743134 121.43949457 1.0  0.0 0.0
2015-07-05-11 59 37.236	  31.02743134 121.43949457 1.0  0.0 0.0
2015-07-05-11 59 37.341	  31.02743134 121.43949457 1.0  0.0 0.0
2015-07-05-11 59 37.463	  31.02743134 121.43949457 1.0  0.0 0.0
2015-07-05-11 59 37.566	  31.02743134 121.43949457 1.0  0.0 0.0
2015-07-05-11 59 37.668	  31.02743134 121.43949457 1.0  0.0 0.0
2015-07-05-11 59 37.783	  31.02743134 121.43949457 1.0  0.0 0.0
2015-07-05-11 59 37.884	  31.02743134 121.43949457 1.0  0.0 0.0
2015-07-05-11 59 37.991	  31.02743134 121.43949457 1.0  0.0 0.0
2015-07-05-11 59 38.095	  31.02743134 121.43949457 1.0  0.0 0.0
2015-07-05-11 59 38.213	  31.02743134 121.43949457 1.0  0.0 0.0
2015-07-05-11 59 38.317	  31.02743134 121.43949457 1.0  0.0 0.0
2015-07-05-11 59 38.477	  31.02743134 121.43949457 1.0  0.0 0.0
2015-07-05-11 59 38.578	  31.02743134 121.43949457 1.0  0.0 0.0
2015-07-05-11 59 38.681	  31.02743134 121.43949457 1.0  0.0 0.0
2015-07-05-11 59 38.790	  31.02743134 121.43949457 1.0  0.0 0.0
2015-07-05-11 59 38.894	  31.02743134 121.43949457 1.0  0.0 0.0
2015-07-05-11 59 38.999	  31.02743134 121.43949457 1.0  0.0 0.0
2015-07-05-11 59 39.116	  31.02743134 121.43949457 1.0  0.0 0.0
2015-07-05-11 59 39.218	  31.02743134 121.43949457 1.0  0.0 0.0
2015-07-05-11 59 39.324	  31.02743134 121.43949457 1.0  0.0 0.0
2015-07-05-11 59 39.430	  31.027407 121.43950633 1.0  0.0 0.0
2015-07-05-11 59 39.564	  31.027407 121.43950633 1.0  0.0 0.0
2015-07-05-11 59 39.665	  31.027407 121.43950633 1.0  0.0 0.0
2015-07-05-11 59 39.770	  31.027407 121.43950633 1.0  0.0 0.0
2015-07-05-11 59 39.873	  31.027407 121.43950633 1.0  0.0 0.0
2015-07-05-11 59 39.981	  31.027407 121.43950633 1.0  0.0 0.0
2015-07-05-11 59 40.082	  31.027407 121.43950633 1.0  0.0 0.0
2015-07-05-11 59 40.184	  31.027407 121.43950633 1.0  0.0 0.0
2015-07-05-11 59 40.285	  31.027407 121.43950633 1.0  0.0 0.0
2015-07-05-11 59 40.399	  31.027407 121.43950633 1.0  0.0 0.0
2015-07-05-11 59 40.501	  31.027407 121.43950633 1.0  0.0 0.0
2015-07-05-11 59 40.608	  31.027407 121.43950633 1.0  0.0 0.0
2015-07-05-11 59 40.711	  31.027407 121.43950633 1.0  0.0 0.0
2015-07-05-11 59 40.817	  31.027407 121.43950633 1.0  0.0 0.0
2015-07-05-11 59 40.920	  31.027407 121.43950633 1.0  0.0 0.0
2015-07-05-11 59 41.028	  31.027407 121.43950633 1.0  0.0 0.0
2015-07-05-11 59 41.138	  31.027407 121.43950633 1.0  0.0 0.0
2015-07-05-11 59 41.242	  31.027407 121.43950633 1.0  0.0 0.0
2015-07-05-11 59 41.351	  31.027407 121.43950633 1.0  0.0 0.0
2015-07-05-11 59 41.454	  31.027407 121.43950633 1.0  0.0 0.0
2015-07-05-11 59 41.559	  31.027407 121.43950633 1.0  0.0 0.0
2015-07-05-11 59 41.666	  31.027407 121.43950633 1.0  0.0 0.0
2015-07-05-11 59 41.777	  31.027407 121.43950633 1.0  0.0 0.0
2015-07-05-11 59 41.883	  31.027407 121.43950633 1.0  0.0 0.0
2015-07-05-11 59 41.993	  31.027407 121.43950633 1.0  0.0 0.0
2015-07-05-11 59 42.100	  31.027407 121.43950633 1.0  0.0 0.0
2015-07-05-11 59 42.210	  31.027407 121.43950633 1.0  0.0 0.0
2015-07-05-11 59 42.313	  31.027407 121.43950633 1.0  0.0 0.0
2015-07-05-11 59 42.424	  31.027407 121.43950633 1.0  0.0 0.0
2015-07-05-11 59 42.527	  31.02738247 121.43951878 1.0  0.0 0.0
2015-07-05-11 59 42.636	  31.02738247 121.43951878 1.0  0.0 0.0
2015-07-05-11 59 42.738	  31.02738247 121.43951878 1.0  0.0 0.0
2015-07-05-11 59 42.852	  31.02738247 121.43951878 1.0  0.0 0.0
2015-07-05-11 59 42.954	  31.02738247 121.43951878 1.0  0.0 0.0
2015-07-05-11 59 43.061	  31.02738247 121.43951878 1.0  0.0 0.0
2015-07-05-11 59 43.167	  31.02738247 121.43951878 1.0  0.0 0.0
2015-07-05-11 59 43.277	  31.02738247 121.43951878 1.0  0.0 0.0
2015-07-05-11 59 43.379	  31.02738247 121.43951878 1.0  0.0 0.0
2015-07-05-11 59 43.482	  31.02738247 121.43951878 1.0  0.0 0.0
2015-07-05-11 59 43.583	  31.02738247 121.43951878 1.0  0.0 0.0
2015-07-05-11 59 43.691	  31.02738247 121.43951878 1.0  0.0 0.0
2015-07-05-11 59 43.799	  31.02738247 121.43951878 1.0  0.0 0.0
2015-07-05-11 59 43.904	  31.02738247 121.43951878 1.0  0.0 0.0
2015-07-05-11 59 44.005	  31.02738247 121.43951878 1.0  0.0 0.0
2015-07-05-11 59 44.109	  31.02738247 121.43951878 1.0  0.0 0.0
2015-07-05-11 59 44.214	  31.02738247 121.43951878 1.0  0.0 0.0
2015-07-05-11 59 44.322	  31.02738247 121.43951878 1.0  0.0 0.0
2015-07-05-11 59 44.428	  31.02736539 121.43952763 1.0  0.0 0.0
2015-07-05-11 59 44.546	  31.02736539 121.43952763 1.0  0.0 0.0
2015-07-05-11 59 44.647	  31.02736539 121.43952763 1.0  0.0 0.0
2015-07-05-11 59 44.753	  31.02736539 121.43952763 1.0  0.0 0.0
2015-07-05-11 59 44.859	  31.02736539 121.43952763 1.0  0.0 0.0
2015-07-05-11 59 44.969	  31.02736539 121.43952763 1.0  0.0 0.0
2015-07-05-11 59 45.072	  31.02736539 121.43952763 1.0  0.0 0.0
2015-07-05-11 59 45.176	  31.02736539 121.43952763 1.0  0.0 0.0
2015-07-05-11 59 45.279	  31.02736539 121.43952763 1.0  0.0 0.0
2015-07-05-11 59 45.389	  31.02736539 121.43952763 1.0  0.0 0.0
2015-07-05-11 59 45.490	  31.02736539 121.43952763 1.0  0.0 0.0
2015-07-05-11 59 45.597	  31.02736539 121.43952763 1.0  0.0 0.0
2015-07-05-11 59 45.700	  31.02736539 121.43952763 1.0  0.0 0.0
2015-07-05-11 59 45.811	  31.02736539 121.43952763 1.0  0.0 0.0
2015-07-05-11 59 45.915	  31.02736539 121.43952763 1.0  0.0 0.0
2015-07-05-11 59 46.024	  31.02736539 121.43952763 1.0  0.0 0.0
2015-07-05-11 59 46.129	  31.02736539 121.43952763 1.0  0.0 0.0
2015-07-05-11 59 46.232	  31.02736539 121.43952763 1.0  0.0 0.0
2015-07-05-11 59 46.337	  31.02734851 121.43953753 1.0  0.0 0.0
2015-07-05-11 59 46.439	  31.02734851 121.43953753 1.0  0.0 0.0
2015-07-05-11 59 46.545	  31.02734851 121.43953753 1.0  0.0 0.0
2015-07-05-11 59 46.648	  31.02734851 121.43953753 1.0  0.0 0.0
2015-07-05-11 59 46.753	  31.02734851 121.43953753 1.0  0.0 0.0
2015-07-05-11 59 46.855	  31.02734851 121.43953753 1.0  0.0 0.0
2015-07-05-11 59 46.967	  31.02734851 121.43953753 1.0  0.0 0.0
2015-07-05-11 59 47.071	  31.02734851 121.43953753 1.0  0.0 0.0
2015-07-05-11 59 47.182	  31.02734851 121.43953753 1.0  0.0 0.0
2015-07-05-11 59 47.284	  31.02734851 121.43953753 1.0  0.0 0.0
2015-07-05-11 59 47.395	  31.02734851 121.43953753 1.0  0.0 0.0
2015-07-05-11 59 47.497	  31.02734851 121.43953753 1.0  0.0 0.0
2015-07-05-11 59 47.614	  31.02734851 121.43953753 1.0  0.0 0.0
2015-07-05-11 59 47.716	  31.02734851 121.43953753 1.0  0.0 0.0
2015-07-05-11 59 47.828	  31.02734851 121.43953753 1.0  0.0 0.0
2015-07-05-11 59 47.932	  31.02734851 121.43953753 1.0  0.0 0.0
2015-07-05-11 59 48.054	  31.02734851 121.43953753 1.0  0.0 0.0
2015-07-05-11 59 48.156	  31.02734851 121.43953753 1.0  0.0 0.0
2015-07-05-11 59 48.262	  31.02734851 121.43953753 1.0  0.0 0.0
2015-07-05-11 59 48.367	  31.02734851 121.43953753 1.0  0.0 0.0
2015-07-05-11 59 48.485	  31.02734851 121.43953753 1.0  0.0 0.0
2015-07-05-11 59 48.587	  31.02734851 121.43953753 1.0  0.0 0.0
2015-07-05-11 59 48.695	  31.02734851 121.43953753 1.0  0.0 0.0
2015-07-05-11 59 48.799	  31.02734851 121.43953753 1.0  0.0 0.0
2015-07-05-11 59 48.907	  31.02734851 121.43953753 1.0  0.0 0.0
2015-07-05-11 59 49.013	  31.02734851 121.43953753 1.0  0.0 0.0
2015-07-05-11 59 49.185	  31.02734851 121.43953753 1.0  0.0 0.0
2015-07-05-11 59 49.287	  31.02734851 121.43953753 1.0  0.0 0.0
2015-07-05-11 59 49.434	  31.02734851 121.43953753 1.0  0.0 0.0
2015-07-05-11 59 49.543	  31.02732448 121.43955038 1.0  0.0 0.0
2015-07-05-11 59 49.648	  31.02732448 121.43955038 1.0  0.0 0.0
2015-07-05-11 59 49.757	  31.02732448 121.43955038 1.0  0.0 0.0
2015-07-05-11 59 49.859	  31.02732448 121.43955038 1.0  0.0 0.0
2015-07-05-11 59 50.002	  31.02732448 121.43955038 1.0  0.0 0.0
2015-07-05-11 59 50.106	  31.02732448 121.43955038 1.0  0.0 0.0
2015-07-05-11 59 50.260	  31.02732448 121.43955038 1.0  0.0 0.0
2015-07-05-11 59 50.370	  31.02732448 121.43955038 1.0  0.0 0.0
2015-07-05-11 59 50.474	  31.02732448 121.43955038 1.0  0.0 0.0
2015-07-05-11 59 50.646	  31.02732448 121.43955038 1.0  0.0 0.0
2015-07-05-11 59 50.747	  31.02732448 121.43955038 1.0  0.0 0.0
2015-07-05-11 59 50.886	  31.02732448 121.43955038 1.0  0.0 0.0
2015-07-05-11 59 50.992	  31.02732448 121.43955038 1.0  0.0 0.0
2015-07-05-11 59 51.095	  31.02732448 121.43955038 1.0  0.0 0.0
2015-07-05-11 59 51.265	  31.02732448 121.43955038 1.0  0.0 0.0
2015-07-05-11 59 51.397	  31.02732448 121.43955038 1.0  0.0 0.0
2015-07-05-11 59 51.500	  31.02730626 121.43955757 1.0  0.0 0.0
2015-07-05-11 59 51.637	  31.02730626 121.43955757 1.0  0.0 0.0
2015-07-05-11 59 51.750	  31.02730626 121.43955757 1.0  0.0 0.0
2015-07-05-11 59 51.852	  31.02730626 121.43955757 1.0  0.0 0.0
2015-07-05-11 59 51.981	  31.02730626 121.43955757 1.0  0.0 0.0
2015-07-05-11 59 52.083	  31.02730626 121.43955757 1.0  0.0 0.0
2015-07-05-11 59 52.220	  31.02730626 121.43955757 1.0  0.0 0.0
2015-07-05-11 59 52.325	  31.02730626 121.43955757 1.0  0.0 0.0
2015-07-05-11 59 52.428	  31.02730626 121.43955757 1.0  0.0 0.0
2015-07-05-11 59 52.566	  31.02730626 121.43955757 1.0  0.0 0.0
2015-07-05-11 59 52.668	  31.02730626 121.43955757 1.0  0.0 0.0
2015-07-05-11 59 52.802	  31.02730626 121.43955757 1.0  0.0 0.0
2015-07-05-11 59 52.912	  31.02730626 121.43955757 1.0  0.0 0.0
2015-07-05-11 59 53.015	  31.02730626 121.43955757 1.0  0.0 0.0
2015-07-05-11 59 53.155	  31.02730626 121.43955757 1.0  0.0 0.0
2015-07-05-11 59 53.268	  31.02730626 121.43955757 1.0  0.0 0.0
2015-07-05-11 59 53.448	  31.02728739 121.43956601 1.0  0.0 0.0
2015-07-05-11 59 53.550	  31.02728739 121.43956601 1.0  0.0 0.0
2015-07-05-11 59 53.703	  31.02728739 121.43956601 1.0  0.0 0.0
2015-07-05-11 59 53.807	  31.02728739 121.43956601 1.0  0.0 0.0
2015-07-05-11 59 53.983	  31.02728739 121.43956601 1.0  0.0 0.0
2015-07-05-11 59 54.088	  31.02728739 121.43956601 1.0  0.0 0.0
2015-07-05-11 59 54.191	  31.02728739 121.43956601 1.0  0.0 0.0
2015-07-05-11 59 54.310	  31.02728739 121.43956601 1.0  0.0 0.0
2015-07-05-11 59 54.420	  31.02728739 121.43956601 1.0  0.0 0.0
2015-07-05-11 59 54.556	  31.02728739 121.43956601 1.0  0.0 0.0
2015-07-05-11 59 54.669	  31.02728739 121.43956601 1.0  0.0 0.0
2015-07-05-11 59 54.776	  31.02728739 121.43956601 1.0  0.0 0.0
2015-07-05-11 59 54.928	  31.02728739 121.43956601 1.0  0.0 0.0
2015-07-05-11 59 55.037	  31.02728739 121.43956601 1.0  0.0 0.0
2015-07-05-11 59 55.205	  31.02728739 121.43956601 1.0  0.0 0.0
2015-07-05-11 59 55.317	  31.02728739 121.43956601 1.0  0.0 0.0
2015-07-05-11 59 55.422	  31.02726867 121.43957313 1.0  0.0 0.0
2015-07-05-11 59 55.583	  31.02726867 121.43957313 1.0  0.0 0.0
2015-07-05-11 59 55.688	  31.02726867 121.43957313 1.0  0.0 0.0
2015-07-05-11 59 55.839	  31.02726867 121.43957313 1.0  0.0 0.0
2015-07-05-11 59 55.945	  31.02726867 121.43957313 1.0  0.0 0.0
2015-07-05-11 59 56.047	  31.02726867 121.43957313 1.0  0.0 0.0
2015-07-05-11 59 56.193	  31.02726867 121.43957313 1.0  0.0 0.0
2015-07-05-11 59 56.295	  31.02726867 121.43957313 1.0  0.0 0.0
2015-07-05-11 59 56.397	  31.02726867 121.43957313 1.0  0.0 0.0
2015-07-05-11 59 56.499	  31.02726867 121.43957313 1.0  0.0 0.0
2015-07-05-11 59 56.665	  31.02726867 121.43957313 1.0  0.0 0.0
2015-07-05-11 59 56.767	  31.02726867 121.43957313 1.0  0.0 0.0
2015-07-05-11 59 56.903	  31.02726867 121.43957313 1.0  0.0 0.0
2015-07-05-11 59 57.011	  31.02726867 121.43957313 1.0  0.0 0.0
2015-07-05-11 59 57.113	  31.02726867 121.43957313 1.0  0.0 0.0
2015-07-05-11 59 57.292	  31.02726867 121.43957313 1.0  0.0 0.0
2015-07-05-11 59 57.394	  31.02726867 121.43957313 1.0  0.0 0.0
2015-07-05-11 59 57.496	  31.02726867 121.43957313 1.0  0.0 0.0
2015-07-05-11 59 57.681	  31.02725082 121.43958 1.0  0.0 0.0
2015-07-05-11 59 57.783	  31.02725082 121.43958 1.0  0.0 0.0
2015-07-05-11 59 57.888	  31.02725082 121.43958 1.0  0.0 0.0
2015-07-05-11 59 58.049	  31.02725082 121.43958 1.0  0.0 0.0
2015-07-05-11 59 58.151	  31.02725082 121.43958 1.0  0.0 0.0
2015-07-05-11 59 58.254	  31.02725082 121.43958 1.0  0.0 0.0
2015-07-05-11 59 58.388	  31.02725082 121.43958 1.0  0.0 0.0
2015-07-05-11 59 58.496	  31.02725082 121.43958 1.0  0.0 0.0
2015-07-05-11 59 58.606	  31.02725082 121.43958 1.0  0.0 0.0
2015-07-05-11 59 58.711	  31.02725082 121.43958 1.0  0.0 0.0
2015-07-05-11 59 58.812	  31.02725082 121.43958 1.0  0.0 0.0
2015-07-05-11 59 58.957	  31.02725082 121.43958 1.0  0.0 0.0
2015-07-05-11 59 59.065	  31.02725082 121.43958 1.0  0.0 0.0
2015-07-05-11 59 59.167	  31.02725082 121.43958 1.0  0.0 0.0
2015-07-05-11 59 59.285	  31.02725082 121.43958 1.0  0.0 0.0
2015-07-05-11 59 59.386	  31.02725082 121.43958 1.0  0.0 0.0
2015-07-05-11 59 59.492	  31.02725082 121.43958 1.0  0.0 0.0
2015-07-05-11 59 59.620	  31.02725082 121.43958 1.0  0.0 0.0
2015-07-05-11 59 59.723	  31.02725082 121.43958 1.0  0.0 0.0
2015-07-05-11 59 59.825	  31.02725082 121.43958 1.0  0.0 0.0
2015-07-05-11 59 59.972	  31.02725082 121.43958 1.0  0.0 0.0
2015-07-05-12 00 00.079	  31.02725082 121.43958 1.0  0.0 0.0
2015-07-05-12 00 00.181	  31.02725082 121.43958 1.0  0.0 0.0
2015-07-05-12 00 00.298	  31.02725082 121.43958 1.0  0.0 0.0
2015-07-05-12 00 00.403	  31.02722592 121.43959013999999 1.0  0.0 0.0
2015-07-05-12 00 00.508	  31.02722592 121.43959013999999 1.0  0.0 0.0
2015-07-05-12 00 00.616	  31.02722592 121.43959013999999 1.0  0.0 0.0
2015-07-05-12 00 00.719	  31.02722592 121.43959013999999 1.0  0.0 0.0
2015-07-05-12 00 00.847	  31.02722592 121.43959013999999 1.0  0.0 0.0
2015-07-05-12 00 00.957	  31.02722592 121.43959013999999 1.0  0.0 0.0
2015-07-05-12 00 01.063	  31.02722592 121.43959013999999 1.0  0.0 0.0
2015-07-05-12 00 01.234	  31.02722592 121.43959013999999 1.0  0.0 0.0
2015-07-05-12 00 01.340	  31.02722592 121.43959013999999 1.0  0.0 0.0
2015-07-05-12 00 01.457	  31.02722592 121.43959013999999 1.0  0.0 0.0
2015-07-05-12 00 01.559	  31.02722592 121.43959013999999 1.0  0.0 0.0
2015-07-05-12 00 01.662	  31.02722592 121.43959013999999 1.0  0.0 0.0
2015-07-05-12 00 01.835	  31.02722592 121.43959013999999 1.0  0.0 0.0
2015-07-05-12 00 01.938	  31.02722592 121.43959013999999 1.0  0.0 0.0
2015-07-05-12 00 02.056	  31.02722592 121.43959013999999 1.0  0.0 0.0
2015-07-05-12 00 02.167	  31.02722592 121.43959013999999 1.0  0.0 0.0
2015-07-05-12 00 02.270	  31.02722592 121.43959013999999 1.0  0.0 0.0
2015-07-05-12 00 02.447	  31.02720655 121.43959449 1.0  0.0 0.0
2015-07-05-12 00 02.569	  31.02720655 121.43959449 1.0  0.0 0.0
2015-07-05-12 00 02.672	  31.02720655 121.43959449 1.0  0.0 0.0
2015-07-05-12 00 02.775	  31.02720655 121.43959449 1.0  0.0 0.0
2015-07-05-12 00 02.949	  31.02720655 121.43959449 1.0  0.0 0.0
2015-07-05-12 00 03.053	  31.02720655 121.43959449 1.0  0.0 0.0
2015-07-05-12 00 03.154	  31.02720655 121.43959449 1.0  0.0 0.0
2015-07-05-12 00 03.297	  31.02720655 121.43959449 1.0  0.0 0.0
2015-07-05-12 00 03.404	  31.02720655 121.43959449 1.0  0.0 0.0
2015-07-05-12 00 03.506	  31.02720655 121.43959449 1.0  0.0 0.0
2015-07-05-12 00 03.657	  31.02720655 121.43959449 1.0  0.0 0.0
2015-07-05-12 00 03.804	  31.02720655 121.43959449 1.0  0.0 0.0
2015-07-05-12 00 03.910	  31.02720655 121.43959449 1.0  0.0 0.0
2015-07-05-12 00 04.015	  31.02720655 121.43959449 1.0  0.0 0.0
2015-07-05-12 00 04.156	  31.02720655 121.43959449 1.0  0.0 0.0
2015-07-05-12 00 04.274	  31.02720655 121.43959449 1.0  0.0 0.0
2015-07-05-12 00 04.380	  31.02720655 121.43959449 1.0  0.0 0.0
2015-07-05-12 00 04.483	  31.02718605 121.43959988 1.0  0.0 0.0
2015-07-05-12 00 04.623	  31.02718605 121.43959988 1.0  0.0 0.0
2015-07-05-12 00 04.754	  31.02718605 121.43959988 1.0  0.0 0.0
2015-07-05-12 00 04.856	  31.02718605 121.43959988 1.0  0.0 0.0
2015-07-05-12 00 04.958	  31.02718605 121.43959988 1.0  0.0 0.0
2015-07-05-12 00 05.114	  31.02718605 121.43959988 1.0  0.0 0.0
2015-07-05-12 00 05.281	  31.02718605 121.43959988 1.0  0.0 0.0
2015-07-05-12 00 05.387	  31.02718605 121.43959988 1.0  0.0 0.0
2015-07-05-12 00 05.490	  31.02718605 121.43959988 1.0  0.0 0.0
2015-07-05-12 00 05.651	  31.02718605 121.43959988 1.0  0.0 0.0
2015-07-05-12 00 05.768	  31.02718605 121.43959988 1.0  0.0 0.0
2015-07-05-12 00 05.873	  31.02718605 121.43959988 1.0  0.0 0.0
2015-07-05-12 00 05.977	  31.02718605 121.43959988 1.0  0.0 0.0
2015-07-05-12 00 06.136	  31.02718605 121.43959988 1.0  0.0 0.0
2015-07-05-12 00 06.300	  31.02718605 121.43959988 1.0  0.0 0.0
2015-07-05-12 00 06.445	  31.02716695 121.43960772 1.0  0.0 0.0
2015-07-05-12 00 06.607	  31.02716695 121.43960772 1.0  0.0 0.0
2015-07-05-12 00 06.726	  31.02716695 121.43960772 1.0  0.0 0.0
2015-07-05-12 00 06.839	  31.02716695 121.43960772 1.0  0.0 0.0
2015-07-05-12 00 06.941	  31.02716695 121.43960772 1.0  0.0 0.0
2015-07-05-12 00 07.078	  31.02716695 121.43960772 1.0  0.0 0.0
2015-07-05-12 00 07.249	  31.02716695 121.43960772 1.0  0.0 0.0
2015-07-05-12 00 07.351	  31.02716695 121.43960772 1.0  0.0 0.0
2015-07-05-12 00 07.453	  31.02716695 121.43960772 1.0  0.0 0.0
2015-07-05-12 00 07.604	  31.02716695 121.43960772 1.0  0.0 0.0
2015-07-05-12 00 07.722	  31.02716695 121.43960772 1.0  0.0 0.0
2015-07-05-12 00 07.824	  31.02716695 121.43960772 1.0  0.0 0.0
2015-07-05-12 00 07.926	  31.02716695 121.43960772 1.0  0.0 0.0
2015-07-05-12 00 08.103	  31.02716695 121.43960772 1.0  0.0 0.0
2015-07-05-12 00 08.222	  31.02716695 121.43960772 1.0  0.0 0.0
2015-07-05-12 00 08.326	  31.02716695 121.43960772 1.0  0.0 0.0
2015-07-05-12 00 08.430	  31.02714855 121.43961566 1.0  0.0 0.0
2015-07-05-12 00 08.562	  31.02714855 121.43961566 1.0  0.0 0.0
2015-07-05-12 00 08.698	  31.02714855 121.43961566 1.0  0.0 0.0
2015-07-05-12 00 08.806	  31.02714855 121.43961566 1.0  0.0 0.0
2015-07-05-12 00 08.909	  31.02714855 121.43961566 1.0  0.0 0.0
2015-07-05-12 00 09.025	  31.02714855 121.43961566 1.0  0.0 0.0
2015-07-05-12 00 09.152	  31.02714855 121.43961566 1.0  0.0 0.0
2015-07-05-12 00 09.266	  31.02714855 121.43961566 1.0  0.0 0.0
2015-07-05-12 00 09.370	  31.02714855 121.43961566 1.0  0.0 0.0
2015-07-05-12 00 09.488	  31.02714855 121.43961566 1.0  0.0 0.0
2015-07-05-12 00 09.612	  31.02714855 121.43961566 1.0  0.0 0.0
2015-07-05-12 00 09.716	  31.02714855 121.43961566 1.0  0.0 0.0
2015-07-05-12 00 09.821	  31.02714855 121.43961566 1.0  0.0 0.0
2015-07-05-12 00 10.020	  31.02714855 121.43961566 1.0  0.0 0.0
2015-07-05-12 00 10.122	  31.02714855 121.43961566 1.0  0.0 0.0
2015-07-05-12 00 10.239	  31.02714855 121.43961566 1.0  0.0 0.0
2015-07-05-12 00 10.374	  31.02713102 121.43962472 1.0  0.0 0.0
2015-07-05-12 00 10.506	  31.02713102 121.43962472 1.0  0.0 0.0
2015-07-05-12 00 10.614	  31.02713102 121.43962472 1.0  0.0 0.0
2015-07-05-12 00 10.716	  31.02713102 121.43962472 1.0  0.0 0.0
2015-07-05-12 00 10.898	  31.02713102 121.43962472 1.0  0.0 0.0
2015-07-05-12 00 11.039	  31.02713102 121.43962472 1.0  0.0 0.0
2015-07-05-12 00 11.152	  31.02713102 121.43962472 1.0  0.0 0.0
2015-07-05-12 00 11.253	  31.02713102 121.43962472 1.0  0.0 0.0
2015-07-05-12 00 11.371	  31.02713102 121.43962472 1.0  0.0 0.0
2015-07-05-12 00 11.489	  31.02713102 121.43962472 1.0  0.0 0.0
2015-07-05-12 00 11.619	  31.02713102 121.43962472 1.0  0.0 0.0
2015-07-05-12 00 11.763	  31.02713102 121.43962472 1.0  0.0 0.0
2015-07-05-12 00 11.906	  31.02713102 121.43962472 1.0  0.0 0.0
2015-07-05-12 00 12.046	  31.02713102 121.43962472 1.0  0.0 0.0
2015-07-05-12 00 12.148	  31.02713102 121.43962472 1.0  0.0 0.0
2015-07-05-12 00 12.251	  31.02713102 121.43962472 1.0  0.0 0.0
2015-07-05-12 00 12.411	  31.02713102 121.43962472 1.0  0.0 0.0
2015-07-05-12 00 12.513	  31.02713102 121.43962472 1.0  0.0 0.0
2015-07-05-12 00 12.645	  31.02713102 121.43962472 1.0  0.0 0.0
2015-07-05-12 00 12.775	  31.02713102 121.43962472 1.0  0.0 0.0
2015-07-05-12 00 12.877	  31.02713102 121.43962472 1.0  0.0 0.0
2015-07-05-12 00 12.982	  31.02713102 121.43962472 1.0  0.0 0.0
2015-07-05-12 00 13.154	  31.02713102 121.43962472 1.0  0.0 0.0
2015-07-05-12 00 13.269	  31.02713102 121.43962472 1.0  0.0 0.0
2015-07-05-12 00 13.385	  31.02713102 121.43962472 1.0  0.0 0.0
2015-07-05-12 00 13.502	  31.02710776 121.43963393 1.0  0.0 0.0
2015-07-05-12 00 13.618	  31.02710776 121.43963393 1.0  0.0 0.0
2015-07-05-12 00 13.734	  31.02710776 121.43963393 1.0  0.0 0.0
2015-07-05-12 00 13.870	  31.02710776 121.43963393 1.0  0.0 0.0
2015-07-05-12 00 14.008	  31.02710776 121.43963393 1.0  0.0 0.0
2015-07-05-12 00 14.146	  31.02710776 121.43963393 1.0  0.0 0.0
2015-07-05-12 00 14.284	  31.02710776 121.43963393 1.0  0.0 0.0
2015-07-05-12 00 14.424	  31.02710776 121.43963393 1.0  0.0 0.0
2015-07-05-12 00 14.564	  31.02710776 121.43963393 1.0  0.0 0.0
2015-07-05-12 00 14.697	  31.02710776 121.43963393 1.0  0.0 0.0
2015-07-05-12 00 14.837	  31.02710776 121.43963393 1.0  0.0 0.0
2015-07-05-12 00 15.001	  31.02710776 121.43963393 1.0  0.0 0.0
2015-07-05-12 00 15.117	  31.02710776 121.43963393 1.0  0.0 0.0
2015-07-05-12 00 15.291	  31.02710776 121.43963393 1.0  0.0 0.0
2015-07-05-12 00 15.427	  31.02710776 121.43963393 1.0  0.0 0.0
2015-07-05-12 00 15.549	  31.02710776 121.43963393 1.0  0.0 0.0
2015-07-05-12 00 15.703	  31.02710776 121.43963393 1.0  0.0 0.0
2015-07-05-12 00 15.839	  31.02710776 121.43963393 1.0  0.0 0.0
2015-07-05-12 00 15.980	  31.02710776 121.43963393 1.0  0.0 0.0
2015-07-05-12 00 16.122	  31.02710776 121.43963393 1.0  0.0 0.0
2015-07-05-12 00 16.278	  31.02710776 121.43963393 1.0  0.0 0.0
2015-07-05-12 00 16.424	  31.02708596 121.43964624 1.0  0.0 0.0
2015-07-05-12 00 16.572	  31.02708596 121.43964624 1.0  0.0 0.0
2015-07-05-12 00 16.697	  31.02708596 121.43964624 1.0  0.0 0.0
2015-07-05-12 00 16.824	  31.02708596 121.43964624 1.0  0.0 0.0
2015-07-05-12 00 16.926	  31.02708596 121.43964624 1.0  0.0 0.0
2015-07-05-12 00 17.028	  31.02708596 121.43964624 1.0  0.0 0.0
2015-07-05-12 00 17.136	  31.02708596 121.43964624 1.0  0.0 0.0
2015-07-05-12 00 17.296	  31.02708596 121.43964624 1.0  0.0 0.0
2015-07-05-12 00 17.469	  31.02708596 121.43964624 1.0  0.0 0.0
2015-07-05-12 00 17.586	  31.02708596 121.43964624 1.0  0.0 0.0
2015-07-05-12 00 17.704	  31.02708596 121.43964624 1.0  0.0 0.0
2015-07-05-12 00 17.855	  31.02708596 121.43964624 1.0  0.0 0.0
2015-07-05-12 00 17.991	  31.02708596 121.43964624 1.0  0.0 0.0
2015-07-05-12 00 18.133	  31.02708596 121.43964624 1.0  0.0 0.0
2015-07-05-12 00 18.306	  31.02708596 121.43964624 1.0  0.0 0.0
2015-07-05-12 00 18.487	  31.02708596 121.43964624 1.0  0.0 0.0
2015-07-05-12 00 18.628	  31.02708596 121.43964624 1.0  0.0 0.0
2015-07-05-12 00 18.744	  31.02708596 121.43964624 1.0  0.0 0.0
2015-07-05-12 00 18.860	  31.02708596 121.43964624 1.0  0.0 0.0
2015-07-05-12 00 18.999	  31.02708596 121.43964624 1.0  0.0 0.0
2015-07-05-12 00 19.137	  31.02708596 121.43964624 1.0  0.0 0.0
2015-07-05-12 00 19.314	  31.02706268 121.43965597 1.0  0.0 0.0
2015-07-05-12 00 19.505	  31.02706268 121.43965597 1.0  0.0 0.0
2015-07-05-12 00 19.642	  31.02706268 121.43965597 1.0  0.0 0.0
2015-07-05-12 00 19.757	  31.02706268 121.43965597 1.0  0.0 0.0
2015-07-05-12 00 19.899	  31.02706268 121.43965597 1.0  0.0 0.0
2015-07-05-12 00 20.061	  31.02706268 121.43965597 1.0  0.0 0.0
2015-07-05-12 00 20.200	  31.02706268 121.43965597 1.0  0.0 0.0
2015-07-05-12 00 20.370	  31.02706268 121.43965597 1.0  0.0 0.0
2015-07-05-12 00 20.508	  31.02706268 121.43965597 1.0  0.0 0.0
2015-07-05-12 00 20.696	  31.02706268 121.43965597 1.0  0.0 0.0
2015-07-05-12 00 20.839	  31.02706268 121.43965597 1.0  0.0 0.0
2015-07-05-12 00 21.009	  31.02706268 121.43965597 1.0  0.0 0.0
2015-07-05-12 00 21.130	  31.02706268 121.43965597 1.0  0.0 0.0
2015-07-05-12 00 21.293	  31.02706268 121.43965597 1.0  0.0 0.0
2015-07-05-12 00 21.437	  31.02706268 121.43965597 1.0  0.0 0.0
2015-07-05-12 00 21.565	  31.02706268 121.43965597 1.0  0.0 0.0
2015-07-05-12 00 21.681	  31.02706268 121.43965597 1.0  0.0 0.0
2015-07-05-12 00 21.797	  31.02706268 121.43965597 1.0  0.0 0.0
2015-07-05-12 00 21.933	  31.02706268 121.43965597 1.0  0.0 0.0
2015-07-05-12 00 22.099	  31.02706268 121.43965597 1.0  0.0 0.0
2015-07-05-12 00 22.256	  31.02706268 121.43965597 1.0  0.0 0.0
2015-07-05-12 00 22.396	  31.02706268 121.43965597 1.0  0.0 0.0
2015-07-05-12 00 22.544	  31.02704149 121.43966008 1.0  0.0 0.0
2015-07-05-12 00 22.669	  31.02704149 121.43966008 1.0  0.0 0.0
2015-07-05-12 00 22.771	  31.02704149 121.43966008 1.0  0.0 0.0
2015-07-05-12 00 22.873	  31.02704149 121.43966008 1.0  0.0 0.0
2015-07-05-12 00 22.977	  31.02704149 121.43966008 1.0  0.0 0.0
2015-07-05-12 00 23.146	  31.02704149 121.43966008 1.0  0.0 0.0
2015-07-05-12 00 23.288	  31.02704149 121.43966008 1.0  0.0 0.0
2015-07-05-12 00 23.405	  31.02704149 121.43966008 1.0  0.0 0.0
2015-07-05-12 00 23.527	  31.02704149 121.43966008 1.0  0.0 0.0
2015-07-05-12 00 23.670	  31.02704149 121.43966008 1.0  0.0 0.0
2015-07-05-12 00 23.846	  31.02704149 121.43966008 1.0  0.0 0.0
2015-07-05-12 00 23.964	  31.02704149 121.43966008 1.0  0.0 0.0
2015-07-05-12 00 24.102	  31.02704149 121.43966008 1.0  0.0 0.0
2015-07-05-12 00 24.262	  31.02704149 121.43966008 1.0  0.0 0.0
2015-07-05-12 00 24.379	  31.02704149 121.43966008 1.0  0.0 0.0
2015-07-05-12 00 24.502	  31.02704149 121.43966008 1.0  0.0 0.0
2015-07-05-12 00 24.651	  31.02704149 121.43966008 1.0  0.0 0.0
2015-07-05-12 00 24.799	  31.02704149 121.43966008 1.0  0.0 0.0
2015-07-05-12 00 24.962	  31.02704149 121.43966008 1.0  0.0 0.0
2015-07-05-12 00 25.101	  31.02704149 121.43966008 1.0  0.0 0.0
2015-07-05-12 00 25.240	  31.02704149 121.43966008 1.0  0.0 0.0
2015-07-05-12 00 25.396	  31.02701874 121.43966743 1.0  0.0 0.0
2015-07-05-12 00 25.498	  31.02701874 121.43966743 1.0  0.0 0.0
2015-07-05-12 00 25.601	  31.02701874 121.43966743 1.0  0.0 0.0
2015-07-05-12 00 25.704	  31.02701874 121.43966743 1.0  0.0 0.0
2015-07-05-12 00 25.807	  31.02701874 121.43966743 1.0  0.0 0.0
2015-07-05-12 00 25.929	  31.02701874 121.43966743 1.0  0.0 0.0
2015-07-05-12 00 26.075	  31.02701874 121.43966743 1.0  0.0 0.0
2015-07-05-12 00 26.229	  31.02701874 121.43966743 1.0  0.0 0.0
2015-07-05-12 00 26.378	  31.02701874 121.43966743 1.0  0.0 0.0
2015-07-05-12 00 26.519	  31.02701874 121.43966743 1.0  0.0 0.0
2015-07-05-12 00 26.676	  31.02701874 121.43966743 1.0  0.0 0.0
2015-07-05-12 00 26.847	  31.02701874 121.43966743 1.0  0.0 0.0
2015-07-05-12 00 26.965	  31.02701874 121.43966743 1.0  0.0 0.0
2015-07-05-12 00 27.102	  31.02701874 121.43966743 1.0  0.0 0.0
2015-07-05-12 00 27.258	  31.02701874 121.43966743 1.0  0.0 0.0
2015-07-05-12 00 27.408	  31.02701874 121.43966743 1.0  0.0 0.0
2015-07-05-12 00 27.523	  31.02701874 121.43966743 1.0  0.0 0.0
2015-07-05-12 00 27.639	  31.02701874 121.43966743 1.0  0.0 0.0
2015-07-05-12 00 27.773	  31.02701874 121.43966743 1.0  0.0 0.0
2015-07-05-12 00 27.947	  31.02701874 121.43966743 1.0  0.0 0.0
2015-07-05-12 00 28.066	  31.02701874 121.43966743 1.0  0.0 0.0
2015-07-05-12 00 28.181	  31.02701874 121.43966743 1.0  0.0 0.0
2015-07-05-12 00 28.297	  31.02701874 121.43966743 1.0  0.0 0.0
2015-07-05-12 00 28.449	  31.02699484 121.43967336 1.0  0.0 0.0
2015-07-05-12 00 28.614	  31.02699484 121.43967336 1.0  0.0 0.0
2015-07-05-12 00 28.734	  31.02699484 121.43967336 1.0  0.0 0.0
2015-07-05-12 00 28.869	  31.02699484 121.43967336 1.0  0.0 0.0
2015-07-05-12 00 28.996	  31.02699484 121.43967336 1.0  0.0 0.0
2015-07-05-12 00 29.098	  31.02699484 121.43967336 1.0  0.0 0.0
2015-07-05-12 00 29.202	  31.02699484 121.43967336 1.0  0.0 0.0
2015-07-05-12 00 29.305	  31.02699484 121.43967336 1.0  0.0 0.0
2015-07-05-12 00 29.408	  31.02699484 121.43967336 1.0  0.0 0.0
2015-07-05-12 00 29.514	  31.02699484 121.43967336 1.0  0.0 0.0
2015-07-05-12 00 29.629	  31.02699484 121.43967336 1.0  0.0 0.0
2015-07-05-12 00 29.753	  31.02699484 121.43967336 1.0  0.0 0.0
2015-07-05-12 00 29.907	  31.02699484 121.43967336 1.0  0.0 0.0
2015-07-05-12 00 30.050	  31.02699484 121.43967336 1.0  0.0 0.0
2015-07-05-12 00 30.180	  31.02699484 121.43967336 1.0  0.0 0.0
2015-07-05-12 00 30.327	  31.02699484 121.43967336 1.0  0.0 0.0
2015-07-05-12 00 30.471	  31.02699484 121.43967336 1.0  0.0 0.0
2015-07-05-12 00 30.593	  31.02699484 121.43967336 1.0  0.0 0.0
2015-07-05-12 00 30.710	  31.02699484 121.43967336 1.0  0.0 0.0
2015-07-05-12 00 30.845	  31.02699484 121.43967336 1.0  0.0 0.0
2015-07-05-12 00 30.982	  31.02699484 121.43967336 1.0  0.0 0.0
2015-07-05-12 00 31.147	  31.02699484 121.43967336 1.0  0.0 0.0
2015-07-05-12 00 31.265	  31.02699484 121.43967336 1.0  0.0 0.0
2015-07-05-12 00 31.381	  31.02699484 121.43967336 1.0  0.0 0.0
2015-07-05-12 00 31.496	  31.02697186 121.43968463 1.0  0.0 0.0
2015-07-05-12 00 31.604	  31.02697186 121.43968463 1.0  0.0 0.0
2015-07-05-12 00 31.728	  31.02697186 121.43968463 1.0  0.0 0.0
2015-07-05-12 00 31.891	  31.02697186 121.43968463 1.0  0.0 0.0
2015-07-05-12 00 31.994	  31.02697186 121.43968463 1.0  0.0 0.0
2015-07-05-12 00 32.100	  31.02697186 121.43968463 1.0  0.0 0.0
2015-07-05-12 00 32.249	  31.02697186 121.43968463 1.0  0.0 0.0
2015-07-05-12 00 32.366	  31.02697186 121.43968463 1.0  0.0 0.0
2015-07-05-12 00 32.473	  31.02697186 121.43968463 1.0  0.0 0.0
2015-07-05-12 00 32.612	  31.02697186 121.43968463 1.0  0.0 0.0
2015-07-05-12 00 32.717	  31.02697186 121.43968463 1.0  0.0 0.0
2015-07-05-12 00 32.877	  31.02697186 121.43968463 1.0  0.0 0.0
2015-07-05-12 00 32.993	  31.02697186 121.43968463 1.0  0.0 0.0
2015-07-05-12 00 33.096	  31.02697186 121.43968463 1.0  0.0 0.0
2015-07-05-12 00 33.202	  31.02697186 121.43968463 1.0  0.0 0.0
2015-07-05-12 00 33.306	  31.02697186 121.43968463 1.0  0.0 0.0
2015-07-05-12 00 33.423	  31.02697186 121.43968463 1.0  0.0 0.0
2015-07-05-12 00 33.538	  31.02697186 121.43968463 1.0  0.0 0.0
2015-07-05-12 00 33.686	  31.02697186 121.43968463 1.0  0.0 0.0
2015-07-05-12 00 33.834	  31.02697186 121.43968463 1.0  0.0 0.0
2015-07-05-12 00 33.967	  31.02697186 121.43968463 1.0  0.0 0.0
2015-07-05-12 00 34.147	  31.02697186 121.43968463 1.0  0.0 0.0
2015-07-05-12 00 34.261	  31.02697186 121.43968463 1.0  0.0 0.0
2015-07-05-12 00 34.366	  31.02694979 121.43969349 1.0  0.0 0.0
2015-07-05-12 00 34.514	  31.02694979 121.43969349 1.0  0.0 0.0
2015-07-05-12 00 34.655	  31.02694979 121.43969349 1.0  0.0 0.0
2015-07-05-12 00 34.826	  31.02694979 121.43969349 1.0  0.0 0.0
2015-07-05-12 00 34.963	  31.02694979 121.43969349 1.0  0.0 0.0
2015-07-05-12 00 35.098	  31.02694979 121.43969349 1.0  0.0 0.0
2015-07-05-12 00 35.250	  31.02694979 121.43969349 1.0  0.0 0.0
2015-07-05-12 00 35.391	  31.02694979 121.43969349 1.0  0.0 0.0
2015-07-05-12 00 35.528	  31.02694979 121.43969349 1.0  0.0 0.0
2015-07-05-12 00 35.676	  31.02694979 121.43969349 1.0  0.0 0.0
2015-07-05-12 00 35.822	  31.02694979 121.43969349 1.0  0.0 0.0
2015-07-05-12 00 35.965	  31.02694979 121.43969349 1.0  0.0 0.0
2015-07-05-12 00 36.085	  31.02694979 121.43969349 1.0  0.0 0.0
2015-07-05-12 00 36.253	  31.02694979 121.43969349 1.0  0.0 0.0
2015-07-05-12 00 36.429	  31.02694979 121.43969349 1.0  0.0 0.0
2015-07-05-12 00 36.595	  31.02694979 121.43969349 1.0  0.0 0.0
2015-07-05-12 00 36.712	  31.02694979 121.43969349 1.0  0.0 0.0
2015-07-05-12 00 36.863	  31.02694979 121.43969349 1.0  0.0 0.0
2015-07-05-12 00 37.011	  31.02694979 121.43969349 1.0  0.0 0.0
2015-07-05-12 00 37.122	  31.02694979 121.43969349 1.0  0.0 0.0
2015-07-05-12 00 37.271	  31.02694979 121.43969349 1.0  0.0 0.0
2015-07-05-12 00 37.397	  31.02694979 121.43969349 1.0  0.0 0.0
2015-07-05-12 00 37.531	  31.02694979 121.43969349 1.0  0.0 0.0
2015-07-05-12 00 37.679	  31.02692699 121.43970261 1.0  0.0 0.0
2015-07-05-12 00 37.800	  31.02692699 121.43970261 1.0  0.0 0.0
2015-07-05-12 00 37.919	  31.02692699 121.43970261 1.0  0.0 0.0
2015-07-05-12 00 38.064	  31.02692699 121.43970261 1.0  0.0 0.0
2015-07-05-12 00 38.207	  31.02692699 121.43970261 1.0  0.0 0.0
2015-07-05-12 00 38.342	  31.02692699 121.43970261 1.0  0.0 0.0
2015-07-05-12 00 38.460	  31.02692699 121.43970261 1.0  0.0 0.0
2015-07-05-12 00 38.586	  31.02692699 121.43970261 1.0  0.0 0.0
2015-07-05-12 00 38.702	  31.02692699 121.43970261 1.0  0.0 0.0
2015-07-05-12 00 38.860	  31.02692699 121.43970261 1.0  0.0 0.0
2015-07-05-12 00 38.979	  31.02692699 121.43970261 1.0  0.0 0.0
2015-07-05-12 00 39.094	  31.02692699 121.43970261 1.0  0.0 0.0
2015-07-05-12 00 39.247	  31.02692699 121.43970261 1.0  0.0 0.0
2015-07-05-12 00 39.396	  31.02692699 121.43970261 1.0  0.0 0.0
2015-07-05-12 00 39.576	  31.02692699 121.43970261 1.0  0.0 0.0
2015-07-05-12 00 39.690	  31.02692699 121.43970261 1.0  0.0 0.0
2015-07-05-12 00 39.835	  31.02692699 121.43970261 1.0  0.0 0.0
2015-07-05-12 00 39.996	  31.02692699 121.43970261 1.0  0.0 0.0
2015-07-05-12 00 40.117	  31.02692699 121.43970261 1.0  0.0 0.0
2015-07-05-12 00 40.271	  31.02692699 121.43970261 1.0  0.0 0.0
2015-07-05-12 00 40.416	  31.02690189 121.43971587 1.0  0.0 0.0
2015-07-05-12 00 40.551	  31.02690189 121.43971587 1.0  0.0 0.0
2015-07-05-12 00 40.698	  31.02690189 121.43971587 1.0  0.0 0.0
2015-07-05-12 00 40.837	  31.02690189 121.43971587 1.0  0.0 0.0
2015-07-05-12 00 40.989	  31.02690189 121.43971587 1.0  0.0 0.0
2015-07-05-12 00 41.124	  31.02690189 121.43971587 1.0  0.0 0.0
2015-07-05-12 00 41.297	  31.02690189 121.43971587 1.0  0.0 0.0
2015-07-05-12 00 41.441	  31.02690189 121.43971587 1.0  0.0 0.0
2015-07-05-12 00 41.623	  31.02690189 121.43971587 1.0  0.0 0.0
2015-07-05-12 00 41.738	  31.02690189 121.43971587 1.0  0.0 0.0
2015-07-05-12 00 41.864	  31.02690189 121.43971587 1.0  0.0 0.0
2015-07-05-12 00 42.010	  31.02690189 121.43971587 1.0  0.0 0.0
2015-07-05-12 00 42.193	  31.02690189 121.43971587 1.0  0.0 0.0
2015-07-05-12 00 42.308	  31.02690189 121.43971587 1.0  0.0 0.0
2015-07-05-12 00 42.448	  31.02688416 121.43972763 1.0  0.0 0.0
2015-07-05-12 00 42.585	  31.02688416 121.43972763 1.0  0.0 0.0
2015-07-05-12 00 42.728	  31.02688416 121.43972763 1.0  0.0 0.0
2015-07-05-12 00 42.846	  31.02688416 121.43972763 1.0  0.0 0.0
2015-07-05-12 00 42.998	  31.02688416 121.43972763 1.0  0.0 0.0
2015-07-05-12 00 43.130	  31.02688416 121.43972763 1.0  0.0 0.0
2015-07-05-12 00 43.298	  31.02688416 121.43972763 1.0  0.0 0.0
2015-07-05-12 00 43.440	  31.02688416 121.43972763 1.0  0.0 0.0
2015-07-05-12 00 43.562	  31.02688416 121.43972763 1.0  0.0 0.0
2015-07-05-12 00 43.752	  31.02688416 121.43972763 1.0  0.0 0.0
2015-07-05-12 00 43.867	  31.02688416 121.43972763 1.0  0.0 0.0
2015-07-05-12 00 43.984	  31.02688416 121.43972763 1.0  0.0 0.0
2015-07-05-12 00 44.122	  31.02688416 121.43972763 1.0  0.0 0.0
2015-07-05-12 00 44.272	  31.02688416 121.43972763 1.0  0.0 0.0
2015-07-05-12 00 44.398	  31.02688416 121.43972763 1.0  0.0 0.0
2015-07-05-12 00 44.521	  31.02686607 121.43973706 1.0  0.0 0.0
2015-07-05-12 00 44.636	  31.02686607 121.43973706 1.0  0.0 0.0
2015-07-05-12 00 44.782	  31.02686607 121.43973706 1.0  0.0 0.0
2015-07-05-12 00 44.899	  31.02686607 121.43973706 1.0  0.0 0.0
2015-07-05-12 00 45.056	  31.02686607 121.43973706 1.0  0.0 0.0
2015-07-05-12 00 45.172	  31.02686607 121.43973706 1.0  0.0 0.0
2015-07-05-12 00 45.289	  31.02686607 121.43973706 1.0  0.0 0.0
2015-07-05-12 00 45.446	  31.02686607 121.43973706 1.0  0.0 0.0
2015-07-05-12 00 45.595	  31.02686607 121.43973706 1.0  0.0 0.0
2015-07-05-12 00 45.737	  31.02686607 121.43973706 1.0  0.0 0.0
2015-07-05-12 00 45.859	  31.02686607 121.43973706 1.0  0.0 0.0
2015-07-05-12 00 46.007	  31.02686607 121.43973706 1.0  0.0 0.0
2015-07-05-12 00 46.170	  31.02686607 121.43973706 1.0  0.0 0.0
2015-07-05-12 00 46.277	  31.02686607 121.43973706 1.0  0.0 0.0
2015-07-05-12 00 46.403	  31.02686607 121.43973706 1.0  0.0 0.0
2015-07-05-12 00 46.528	  31.02684929 121.43974706 1.0  0.0 0.0
2015-07-05-12 00 46.675	  31.02684929 121.43974706 1.0  0.0 0.0
2015-07-05-12 00 46.801	  31.02684929 121.43974706 1.0  0.0 0.0
2015-07-05-12 00 46.939	  31.02684929 121.43974706 1.0  0.0 0.0
2015-07-05-12 00 47.111	  31.02684929 121.43974706 1.0  0.0 0.0
2015-07-05-12 00 47.226	  31.02684929 121.43974706 1.0  0.0 0.0
2015-07-05-12 00 47.360	  31.02684929 121.43974706 1.0  0.0 0.0
2015-07-05-12 00 47.488	  31.02684929 121.43974706 1.0  0.0 0.0
2015-07-05-12 00 47.634	  31.02684929 121.43974706 1.0  0.0 0.0
2015-07-05-12 00 47.751	  31.02684929 121.43974706 1.0  0.0 0.0
2015-07-05-12 00 47.893	  31.02684929 121.43974706 1.0  0.0 0.0
2015-07-05-12 00 48.036	  31.02684929 121.43974706 1.0  0.0 0.0
2015-07-05-12 00 48.183	  31.02684929 121.43974706 1.0  0.0 0.0
2015-07-05-12 00 48.299	  31.02684929 121.43974706 1.0  0.0 0.0
2015-07-05-12 00 48.415	  31.02683269 121.43975592 1.0  0.0 0.0
2015-07-05-12 00 48.532	  31.02683269 121.43975592 1.0  0.0 0.0
2015-07-05-12 00 48.639	  31.02683269 121.43975592 1.0  0.0 0.0
2015-07-05-12 00 48.787	  31.02683269 121.43975592 1.0  0.0 0.0
2015-07-05-12 00 48.928	  31.02683269 121.43975592 1.0  0.0 0.0
2015-07-05-12 00 49.052	  31.02683269 121.43975592 1.0  0.0 0.0
2015-07-05-12 00 49.208	  31.02683269 121.43975592 1.0  0.0 0.0
2015-07-05-12 00 49.310	  31.02683269 121.43975592 1.0  0.0 0.0
2015-07-05-12 00 49.427	  31.02683269 121.43975592 1.0  0.0 0.0
2015-07-05-12 00 49.542	  31.02683269 121.43975592 1.0  0.0 0.0
2015-07-05-12 00 49.685	  31.02683269 121.43975592 1.0  0.0 0.0
2015-07-05-12 00 49.829	  31.02683269 121.43975592 1.0  0.0 0.0
2015-07-05-12 00 49.978	  31.02683269 121.43975592 1.0  0.0 0.0
2015-07-05-12 00 50.102	  31.02683269 121.43975592 1.0  0.0 0.0
2015-07-05-12 00 50.256	  31.02683269 121.43975592 1.0  0.0 0.0
2015-07-05-12 00 50.395	  31.02683269 121.43975592 1.0  0.0 0.0
2015-07-05-12 00 50.544	  31.02683269 121.43975592 1.0  0.0 0.0
2015-07-05-12 00 50.659	  31.02683269 121.43975592 1.0  0.0 0.0
2015-07-05-12 00 50.797	  31.02683269 121.43975592 1.0  0.0 0.0
2015-07-05-12 00 50.913	  31.02683269 121.43975592 1.0  0.0 0.0
2015-07-05-12 00 51.056	  31.02683269 121.43975592 1.0  0.0 0.0
2015-07-05-12 00 51.192	  31.02683269 121.43975592 1.0  0.0 0.0
2015-07-05-12 00 51.311	  31.02683269 121.43975592 1.0  0.0 0.0
2015-07-05-12 00 51.501	  31.02680739 121.43976623 1.0  0.0 0.0
2015-07-05-12 00 51.663	  31.02680739 121.43976623 1.0  0.0 0.0
2015-07-05-12 00 51.804	  31.02680739 121.43976623 1.0  0.0 0.0
2015-07-05-12 00 51.961	  31.02680739 121.43976623 1.0  0.0 0.0
2015-07-05-12 00 52.115	  31.02680739 121.43976623 1.0  0.0 0.0
2015-07-05-12 00 52.270	  31.02680739 121.43976623 1.0  0.0 0.0
2015-07-05-12 00 52.424	  31.02680739 121.43976623 1.0  0.0 0.0
2015-07-05-12 00 52.569	  31.02680739 121.43976623 1.0  0.0 0.0
2015-07-05-12 00 52.686	  31.02680739 121.43976623 1.0  0.0 0.0
2015-07-05-12 00 52.861	  31.02680739 121.43976623 1.0  0.0 0.0
2015-07-05-12 00 53.024	  31.02680739 121.43976623 1.0  0.0 0.0
2015-07-05-12 00 53.165	  31.02680739 121.43976623 1.0  0.0 0.0
2015-07-05-12 00 53.297	  31.02680739 121.43976623 1.0  0.0 0.0
2015-07-05-12 00 53.483	  31.02680739 121.43976623 1.0  0.0 0.0
2015-07-05-12 00 53.585	  31.02680739 121.43976623 1.0  0.0 0.0
2015-07-05-12 00 53.689	  31.02680739 121.43976623 1.0  0.0 0.0
2015-07-05-12 00 53.794	  31.02680739 121.43976623 1.0  0.0 0.0
2015-07-05-12 00 53.900	  31.02680739 121.43976623 1.0  0.0 0.0
2015-07-05-12 00 54.002	  31.02680739 121.43976623 1.0  0.0 0.0
2015-07-05-12 00 54.104	  31.02680739 121.43976623 1.0  0.0 0.0
2015-07-05-12 00 54.206	  31.02680739 121.43976623 1.0  0.0 0.0
2015-07-05-12 00 54.308	  31.02680739 121.43976623 1.0  0.0 0.0
2015-07-05-12 00 54.414	  31.02680739 121.43976623 1.0  0.0 0.0
2015-07-05-12 00 54.515	  31.02678115 121.43977696 1.0  0.0 0.0
2015-07-05-12 00 54.620	  31.02678115 121.43977696 1.0  0.0 0.0
2015-07-05-12 00 54.723	  31.02678115 121.43977696 1.0  0.0 0.0
2015-07-05-12 00 54.825	  31.02678115 121.43977696 1.0  0.0 0.0
2015-07-05-12 00 54.931	  31.02678115 121.43977696 1.0  0.0 0.0
2015-07-05-12 00 55.035	  31.02678115 121.43977696 1.0  0.0 0.0
2015-07-05-12 00 55.137	  31.02678115 121.43977696 1.0  0.0 0.0
2015-07-05-12 00 55.238	  31.02678115 121.43977696 1.0  0.0 0.0
2015-07-05-12 00 55.340	  31.02678115 121.43977696 1.0  0.0 0.0
2015-07-05-12 00 55.442	  31.02678115 121.43977696 1.0  0.0 0.0
2015-07-05-12 00 55.545	  31.02678115 121.43977696 1.0  0.0 0.0
2015-07-05-12 00 55.648	  31.02678115 121.43977696 1.0  0.0 0.0
2015-07-05-12 00 55.752	  31.02678115 121.43977696 1.0  0.0 0.0
2015-07-05-12 00 55.855	  31.02678115 121.43977696 1.0  0.0 0.0
2015-07-05-12 00 55.959	  31.02678115 121.43977696 1.0  0.0 0.0
2015-07-05-12 00 56.060	  31.02678115 121.43977696 1.0  0.0 0.0
2015-07-05-12 00 56.161	  31.02678115 121.43977696 1.0  0.0 0.0
2015-07-05-12 00 56.263	  31.02678115 121.43977696 1.0  0.0 0.0
2015-07-05-12 00 56.366	  31.02678115 121.43977696 1.0  0.0 0.0
2015-07-05-12 00 56.469	  31.02678115 121.43977696 1.0  0.0 0.0
2015-07-05-12 00 56.570	  31.02678115 121.43977696 1.0  0.0 0.0
2015-07-05-12 00 56.672	  31.02678115 121.43977696 1.0  0.0 0.0
2015-07-05-12 00 56.773	  31.02678115 121.43977696 1.0  0.0 0.0
2015-07-05-12 00 56.876	  31.02678115 121.43977696 1.0  0.0 0.0
2015-07-05-12 00 56.978	  31.02678115 121.43977696 1.0  0.0 0.0
2015-07-05-12 00 57.080	  31.02678115 121.43977696 1.0  0.0 0.0
2015-07-05-12 00 57.186	  31.02678115 121.43977696 1.0  0.0 0.0
2015-07-05-12 00 57.293	  31.02678115 121.43977696 1.0  0.0 0.0
2015-07-05-12 00 57.397	  31.02675647 121.43978601 1.0  0.0 0.0
2015-07-05-12 00 57.552	  31.02675647 121.43978601 1.0  0.0 0.0
2015-07-05-12 00 57.656	  31.02675647 121.43978601 1.0  0.0 0.0
2015-07-05-12 00 57.759	  31.02675647 121.43978601 1.0  0.0 0.0
2015-07-05-12 00 57.866	  31.02675647 121.43978601 1.0  0.0 0.0
2015-07-05-12 00 57.970	  31.02675647 121.43978601 1.0  0.0 0.0
2015-07-05-12 00 58.074	  31.02675647 121.43978601 1.0  0.0 0.0
2015-07-05-12 00 58.179	  31.02675647 121.43978601 1.0  0.0 0.0
2015-07-05-12 00 58.285	  31.02675647 121.43978601 1.0  0.0 0.0
2015-07-05-12 00 58.389	  31.02675647 121.43978601 1.0  0.0 0.0
2015-07-05-12 00 58.491	  31.02675647 121.43978601 1.0  0.0 0.0
2015-07-05-12 00 58.593	  31.02675647 121.43978601 1.0  0.0 0.0
2015-07-05-12 00 58.696	  31.02675647 121.43978601 1.0  0.0 0.0
2015-07-05-12 00 58.799	  31.02675647 121.43978601 1.0  0.0 0.0
2015-07-05-12 00 58.901	  31.02675647 121.43978601 1.0  0.0 0.0
2015-07-05-12 00 59.005	  31.02675647 121.43978601 1.0  0.0 0.0
2015-07-05-12 00 59.109	  31.02675647 121.43978601 1.0  0.0 0.0
2015-07-05-12 00 59.214	  31.02675647 121.43978601 1.0  0.0 0.0
2015-07-05-12 00 59.318	  31.02675647 121.43978601 1.0  0.0 0.0
2015-07-05-12 00 59.434	  31.02675647 121.43978601 1.0  0.0 0.0
2015-07-05-12 00 59.535	  31.02675647 121.43978601 1.0  0.0 0.0
2015-07-05-12 00 59.638	  31.02675647 121.43978601 1.0  0.0 0.0
2015-07-05-12 00 59.741	  31.02675647 121.43978601 1.0  0.0 0.0
2015-07-05-12 00 59.846	  31.02675647 121.43978601 1.0  0.0 0.0
2015-07-05-12 00 59.953	  31.02675647 121.43978601 1.0  0.0 0.0
2015-07-05-12 01 00.059	  31.02675647 121.43978601 1.0  0.0 0.0
2015-07-05-12 01 00.175	  31.02675647 121.43978601 1.0  0.0 0.0
2015-07-05-12 01 00.277	  31.02675647 121.43978601 1.0  0.0 0.0
2015-07-05-12 01 00.379	  31.02675647 121.43978601 1.0  0.0 0.0
2015-07-05-12 01 00.484	  31.02673318 121.43979586 1.0  0.0 0.0
2015-07-05-12 01 00.603	  31.02673318 121.43979586 1.0  0.0 0.0
2015-07-05-12 01 00.706	  31.02673318 121.43979586 1.0  0.0 0.0
2015-07-05-12 01 00.819	  31.02673318 121.43979586 1.0  0.0 0.0
2015-07-05-12 01 00.921	  31.02673318 121.43979586 1.0  0.0 0.0
2015-07-05-12 01 01.022	  31.02673318 121.43979586 1.0  0.0 0.0
2015-07-05-12 01 01.123	  31.02673318 121.43979586 1.0  0.0 0.0
2015-07-05-12 01 01.225	  31.02673318 121.43979586 1.0  0.0 0.0
2015-07-05-12 01 01.334	  31.02673318 121.43979586 1.0  0.0 0.0
2015-07-05-12 01 01.445	  31.02673318 121.43979586 1.0  0.0 0.0
2015-07-05-12 01 01.546	  31.02673318 121.43979586 1.0  0.0 0.0
2015-07-05-12 01 01.648	  31.02673318 121.43979586 1.0  0.0 0.0
2015-07-05-12 01 01.751	  31.02673318 121.43979586 1.0  0.0 0.0
2015-07-05-12 01 01.855	  31.02673318 121.43979586 1.0  0.0 0.0
2015-07-05-12 01 01.959	  31.02673318 121.43979586 1.0  0.0 0.0
2015-07-05-12 01 02.074	  31.02673318 121.43979586 1.0  0.0 0.0
2015-07-05-12 01 02.177	  31.02673318 121.43979586 1.0  0.0 0.0
2015-07-05-12 01 02.281	  31.02673318 121.43979586 1.0  0.0 0.0
2015-07-05-12 01 02.386	  31.02671767 121.43980698 1.0  0.0 0.0
2015-07-05-12 01 02.511	  31.02671767 121.43980698 1.0  0.0 0.0
2015-07-05-12 01 02.612	  31.02671767 121.43980698 1.0  0.0 0.0
2015-07-05-12 01 02.714	  31.02671767 121.43980698 1.0  0.0 0.0
2015-07-05-12 01 02.815	  31.02671767 121.43980698 1.0  0.0 0.0
2015-07-05-12 01 02.918	  31.02671767 121.43980698 1.0  0.0 0.0
2015-07-05-12 01 03.019	  31.02671767 121.43980698 1.0  0.0 0.0
2015-07-05-12 01 03.122	  31.02671767 121.43980698 1.0  0.0 0.0
2015-07-05-12 01 03.224	  31.02671767 121.43980698 1.0  0.0 0.0
2015-07-05-12 01 03.326	  31.02671767 121.43980698 1.0  0.0 0.0
2015-07-05-12 01 03.428	  31.02671767 121.43980698 1.0  0.0 0.0
2015-07-05-12 01 03.531	  31.02671767 121.43980698 1.0  0.0 0.0
2015-07-05-12 01 03.635	  31.02671767 121.43980698 1.0  0.0 0.0
2015-07-05-12 01 03.745	  31.02671767 121.43980698 1.0  0.0 0.0
2015-07-05-12 01 03.851	  31.02671767 121.43980698 1.0  0.0 0.0
2015-07-05-12 01 03.955	  31.02671767 121.43980698 1.0  0.0 0.0
2015-07-05-12 01 04.063	  31.02671767 121.43980698 1.0  0.0 0.0
2015-07-05-12 01 04.180	  31.02671767 121.43980698 1.0  0.0 0.0
2015-07-05-12 01 04.283	  31.02671767 121.43980698 1.0  0.0 0.0
2015-07-05-12 01 04.384	  31.02671767 121.43980698 1.0  0.0 0.0
2015-07-05-12 01 04.486	  31.02671767 121.43980698 1.0  0.0 0.0
2015-07-05-12 01 04.590	  31.02671767 121.43980698 1.0  0.0 0.0
2015-07-05-12 01 04.694	  31.02671767 121.43980698 1.0  0.0 0.0
2015-07-05-12 01 04.795	  31.02671767 121.43980698 1.0  0.0 0.0
2015-07-05-12 01 04.897	  31.02671767 121.43980698 1.0  0.0 0.0
2015-07-05-12 01 04.999	  31.02671767 121.43980698 1.0  0.0 0.0
2015-07-05-12 01 05.102	  31.02671767 121.43980698 1.0  0.0 0.0
2015-07-05-12 01 05.208	  31.02671767 121.43980698 1.0  0.0 0.0
2015-07-05-12 01 05.315	  31.02671767 121.43980698 1.0  0.0 0.0
2015-07-05-12 01 05.423	  31.02669353 121.43981652 1.0  0.0 0.0
2015-07-05-12 01 05.528	  31.02669353 121.43981652 1.0  0.0 0.0
2015-07-05-12 01 05.629	  31.02669353 121.43981652 1.0  0.0 0.0
2015-07-05-12 01 05.733	  31.02669353 121.43981652 1.0  0.0 0.0
2015-07-05-12 01 05.836	  31.02669353 121.43981652 1.0  0.0 0.0
2015-07-05-12 01 05.937	  31.02669353 121.43981652 1.0  0.0 0.0
2015-07-05-12 01 06.042	  31.02669353 121.43981652 1.0  0.0 0.0
2015-07-05-12 01 06.151	  31.02669353 121.43981652 1.0  0.0 0.0
2015-07-05-12 01 06.259	  31.02669353 121.43981652 1.0  0.0 0.0
2015-07-05-12 01 06.362	  31.02669353 121.43981652 1.0  0.0 0.0
2015-07-05-12 01 06.463	  31.02669353 121.43981652 1.0  0.0 0.0
2015-07-05-12 01 06.566	  31.02669353 121.43981652 1.0  0.0 0.0
2015-07-05-12 01 06.672	  31.02669353 121.43981652 1.0  0.0 0.0
2015-07-05-12 01 06.774	  31.02669353 121.43981652 1.0  0.0 0.0
2015-07-05-12 01 06.876	  31.02669353 121.43981652 1.0  0.0 0.0
2015-07-05-12 01 06.979	  31.02669353 121.43981652 1.0  0.0 0.0
2015-07-05-12 01 07.083	  31.02669353 121.43981652 1.0  0.0 0.0
2015-07-05-12 01 07.190	  31.02669353 121.43981652 1.0  0.0 0.0
2015-07-05-12 01 07.296	  31.02669353 121.43981652 1.0  0.0 0.0
2015-07-05-12 01 07.399	  31.02669353 121.43981652 1.0  0.0 0.0
2015-07-05-12 01 07.503	  31.02669353 121.43981652 1.0  0.0 0.0
2015-07-05-12 01 07.608	  31.02669353 121.43981652 1.0  0.0 0.0
2015-07-05-12 01 07.713	  31.02669353 121.43981652 1.0  0.0 0.0
2015-07-05-12 01 07.815	  31.02669353 121.43981652 1.0  0.0 0.0
2015-07-05-12 01 07.917	  31.02669353 121.43981652 1.0  0.0 0.0
2015-07-05-12 01 08.019	  31.02669353 121.43981652 1.0  0.0 0.0
2015-07-05-12 01 08.121	  31.02669353 121.43981652 1.0  0.0 0.0
2015-07-05-12 01 08.223	  31.02669353 121.43981652 1.0  0.0 0.0
2015-07-05-12 01 08.325	  31.02669353 121.43981652 1.0  0.0 0.0
2015-07-05-12 01 08.432	  31.02669353 121.43981652 1.0  0.0 0.0
2015-07-05-12 01 08.547	  31.02666912 121.43982843 1.0  0.0 0.0
2015-07-05-12 01 08.648	  31.02666912 121.43982843 1.0  0.0 0.0
2015-07-05-12 01 08.749	  31.02666912 121.43982843 1.0  0.0 0.0
2015-07-05-12 01 08.852	  31.02666912 121.43982843 1.0  0.0 0.0
2015-07-05-12 01 08.955	  31.02666912 121.43982843 1.0  0.0 0.0
2015-07-05-12 01 09.061	  31.02666912 121.43982843 1.0  0.0 0.0
2015-07-05-12 01 09.166	  31.02666912 121.43982843 1.0  0.0 0.0
2015-07-05-12 01 09.269	  31.02666912 121.43982843 1.0  0.0 0.0
2015-07-05-12 01 09.373	  31.02666912 121.43982843 1.0  0.0 0.0
2015-07-05-12 01 09.477	  31.02666912 121.43982843 1.0  0.0 0.0
2015-07-05-12 01 09.587	  31.02666912 121.43982843 1.0  0.0 0.0
2015-07-05-12 01 09.689	  31.02666912 121.43982843 1.0  0.0 0.0
2015-07-05-12 01 09.791	  31.02666912 121.43982843 1.0  0.0 0.0
2015-07-05-12 01 09.893	  31.02666912 121.43982843 1.0  0.0 0.0
2015-07-05-12 01 09.995	  31.02666912 121.43982843 1.0  0.0 0.0
2015-07-05-12 01 10.097	  31.02666912 121.43982843 1.0  0.0 0.0
2015-07-05-12 01 10.199	  31.02666912 121.43982843 1.0  0.0 0.0
2015-07-05-12 01 10.301	  31.02666912 121.43982843 1.0  0.0 0.0
2015-07-05-12 01 10.417	  31.02666912 121.43982843 1.0  0.0 0.0
2015-07-05-12 01 10.519	  31.02666912 121.43982843 1.0  0.0 0.0
2015-07-05-12 01 10.621	  31.02666912 121.43982843 1.0  0.0 0.0
2015-07-05-12 01 10.723	  31.02666912 121.43982843 1.0  0.0 0.0
2015-07-05-12 01 10.842	  31.02666912 121.43982843 1.0  0.0 0.0
2015-07-05-12 01 10.944	  31.02666912 121.43982843 1.0  0.0 0.0
2015-07-05-12 01 11.046	  31.02666912 121.43982843 1.0  0.0 0.0
2015-07-05-12 01 11.148	  31.02666912 121.43982843 1.0  0.0 0.0
2015-07-05-12 01 11.264	  31.02666912 121.43982843 1.0  0.0 0.0
2015-07-05-12 01 11.367	  31.02666912 121.43982843 1.0  0.0 0.0
2015-07-05-12 01 11.469	  31.02664693 121.43983958 1.0  0.0 0.0
2015-07-05-12 01 11.588	  31.02664693 121.43983958 1.0  0.0 0.0
2015-07-05-12 01 11.702	  31.02664693 121.43983958 1.0  0.0 0.0
2015-07-05-12 01 11.803	  31.02664693 121.43983958 1.0  0.0 0.0
2015-07-05-12 01 11.904	  31.02664693 121.43983958 1.0  0.0 0.0
2015-07-05-12 01 12.005	  31.02664693 121.43983958 1.0  0.0 0.0
2015-07-05-12 01 12.112	  31.02664693 121.43983958 1.0  0.0 0.0
2015-07-05-12 01 12.214	  31.02664693 121.43983958 1.0  0.0 0.0
2015-07-05-12 01 12.316	  31.02664693 121.43983958 1.0  0.0 0.0
2015-07-05-12 01 12.418	  31.02664693 121.43983958 1.0  0.0 0.0
2015-07-05-12 01 12.576	  31.02664693 121.43983958 1.0  0.0 0.0
2015-07-05-12 01 12.677	  31.02664693 121.43983958 1.0  0.0 0.0
2015-07-05-12 01 12.778	  31.02664693 121.43983958 1.0  0.0 0.0
2015-07-05-12 01 12.882	  31.02664693 121.43983958 1.0  0.0 0.0
2015-07-05-12 01 13.000	  31.02664693 121.43983958 1.0  0.0 0.0
2015-07-05-12 01 13.102	  31.02664693 121.43983958 1.0  0.0 0.0
2015-07-05-12 01 13.205	  31.02664693 121.43983958 1.0  0.0 0.0
2015-07-05-12 01 13.310	  31.02664693 121.43983958 1.0  0.0 0.0
2015-07-05-12 01 13.420	  31.02664693 121.43983958 1.0  0.0 0.0
2015-07-05-12 01 13.521	  31.02664693 121.43983958 1.0  0.0 0.0
2015-07-05-12 01 13.623	  31.02664693 121.43983958 1.0  0.0 0.0
2015-07-05-12 01 13.726	  31.02664693 121.43983958 1.0  0.0 0.0
2015-07-05-12 01 13.831	  31.02664693 121.43983958 1.0  0.0 0.0
2015-07-05-12 01 13.935	  31.02664693 121.43983958 1.0  0.0 0.0
2015-07-05-12 01 14.046	  31.02664693 121.43983958 1.0  0.0 0.0
2015-07-05-12 01 14.148	  31.02664693 121.43983958 1.0  0.0 0.0
2015-07-05-12 01 14.256	  31.02664693 121.43983958 1.0  0.0 0.0
2015-07-05-12 01 14.363	  31.02662312 121.43985087 1.0  0.0 0.0
2015-07-05-12 01 14.465	  31.02662312 121.43985087 1.0  0.0 0.0
2015-07-05-12 01 14.567	  31.02662312 121.43985087 1.0  0.0 0.0
2015-07-05-12 01 14.668	  31.02662312 121.43985087 1.0  0.0 0.0
2015-07-05-12 01 14.773	  31.02662312 121.43985087 1.0  0.0 0.0
2015-07-05-12 01 14.881	  31.02662312 121.43985087 1.0  0.0 0.0
2015-07-05-12 01 14.983	  31.02662312 121.43985087 1.0  0.0 0.0
2015-07-05-12 01 15.084	  31.02662312 121.43985087 1.0  0.0 0.0
2015-07-05-12 01 15.186	  31.02662312 121.43985087 1.0  0.0 0.0
2015-07-05-12 01 15.288	  31.02662312 121.43985087 1.0  0.0 0.0
2015-07-05-12 01 15.391	  31.02662312 121.43985087 1.0  0.0 0.0
2015-07-05-12 01 15.499	  31.02662312 121.43985087 1.0  0.0 0.0
2015-07-05-12 01 15.603	  31.02662312 121.43985087 1.0  0.0 0.0
2015-07-05-12 01 15.707	  31.02662312 121.43985087 1.0  0.0 0.0
2015-07-05-12 01 15.811	  31.02662312 121.43985087 1.0  0.0 0.0
2015-07-05-12 01 15.917	  31.02662312 121.43985087 1.0  0.0 0.0
2015-07-05-12 01 16.018	  31.02662312 121.43985087 1.0  0.0 0.0
2015-07-05-12 01 16.120	  31.02662312 121.43985087 1.0  0.0 0.0
2015-07-05-12 01 16.221	  31.02662312 121.43985087 1.0  0.0 0.0
2015-07-05-12 01 16.322	  31.02662312 121.43985087 1.0  0.0 0.0
2015-07-05-12 01 16.425	  31.02662312 121.43985087 1.0  0.0 0.0
2015-07-05-12 01 16.534	  31.02662312 121.43985087 1.0  0.0 0.0
2015-07-05-12 01 16.636	  31.02662312 121.43985087 1.0  0.0 0.0
2015-07-05-12 01 16.738	  31.02662312 121.43985087 1.0  0.0 0.0
2015-07-05-12 01 16.848	  31.02662312 121.43985087 1.0  0.0 0.0
2015-07-05-12 01 16.953	  31.02662312 121.43985087 1.0  0.0 0.0
2015-07-05-12 01 17.057	  31.02662312 121.43985087 1.0  0.0 0.0
2015-07-05-12 01 17.171	  31.02662312 121.43985087 1.0  0.0 0.0
2015-07-05-12 01 17.272	  31.02662312 121.43985087 1.0  0.0 0.0
2015-07-05-12 01 17.378	  31.02662312 121.43985087 1.0  0.0 0.0
2015-07-05-12 01 17.484	  31.02662312 121.43985087 1.0  0.0 0.0
2015-07-05-12 01 17.587	  31.02659877 121.43986116 1.0  0.0 0.0
2015-07-05-12 01 17.688	  31.02659877 121.43986116 1.0  0.0 0.0
2015-07-05-12 01 17.801	  31.02659877 121.43986116 1.0  0.0 0.0
2015-07-05-12 01 17.903	  31.02659877 121.43986116 1.0  0.0 0.0
2015-07-05-12 01 18.006	  31.02659877 121.43986116 1.0  0.0 0.0
2015-07-05-12 01 18.113	  31.02659877 121.43986116 1.0  0.0 0.0
2015-07-05-12 01 18.217	  31.02659877 121.43986116 1.0  0.0 0.0
2015-07-05-12 01 18.318	  31.02659877 121.43986116 1.0  0.0 0.0
2015-07-05-12 01 18.431	  31.02659877 121.43986116 1.0  0.0 0.0
2015-07-05-12 01 18.534	  31.02659877 121.43986116 1.0  0.0 0.0
2015-07-05-12 01 18.637	  31.02659877 121.43986116 1.0  0.0 0.0
2015-07-05-12 01 18.746	  31.02659877 121.43986116 1.0  0.0 0.0
2015-07-05-12 01 18.848	  31.02659877 121.43986116 1.0  0.0 0.0
2015-07-05-12 01 18.953	  31.02659877 121.43986116 1.0  0.0 0.0
2015-07-05-12 01 19.058	  31.02659877 121.43986116 1.0  0.0 0.0
2015-07-05-12 01 19.162	  31.02659877 121.43986116 1.0  0.0 0.0
2015-07-05-12 01 19.276	  31.02659877 121.43986116 1.0  0.0 0.0
2015-07-05-12 01 19.380	  31.02659877 121.43986116 1.0  0.0 0.0
2015-07-05-12 01 19.482	  31.02659877 121.43986116 1.0  0.0 0.0
2015-07-05-12 01 19.590	  31.02659877 121.43986116 1.0  0.0 0.0
2015-07-05-12 01 19.693	  31.02659877 121.43986116 1.0  0.0 0.0
2015-07-05-12 01 19.799	  31.02659877 121.43986116 1.0  0.0 0.0
2015-07-05-12 01 19.911	  31.02659877 121.43986116 1.0  0.0 0.0
2015-07-05-12 01 20.012	  31.02659877 121.43986116 1.0  0.0 0.0
2015-07-05-12 01 20.114	  31.02659877 121.43986116 1.0  0.0 0.0
2015-07-05-12 01 20.218	  31.02659877 121.43986116 1.0  0.0 0.0
2015-07-05-12 01 20.320	  31.02659877 121.43986116 1.0  0.0 0.0
2015-07-05-12 01 20.424	  31.02657761 121.43987072 0.75  0.0 0.0
2015-07-05-12 01 20.560	  31.02657761 121.43987072 0.75  0.0 0.0
2015-07-05-12 01 20.661	  31.02657761 121.43987072 0.75  0.0 0.0
2015-07-05-12 01 20.763	  31.02657761 121.43987072 0.75  0.0 0.0
2015-07-05-12 01 20.871	  31.02657761 121.43987072 0.75  0.0 0.0
2015-07-05-12 01 20.975	  31.02657761 121.43987072 0.75  0.0 0.0
2015-07-05-12 01 21.079	  31.02657761 121.43987072 0.75  0.0 0.0
2015-07-05-12 01 21.193	  31.02657761 121.43987072 0.75  0.0 0.0
2015-07-05-12 01 21.294	  31.02657761 121.43987072 0.75  0.0 0.0
2015-07-05-12 01 21.396	  31.02657761 121.43987072 0.75  0.0 0.0
2015-07-05-12 01 21.502	  31.02657761 121.43987072 0.75  0.0 0.0
2015-07-05-12 01 21.604	  31.02657761 121.43987072 0.75  0.0 0.0
2015-07-05-12 01 21.706	  31.02657761 121.43987072 0.75  0.0 0.0
2015-07-05-12 01 21.818	  31.02657761 121.43987072 0.75  0.0 0.0
2015-07-05-12 01 21.919	  31.02657761 121.43987072 0.75  0.0 0.0
2015-07-05-12 01 22.022	  31.02657761 121.43987072 0.75  0.0 0.0
2015-07-05-12 01 22.129	  31.02657761 121.43987072 0.75  0.0 0.0
2015-07-05-12 01 22.231	  31.02657761 121.43987072 0.75  0.0 0.0
2015-07-05-12 01 22.334	  31.02657761 121.43987072 0.75  0.0 0.0
2015-07-05-12 01 22.443	  31.02657761 121.43987072 0.75  0.0 0.0
2015-07-05-12 01 22.545	  31.02657761 121.43987072 0.75  0.0 0.0
2015-07-05-12 01 22.648	  31.02657761 121.43987072 0.75  0.0 0.0
2015-07-05-12 01 22.752	  31.02657761 121.43987072 0.75  0.0 0.0
2015-07-05-12 01 22.855	  31.02657761 121.43987072 0.75  0.0 0.0
2015-07-05-12 01 22.962	  31.02657761 121.43987072 0.75  0.0 0.0
2015-07-05-12 01 23.073	  31.02657761 121.43987072 0.75  0.0 0.0
2015-07-05-12 01 23.176	  31.02657761 121.43987072 0.75  0.0 0.0
2015-07-05-12 01 23.278	  31.02657761 121.43987072 0.75  0.0 0.0
2015-07-05-12 01 23.389	  31.0265566 121.43988247 0.75  0.0 0.0
2015-07-05-12 01 23.493	  31.0265566 121.43988247 0.75  0.0 0.0
2015-07-05-12 01 23.598	  31.0265566 121.43988247 0.75  0.0 0.0
2015-07-05-12 01 23.710	  31.0265566 121.43988247 0.75  0.0 0.0
2015-07-05-12 01 23.811	  31.0265566 121.43988247 0.75  0.0 0.0
2015-07-05-12 01 23.912	  31.0265566 121.43988247 0.75  0.0 0.0
2015-07-05-12 01 24.015	  31.0265566 121.43988247 0.75  0.0 0.0
2015-07-05-12 01 24.116	  31.0265566 121.43988247 0.75  0.0 0.0
2015-07-05-12 01 24.217	  31.0265566 121.43988247 0.75  0.0 0.0
