2015-07-01-19 37 17.793	  0.0 0.0 0.0  0.0 0.0
2015-07-01-19 37 17.894	  0.0 0.0 0.0  0.0 0.0
2015-07-01-19 37 17.996	  0.0 0.0 0.0  0.0 0.0
2015-07-01-19 37 18.099	  0.0 0.0 0.0  0.0 0.0
2015-07-01-19 37 18.201	  0.0 0.0 0.0  0.0 0.0
2015-07-01-19 37 18.303	  0.0 0.0 0.0  0.0 0.0
2015-07-01-19 37 18.405	  0.0 0.0 0.0  0.0 0.0
2015-07-01-19 37 18.507	  0.0 0.0 0.0  0.0 0.0
2015-07-01-19 37 18.609	  0.0 0.0 0.0  0.0 0.0
2015-07-01-19 37 18.711	  0.0 0.0 0.0  0.0 0.0
2015-07-01-19 37 18.812	  0.0 0.0 0.0  0.0 0.0
2015-07-01-19 37 18.914	  0.0 0.0 0.0  0.0 0.0
2015-07-01-19 37 19.016	  0.0 0.0 0.0  0.0 0.0
2015-07-01-19 37 19.118	  0.0 0.0 0.0  0.0 0.0
2015-07-01-19 37 19.220	  0.0 0.0 0.0  0.0 0.0
2015-07-01-19 37 19.322	  0.0 0.0 0.0  0.0 0.0
2015-07-01-19 37 19.423	  0.0 0.0 0.0  0.0 0.0
2015-07-01-19 37 19.526	  0.0 0.0 0.0  0.0 0.0
2015-07-01-19 37 19.627	  0.0 0.0 0.0  0.0 0.0
2015-07-01-19 37 19.729	  0.0 0.0 0.0  0.0 0.0
2015-07-01-19 37 19.830	  0.0 0.0 0.0  0.0 0.0
2015-07-01-19 37 19.932	  0.0 0.0 0.0  0.0 0.0
2015-07-01-19 37 20.034	  0.0 0.0 0.0  0.0 0.0
2015-07-01-19 37 20.136	  0.0 0.0 0.0  0.0 0.0
2015-07-01-19 37 20.237	  0.0 0.0 0.0  0.0 0.0
2015-07-01-19 37 20.339	  0.0 0.0 0.0  0.0 0.0
2015-07-01-19 37 20.441	  0.0 0.0 0.0  0.0 0.0
2015-07-01-19 37 20.543	  0.0 0.0 0.0  0.0 0.0
2015-07-01-19 37 20.645	  0.0 0.0 0.0  0.0 0.0
2015-07-01-19 37 20.748	  0.0 0.0 0.0  0.0 0.0
2015-07-01-19 37 20.877	  0.0 0.0 0.0  0.0 0.0
2015-07-01-19 37 20.978	  0.0 0.0 0.0  0.0 0.0
2015-07-01-19 37 21.080	  0.0 0.0 0.0  0.0 0.0
2015-07-01-19 37 21.183	  0.0 0.0 0.0  0.0 0.0
2015-07-01-19 37 21.285	  0.0 0.0 0.0  0.0 0.0
2015-07-01-19 37 21.397	  0.0 0.0 0.0  0.0 0.0
2015-07-01-19 37 21.500	  0.0 0.0 0.0  0.0 0.0
2015-07-01-19 37 21.602	  0.0 0.0 0.0  0.0 0.0
2015-07-01-19 37 21.707	  0.0 0.0 0.0  0.0 0.0
2015-07-01-19 37 21.815	  31.02772874 121.43928029 0.0  0.0 0.0
2015-07-01-19 37 21.940	  31.02772874 121.43928029 0.0  0.0 0.0
2015-07-01-19 37 22.044	  31.02772874 121.43928029 0.0  0.0 0.0
2015-07-01-19 37 22.148	  31.02772874 121.43928029 0.0  0.0 0.0
2015-07-01-19 37 22.254	  31.02772874 121.43928029 0.0  0.0 0.0
2015-07-01-19 37 22.360	  31.02772874 121.43928029 0.0  0.0 0.0
2015-07-01-19 37 22.466	  31.02772874 121.43928029 0.0  0.0 0.0
2015-07-01-19 37 22.572	  31.02772874 121.43928029 0.0  0.0 0.0
2015-07-01-19 37 22.676	  31.02772874 121.43928029 0.0  0.0 0.0
2015-07-01-19 37 22.784	  31.02772874 121.43928029 0.0  0.0 0.0
2015-07-01-19 37 22.886	  31.02772874 121.43928029 0.0  0.0 0.0
2015-07-01-19 37 22.988	  31.02772874 121.43928029 0.0  0.0 0.0
2015-07-01-19 37 23.090	  31.02772874 121.43928029 0.0  0.0 0.0
2015-07-01-19 37 23.195	  31.02772874 121.43928029 0.0  0.0 0.0
2015-07-01-19 37 23.297	  31.02772874 121.43928029 0.0  0.0 0.0
2015-07-01-19 37 23.400	  31.02772874 121.43928029 0.0  0.0 0.0
2015-07-01-19 37 23.506	  31.02772874 121.43928029 0.0  0.0 0.0
2015-07-01-19 37 23.610	  31.02772874 121.43928029 0.0  0.0 0.0
2015-07-01-19 37 23.713	  31.02772874 121.43928029 0.0  0.0 0.0
2015-07-01-19 37 23.822	  31.02772874 121.43928029 0.0  0.0 0.0
2015-07-01-19 37 23.930	  31.02771116 121.43930091 1.0  0.0 0.0
2015-07-01-19 37 24.033	  31.02771116 121.43930091 1.0  0.0 0.0
2015-07-01-19 37 24.136	  31.02771116 121.43930091 1.0  0.0 0.0
2015-07-01-19 37 24.241	  31.02771116 121.43930091 1.0  0.0 0.0
2015-07-01-19 37 24.348	  31.02771116 121.43930091 1.0  0.0 0.0
2015-07-01-19 37 24.454	  31.02771116 121.43930091 1.0  0.0 0.0
2015-07-01-19 37 24.559	  31.02771116 121.43930091 1.0  0.0 0.0
2015-07-01-19 37 24.667	  31.02771116 121.43930091 1.0  0.0 0.0
2015-07-01-19 37 24.768	  31.02771116 121.43930091 1.0  0.0 0.0
2015-07-01-19 37 24.870	  31.02771116 121.43930091 1.0  0.0 0.0
2015-07-01-19 37 24.977	  31.0277008 121.43932034 1.0  0.0 0.0
2015-07-01-19 37 25.078	  31.0277008 121.43932034 1.0  0.0 0.0
2015-07-01-19 37 25.181	  31.0277008 121.43932034 1.0  0.0 0.0
2015-07-01-19 37 25.285	  31.0277008 121.43932034 1.0  0.0 0.0
2015-07-01-19 37 25.390	  31.0277008 121.43932034 1.0  0.0 0.0
2015-07-01-19 37 25.492	  31.0277008 121.43932034 1.0  0.0 0.0
2015-07-01-19 37 25.593	  31.0277008 121.43932034 1.0  0.0 0.0
2015-07-01-19 37 25.695	  31.0277008 121.43932034 1.0  0.0 0.0
2015-07-01-19 37 25.800	  31.0277008 121.43932034 1.0  0.0 0.0
2015-07-01-19 37 25.901	  31.0277008 121.43932034 1.0  0.0 0.0
2015-07-01-19 37 26.008	  31.0277008 121.43932034 1.0  0.0 0.0
2015-07-01-19 37 26.109	  31.0277008 121.43932034 1.0  0.0 0.0
2015-07-01-19 37 26.210	  31.0277008 121.43932034 1.0  0.0 0.0
2015-07-01-19 37 26.312	  31.0277008 121.43932034 1.0  0.0 0.0
2015-07-01-19 37 26.414	  31.0277008 121.43932034 1.0  0.0 0.0
2015-07-01-19 37 26.518	  31.0277008 121.43932034 1.0  0.0 0.0
2015-07-01-19 37 26.630	  31.0277008 121.43932034 1.0  0.0 0.0
2015-07-01-19 37 26.731	  31.0277008 121.43932034 1.0  0.0 0.0
2015-07-01-19 37 26.833	  31.0277008 121.43932034 1.0  0.0 0.0
2015-07-01-19 37 26.936	  31.02768383 121.43935268 1.0  0.0 0.0
2015-07-01-19 37 27.037	  31.02768383 121.43935268 1.0  0.0 0.0
2015-07-01-19 37 27.138	  31.02768383 121.43935268 1.0  0.0 0.0
2015-07-01-19 37 27.244	  31.02768383 121.43935268 1.0  0.0 0.0
2015-07-01-19 37 27.347	  31.02768383 121.43935268 1.0  0.0 0.0
2015-07-01-19 37 27.449	  31.02768383 121.43935268 1.0  0.0 0.0
2015-07-01-19 37 27.552	  31.02768383 121.43935268 1.0  0.0 0.0
2015-07-01-19 37 27.654	  31.02768383 121.43935268 1.0  0.0 0.0
2015-07-01-19 37 27.760	  31.02768383 121.43935268 1.0  0.0 0.0
2015-07-01-19 37 27.866	  31.02767039 121.43936828 1.0  0.0 0.0
2015-07-01-19 37 27.967	  31.02767039 121.43936828 1.0  0.0 0.0
2015-07-01-19 37 28.069	  31.02767039 121.43936828 1.0  0.0 0.0
2015-07-01-19 37 28.171	  31.02767039 121.43936828 1.0  0.0 0.0
2015-07-01-19 37 28.275	  31.02767039 121.43936828 1.0  0.0 0.0
2015-07-01-19 37 28.378	  31.02767039 121.43936828 1.0  0.0 0.0
2015-07-01-19 37 28.480	  31.02767039 121.43936828 1.0  0.0 0.0
2015-07-01-19 37 28.582	  31.02767039 121.43936828 1.0  0.0 0.0
2015-07-01-19 37 28.687	  31.02767039 121.43936828 1.0  0.0 0.0
2015-07-01-19 37 28.797	  31.02767039 121.43936828 1.0  0.0 0.0
2015-07-01-19 37 28.899	  31.02765592 121.43938467 1.0  0.0 0.0
2015-07-01-19 37 29.000	  31.02765592 121.43938467 1.0  0.0 0.0
2015-07-01-19 37 29.103	  31.02765592 121.43938467 1.0  0.0 0.0
2015-07-01-19 37 29.206	  31.02765592 121.43938467 1.0  0.0 0.0
2015-07-01-19 37 29.316	  31.02765592 121.43938467 1.0  0.0 0.0
2015-07-01-19 37 29.419	  31.02765592 121.43938467 1.0  0.0 0.0
2015-07-01-19 37 29.521	  31.02765592 121.43938467 1.0  0.0 0.0
2015-07-01-19 37 29.623	  31.02765592 121.43938467 1.0  0.0 0.0
2015-07-01-19 37 29.726	  31.02765592 121.43938467 1.0  0.0 0.0
2015-07-01-19 37 29.831	  31.02765592 121.43938467 1.0  0.0 0.0
2015-07-01-19 37 29.933	  31.02765592 121.43938467 1.0  0.0 0.0
2015-07-01-19 37 30.036	  31.02765592 121.43938467 1.0  0.0 0.0
2015-07-01-19 37 30.138	  31.02765592 121.43938467 1.0  0.0 0.0
2015-07-01-19 37 30.243	  31.02765592 121.43938467 1.0  0.0 0.0
2015-07-01-19 37 30.354	  31.02765592 121.43938467 1.0  0.0 0.0
2015-07-01-19 37 30.457	  31.02765592 121.43938467 1.0  0.0 0.0
2015-07-01-19 37 30.559	  31.02765592 121.43938467 1.0  0.0 0.0
2015-07-01-19 37 30.662	  31.02765592 121.43938467 1.0  0.0 0.0
2015-07-01-19 37 30.766	  31.02765592 121.43938467 1.0  0.0 0.0
2015-07-01-19 37 30.877	  31.02763414 121.43940816 1.25  0.0 0.0
2015-07-01-19 37 30.978	  31.02763414 121.43940816 1.25  0.0 0.0
2015-07-01-19 37 31.081	  31.02763414 121.43940816 1.25  0.0 0.0
2015-07-01-19 37 31.184	  31.02763414 121.43940816 1.25  0.0 0.0
2015-07-01-19 37 31.286	  31.02763414 121.43940816 1.25  0.0 0.0
2015-07-01-19 37 31.402	  31.02763414 121.43940816 1.25  0.0 0.0
2015-07-01-19 37 31.503	  31.02763414 121.43940816 1.25  0.0 0.0
2015-07-01-19 37 31.606	  31.02763414 121.43940816 1.25  0.0 0.0
2015-07-01-19 37 31.710	  31.02763414 121.43940816 1.25  0.0 0.0
2015-07-01-19 37 31.815	  31.02763414 121.43940816 1.25  0.0 0.0
2015-07-01-19 37 31.939	  31.02763414 121.43940816 1.25  0.0 0.0
2015-07-01-19 37 32.041	  31.02763414 121.43940816 1.25  0.0 0.0
2015-07-01-19 37 32.143	  31.02763414 121.43940816 1.25  0.0 0.0
2015-07-01-19 37 32.248	  31.02763414 121.43940816 1.25  0.0 0.0
2015-07-01-19 37 32.355	  31.02763414 121.43940816 1.25  0.0 0.0
2015-07-01-19 37 32.463	  31.02763414 121.43940816 1.25  0.0 0.0
2015-07-01-19 37 32.565	  31.02763414 121.43940816 1.25  0.0 0.0
2015-07-01-19 37 32.667	  31.02763414 121.43940816 1.25  0.0 0.0
2015-07-01-19 37 32.770	  31.02763414 121.43940816 1.25  0.0 0.0
2015-07-01-19 37 32.876	  31.02761795 121.43942522 1.25  0.0 0.0
2015-07-01-19 37 32.978	  31.02761795 121.43942522 1.25  0.0 0.0
2015-07-01-19 37 33.082	  31.02761795 121.43942522 1.25  0.0 0.0
2015-07-01-19 37 33.191	  31.02761795 121.43942522 1.25  0.0 0.0
2015-07-01-19 37 33.301	  31.02761795 121.43942522 1.25  0.0 0.0
2015-07-01-19 37 33.404	  31.02761795 121.43942522 1.25  0.0 0.0
2015-07-01-19 37 33.506	  31.02761795 121.43942522 1.25  0.0 0.0
2015-07-01-19 37 33.610	  31.02761795 121.43942522 1.25  0.0 0.0
2015-07-01-19 37 33.714	  31.02761795 121.43942522 1.25  0.0 0.0
2015-07-01-19 37 33.815	  31.02761795 121.43942522 1.25  0.0 0.0
2015-07-01-19 37 33.917	  31.02761795 121.43942522 1.25  0.0 0.0
2015-07-01-19 37 34.019	  31.02761795 121.43942522 1.25  0.0 0.0
2015-07-01-19 37 34.122	  31.02761795 121.43942522 1.25  0.0 0.0
2015-07-01-19 37 34.233	  31.02761795 121.43942522 1.25  0.0 0.0
2015-07-01-19 37 34.334	  31.02761795 121.43942522 1.25  0.0 0.0
2015-07-01-19 37 34.437	  31.02761795 121.43942522 1.25  0.0 0.0
2015-07-01-19 37 34.542	  31.02761795 121.43942522 1.25  0.0 0.0
2015-07-01-19 37 34.649	  31.02761795 121.43942522 1.25  0.0 0.0
2015-07-01-19 37 34.750	  31.02761795 121.43942522 1.25  0.0 0.0
2015-07-01-19 37 34.852	  31.02761795 121.43942522 1.25  0.0 0.0
2015-07-01-19 37 34.962	  31.02761795 121.43942522 1.25  0.0 0.0
2015-07-01-19 37 35.073	  31.02761795 121.43942522 1.25  0.0 0.0
2015-07-01-19 37 35.175	  31.02761795 121.43942522 1.25  0.0 0.0
2015-07-01-19 37 35.278	  31.02761795 121.43942522 1.25  0.0 0.0
2015-07-01-19 37 35.381	  31.02759948 121.43943843 1.25  0.0 0.0
2015-07-01-19 37 35.553	  31.02759948 121.43943843 1.25  0.0 0.0
2015-07-01-19 37 35.657	  31.02759948 121.43943843 1.25  0.0 0.0
2015-07-01-19 37 35.762	  31.02759948 121.43943843 1.25  0.0 0.0
2015-07-01-19 37 35.874	  31.02759948 121.43943843 1.25  0.0 0.0
2015-07-01-19 37 35.975	  31.02759948 121.43943843 1.25  0.0 0.0
2015-07-01-19 37 36.077	  31.02759948 121.43943843 1.25  0.0 0.0
2015-07-01-19 37 36.179	  31.02759948 121.43943843 1.25  0.0 0.0
2015-07-01-19 37 36.286	  31.02759948 121.43943843 1.25  0.0 0.0
2015-07-01-19 37 36.390	  31.02759948 121.43943843 1.25  0.0 0.0
2015-07-01-19 37 36.494	  31.02759948 121.43943843 1.25  0.0 0.0
2015-07-01-19 37 36.598	  31.02759948 121.43943843 1.25  0.0 0.0
2015-07-01-19 37 36.710	  31.02759948 121.43943843 1.25  0.0 0.0
2015-07-01-19 37 36.812	  31.02759948 121.43943843 1.25  0.0 0.0
2015-07-01-19 37 36.913	  31.02757839 121.43944405 1.25  0.0 0.0
2015-07-01-19 37 37.015	  31.02757839 121.43944405 1.25  0.0 0.0
2015-07-01-19 37 37.121	  31.02757839 121.43944405 1.25  0.0 0.0
2015-07-01-19 37 37.223	  31.02757839 121.43944405 1.25  0.0 0.0
2015-07-01-19 37 37.324	  31.02757839 121.43944405 1.25  0.0 0.0
2015-07-01-19 37 37.427	  31.02757839 121.43944405 1.25  0.0 0.0
2015-07-01-19 37 37.533	  31.02757839 121.43944405 1.25  0.0 0.0
2015-07-01-19 37 37.636	  31.02757839 121.43944405 1.25  0.0 0.0
2015-07-01-19 37 37.738	  31.02757839 121.43944405 1.25  0.0 0.0
2015-07-01-19 37 37.846	  31.02757839 121.43944405 1.25  0.0 0.0
2015-07-01-19 37 37.950	  31.02757839 121.43944405 1.25  0.0 0.0
2015-07-01-19 37 38.053	  31.02757839 121.43944405 1.25  0.0 0.0
2015-07-01-19 37 38.154	  31.02757839 121.43944405 1.25  0.0 0.0
2015-07-01-19 37 38.255	  31.02757839 121.43944405 1.25  0.0 0.0
2015-07-01-19 37 38.358	  31.02757839 121.43944405 1.25  0.0 0.0
2015-07-01-19 37 38.469	  31.02757839 121.43944405 1.25  0.0 0.0
2015-07-01-19 37 38.589	  31.02757839 121.43944405 1.25  0.0 0.0
2015-07-01-19 37 38.690	  31.02757839 121.43944405 1.25  0.0 0.0
2015-07-01-19 37 38.792	  31.02755782 121.43945225 1.25  0.0 0.0
2015-07-01-19 37 38.922	  31.02755782 121.43945225 1.25  0.0 0.0
2015-07-01-19 37 39.026	  31.02755782 121.43945225 1.25  0.0 0.0
2015-07-01-19 37 39.127	  31.02755782 121.43945225 1.25  0.0 0.0
2015-07-01-19 37 39.229	  31.02755782 121.43945225 1.25  0.0 0.0
2015-07-01-19 37 39.331	  31.02755782 121.43945225 1.25  0.0 0.0
2015-07-01-19 37 39.433	  31.02755782 121.43945225 1.25  0.0 0.0
2015-07-01-19 37 39.535	  31.02755782 121.43945225 1.25  0.0 0.0
2015-07-01-19 37 39.638	  31.02755782 121.43945225 1.25  0.0 0.0
2015-07-01-19 37 39.741	  31.02755782 121.43945225 1.25  0.0 0.0
2015-07-01-19 37 39.845	  31.02755782 121.43945225 1.25  0.0 0.0
2015-07-01-19 37 39.947	  31.02755782 121.43945225 1.25  0.0 0.0
2015-07-01-19 37 40.049	  31.02755782 121.43945225 1.25  0.0 0.0
2015-07-01-19 37 40.151	  31.02755782 121.43945225 1.25  0.0 0.0
2015-07-01-19 37 40.253	  31.02755782 121.43945225 1.25  0.0 0.0
2015-07-01-19 37 40.356	  31.02755782 121.43945225 1.25  0.0 0.0
2015-07-01-19 37 40.468	  31.02755782 121.43945225 1.25  0.0 0.0
2015-07-01-19 37 40.569	  31.02755782 121.43945225 1.25  0.0 0.0
2015-07-01-19 37 40.672	  31.02755782 121.43945225 1.25  0.0 0.0
2015-07-01-19 37 40.778	  31.02755782 121.43945225 1.25  0.0 0.0
2015-07-01-19 37 40.882	  31.0275361 121.43946051 1.25  0.0 0.0
2015-07-01-19 37 40.985	  31.0275361 121.43946051 1.25  0.0 0.0
2015-07-01-19 37 41.089	  31.0275361 121.43946051 1.25  0.0 0.0
2015-07-01-19 37 41.190	  31.0275361 121.43946051 1.25  0.0 0.0
2015-07-01-19 37 41.292	  31.0275361 121.43946051 1.25  0.0 0.0
2015-07-01-19 37 41.396	  31.0275361 121.43946051 1.25  0.0 0.0
2015-07-01-19 37 41.498	  31.0275361 121.43946051 1.25  0.0 0.0
2015-07-01-19 37 41.600	  31.0275361 121.43946051 1.25  0.0 0.0
2015-07-01-19 37 41.703	  31.0275361 121.43946051 1.25  0.0 0.0
2015-07-01-19 37 41.805	  31.0275361 121.43946051 1.25  0.0 0.0
2015-07-01-19 37 41.910	  31.0275361 121.43946051 1.25  0.0 0.0
2015-07-01-19 37 42.023	  31.0275361 121.43946051 1.25  0.0 0.0
2015-07-01-19 37 42.124	  31.0275361 121.43946051 1.25  0.0 0.0
2015-07-01-19 37 42.226	  31.0275361 121.43946051 1.25  0.0 0.0
2015-07-01-19 37 42.337	  31.0275361 121.43946051 1.25  0.0 0.0
2015-07-01-19 37 42.439	  31.0275361 121.43946051 1.25  0.0 0.0
2015-07-01-19 37 42.541	  31.0275361 121.43946051 1.25  0.0 0.0
2015-07-01-19 37 42.645	  31.0275361 121.43946051 1.25  0.0 0.0
2015-07-01-19 37 42.748	  31.0275361 121.43946051 1.25  0.0 0.0
2015-07-01-19 37 42.854	  31.02751536 121.43946694 1.25  0.0 0.0
2015-07-01-19 37 42.955	  31.02751536 121.43946694 1.25  0.0 0.0
2015-07-01-19 37 43.057	  31.02751536 121.43946694 1.25  0.0 0.0
2015-07-01-19 37 43.159	  31.02751536 121.43946694 1.25  0.0 0.0
2015-07-01-19 37 43.273	  31.02751536 121.43946694 1.25  0.0 0.0
2015-07-01-19 37 43.375	  31.02751536 121.43946694 1.25  0.0 0.0
2015-07-01-19 37 43.480	  31.02751536 121.43946694 1.25  0.0 0.0
2015-07-01-19 37 43.582	  31.02751536 121.43946694 1.25  0.0 0.0
2015-07-01-19 37 43.686	  31.02751536 121.43946694 1.25  0.0 0.0
2015-07-01-19 37 43.795	  31.02751536 121.43946694 1.25  0.0 0.0
2015-07-01-19 37 43.896	  31.02751536 121.43946694 1.25  0.0 0.0
2015-07-01-19 37 43.998	  31.02751536 121.43946694 1.25  0.0 0.0
2015-07-01-19 37 44.111	  31.02751536 121.43946694 1.25  0.0 0.0
2015-07-01-19 37 44.213	  31.02751536 121.43946694 1.25  0.0 0.0
2015-07-01-19 37 44.316	  31.02751536 121.43946694 1.25  0.0 0.0
2015-07-01-19 37 44.429	  31.02751536 121.43946694 1.25  0.0 0.0
2015-07-01-19 37 44.530	  31.02751536 121.43946694 1.25  0.0 0.0
2015-07-01-19 37 44.631	  31.02751536 121.43946694 1.25  0.0 0.0
2015-07-01-19 37 44.740	  31.02751536 121.43946694 1.25  0.0 0.0
2015-07-01-19 37 44.842	  31.02751536 121.43946694 1.25  0.0 0.0
2015-07-01-19 37 44.943	  31.02749406 121.43946926 1.25  0.0 0.0
2015-07-01-19 37 45.054	  31.02749406 121.43946926 1.25  0.0 0.0
2015-07-01-19 37 45.160	  31.02749406 121.43946926 1.25  0.0 0.0
2015-07-01-19 37 45.264	  31.02749406 121.43946926 1.25  0.0 0.0
2015-07-01-19 37 45.377	  31.02749406 121.43946926 1.25  0.0 0.0
2015-07-01-19 37 45.478	  31.02749406 121.43946926 1.25  0.0 0.0
2015-07-01-19 37 45.581	  31.02749406 121.43946926 1.25  0.0 0.0
2015-07-01-19 37 45.689	  31.02749406 121.43946926 1.25  0.0 0.0
2015-07-01-19 37 45.791	  31.02749406 121.43946926 1.25  0.0 0.0
2015-07-01-19 37 45.894	  31.02749406 121.43946926 1.25  0.0 0.0
2015-07-01-19 37 46.005	  31.02749406 121.43946926 1.25  0.0 0.0
2015-07-01-19 37 46.107	  31.02749406 121.43946926 1.25  0.0 0.0
2015-07-01-19 37 46.210	  31.02749406 121.43946926 1.25  0.0 0.0
2015-07-01-19 37 46.328	  31.02749406 121.43946926 1.25  0.0 0.0
2015-07-01-19 37 46.429	  31.02749406 121.43946926 1.25  0.0 0.0
2015-07-01-19 37 46.532	  31.02749406 121.43946926 1.25  0.0 0.0
2015-07-01-19 37 46.641	  31.02749406 121.43946926 1.25  0.0 0.0
2015-07-01-19 37 46.743	  31.02749406 121.43946926 1.25  0.0 0.0
2015-07-01-19 37 46.849	  31.02747086 121.439476 1.25  0.0 0.0
2015-07-01-19 37 46.953	  31.02747086 121.439476 1.25  0.0 0.0
2015-07-01-19 37 47.055	  31.02747086 121.439476 1.25  0.0 0.0
2015-07-01-19 37 47.157	  31.02747086 121.439476 1.25  0.0 0.0
2015-07-01-19 37 47.262	  31.02747086 121.439476 1.25  0.0 0.0
2015-07-01-19 37 47.370	  31.02747086 121.439476 1.25  0.0 0.0
2015-07-01-19 37 47.474	  31.02747086 121.439476 1.25  0.0 0.0
2015-07-01-19 37 47.589	  31.02747086 121.439476 1.25  0.0 0.0
2015-07-01-19 37 47.690	  31.02747086 121.439476 1.25  0.0 0.0
2015-07-01-19 37 47.794	  31.02747086 121.439476 1.25  0.0 0.0
2015-07-01-19 37 47.955	  31.02747086 121.439476 1.25  0.0 0.0
2015-07-01-19 37 48.057	  31.02747086 121.439476 1.25  0.0 0.0
2015-07-01-19 37 48.160	  31.02747086 121.439476 1.25  0.0 0.0
2015-07-01-19 37 48.263	  31.02747086 121.439476 1.25  0.0 0.0
2015-07-01-19 37 48.367	  31.02747086 121.439476 1.25  0.0 0.0
2015-07-01-19 37 48.494	  31.02747086 121.439476 1.25  0.0 0.0
2015-07-01-19 37 48.603	  31.02747086 121.439476 1.25  0.0 0.0
2015-07-01-19 37 48.719	  31.02747086 121.439476 1.25  0.0 0.0
2015-07-01-19 37 48.821	  31.02744997 121.43948359 1.25  0.0 0.0
2015-07-01-19 37 48.932	  31.02744997 121.43948359 1.25  0.0 0.0
2015-07-01-19 37 49.036	  31.02744997 121.43948359 1.25  0.0 0.0
2015-07-01-19 37 49.140	  31.02744997 121.43948359 1.25  0.0 0.0
2015-07-01-19 37 49.296	  31.02744997 121.43948359 1.25  0.0 0.0
2015-07-01-19 37 49.397	  31.02744997 121.43948359 1.25  0.0 0.0
2015-07-01-19 37 49.500	  31.02744997 121.43948359 1.25  0.0 0.0
2015-07-01-19 37 49.603	  31.02744997 121.43948359 1.25  0.0 0.0
2015-07-01-19 37 49.710	  31.02744997 121.43948359 1.25  0.0 0.0
2015-07-01-19 37 49.821	  31.02744997 121.43948359 1.25  0.0 0.0
2015-07-01-19 37 49.922	  31.02744997 121.43948359 1.25  0.0 0.0
2015-07-01-19 37 50.024	  31.02744997 121.43948359 1.25  0.0 0.0
2015-07-01-19 37 50.181	  31.02744997 121.43948359 1.25  0.0 0.0
2015-07-01-19 37 50.283	  31.02744997 121.43948359 1.25  0.0 0.0
2015-07-01-19 37 50.434	  31.02744997 121.43948359 1.25  0.0 0.0
2015-07-01-19 37 50.536	  31.02744997 121.43948359 1.25  0.0 0.0
2015-07-01-19 37 50.662	  31.02744997 121.43948359 1.25  0.0 0.0
2015-07-01-19 37 50.765	  31.02744997 121.43948359 1.25  0.0 0.0
2015-07-01-19 37 50.878	  31.02744997 121.43948359 1.25  0.0 0.0
2015-07-01-19 37 50.979	  31.02742909 121.43949373 1.25  0.0 0.0
2015-07-01-19 37 51.081	  31.02742909 121.43949373 1.25  0.0 0.0
2015-07-01-19 37 51.233	  31.02742909 121.43949373 1.25  0.0 0.0
2015-07-01-19 37 51.338	  31.02742909 121.43949373 1.25  0.0 0.0
2015-07-01-19 37 51.490	  31.02742909 121.43949373 1.25  0.0 0.0
2015-07-01-19 37 51.593	  31.02742909 121.43949373 1.25  0.0 0.0
2015-07-01-19 37 51.718	  31.02742909 121.43949373 1.25  0.0 0.0
2015-07-01-19 37 51.822	  31.02742909 121.43949373 1.25  0.0 0.0
2015-07-01-19 37 51.931	  31.02742909 121.43949373 1.25  0.0 0.0
2015-07-01-19 37 52.034	  31.02742909 121.43949373 1.25  0.0 0.0
2015-07-01-19 37 52.138	  31.02742909 121.43949373 1.25  0.0 0.0
2015-07-01-19 37 52.297	  31.02742909 121.43949373 1.25  0.0 0.0
2015-07-01-19 37 52.400	  31.02742909 121.43949373 1.25  0.0 0.0
2015-07-01-19 37 52.519	  31.02742909 121.43949373 1.25  0.0 0.0
2015-07-01-19 37 52.623	  31.02742909 121.43949373 1.25  0.0 0.0
2015-07-01-19 37 52.779	  31.02742909 121.43949373 1.25  0.0 0.0
2015-07-01-19 37 52.883	  31.02740535 121.43950207 1.25  0.0 0.0
2015-07-01-19 37 53.005	  31.02740535 121.43950207 1.25  0.0 0.0
2015-07-01-19 37 53.106	  31.02740535 121.43950207 1.25  0.0 0.0
2015-07-01-19 37 53.240	  31.02740535 121.43950207 1.25  0.0 0.0
2015-07-01-19 37 53.344	  31.02740535 121.43950207 1.25  0.0 0.0
2015-07-01-19 37 53.507	  31.02740535 121.43950207 1.25  0.0 0.0
2015-07-01-19 37 53.614	  31.02740535 121.43950207 1.25  0.0 0.0
2015-07-01-19 37 53.718	  31.02740535 121.43950207 1.25  0.0 0.0
2015-07-01-19 37 53.821	  31.02740535 121.43950207 1.25  0.0 0.0
2015-07-01-19 37 53.927	  31.02740535 121.43950207 1.25  0.0 0.0
2015-07-01-19 37 54.047	  31.02740535 121.43950207 1.25  0.0 0.0
2015-07-01-19 37 54.148	  31.02740535 121.43950207 1.25  0.0 0.0
2015-07-01-19 37 54.280	  31.02740535 121.43950207 1.25  0.0 0.0
2015-07-01-19 37 54.386	  31.02740535 121.43950207 1.25  0.0 0.0
2015-07-01-19 37 54.549	  31.02740535 121.43950207 1.25  0.0 0.0
2015-07-01-19 37 54.652	  31.02740535 121.43950207 1.25  0.0 0.0
2015-07-01-19 37 54.817	  31.02738129 121.43951166 1.25  0.0 0.0
2015-07-01-19 37 54.920	  31.02738129 121.43951166 1.25  0.0 0.0
2015-07-01-19 37 55.048	  31.02738129 121.43951166 1.25  0.0 0.0
2015-07-01-19 37 55.149	  31.02738129 121.43951166 1.25  0.0 0.0
2015-07-01-19 37 55.294	  31.02738129 121.43951166 1.25  0.0 0.0
2015-07-01-19 37 55.398	  31.02738129 121.43951166 1.25  0.0 0.0
2015-07-01-19 37 55.534	  31.02738129 121.43951166 1.25  0.0 0.0
2015-07-01-19 37 55.638	  31.02738129 121.43951166 1.25  0.0 0.0
2015-07-01-19 37 55.797	  31.02738129 121.43951166 1.25  0.0 0.0
2015-07-01-19 37 55.901	  31.02738129 121.43951166 1.25  0.0 0.0
2015-07-01-19 37 56.033	  31.02738129 121.43951166 1.25  0.0 0.0
2015-07-01-19 37 56.139	  31.02738129 121.43951166 1.25  0.0 0.0
2015-07-01-19 37 56.296	  31.02738129 121.43951166 1.25  0.0 0.0
2015-07-01-19 37 56.399	  31.02738129 121.43951166 1.25  0.0 0.0
2015-07-01-19 37 56.568	  31.02738129 121.43951166 1.25  0.0 0.0
2015-07-01-19 37 56.670	  31.02738129 121.43951166 1.25  0.0 0.0
2015-07-01-19 37 56.771	  31.02738129 121.43951166 1.25  0.0 0.0
2015-07-01-19 37 56.881	  31.02735656 121.43951995 1.25  0.0 0.0
2015-07-01-19 37 56.993	  31.02735656 121.43951995 1.25  0.0 0.0
2015-07-01-19 37 57.094	  31.02735656 121.43951995 1.25  0.0 0.0
2015-07-01-19 37 57.196	  31.02735656 121.43951995 1.25  0.0 0.0
2015-07-01-19 37 57.297	  31.02735656 121.43951995 1.25  0.0 0.0
2015-07-01-19 37 57.398	  31.02735656 121.43951995 1.25  0.0 0.0
2015-07-01-19 37 57.501	  31.02735656 121.43951995 1.25  0.0 0.0
2015-07-01-19 37 57.604	  31.02735656 121.43951995 1.25  0.0 0.0
2015-07-01-19 37 57.707	  31.02735656 121.43951995 1.25  0.0 0.0
2015-07-01-19 37 57.812	  31.02735656 121.43951995 1.25  0.0 0.0
2015-07-01-19 37 57.919	  31.02735656 121.43951995 1.25  0.0 0.0
2015-07-01-19 37 58.022	  31.02735656 121.43951995 1.25  0.0 0.0
2015-07-01-19 37 58.126	  31.02735656 121.43951995 1.25  0.0 0.0
2015-07-01-19 37 58.230	  31.02735656 121.43951995 1.25  0.0 0.0
2015-07-01-19 37 58.336	  31.02735656 121.43951995 1.25  0.0 0.0
2015-07-01-19 37 58.444	  31.02735656 121.43951995 1.25  0.0 0.0
2015-07-01-19 37 58.546	  31.02735656 121.43951995 1.25  0.0 0.0
2015-07-01-19 37 58.651	  31.02735656 121.43951995 1.25  0.0 0.0
2015-07-01-19 37 58.754	  31.02735656 121.43951995 1.25  0.0 0.0
2015-07-01-19 37 58.868	  31.02735656 121.43951995 1.25  0.0 0.0
2015-07-01-19 37 58.985	  31.02735656 121.43951995 1.25  0.0 0.0
2015-07-01-19 37 59.086	  31.02735656 121.43951995 1.25  0.0 0.0
2015-07-01-19 37 59.248	  31.02735656 121.43951995 1.25  0.0 0.0
2015-07-01-19 37 59.350	  31.02735656 121.43951995 1.25  0.0 0.0
2015-07-01-19 37 59.499	  31.02733279 121.43952932 1.25  0.0 0.0
2015-07-01-19 37 59.603	  31.02733279 121.43952932 1.25  0.0 0.0
2015-07-01-19 37 59.706	  31.02733279 121.43952932 1.25  0.0 0.0
2015-07-01-19 37 59.840	  31.02733279 121.43952932 1.25  0.0 0.0
2015-07-01-19 37 59.941	  31.02733279 121.43952932 1.25  0.0 0.0
2015-07-01-19 38 00.075	  31.02733279 121.43952932 1.25  0.0 0.0
2015-07-01-19 38 00.179	  31.02733279 121.43952932 1.25  0.0 0.0
2015-07-01-19 38 00.330	  31.02733279 121.43952932 1.25  0.0 0.0
2015-07-01-19 38 00.443	  31.02733279 121.43952932 1.25  0.0 0.0
2015-07-01-19 38 00.544	  31.02733279 121.43952932 1.25  0.0 0.0
2015-07-01-19 38 00.676	  31.02733279 121.43952932 1.25  0.0 0.0
2015-07-01-19 38 00.779	  31.02733279 121.43952932 1.25  0.0 0.0
2015-07-01-19 38 00.950	  31.02733279 121.43952932 1.25  0.0 0.0
2015-07-01-19 38 01.051	  31.02733279 121.43952932 1.25  0.0 0.0
2015-07-01-19 38 01.186	  31.02733279 121.43952932 1.25  0.0 0.0
2015-07-01-19 38 01.299	  31.02733279 121.43952932 1.25  0.0 0.0
2015-07-01-19 38 01.403	  31.02730894 121.43953931 1.25  0.0 0.0
2015-07-01-19 38 01.541	  31.02730894 121.43953931 1.25  0.0 0.0
2015-07-01-19 38 01.645	  31.02730894 121.43953931 1.25  0.0 0.0
2015-07-01-19 38 01.822	  31.02730894 121.43953931 1.25  0.0 0.0
2015-07-01-19 38 01.925	  31.02730894 121.43953931 1.25  0.0 0.0
2015-07-01-19 38 02.061	  31.02730894 121.43953931 1.25  0.0 0.0
2015-07-01-19 38 02.182	  31.02730894 121.43953931 1.25  0.0 0.0
2015-07-01-19 38 02.283	  31.02730894 121.43953931 1.25  0.0 0.0
2015-07-01-19 38 02.421	  31.02730894 121.43953931 1.25  0.0 0.0
2015-07-01-19 38 02.524	  31.02730894 121.43953931 1.25  0.0 0.0
2015-07-01-19 38 02.642	  31.02730894 121.43953931 1.25  0.0 0.0
2015-07-01-19 38 02.774	  31.02730894 121.43953931 1.25  0.0 0.0
2015-07-01-19 38 02.924	  31.0272856 121.43955175 1.25  0.0 0.0
2015-07-01-19 38 03.026	  31.0272856 121.43955175 1.25  0.0 0.0
2015-07-01-19 38 03.142	  31.0272856 121.43955175 1.25  0.0 0.0
2015-07-01-19 38 03.299	  31.0272856 121.43955175 1.25  0.0 0.0
2015-07-01-19 38 03.403	  31.0272856 121.43955175 1.25  0.0 0.0
2015-07-01-19 38 03.568	  31.0272856 121.43955175 1.25  0.0 0.0
2015-07-01-19 38 03.746	  31.0272856 121.43955175 1.25  0.0 0.0
2015-07-01-19 38 03.894	  31.0272856 121.43955175 1.25  0.0 0.0
2015-07-01-19 38 03.996	  31.0272856 121.43955175 1.25  0.0 0.0
2015-07-01-19 38 04.111	  31.0272856 121.43955175 1.25  0.0 0.0
2015-07-01-19 38 04.295	  31.0272856 121.43955175 1.25  0.0 0.0
2015-07-01-19 38 04.397	  31.0272856 121.43955175 1.25  0.0 0.0
2015-07-01-19 38 04.542	  31.0272856 121.43955175 1.25  0.0 0.0
2015-07-01-19 38 04.644	  31.0272856 121.43955175 1.25  0.0 0.0
2015-07-01-19 38 04.746	  31.0272856 121.43955175 1.25  0.0 0.0
2015-07-01-19 38 04.875	  31.02726198 121.43956033 1.25  0.0 0.0
2015-07-01-19 38 04.977	  31.02726198 121.43956033 1.25  0.0 0.0
2015-07-01-19 38 05.142	  31.02726198 121.43956033 1.25  0.0 0.0
2015-07-01-19 38 05.299	  31.02726198 121.43956033 1.25  0.0 0.0
2015-07-01-19 38 05.435	  31.02726198 121.43956033 1.25  0.0 0.0
2015-07-01-19 38 05.536	  31.02726198 121.43956033 1.25  0.0 0.0
2015-07-01-19 38 05.679	  31.02726198 121.43956033 1.25  0.0 0.0
2015-07-01-19 38 05.860	  31.02726198 121.43956033 1.25  0.0 0.0
2015-07-01-19 38 05.998	  31.02726198 121.43956033 1.25  0.0 0.0
2015-07-01-19 38 06.101	  31.02726198 121.43956033 1.25  0.0 0.0
2015-07-01-19 38 06.253	  31.02726198 121.43956033 1.25  0.0 0.0
2015-07-01-19 38 06.404	  31.02726198 121.43956033 1.25  0.0 0.0
2015-07-01-19 38 06.519	  31.02726198 121.43956033 1.25  0.0 0.0
2015-07-01-19 38 06.657	  31.02726198 121.43956033 1.25  0.0 0.0
2015-07-01-19 38 06.801	  31.02726198 121.43956033 1.25  0.0 0.0
2015-07-01-19 38 06.940	  31.02723915 121.43956945 1.25  0.0 0.0
2015-07-01-19 38 07.080	  31.02723915 121.43956945 1.25  0.0 0.0
2015-07-01-19 38 07.228	  31.02723915 121.43956945 1.25  0.0 0.0
2015-07-01-19 38 07.346	  31.02723915 121.43956945 1.25  0.0 0.0
2015-07-01-19 38 07.502	  31.02723915 121.43956945 1.25  0.0 0.0
2015-07-01-19 38 07.641	  31.02723915 121.43956945 1.25  0.0 0.0
2015-07-01-19 38 07.758	  31.02723915 121.43956945 1.25  0.0 0.0
2015-07-01-19 38 07.894	  31.02723915 121.43956945 1.25  0.0 0.0
2015-07-01-19 38 08.052	  31.02723915 121.43956945 1.25  0.0 0.0
2015-07-01-19 38 08.166	  31.02723915 121.43956945 1.25  0.0 0.0
2015-07-01-19 38 08.289	  31.02723915 121.43956945 1.25  0.0 0.0
2015-07-01-19 38 08.421	  31.02723915 121.43956945 1.25  0.0 0.0
2015-07-01-19 38 08.565	  31.02723915 121.43956945 1.25  0.0 0.0
2015-07-01-19 38 08.700	  31.02723915 121.43956945 1.25  0.0 0.0
2015-07-01-19 38 08.852	  31.02723915 121.43956945 1.25  0.0 0.0
2015-07-01-19 38 09.016	  31.02721627 121.43957958 1.25  0.0 0.0
2015-07-01-19 38 09.133	  31.02721627 121.43957958 1.25  0.0 0.0
2015-07-01-19 38 09.274	  31.02721627 121.43957958 1.25  0.0 0.0
2015-07-01-19 38 09.416	  31.02721627 121.43957958 1.25  0.0 0.0
2015-07-01-19 38 09.532	  31.02721627 121.43957958 1.25  0.0 0.0
2015-07-01-19 38 09.653	  31.02721627 121.43957958 1.25  0.0 0.0
2015-07-01-19 38 09.774	  31.02721627 121.43957958 1.25  0.0 0.0
2015-07-01-19 38 09.942	  31.02721627 121.43957958 1.25  0.0 0.0
2015-07-01-19 38 10.076	  31.02721627 121.43957958 1.25  0.0 0.0
2015-07-01-19 38 10.219	  31.02721627 121.43957958 1.25  0.0 0.0
2015-07-01-19 38 10.380	  31.02721627 121.43957958 1.25  0.0 0.0
2015-07-01-19 38 10.495	  31.02721627 121.43957958 1.25  0.0 0.0
2015-07-01-19 38 10.623	  31.02721627 121.43957958 1.25  0.0 0.0
2015-07-01-19 38 10.761	  31.0271938 121.43959103 1.25  0.0 0.0
2015-07-01-19 38 10.948	  31.0271938 121.43959103 1.25  0.0 0.0
2015-07-01-19 38 11.070	  31.0271938 121.43959103 1.25  0.0 0.0
2015-07-01-19 38 11.227	  31.0271938 121.43959103 1.25  0.0 0.0
2015-07-01-19 38 11.380	  31.0271938 121.43959103 1.25  0.0 0.0
2015-07-01-19 38 11.520	  31.0271938 121.43959103 1.25  0.0 0.0
2015-07-01-19 38 11.634	  31.0271938 121.43959103 1.25  0.0 0.0
2015-07-01-19 38 11.749	  31.0271938 121.43959103 1.25  0.0 0.0
2015-07-01-19 38 11.906	  31.0271938 121.43959103 1.25  0.0 0.0
2015-07-01-19 38 12.048	  31.0271938 121.43959103 1.25  0.0 0.0
2015-07-01-19 38 12.180	  31.0271938 121.43959103 1.25  0.0 0.0
2015-07-01-19 38 12.341	  31.0271938 121.43959103 1.25  0.0 0.0
2015-07-01-19 38 12.493	  31.0271938 121.43959103 1.25  0.0 0.0
2015-07-01-19 38 12.626	  31.0271938 121.43959103 1.25  0.0 0.0
2015-07-01-19 38 12.742	  31.0271938 121.43959103 1.25  0.0 0.0
2015-07-01-19 38 12.897	  31.02717215 121.43960338 1.25  0.0 0.0
2015-07-01-19 38 13.020	  31.02717215 121.43960338 1.25  0.0 0.0
2015-07-01-19 38 13.148	  31.02717215 121.43960338 1.25  0.0 0.0
2015-07-01-19 38 13.272	  31.02717215 121.43960338 1.25  0.0 0.0
2015-07-01-19 38 13.434	  31.02717215 121.43960338 1.25  0.0 0.0
2015-07-01-19 38 13.553	  31.02717215 121.43960338 1.25  0.0 0.0
2015-07-01-19 38 13.712	  31.02717215 121.43960338 1.25  0.0 0.0
2015-07-01-19 38 13.870	  31.02717215 121.43960338 1.25  0.0 0.0
2015-07-01-19 38 14.014	  31.02717215 121.43960338 1.25  0.0 0.0
2015-07-01-19 38 14.157	  31.02717215 121.43960338 1.25  0.0 0.0
2015-07-01-19 38 14.323	  31.02717215 121.43960338 1.25  0.0 0.0
2015-07-01-19 38 14.495	  31.02717215 121.43960338 1.25  0.0 0.0
2015-07-01-19 38 14.610	  31.02717215 121.43960338 1.25  0.0 0.0
2015-07-01-19 38 14.724	  31.02717215 121.43960338 1.25  0.0 0.0
2015-07-01-19 38 14.874	  31.02717215 121.43960338 1.25  0.0 0.0
2015-07-01-19 38 15.054	  31.02714914 121.43961468 1.25  0.0 0.0
2015-07-01-19 38 15.168	  31.02714914 121.43961468 1.25  0.0 0.0
2015-07-01-19 38 15.306	  31.02714914 121.43961468 1.25  0.0 0.0
2015-07-01-19 38 15.467	  31.02714914 121.43961468 1.25  0.0 0.0
2015-07-01-19 38 15.573	  31.02714914 121.43961468 1.25  0.0 0.0
2015-07-01-19 38 15.676	  31.02714914 121.43961468 1.25  0.0 0.0
2015-07-01-19 38 15.843	  31.02714914 121.43961468 1.25  0.0 0.0
2015-07-01-19 38 15.979	  31.02714914 121.43961468 1.25  0.0 0.0
2015-07-01-19 38 16.098	  31.02714914 121.43961468 1.25  0.0 0.0
2015-07-01-19 38 16.225	  31.02714914 121.43961468 1.25  0.0 0.0
2015-07-01-19 38 16.384	  31.02714914 121.43961468 1.25  0.0 0.0
2015-07-01-19 38 16.502	  31.02714914 121.43961468 1.25  0.0 0.0
2015-07-01-19 38 16.654	  31.02714914 121.43961468 1.25  0.0 0.0
2015-07-01-19 38 16.795	  31.02714914 121.43961468 1.25  0.0 0.0
2015-07-01-19 38 16.929	  31.02712469 121.43962531 1.25  0.0 0.0
2015-07-01-19 38 17.060	  31.02712469 121.43962531 1.25  0.0 0.0
2015-07-01-19 38 17.193	  31.02712469 121.43962531 1.25  0.0 0.0
2015-07-01-19 38 17.344	  31.02712469 121.43962531 1.25  0.0 0.0
2015-07-01-19 38 17.479	  31.02712469 121.43962531 1.25  0.0 0.0
2015-07-01-19 38 17.643	  31.02712469 121.43962531 1.25  0.0 0.0
2015-07-01-19 38 17.781	  31.02712469 121.43962531 1.25  0.0 0.0
2015-07-01-19 38 17.951	  31.02712469 121.43962531 1.25  0.0 0.0
2015-07-01-19 38 18.093	  31.02712469 121.43962531 1.25  0.0 0.0
2015-07-01-19 38 18.234	  31.02712469 121.43962531 1.25  0.0 0.0
2015-07-01-19 38 18.382	  31.02712469 121.43962531 1.25  0.0 0.0
2015-07-01-19 38 18.544	  31.02712469 121.43962531 1.25  0.0 0.0
2015-07-01-19 38 18.705	  31.02712469 121.43962531 1.25  0.0 0.0
2015-07-01-19 38 18.838	  31.02710232 121.43963802 1.25  0.0 0.0
2015-07-01-19 38 18.955	  31.02710232 121.43963802 1.25  0.0 0.0
2015-07-01-19 38 19.083	  31.02710232 121.43963802 1.25  0.0 0.0
2015-07-01-19 38 19.244	  31.02710232 121.43963802 1.25  0.0 0.0
2015-07-01-19 38 19.378	  31.02710232 121.43963802 1.25  0.0 0.0
2015-07-01-19 38 19.539	  31.02710232 121.43963802 1.25  0.0 0.0
2015-07-01-19 38 19.656	  31.02710232 121.43963802 1.25  0.0 0.0
2015-07-01-19 38 19.773	  31.02710232 121.43963802 1.25  0.0 0.0
2015-07-01-19 38 19.933	  31.02710232 121.43963802 1.25  0.0 0.0
2015-07-01-19 38 20.069	  31.02710232 121.43963802 1.25  0.0 0.0
2015-07-01-19 38 20.188	  31.02710232 121.43963802 1.25  0.0 0.0
2015-07-01-19 38 20.357	  31.02710232 121.43963802 1.25  0.0 0.0
2015-07-01-19 38 20.513	  31.02710232 121.43963802 1.25  0.0 0.0
2015-07-01-19 38 20.661	  31.02710232 121.43963802 1.25  0.0 0.0
2015-07-01-19 38 20.810	  31.02707974 121.43964848 1.25  0.0 0.0
2015-07-01-19 38 20.994	  31.02707974 121.43964848 1.25  0.0 0.0
2015-07-01-19 38 21.110	  31.02707974 121.43964848 1.25  0.0 0.0
2015-07-01-19 38 21.227	  31.02707974 121.43964848 1.25  0.0 0.0
2015-07-01-19 38 21.343	  31.02707974 121.43964848 1.25  0.0 0.0
2015-07-01-19 38 21.476	  31.02707974 121.43964848 1.25  0.0 0.0
2015-07-01-19 38 21.630	  31.02707974 121.43964848 1.25  0.0 0.0
2015-07-01-19 38 21.767	  31.02707974 121.43964848 1.25  0.0 0.0
2015-07-01-19 38 21.948	  31.02707974 121.43964848 1.25  0.0 0.0
2015-07-01-19 38 22.064	  31.02707974 121.43964848 1.25  0.0 0.0
2015-07-01-19 38 22.197	  31.02707974 121.43964848 1.25  0.0 0.0
2015-07-01-19 38 22.314	  31.02707974 121.43964848 1.25  0.0 0.0
2015-07-01-19 38 22.440	  31.02707974 121.43964848 1.25  0.0 0.0
2015-07-01-19 38 22.556	  31.02707974 121.43964848 1.25  0.0 0.0
2015-07-01-19 38 22.713	  31.02707974 121.43964848 1.25  0.0 0.0
2015-07-01-19 38 22.870	  31.02707974 121.43964848 1.25  0.0 0.0
2015-07-01-19 38 23.043	  31.02707974 121.43964848 1.25  0.0 0.0
2015-07-01-19 38 23.162	  31.02707974 121.43964848 1.25  0.0 0.0
2015-07-01-19 38 23.303	  31.02707974 121.43964848 1.25  0.0 0.0
2015-07-01-19 38 23.455	  31.02705666 121.43965799 1.25  0.0 0.0
2015-07-01-19 38 23.570	  31.02705666 121.43965799 1.25  0.0 0.0
2015-07-01-19 38 23.730	  31.02705666 121.43965799 1.25  0.0 0.0
2015-07-01-19 38 23.890	  31.02705666 121.43965799 1.25  0.0 0.0
2015-07-01-19 38 24.024	  31.02705666 121.43965799 1.25  0.0 0.0
2015-07-01-19 38 24.163	  31.02705666 121.43965799 1.25  0.0 0.0
2015-07-01-19 38 24.322	  31.02705666 121.43965799 1.25  0.0 0.0
2015-07-01-19 38 24.464	  31.02705666 121.43965799 1.25  0.0 0.0
2015-07-01-19 38 24.598	  31.02705666 121.43965799 1.25  0.0 0.0
2015-07-01-19 38 24.716	  31.02705666 121.43965799 1.25  0.0 0.0
2015-07-01-19 38 24.860	  31.02703328 121.43967031 1.25  0.0 0.0
2015-07-01-19 38 25.065	  31.02703328 121.43967031 1.25  0.0 0.0
2015-07-01-19 38 25.179	  31.02703328 121.43967031 1.25  0.0 0.0
2015-07-01-19 38 25.294	  31.02703328 121.43967031 1.25  0.0 0.0
2015-07-01-19 38 25.445	  31.02703328 121.43967031 1.25  0.0 0.0
2015-07-01-19 38 25.588	  31.02703328 121.43967031 1.25  0.0 0.0
2015-07-01-19 38 25.745	  31.02703328 121.43967031 1.25  0.0 0.0
2015-07-01-19 38 25.869	  31.02703328 121.43967031 1.25  0.0 0.0
2015-07-01-19 38 26.013	  31.02703328 121.43967031 1.25  0.0 0.0
2015-07-01-19 38 26.116	  31.02703328 121.43967031 1.25  0.0 0.0
2015-07-01-19 38 26.293	  31.02703328 121.43967031 1.25  0.0 0.0
2015-07-01-19 38 26.430	  31.02703328 121.43967031 1.25  0.0 0.0
2015-07-01-19 38 26.550	  31.02703328 121.43967031 1.25  0.0 0.0
2015-07-01-19 38 26.720	  31.02703328 121.43967031 1.25  0.0 0.0
2015-07-01-19 38 26.822	  31.02700912 121.43968199 1.25  0.0 0.0
2015-07-01-19 38 26.936	  31.02700912 121.43968199 1.25  0.0 0.0
2015-07-01-19 38 27.074	  31.02700912 121.43968199 1.25  0.0 0.0
2015-07-01-19 38 27.245	  31.02700912 121.43968199 1.25  0.0 0.0
2015-07-01-19 38 27.363	  31.02700912 121.43968199 1.25  0.0 0.0
2015-07-01-19 38 27.529	  31.02700912 121.43968199 1.25  0.0 0.0
2015-07-01-19 38 27.649	  31.02700912 121.43968199 1.25  0.0 0.0
2015-07-01-19 38 27.793	  31.02700912 121.43968199 1.25  0.0 0.0
2015-07-01-19 38 27.913	  31.02700912 121.43968199 1.25  0.0 0.0
2015-07-01-19 38 28.029	  31.02700912 121.43968199 1.25  0.0 0.0
2015-07-01-19 38 28.175	  31.02700912 121.43968199 1.25  0.0 0.0
2015-07-01-19 38 28.291	  31.02700912 121.43968199 1.25  0.0 0.0
2015-07-01-19 38 28.439	  31.02700912 121.43968199 1.25  0.0 0.0
2015-07-01-19 38 28.583	  31.02700912 121.43968199 1.25  0.0 0.0
2015-07-01-19 38 28.702	  31.02700912 121.43968199 1.25  0.0 0.0
2015-07-01-19 38 28.840	  31.02698365 121.43968994 1.25  0.0 0.0
2015-07-01-19 38 28.998	  31.02698365 121.43968994 1.25  0.0 0.0
2015-07-01-19 38 29.117	  31.02698365 121.43968994 1.25  0.0 0.0
2015-07-01-19 38 29.248	  31.02698365 121.43968994 1.25  0.0 0.0
2015-07-01-19 38 29.380	  31.02698365 121.43968994 1.25  0.0 0.0
2015-07-01-19 38 29.517	  31.02698365 121.43968994 1.25  0.0 0.0
2015-07-01-19 38 29.649	  31.02698365 121.43968994 1.25  0.0 0.0
2015-07-01-19 38 29.833	  31.02698365 121.43968994 1.25  0.0 0.0
2015-07-01-19 38 29.948	  31.02698365 121.43968994 1.25  0.0 0.0
2015-07-01-19 38 30.083	  31.02698365 121.43968994 1.25  0.0 0.0
2015-07-01-19 38 30.218	  31.02698365 121.43968994 1.25  0.0 0.0
2015-07-01-19 38 30.365	  31.02698365 121.43968994 1.25  0.0 0.0
2015-07-01-19 38 30.518	  31.02698365 121.43968994 1.25  0.0 0.0
2015-07-01-19 38 30.636	  31.02698365 121.43968994 1.25  0.0 0.0
2015-07-01-19 38 30.752	  31.02698365 121.43968994 1.25  0.0 0.0
2015-07-01-19 38 30.895	  31.02698365 121.43968994 1.25  0.0 0.0
2015-07-01-19 38 31.076	  31.02698365 121.43968994 1.25  0.0 0.0
2015-07-01-19 38 31.242	  31.02698365 121.43968994 1.25  0.0 0.0
2015-07-01-19 38 31.357	  31.02698365 121.43968994 1.25  0.0 0.0
2015-07-01-19 38 31.511	  31.02695917 121.43969864 1.25  0.0 0.0
2015-07-01-19 38 31.616	  31.02695917 121.43969864 1.25  0.0 0.0
2015-07-01-19 38 31.719	  31.02695917 121.43969864 1.25  0.0 0.0
2015-07-01-19 38 31.867	  31.02695917 121.43969864 1.25  0.0 0.0
2015-07-01-19 38 31.971	  31.02695917 121.43969864 1.25  0.0 0.0
2015-07-01-19 38 32.116	  31.02695917 121.43969864 1.25  0.0 0.0
2015-07-01-19 38 32.244	  31.02695917 121.43969864 1.25  0.0 0.0
2015-07-01-19 38 32.346	  31.02695917 121.43969864 1.25  0.0 0.0
2015-07-01-19 38 32.450	  31.02695917 121.43969864 1.25  0.0 0.0
2015-07-01-19 38 32.631	  31.02695917 121.43969864 1.25  0.0 0.0
2015-07-01-19 38 32.769	  31.02695917 121.43969864 1.25  0.0 0.0
2015-07-01-19 38 32.881	  31.02695917 121.43969864 1.25  0.0 0.0
2015-07-01-19 38 32.987	  31.02693581 121.43970955 1.25  0.0 0.0
2015-07-01-19 38 33.145	  31.02693581 121.43970955 1.25  0.0 0.0
2015-07-01-19 38 33.297	  31.02693581 121.43970955 1.25  0.0 0.0
2015-07-01-19 38 33.401	  31.02693581 121.43970955 1.25  0.0 0.0
2015-07-01-19 38 33.505	  31.02693581 121.43970955 1.25  0.0 0.0
2015-07-01-19 38 33.653	  31.02693581 121.43970955 1.25  0.0 0.0
2015-07-01-19 38 33.769	  31.02693581 121.43970955 1.25  0.0 0.0
2015-07-01-19 38 33.876	  31.02693581 121.43970955 1.25  0.0 0.0
2015-07-01-19 38 33.994	  31.02693581 121.43970955 1.25  0.0 0.0
2015-07-01-19 38 34.134	  31.02693581 121.43970955 1.25  0.0 0.0
2015-07-01-19 38 34.276	  31.02693581 121.43970955 1.25  0.0 0.0
2015-07-01-19 38 34.392	  31.02693581 121.43970955 1.25  0.0 0.0
2015-07-01-19 38 34.493	  31.02693581 121.43970955 1.25  0.0 0.0
2015-07-01-19 38 34.614	  31.02693581 121.43970955 1.25  0.0 0.0
2015-07-01-19 38 34.733	  31.02693581 121.43970955 1.25  0.0 0.0
2015-07-01-19 38 34.843	  31.02691314 121.439721 1.25  0.0 0.0
2015-07-01-19 38 34.950	  31.02691314 121.439721 1.25  0.0 0.0
2015-07-01-19 38 35.090	  31.02691314 121.439721 1.25  0.0 0.0
2015-07-01-19 38 35.265	  31.02691314 121.439721 1.25  0.0 0.0
2015-07-01-19 38 35.367	  31.02691314 121.439721 1.25  0.0 0.0
2015-07-01-19 38 35.472	  31.02691314 121.439721 1.25  0.0 0.0
2015-07-01-19 38 35.614	  31.02691314 121.439721 1.25  0.0 0.0
2015-07-01-19 38 35.785	  31.02691314 121.439721 1.25  0.0 0.0
2015-07-01-19 38 35.889	  31.02691314 121.439721 1.25  0.0 0.0
2015-07-01-19 38 35.991	  31.02691314 121.439721 1.25  0.0 0.0
2015-07-01-19 38 36.142	  31.02691314 121.439721 1.25  0.0 0.0
2015-07-01-19 38 36.283	  31.02691314 121.439721 1.25  0.0 0.0
2015-07-01-19 38 36.426	  31.02691314 121.439721 1.25  0.0 0.0
2015-07-01-19 38 36.588	  31.02691314 121.439721 1.25  0.0 0.0
2015-07-01-19 38 36.703	  31.02691314 121.439721 1.25  0.0 0.0
2015-07-01-19 38 36.808	  31.02691314 121.439721 1.25  0.0 0.0
2015-07-01-19 38 36.912	  31.02688809 121.43973211 1.25  0.0 0.0
2015-07-01-19 38 37.043	  31.02688809 121.43973211 1.25  0.0 0.0
2015-07-01-19 38 37.189	  31.02688809 121.43973211 1.25  0.0 0.0
2015-07-01-19 38 37.294	  31.02688809 121.43973211 1.25  0.0 0.0
2015-07-01-19 38 37.399	  31.02688809 121.43973211 1.25  0.0 0.0
2015-07-01-19 38 37.538	  31.02688809 121.43973211 1.25  0.0 0.0
2015-07-01-19 38 37.642	  31.02688809 121.43973211 1.25  0.0 0.0
2015-07-01-19 38 37.796	  31.02688809 121.43973211 1.25  0.0 0.0
2015-07-01-19 38 37.943	  31.02688809 121.43973211 1.25  0.0 0.0
2015-07-01-19 38 38.049	  31.02688809 121.43973211 1.25  0.0 0.0
2015-07-01-19 38 38.170	  31.02688809 121.43973211 1.25  0.0 0.0
2015-07-01-19 38 38.319	  31.02688809 121.43973211 1.25  0.0 0.0
2015-07-01-19 38 38.479	  31.02688809 121.43973211 1.25  0.0 0.0
2015-07-01-19 38 38.581	  31.02688809 121.43973211 1.25  0.0 0.0
2015-07-01-19 38 38.685	  31.02688809 121.43973211 1.25  0.0 0.0
2015-07-01-19 38 38.846	  31.02688809 121.43973211 1.25  0.0 0.0
2015-07-01-19 38 38.964	  31.02688809 121.43973211 1.25  0.0 0.0
2015-07-01-19 38 39.068	  31.02686321 121.4397433 1.25  0.0 0.0
2015-07-01-19 38 39.173	  31.02686321 121.4397433 1.25  0.0 0.0
2015-07-01-19 38 39.310	  31.02686321 121.4397433 1.25  0.0 0.0
2015-07-01-19 38 39.437	  31.02686321 121.4397433 1.25  0.0 0.0
2015-07-01-19 38 39.553	  31.02686321 121.4397433 1.25  0.0 0.0
2015-07-01-19 38 39.656	  31.02686321 121.4397433 1.25  0.0 0.0
2015-07-01-19 38 39.773	  31.02686321 121.4397433 1.25  0.0 0.0
2015-07-01-19 38 39.891	  31.02686321 121.4397433 1.25  0.0 0.0
2015-07-01-19 38 40.001	  31.02686321 121.4397433 1.25  0.0 0.0
2015-07-01-19 38 40.104	  31.02686321 121.4397433 1.25  0.0 0.0
2015-07-01-19 38 40.250	  31.02686321 121.4397433 1.25  0.0 0.0
2015-07-01-19 38 40.434	  31.02686321 121.4397433 1.25  0.0 0.0
2015-07-01-19 38 40.535	  31.02686321 121.4397433 1.25  0.0 0.0
2015-07-01-19 38 40.638	  31.02686321 121.4397433 1.25  0.0 0.0
2015-07-01-19 38 40.782	  31.02686321 121.4397433 1.25  0.0 0.0
2015-07-01-19 38 40.899	  31.02683939 121.43975634 1.5  0.0 0.0
2015-07-01-19 38 41.018	  31.02683939 121.43975634 1.5  0.0 0.0
2015-07-01-19 38 41.119	  31.02683939 121.43975634 1.5  0.0 0.0
2015-07-01-19 38 41.239	  31.02683939 121.43975634 1.5  0.0 0.0
2015-07-01-19 38 41.356	  31.02683939 121.43975634 1.5  0.0 0.0
2015-07-01-19 38 41.506	  31.02683939 121.43975634 1.5  0.0 0.0
2015-07-01-19 38 41.653	  31.02683939 121.43975634 1.5  0.0 0.0
2015-07-01-19 38 41.805	  31.02683939 121.43975634 1.5  0.0 0.0
2015-07-01-19 38 41.994	  31.02683939 121.43975634 1.5  0.0 0.0
2015-07-01-19 38 42.110	  31.02683939 121.43975634 1.5  0.0 0.0
2015-07-01-19 38 42.226	  31.02683939 121.43975634 1.5  0.0 0.0
2015-07-01-19 38 42.367	  31.02683939 121.43975634 1.5  0.0 0.0
2015-07-01-19 38 42.548	  31.02683939 121.43975634 1.5  0.0 0.0
2015-07-01-19 38 42.685	  31.02683939 121.43975634 1.5  0.0 0.0
2015-07-01-19 38 42.815	  31.02681344 121.43976705 1.5  0.0 0.0
2015-07-01-19 38 42.936	  31.02681344 121.43976705 1.5  0.0 0.0
2015-07-01-19 38 43.079	  31.02681344 121.43976705 1.5  0.0 0.0
2015-07-01-19 38 43.212	  31.02681344 121.43976705 1.5  0.0 0.0
2015-07-01-19 38 43.361	  31.02681344 121.43976705 1.5  0.0 0.0
2015-07-01-19 38 43.542	  31.02681344 121.43976705 1.5  0.0 0.0
2015-07-01-19 38 43.707	  31.02681344 121.43976705 1.5  0.0 0.0
2015-07-01-19 38 43.849	  31.02681344 121.43976705 1.5  0.0 0.0
2015-07-01-19 38 43.993	  31.02681344 121.43976705 1.5  0.0 0.0
2015-07-01-19 38 44.130	  31.02681344 121.43976705 1.5  0.0 0.0
2015-07-01-19 38 44.292	  31.02681344 121.43976705 1.5  0.0 0.0
2015-07-01-19 38 44.436	  31.02681344 121.43976705 1.5  0.0 0.0
2015-07-01-19 38 44.563	  31.02681344 121.43976705 1.5  0.0 0.0
2015-07-01-19 38 44.697	  31.02681344 121.43976705 1.5  0.0 0.0
2015-07-01-19 38 44.860	  31.02678776 121.43977806 1.5  0.0 0.0
2015-07-01-19 38 44.991	  31.02678776 121.43977806 1.5  0.0 0.0
2015-07-01-19 38 45.127	  31.02678776 121.43977806 1.5  0.0 0.0
2015-07-01-19 38 45.286	  31.02678776 121.43977806 1.5  0.0 0.0
2015-07-01-19 38 45.429	  31.02678776 121.43977806 1.5  0.0 0.0
2015-07-01-19 38 45.545	  31.02678776 121.43977806 1.5  0.0 0.0
2015-07-01-19 38 45.702	  31.02678776 121.43977806 1.5  0.0 0.0
2015-07-01-19 38 45.818	  31.02678776 121.43977806 1.5  0.0 0.0
2015-07-01-19 38 45.970	  31.02678776 121.43977806 1.5  0.0 0.0
2015-07-01-19 38 46.099	  31.02678776 121.43977806 1.5  0.0 0.0
2015-07-01-19 38 46.241	  31.02678776 121.43977806 1.5  0.0 0.0
2015-07-01-19 38 46.359	  31.02678776 121.43977806 1.5  0.0 0.0
2015-07-01-19 38 46.521	  31.02678776 121.43977806 1.5  0.0 0.0
2015-07-01-19 38 46.678	  31.02678776 121.43977806 1.5  0.0 0.0
2015-07-01-19 38 46.798	  31.02678776 121.43977806 1.5  0.0 0.0
2015-07-01-19 38 46.918	  31.02678776 121.43977806 1.5  0.0 0.0
2015-07-01-19 38 47.063	  31.02676244 121.43978817 1.5  0.0 0.0
2015-07-01-19 38 47.180	  31.02676244 121.43978817 1.5  0.0 0.0
2015-07-01-19 38 47.324	  31.02676244 121.43978817 1.5  0.0 0.0
2015-07-01-19 38 47.440	  31.02676244 121.43978817 1.5  0.0 0.0
2015-07-01-19 38 47.558	  31.02676244 121.43978817 1.5  0.0 0.0
2015-07-01-19 38 47.702	  31.02676244 121.43978817 1.5  0.0 0.0
2015-07-01-19 38 47.830	  31.02676244 121.43978817 1.5  0.0 0.0
2015-07-01-19 38 47.979	  31.02676244 121.43978817 1.5  0.0 0.0
2015-07-01-19 38 48.118	  31.02676244 121.43978817 1.5  0.0 0.0
2015-07-01-19 38 48.259	  31.02676244 121.43978817 1.5  0.0 0.0
2015-07-01-19 38 48.411	  31.02676244 121.43978817 1.5  0.0 0.0
2015-07-01-19 38 48.574	  31.02676244 121.43978817 1.5  0.0 0.0
2015-07-01-19 38 48.690	  31.02676244 121.43978817 1.5  0.0 0.0
2015-07-01-19 38 48.842	  31.02676244 121.43978817 1.5  0.0 0.0
2015-07-01-19 38 48.958	  31.02673764 121.43979703 1.5  0.0 0.0
2015-07-01-19 38 49.097	  31.02673764 121.43979703 1.5  0.0 0.0
2015-07-01-19 38 49.237	  31.02673764 121.43979703 1.5  0.0 0.0
2015-07-01-19 38 49.396	  31.02673764 121.43979703 1.5  0.0 0.0
2015-07-01-19 38 49.514	  31.02673764 121.43979703 1.5  0.0 0.0
2015-07-01-19 38 49.644	  31.02673764 121.43979703 1.5  0.0 0.0
2015-07-01-19 38 49.793	  31.02673764 121.43979703 1.5  0.0 0.0
2015-07-01-19 38 49.944	  31.02673764 121.43979703 1.5  0.0 0.0
2015-07-01-19 38 50.062	  31.02673764 121.43979703 1.5  0.0 0.0
2015-07-01-19 38 50.190	  31.02673764 121.43979703 1.5  0.0 0.0
2015-07-01-19 38 50.306	  31.02673764 121.43979703 1.5  0.0 0.0
2015-07-01-19 38 50.474	  31.02673764 121.43979703 1.5  0.0 0.0
2015-07-01-19 38 50.621	  31.02673764 121.43979703 1.5  0.0 0.0
2015-07-01-19 38 50.762	  31.0267123 121.43980738 1.5  0.0 0.0
2015-07-01-19 38 50.950	  31.0267123 121.43980738 1.5  0.0 0.0
2015-07-01-19 38 51.081	  31.0267123 121.43980738 1.5  0.0 0.0
2015-07-01-19 38 51.236	  31.0267123 121.43980738 1.5  0.0 0.0
2015-07-01-19 38 51.381	  31.0267123 121.43980738 1.5  0.0 0.0
2015-07-01-19 38 51.498	  31.0267123 121.43980738 1.5  0.0 0.0
2015-07-01-19 38 51.632	  31.0267123 121.43980738 1.5  0.0 0.0
2015-07-01-19 38 51.799	  31.0267123 121.43980738 1.5  0.0 0.0
2015-07-01-19 38 51.915	  31.0267123 121.43980738 1.5  0.0 0.0
2015-07-01-19 38 52.038	  31.0267123 121.43980738 1.5  0.0 0.0
2015-07-01-19 38 52.176	  31.0267123 121.43980738 1.5  0.0 0.0
2015-07-01-19 38 52.318	  31.0267123 121.43980738 1.5  0.0 0.0
2015-07-01-19 38 52.465	  31.0267123 121.43980738 1.5  0.0 0.0
2015-07-01-19 38 52.604	  31.0267123 121.43980738 1.5  0.0 0.0
2015-07-01-19 38 52.748	  31.0267123 121.43980738 1.5  0.0 0.0
2015-07-01-19 38 52.892	  31.02668708 121.43981757 1.5  0.0 0.0
2015-07-01-19 38 53.012	  31.02668708 121.43981757 1.5  0.0 0.0
2015-07-01-19 38 53.147	  31.02668708 121.43981757 1.5  0.0 0.0
2015-07-01-19 38 53.287	  31.02668708 121.43981757 1.5  0.0 0.0
2015-07-01-19 38 53.418	  31.02668708 121.43981757 1.5  0.0 0.0
2015-07-01-19 38 53.593	  31.02668708 121.43981757 1.5  0.0 0.0
2015-07-01-19 38 53.711	  31.02668708 121.43981757 1.5  0.0 0.0
2015-07-01-19 38 53.831	  31.02668708 121.43981757 1.5  0.0 0.0
2015-07-01-19 38 53.962	  31.02668708 121.43981757 1.5  0.0 0.0
2015-07-01-19 38 54.111	  31.02668708 121.43981757 1.5  0.0 0.0
2015-07-01-19 38 54.283	  31.02668708 121.43981757 1.5  0.0 0.0
2015-07-01-19 38 54.427	  31.02668708 121.43981757 1.5  0.0 0.0
2015-07-01-19 38 54.579	  31.02668708 121.43981757 1.5  0.0 0.0
2015-07-01-19 38 54.731	  31.02668708 121.43981757 1.5  0.0 0.0
2015-07-01-19 38 54.876	  31.02668708 121.43981757 1.5  0.0 0.0
2015-07-01-19 38 55.048	  31.02666178 121.4398284 1.5  0.0 0.0
2015-07-01-19 38 55.164	  31.02666178 121.4398284 1.5  0.0 0.0
2015-07-01-19 38 55.308	  31.02666178 121.4398284 1.5  0.0 0.0
2015-07-01-19 38 55.455	  31.02666178 121.4398284 1.5  0.0 0.0
2015-07-01-19 38 55.623	  31.02666178 121.4398284 1.5  0.0 0.0
2015-07-01-19 38 55.741	  31.02666178 121.4398284 1.5  0.0 0.0
2015-07-01-19 38 55.882	  31.02666178 121.4398284 1.5  0.0 0.0
2015-07-01-19 38 56.040	  31.02666178 121.4398284 1.5  0.0 0.0
2015-07-01-19 38 56.178	  31.02666178 121.4398284 1.5  0.0 0.0
2015-07-01-19 38 56.339	  31.02666178 121.4398284 1.5  0.0 0.0
2015-07-01-19 38 56.459	  31.02666178 121.4398284 1.5  0.0 0.0
2015-07-01-19 38 56.578	  31.02666178 121.4398284 1.5  0.0 0.0
2015-07-01-19 38 56.733	  31.02666178 121.4398284 1.5  0.0 0.0
2015-07-01-19 38 56.863	  31.02666178 121.4398284 1.5  0.0 0.0
2015-07-01-19 38 56.970	  31.02663649 121.43983962 1.5  0.0 0.0
2015-07-01-19 38 57.072	  31.02663649 121.43983962 1.5  0.0 0.0
2015-07-01-19 38 57.209	  31.02663649 121.43983962 1.5  0.0 0.0
2015-07-01-19 38 57.430	  31.02663649 121.43983962 1.5  0.0 0.0
2015-07-01-19 38 57.547	  31.02663649 121.43983962 1.5  0.0 0.0
2015-07-01-19 38 57.684	  31.02663649 121.43983962 1.5  0.0 0.0
2015-07-01-19 38 57.838	  31.02663649 121.43983962 1.5  0.0 0.0
2015-07-01-19 38 57.970	  31.02663649 121.43983962 1.5  0.0 0.0
2015-07-01-19 38 58.100	  31.02663649 121.43983962 1.5  0.0 0.0
2015-07-01-19 38 58.205	  31.02663649 121.43983962 1.5  0.0 0.0
2015-07-01-19 38 58.308	  31.02663649 121.43983962 1.5  0.0 0.0
2015-07-01-19 38 58.416	  31.02663649 121.43983962 1.5  0.0 0.0
2015-07-01-19 38 58.547	  31.02663649 121.43983962 1.5  0.0 0.0
2015-07-01-19 38 58.695	  31.02663649 121.43983962 1.5  0.0 0.0
2015-07-01-19 38 58.827	  31.0266106 121.43985003 1.5  0.0 0.0
2015-07-01-19 38 58.968	  31.0266106 121.43985003 1.5  0.0 0.0
2015-07-01-19 38 59.080	  31.0266106 121.43985003 1.5  0.0 0.0
2015-07-01-19 38 59.221	  31.0266106 121.43985003 1.5  0.0 0.0
2015-07-01-19 38 59.391	  31.0266106 121.43985003 1.5  0.0 0.0
2015-07-01-19 38 59.511	  31.0266106 121.43985003 1.5  0.0 0.0
2015-07-01-19 38 59.655	  31.0266106 121.43985003 1.5  0.0 0.0
2015-07-01-19 38 59.800	  31.0266106 121.43985003 1.5  0.0 0.0
2015-07-01-19 38 59.961	  31.0266106 121.43985003 1.5  0.0 0.0
2015-07-01-19 39 00.108	  31.0266106 121.43985003 1.5  0.0 0.0
2015-07-01-19 39 00.211	  31.0266106 121.43985003 1.5  0.0 0.0
2015-07-01-19 39 00.319	  31.0266106 121.43985003 1.5  0.0 0.0
2015-07-01-19 39 00.444	  31.0266106 121.43985003 1.5  0.0 0.0
2015-07-01-19 39 00.561	  31.0266106 121.43985003 1.5  0.0 0.0
2015-07-01-19 39 00.670	  31.0266106 121.43985003 1.5  0.0 0.0
2015-07-01-19 39 00.822	  31.02658442 121.43985618 1.5  0.0 0.0
2015-07-01-19 39 00.958	  31.02658442 121.43985618 1.5  0.0 0.0
2015-07-01-19 39 01.065	  31.02658442 121.43985618 1.5  0.0 0.0
2015-07-01-19 39 01.208	  31.02658442 121.43985618 1.5  0.0 0.0
2015-07-01-19 39 01.391	  31.02658442 121.43985618 1.5  0.0 0.0
2015-07-01-19 39 01.496	  31.02658442 121.43985618 1.5  0.0 0.0
2015-07-01-19 39 01.635	  31.02658442 121.43985618 1.5  0.0 0.0
2015-07-01-19 39 01.782	  31.02658442 121.43985618 1.5  0.0 0.0
2015-07-01-19 39 01.884	  31.02658442 121.43985618 1.5  0.0 0.0
2015-07-01-19 39 01.991	  31.02658442 121.43985618 1.5  0.0 0.0
2015-07-01-19 39 02.107	  31.02658442 121.43985618 1.5  0.0 0.0
2015-07-01-19 39 02.239	  31.02658442 121.43985618 1.5  0.0 0.0
2015-07-01-19 39 02.385	  31.02658442 121.43985618 1.5  0.0 0.0
2015-07-01-19 39 02.510	  31.02658442 121.43985618 1.5  0.0 0.0
2015-07-01-19 39 02.641	  31.02658442 121.43985618 1.5  0.0 0.0
2015-07-01-19 39 02.800	  31.02658442 121.43985618 1.5  0.0 0.0
2015-07-01-19 39 02.937	  31.02655993 121.43986412 1.5  0.0 0.0
2015-07-01-19 39 03.056	  31.02655993 121.43986412 1.5  0.0 0.0
2015-07-01-19 39 03.158	  31.02655993 121.43986412 1.5  0.0 0.0
2015-07-01-19 39 03.266	  31.02655993 121.43986412 1.5  0.0 0.0
2015-07-01-19 39 03.410	  31.02655993 121.43986412 1.5  0.0 0.0
2015-07-01-19 39 03.571	  31.02655993 121.43986412 1.5  0.0 0.0
2015-07-01-19 39 03.673	  31.02655993 121.43986412 1.5  0.0 0.0
2015-07-01-19 39 03.777	  31.02655993 121.43986412 1.5  0.0 0.0
2015-07-01-19 39 03.914	  31.02655993 121.43986412 1.5  0.0 0.0
2015-07-01-19 39 04.057	  31.02655993 121.43986412 1.5  0.0 0.0
2015-07-01-19 39 04.176	  31.02655993 121.43986412 1.5  0.0 0.0
2015-07-01-19 39 04.299	  31.02655993 121.43986412 1.5  0.0 0.0
2015-07-01-19 39 04.417	  31.02655993 121.43986412 1.5  0.0 0.0
2015-07-01-19 39 04.539	  31.02655993 121.43986412 1.5  0.0 0.0
2015-07-01-19 39 04.674	  31.02655993 121.43986412 1.5  0.0 0.0
