2015-07-01-19 39 13.287	  0.0 0.0 0.0  0.0 0.0
2015-07-01-19 39 13.389	  0.0 0.0 0.0  0.0 0.0
2015-07-01-19 39 13.490	  0.0 0.0 0.0  0.0 0.0
2015-07-01-19 39 13.593	  0.0 0.0 0.0  0.0 0.0
2015-07-01-19 39 13.695	  0.0 0.0 0.0  0.0 0.0
2015-07-01-19 39 13.797	  0.0 0.0 0.0  0.0 0.0
2015-07-01-19 39 13.899	  0.0 0.0 0.0  0.0 0.0
2015-07-01-19 39 14.000	  0.0 0.0 0.0  0.0 0.0
2015-07-01-19 39 14.102	  0.0 0.0 0.0  0.0 0.0
2015-07-01-19 39 14.203	  0.0 0.0 0.0  0.0 0.0
2015-07-01-19 39 14.306	  0.0 0.0 0.0  0.0 0.0
2015-07-01-19 39 14.408	  0.0 0.0 0.0  0.0 0.0
2015-07-01-19 39 14.509	  0.0 0.0 0.0  0.0 0.0
2015-07-01-19 39 14.611	  0.0 0.0 0.0  0.0 0.0
2015-07-01-19 39 14.712	  0.0 0.0 0.0  0.0 0.0
2015-07-01-19 39 14.814	  0.0 0.0 0.0  0.0 0.0
2015-07-01-19 39 14.917	  0.0 0.0 0.0  0.0 0.0
2015-07-01-19 39 15.018	  0.0 0.0 0.0  0.0 0.0
2015-07-01-19 39 15.120	  0.0 0.0 0.0  0.0 0.0
2015-07-01-19 39 15.222	  0.0 0.0 0.0  0.0 0.0
2015-07-01-19 39 15.323	  0.0 0.0 0.0  0.0 0.0
2015-07-01-19 39 15.426	  0.0 0.0 0.0  0.0 0.0
2015-07-01-19 39 15.528	  0.0 0.0 0.0  0.0 0.0
2015-07-01-19 39 15.629	  0.0 0.0 0.0  0.0 0.0
2015-07-01-19 39 15.731	  0.0 0.0 0.0  0.0 0.0
2015-07-01-19 39 15.835	  31.02654105 121.43991372 1.0  0.0 0.0
2015-07-01-19 39 15.939	  31.02654105 121.43991372 1.0  0.0 0.0
2015-07-01-19 39 16.041	  31.02654105 121.43991372 1.0  0.0 0.0
2015-07-01-19 39 16.142	  31.02654105 121.43991372 1.0  0.0 0.0
2015-07-01-19 39 16.245	  31.02654105 121.43991372 1.0  0.0 0.0
2015-07-01-19 39 16.349	  31.02654105 121.43991372 1.0  0.0 0.0
2015-07-01-19 39 16.460	  31.02654105 121.43991372 1.0  0.0 0.0
2015-07-01-19 39 16.561	  31.02654105 121.43991372 1.0  0.0 0.0
2015-07-01-19 39 16.663	  31.02654105 121.43991372 1.0  0.0 0.0
2015-07-01-19 39 16.765	  31.02654105 121.43991372 1.0  0.0 0.0
2015-07-01-19 39 16.867	  31.02655856 121.43990328 1.25  0.0 0.0
2015-07-01-19 39 16.968	  31.02655856 121.43990328 1.25  0.0 0.0
2015-07-01-19 39 17.070	  31.02655856 121.43990328 1.25  0.0 0.0
2015-07-01-19 39 17.171	  31.02655856 121.43990328 1.25  0.0 0.0
2015-07-01-19 39 17.274	  31.02655856 121.43990328 1.25  0.0 0.0
2015-07-01-19 39 17.376	  31.02655856 121.43990328 1.25  0.0 0.0
2015-07-01-19 39 17.481	  31.02655856 121.43990328 1.25  0.0 0.0
2015-07-01-19 39 17.584	  31.02655856 121.43990328 1.25  0.0 0.0
2015-07-01-19 39 17.688	  31.02655856 121.43990328 1.25  0.0 0.0
2015-07-01-19 39 17.795	  31.02655856 121.43990328 1.25  0.0 0.0
2015-07-01-19 39 17.900	  31.02655856 121.43990328 1.25  0.0 0.0
2015-07-01-19 39 18.001	  31.02655856 121.43990328 1.25  0.0 0.0
2015-07-01-19 39 18.104	  31.02655856 121.43990328 1.25  0.0 0.0
2015-07-01-19 39 18.207	  31.02655856 121.43990328 1.25  0.0 0.0
2015-07-01-19 39 18.314	  31.02655856 121.43990328 1.25  0.0 0.0
2015-07-01-19 39 18.416	  31.02655856 121.43990328 1.25  0.0 0.0
2015-07-01-19 39 18.532	  31.02655856 121.43990328 1.25  0.0 0.0
2015-07-01-19 39 18.726	  31.02655856 121.43990328 1.25  0.0 0.0
2015-07-01-19 39 18.831	  31.02655856 121.43990328 1.25  0.0 0.0
2015-07-01-19 39 18.938	  31.02658487 121.43988554 1.25  0.0 0.0
2015-07-01-19 39 19.040	  31.02658487 121.43988554 1.25  0.0 0.0
2015-07-01-19 39 19.141	  31.02658487 121.43988554 1.25  0.0 0.0
2015-07-01-19 39 19.243	  31.02658487 121.43988554 1.25  0.0 0.0
2015-07-01-19 39 19.349	  31.02658487 121.43988554 1.25  0.0 0.0
2015-07-01-19 39 19.450	  31.02658487 121.43988554 1.25  0.0 0.0
2015-07-01-19 39 19.552	  31.02658487 121.43988554 1.25  0.0 0.0
2015-07-01-19 39 19.658	  31.02658487 121.43988554 1.25  0.0 0.0
2015-07-01-19 39 19.762	  31.02658487 121.43988554 1.25  0.0 0.0
2015-07-01-19 39 19.870	  31.02660115 121.43987404 1.25  0.0 0.0
2015-07-01-19 39 19.989	  31.02660115 121.43987404 1.25  0.0 0.0
2015-07-01-19 39 20.091	  31.02660115 121.43987404 1.25  0.0 0.0
2015-07-01-19 39 20.193	  31.02660115 121.43987404 1.25  0.0 0.0
2015-07-01-19 39 20.297	  31.02660115 121.43987404 1.25  0.0 0.0
2015-07-01-19 39 20.403	  31.02660115 121.43987404 1.25  0.0 0.0
2015-07-01-19 39 20.507	  31.02660115 121.43987404 1.25  0.0 0.0
2015-07-01-19 39 20.613	  31.02660115 121.43987404 1.25  0.0 0.0
2015-07-01-19 39 20.719	  31.02660115 121.43987404 1.25  0.0 0.0
2015-07-01-19 39 20.820	  31.02660115 121.43987404 1.25  0.0 0.0
2015-07-01-19 39 20.921	  31.02660115 121.43987404 1.25  0.0 0.0
2015-07-01-19 39 21.023	  31.02660115 121.43987404 1.25  0.0 0.0
2015-07-01-19 39 21.126	  31.02660115 121.43987404 1.25  0.0 0.0
2015-07-01-19 39 21.228	  31.02660115 121.43987404 1.25  0.0 0.0
2015-07-01-19 39 21.330	  31.02660115 121.43987404 1.25  0.0 0.0
2015-07-01-19 39 21.432	  31.02660115 121.43987404 1.25  0.0 0.0
2015-07-01-19 39 21.536	  31.02660115 121.43987404 1.25  0.0 0.0
2015-07-01-19 39 21.640	  31.02660115 121.43987404 1.25  0.0 0.0
2015-07-01-19 39 21.744	  31.02660115 121.43987404 1.25  0.0 0.0
2015-07-01-19 39 21.850	  31.02663171 121.43986022 1.25  0.0 0.0
2015-07-01-19 39 21.969	  31.02663171 121.43986022 1.25  0.0 0.0
2015-07-01-19 39 22.070	  31.02663171 121.43986022 1.25  0.0 0.0
2015-07-01-19 39 22.171	  31.02663171 121.43986022 1.25  0.0 0.0
2015-07-01-19 39 22.276	  31.02663171 121.43986022 1.25  0.0 0.0
2015-07-01-19 39 22.383	  31.02663171 121.43986022 1.25  0.0 0.0
2015-07-01-19 39 22.489	  31.02663171 121.43986022 1.25  0.0 0.0
2015-07-01-19 39 22.602	  31.02663171 121.43986022 1.25  0.0 0.0
2015-07-01-19 39 22.704	  31.02663171 121.43986022 1.25  0.0 0.0
2015-07-01-19 39 22.808	  31.02663171 121.43986022 1.25  0.0 0.0
2015-07-01-19 39 22.910	  31.02665684 121.43984356 1.25  0.0 0.0
2015-07-01-19 39 23.013	  31.02665684 121.43984356 1.25  0.0 0.0
2015-07-01-19 39 23.117	  31.02665684 121.43984356 1.25  0.0 0.0
2015-07-01-19 39 23.221	  31.02665684 121.43984356 1.25  0.0 0.0
2015-07-01-19 39 23.329	  31.02665684 121.43984356 1.25  0.0 0.0
2015-07-01-19 39 23.432	  31.02665684 121.43984356 1.25  0.0 0.0
2015-07-01-19 39 23.539	  31.02665684 121.43984356 1.25  0.0 0.0
2015-07-01-19 39 23.643	  31.02665684 121.43984356 1.25  0.0 0.0
2015-07-01-19 39 23.749	  31.02665684 121.43984356 1.25  0.0 0.0
2015-07-01-19 39 23.851	  31.02665684 121.43984356 1.25  0.0 0.0
2015-07-01-19 39 23.953	  31.02665684 121.43984356 1.25  0.0 0.0
2015-07-01-19 39 24.054	  31.02665684 121.43984356 1.25  0.0 0.0
2015-07-01-19 39 24.161	  31.02665684 121.43984356 1.25  0.0 0.0
2015-07-01-19 39 24.263	  31.02665684 121.43984356 1.25  0.0 0.0
2015-07-01-19 39 24.365	  31.02665684 121.43984356 1.25  0.0 0.0
2015-07-01-19 39 24.469	  31.02667424 121.43983553 1.25  0.0 0.0
2015-07-01-19 39 24.572	  31.02667424 121.43983553 1.25  0.0 0.0
2015-07-01-19 39 24.675	  31.02667424 121.43983553 1.25  0.0 0.0
2015-07-01-19 39 24.780	  31.02667424 121.43983553 1.25  0.0 0.0
2015-07-01-19 39 24.884	  31.02667424 121.43983553 1.25  0.0 0.0
2015-07-01-19 39 24.987	  31.02667424 121.43983553 1.25  0.0 0.0
2015-07-01-19 39 25.092	  31.02667424 121.43983553 1.25  0.0 0.0
2015-07-01-19 39 25.207	  31.02667424 121.43983553 1.25  0.0 0.0
2015-07-01-19 39 25.311	  31.02667424 121.43983553 1.25  0.0 0.0
2015-07-01-19 39 25.415	  31.02667424 121.43983553 1.25  0.0 0.0
2015-07-01-19 39 25.520	  31.02667424 121.43983553 1.25  0.0 0.0
2015-07-01-19 39 25.624	  31.02667424 121.43983553 1.25  0.0 0.0
2015-07-01-19 39 25.736	  31.02667424 121.43983553 1.25  0.0 0.0
2015-07-01-19 39 25.837	  31.02670054 121.43982319 1.25  0.0 0.0
2015-07-01-19 39 25.939	  31.02670054 121.43982319 1.25  0.0 0.0
2015-07-01-19 39 26.041	  31.02670054 121.43982319 1.25  0.0 0.0
2015-07-01-19 39 26.143	  31.02670054 121.43982319 1.25  0.0 0.0
2015-07-01-19 39 26.249	  31.02670054 121.43982319 1.25  0.0 0.0
2015-07-01-19 39 26.352	  31.02670054 121.43982319 1.25  0.0 0.0
2015-07-01-19 39 26.454	  31.02670054 121.43982319 1.25  0.0 0.0
2015-07-01-19 39 26.556	  31.02670054 121.43982319 1.25  0.0 0.0
2015-07-01-19 39 26.660	  31.02670054 121.43982319 1.25  0.0 0.0
2015-07-01-19 39 26.773	  31.02670054 121.43982319 1.25  0.0 0.0
2015-07-01-19 39 26.874	  31.02671664 121.43981254 1.25  0.0 0.0
2015-07-01-19 39 26.976	  31.02671664 121.43981254 1.25  0.0 0.0
2015-07-01-19 39 27.077	  31.02671664 121.43981254 1.25  0.0 0.0
2015-07-01-19 39 27.179	  31.02671664 121.43981254 1.25  0.0 0.0
2015-07-01-19 39 27.288	  31.02671664 121.43981254 1.25  0.0 0.0
2015-07-01-19 39 27.390	  31.02671664 121.43981254 1.25  0.0 0.0
2015-07-01-19 39 27.492	  31.02671664 121.43981254 1.25  0.0 0.0
2015-07-01-19 39 27.593	  31.02671664 121.43981254 1.25  0.0 0.0
2015-07-01-19 39 27.695	  31.02671664 121.43981254 1.25  0.0 0.0
2015-07-01-19 39 27.800	  31.02671664 121.43981254 1.25  0.0 0.0
2015-07-01-19 39 27.903	  31.02671664 121.43981254 1.25  0.0 0.0
2015-07-01-19 39 28.006	  31.02671664 121.43981254 1.25  0.0 0.0
2015-07-01-19 39 28.107	  31.02671664 121.43981254 1.25  0.0 0.0
2015-07-01-19 39 28.223	  31.02671664 121.43981254 1.25  0.0 0.0
2015-07-01-19 39 28.328	  31.02671664 121.43981254 1.25  0.0 0.0
2015-07-01-19 39 28.432	  31.02671664 121.43981254 1.25  0.0 0.0
2015-07-01-19 39 28.537	  31.02671664 121.43981254 1.25  0.0 0.0
2015-07-01-19 39 28.641	  31.02671664 121.43981254 1.25  0.0 0.0
2015-07-01-19 39 28.745	  31.02671664 121.43981254 1.25  0.0 0.0
2015-07-01-19 39 28.849	  31.02671664 121.43981254 1.25  0.0 0.0
2015-07-01-19 39 28.958	  31.02671664 121.43981254 1.25  0.0 0.0
2015-07-01-19 39 29.063	  31.02671664 121.43981254 1.25  0.0 0.0
2015-07-01-19 39 29.167	  31.02671664 121.43981254 1.25  0.0 0.0
2015-07-01-19 39 29.273	  31.02671664 121.43981254 1.25  0.0 0.0
2015-07-01-19 39 29.375	  31.02674331 121.43980147 1.25  0.0 0.0
2015-07-01-19 39 29.476	  31.02674331 121.43980147 1.25  0.0 0.0
2015-07-01-19 39 29.578	  31.02674331 121.43980147 1.25  0.0 0.0
2015-07-01-19 39 29.680	  31.02674331 121.43980147 1.25  0.0 0.0
2015-07-01-19 39 29.783	  31.02674331 121.43980147 1.25  0.0 0.0
2015-07-01-19 39 29.887	  31.02674331 121.43980147 1.25  0.0 0.0
2015-07-01-19 39 29.993	  31.02674331 121.43980147 1.25  0.0 0.0
2015-07-01-19 39 30.097	  31.02674331 121.43980147 1.25  0.0 0.0
2015-07-01-19 39 30.199	  31.02674331 121.43980147 1.25  0.0 0.0
2015-07-01-19 39 30.302	  31.02674331 121.43980147 1.25  0.0 0.0
2015-07-01-19 39 30.404	  31.02674331 121.43980147 1.25  0.0 0.0
2015-07-01-19 39 30.511	  31.02674331 121.43980147 1.25  0.0 0.0
2015-07-01-19 39 30.613	  31.02674331 121.43980147 1.25  0.0 0.0
2015-07-01-19 39 30.715	  31.02674331 121.43980147 1.25  0.0 0.0
2015-07-01-19 39 30.818	  31.02674331 121.43980147 1.25  0.0 0.0
2015-07-01-19 39 30.937	  31.02676726 121.43979093 1.25  0.0 0.0
2015-07-01-19 39 31.039	  31.02676726 121.43979093 1.25  0.0 0.0
2015-07-01-19 39 31.142	  31.02676726 121.43979093 1.25  0.0 0.0
2015-07-01-19 39 31.244	  31.02676726 121.43979093 1.25  0.0 0.0
2015-07-01-19 39 31.358	  31.02676726 121.43979093 1.25  0.0 0.0
2015-07-01-19 39 31.461	  31.02676726 121.43979093 1.25  0.0 0.0
2015-07-01-19 39 31.563	  31.02676726 121.43979093 1.25  0.0 0.0
2015-07-01-19 39 31.667	  31.02676726 121.43979093 1.25  0.0 0.0
2015-07-01-19 39 31.780	  31.02676726 121.43979093 1.25  0.0 0.0
2015-07-01-19 39 31.882	  31.02676726 121.43979093 1.25  0.0 0.0
2015-07-01-19 39 31.983	  31.02676726 121.43979093 1.25  0.0 0.0
2015-07-01-19 39 32.086	  31.02676726 121.43979093 1.25  0.0 0.0
2015-07-01-19 39 32.194	  31.02676726 121.43979093 1.25  0.0 0.0
2015-07-01-19 39 32.296	  31.02676726 121.43979093 1.25  0.0 0.0
2015-07-01-19 39 32.397	  31.02676726 121.43979093 1.25  0.0 0.0
2015-07-01-19 39 32.499	  31.02676726 121.43979093 1.25  0.0 0.0
2015-07-01-19 39 32.603	  31.02676726 121.43979093 1.25  0.0 0.0
2015-07-01-19 39 32.705	  31.02676726 121.43979093 1.25  0.0 0.0
2015-07-01-19 39 32.807	  31.02676726 121.43979093 1.25  0.0 0.0
2015-07-01-19 39 32.914	  31.02679138 121.43977709 1.25  0.0 0.0
2015-07-01-19 39 33.020	  31.02679138 121.43977709 1.25  0.0 0.0
2015-07-01-19 39 33.122	  31.02679138 121.43977709 1.25  0.0 0.0
2015-07-01-19 39 33.236	  31.02679138 121.43977709 1.25  0.0 0.0
2015-07-01-19 39 33.345	  31.02679138 121.43977709 1.25  0.0 0.0
2015-07-01-19 39 33.448	  31.02679138 121.43977709 1.25  0.0 0.0
2015-07-01-19 39 33.549	  31.02679138 121.43977709 1.25  0.0 0.0
2015-07-01-19 39 33.654	  31.02679138 121.43977709 1.25  0.0 0.0
2015-07-01-19 39 33.761	  31.02679138 121.43977709 1.25  0.0 0.0
2015-07-01-19 39 33.869	  31.02679138 121.43977709 1.25  0.0 0.0
2015-07-01-19 39 33.972	  31.02679138 121.43977709 1.25  0.0 0.0
2015-07-01-19 39 34.083	  31.02679138 121.43977709 1.25  0.0 0.0
2015-07-01-19 39 34.186	  31.02679138 121.43977709 1.25  0.0 0.0
2015-07-01-19 39 34.289	  31.02679138 121.43977709 1.25  0.0 0.0
2015-07-01-19 39 34.395	  31.02679138 121.43977709 1.25  0.0 0.0
2015-07-01-19 39 34.497	  31.02679138 121.43977709 1.25  0.0 0.0
2015-07-01-19 39 34.599	  31.02679138 121.43977709 1.25  0.0 0.0
2015-07-01-19 39 34.701	  31.02679138 121.43977709 1.25  0.0 0.0
2015-07-01-19 39 34.805	  31.02679138 121.43977709 1.25  0.0 0.0
2015-07-01-19 39 34.908	  31.02679138 121.43977709 1.25  0.0 0.0
2015-07-01-19 39 35.011	  31.02679138 121.43977709 1.25  0.0 0.0
2015-07-01-19 39 35.117	  31.02679138 121.43977709 1.25  0.0 0.0
2015-07-01-19 39 35.229	  31.02679138 121.43977709 1.25  0.0 0.0
2015-07-01-19 39 35.330	  31.02679138 121.43977709 1.25  0.0 0.0
2015-07-01-19 39 35.433	  31.0268166 121.43976391 1.25  0.0 0.0
2015-07-01-19 39 35.536	  31.0268166 121.43976391 1.25  0.0 0.0
2015-07-01-19 39 35.638	  31.0268166 121.43976391 1.25  0.0 0.0
2015-07-01-19 39 35.744	  31.0268166 121.43976391 1.25  0.0 0.0
2015-07-01-19 39 35.847	  31.0268166 121.43976391 1.25  0.0 0.0
2015-07-01-19 39 35.948	  31.0268166 121.43976391 1.25  0.0 0.0
2015-07-01-19 39 36.052	  31.0268166 121.43976391 1.25  0.0 0.0
2015-07-01-19 39 36.155	  31.0268166 121.43976391 1.25  0.0 0.0
2015-07-01-19 39 36.259	  31.0268166 121.43976391 1.25  0.0 0.0
2015-07-01-19 39 36.361	  31.0268166 121.43976391 1.25  0.0 0.0
2015-07-01-19 39 36.466	  31.0268166 121.43976391 1.25  0.0 0.0
2015-07-01-19 39 36.569	  31.0268166 121.43976391 1.25  0.0 0.0
2015-07-01-19 39 36.672	  31.0268166 121.43976391 1.25  0.0 0.0
2015-07-01-19 39 36.775	  31.0268166 121.43976391 1.25  0.0 0.0
2015-07-01-19 39 36.877	  31.0268166 121.43976391 1.25  0.0 0.0
2015-07-01-19 39 36.980	  31.02684087 121.43975212 1.25  0.0 0.0
2015-07-01-19 39 37.082	  31.02684087 121.43975212 1.25  0.0 0.0
2015-07-01-19 39 37.185	  31.02684087 121.43975212 1.25  0.0 0.0
2015-07-01-19 39 37.287	  31.02684087 121.43975212 1.25  0.0 0.0
2015-07-01-19 39 37.389	  31.02684087 121.43975212 1.25  0.0 0.0
2015-07-01-19 39 37.490	  31.02684087 121.43975212 1.25  0.0 0.0
2015-07-01-19 39 37.594	  31.02684087 121.43975212 1.25  0.0 0.0
2015-07-01-19 39 37.711	  31.02684087 121.43975212 1.25  0.0 0.0
2015-07-01-19 39 37.813	  31.02684087 121.43975212 1.25  0.0 0.0
2015-07-01-19 39 37.914	  31.02684087 121.43975212 1.25  0.0 0.0
2015-07-01-19 39 38.020	  31.02684087 121.43975212 1.25  0.0 0.0
2015-07-01-19 39 38.121	  31.02684087 121.43975212 1.25  0.0 0.0
2015-07-01-19 39 38.224	  31.02684087 121.43975212 1.25  0.0 0.0
2015-07-01-19 39 38.342	  31.02684087 121.43975212 1.25  0.0 0.0
2015-07-01-19 39 38.443	  31.02684087 121.43975212 1.25  0.0 0.0
2015-07-01-19 39 38.545	  31.02684087 121.43975212 1.25  0.0 0.0
2015-07-01-19 39 38.650	  31.02684087 121.43975212 1.25  0.0 0.0
2015-07-01-19 39 38.753	  31.02684087 121.43975212 1.25  0.0 0.0
2015-07-01-19 39 38.858	  31.02686443 121.43974178 1.25  0.0 0.0
2015-07-01-19 39 38.973	  31.02686443 121.43974178 1.25  0.0 0.0
2015-07-01-19 39 39.074	  31.02686443 121.43974178 1.25  0.0 0.0
2015-07-01-19 39 39.176	  31.02686443 121.43974178 1.25  0.0 0.0
2015-07-01-19 39 39.279	  31.02686443 121.43974178 1.25  0.0 0.0
2015-07-01-19 39 39.386	  31.02686443 121.43974178 1.25  0.0 0.0
2015-07-01-19 39 39.487	  31.02686443 121.43974178 1.25  0.0 0.0
2015-07-01-19 39 39.589	  31.02686443 121.43974178 1.25  0.0 0.0
2015-07-01-19 39 39.698	  31.02686443 121.43974178 1.25  0.0 0.0
2015-07-01-19 39 39.800	  31.02686443 121.43974178 1.25  0.0 0.0
2015-07-01-19 39 39.902	  31.02686443 121.43974178 1.25  0.0 0.0
2015-07-01-19 39 40.010	  31.02686443 121.43974178 1.25  0.0 0.0
2015-07-01-19 39 40.114	  31.02686443 121.43974178 1.25  0.0 0.0
2015-07-01-19 39 40.220	  31.02686443 121.43974178 1.25  0.0 0.0
2015-07-01-19 39 40.335	  31.02686443 121.43974178 1.25  0.0 0.0
2015-07-01-19 39 40.437	  31.02686443 121.43974178 1.25  0.0 0.0
2015-07-01-19 39 40.539	  31.02686443 121.43974178 1.25  0.0 0.0
2015-07-01-19 39 40.644	  31.02686443 121.43974178 1.25  0.0 0.0
2015-07-01-19 39 40.747	  31.02686443 121.43974178 1.25  0.0 0.0
2015-07-01-19 39 40.850	  31.02686443 121.43974178 1.25  0.0 0.0
2015-07-01-19 39 40.969	  31.02688956 121.43973202 1.25  0.0 0.0
2015-07-01-19 39 41.070	  31.02688956 121.43973202 1.25  0.0 0.0
2015-07-01-19 39 41.172	  31.02688956 121.43973202 1.25  0.0 0.0
2015-07-01-19 39 41.283	  31.02688956 121.43973202 1.25  0.0 0.0
2015-07-01-19 39 41.386	  31.02688956 121.43973202 1.25  0.0 0.0
2015-07-01-19 39 41.487	  31.02688956 121.43973202 1.25  0.0 0.0
2015-07-01-19 39 41.596	  31.02688956 121.43973202 1.25  0.0 0.0
2015-07-01-19 39 41.697	  31.02688956 121.43973202 1.25  0.0 0.0
2015-07-01-19 39 41.800	  31.02688956 121.43973202 1.25  0.0 0.0
2015-07-01-19 39 41.908	  31.02688956 121.43973202 1.25  0.0 0.0
2015-07-01-19 39 42.013	  31.02688956 121.43973202 1.25  0.0 0.0
2015-07-01-19 39 42.117	  31.02688956 121.43973202 1.25  0.0 0.0
2015-07-01-19 39 42.228	  31.02688956 121.43973202 1.25  0.0 0.0
2015-07-01-19 39 42.330	  31.02688956 121.43973202 1.25  0.0 0.0
2015-07-01-19 39 42.434	  31.02688956 121.43973202 1.25  0.0 0.0
2015-07-01-19 39 42.538	  31.02688956 121.43973202 1.25  0.0 0.0
2015-07-01-19 39 42.640	  31.02688956 121.43973202 1.25  0.0 0.0
2015-07-01-19 39 42.743	  31.02688956 121.43973202 1.25  0.0 0.0
2015-07-01-19 39 42.858	  31.02688956 121.43973202 1.25  0.0 0.0
2015-07-01-19 39 42.960	  31.02688956 121.43973202 1.25  0.0 0.0
2015-07-01-19 39 43.062	  31.02691491 121.43972345 1.25  0.0 0.0
2015-07-01-19 39 43.172	  31.02691491 121.43972345 1.25  0.0 0.0
2015-07-01-19 39 43.275	  31.02691491 121.43972345 1.25  0.0 0.0
2015-07-01-19 39 43.380	  31.02691491 121.43972345 1.25  0.0 0.0
2015-07-01-19 39 43.492	  31.02691491 121.43972345 1.25  0.0 0.0
2015-07-01-19 39 43.595	  31.02691491 121.43972345 1.25  0.0 0.0
2015-07-01-19 39 43.705	  31.02691491 121.43972345 1.25  0.0 0.0
2015-07-01-19 39 43.820	  31.02691491 121.43972345 1.25  0.0 0.0
2015-07-01-19 39 43.924	  31.02691491 121.43972345 1.25  0.0 0.0
2015-07-01-19 39 44.044	  31.02691491 121.43972345 1.25  0.0 0.0
2015-07-01-19 39 44.146	  31.02691491 121.43972345 1.25  0.0 0.0
2015-07-01-19 39 44.250	  31.02691491 121.43972345 1.25  0.0 0.0
2015-07-01-19 39 44.355	  31.02691491 121.43972345 1.25  0.0 0.0
2015-07-01-19 39 44.461	  31.02691491 121.43972345 1.25  0.0 0.0
2015-07-01-19 39 44.646	  31.02691491 121.43972345 1.25  0.0 0.0
2015-07-01-19 39 44.749	  31.02691491 121.43972345 1.25  0.0 0.0
2015-07-01-19 39 44.851	  31.02691491 121.43972345 1.25  0.0 0.0
2015-07-01-19 39 44.956	  31.0269382 121.43971469 1.25  0.0 0.0
2015-07-01-19 39 45.062	  31.0269382 121.43971469 1.25  0.0 0.0
2015-07-01-19 39 45.167	  31.0269382 121.43971469 1.25  0.0 0.0
2015-07-01-19 39 45.270	  31.0269382 121.43971469 1.25  0.0 0.0
2015-07-01-19 39 45.377	  31.0269382 121.43971469 1.25  0.0 0.0
2015-07-01-19 39 45.492	  31.0269382 121.43971469 1.25  0.0 0.0
2015-07-01-19 39 45.594	  31.0269382 121.43971469 1.25  0.0 0.0
2015-07-01-19 39 45.697	  31.0269382 121.43971469 1.25  0.0 0.0
2015-07-01-19 39 45.808	  31.0269382 121.43971469 1.25  0.0 0.0
2015-07-01-19 39 45.912	  31.0269382 121.43971469 1.25  0.0 0.0
2015-07-01-19 39 46.013	  31.0269382 121.43971469 1.25  0.0 0.0
2015-07-01-19 39 46.130	  31.0269382 121.43971469 1.25  0.0 0.0
2015-07-01-19 39 46.232	  31.0269382 121.43971469 1.25  0.0 0.0
2015-07-01-19 39 46.334	  31.0269382 121.43971469 1.25  0.0 0.0
2015-07-01-19 39 46.442	  31.0269382 121.43971469 1.25  0.0 0.0
2015-07-01-19 39 46.547	  31.0269382 121.43971469 1.25  0.0 0.0
2015-07-01-19 39 46.722	  31.0269382 121.43971469 1.25  0.0 0.0
2015-07-01-19 39 46.824	  31.0269382 121.43971469 1.25  0.0 0.0
2015-07-01-19 39 46.926	  31.02696135 121.43970439 1.5  0.0 0.0
2015-07-01-19 39 47.030	  31.02696135 121.43970439 1.5  0.0 0.0
2015-07-01-19 39 47.133	  31.02696135 121.43970439 1.5  0.0 0.0
2015-07-01-19 39 47.308	  31.02696135 121.43970439 1.5  0.0 0.0
2015-07-01-19 39 47.410	  31.02696135 121.43970439 1.5  0.0 0.0
2015-07-01-19 39 47.512	  31.02696135 121.43970439 1.5  0.0 0.0
2015-07-01-19 39 47.617	  31.02696135 121.43970439 1.5  0.0 0.0
2015-07-01-19 39 47.722	  31.02696135 121.43970439 1.5  0.0 0.0
2015-07-01-19 39 47.901	  31.02696135 121.43970439 1.5  0.0 0.0
2015-07-01-19 39 48.004	  31.02696135 121.43970439 1.5  0.0 0.0
2015-07-01-19 39 48.107	  31.02696135 121.43970439 1.5  0.0 0.0
2015-07-01-19 39 48.212	  31.02696135 121.43970439 1.5  0.0 0.0
2015-07-01-19 39 48.323	  31.02696135 121.43970439 1.5  0.0 0.0
2015-07-01-19 39 48.499	  31.02696135 121.43970439 1.5  0.0 0.0
2015-07-01-19 39 48.601	  31.02696135 121.43970439 1.5  0.0 0.0
2015-07-01-19 39 48.706	  31.02696135 121.43970439 1.5  0.0 0.0
2015-07-01-19 39 48.812	  31.02696135 121.43970439 1.5  0.0 0.0
2015-07-01-19 39 48.921	  31.02698431 121.43969336 1.5  0.0 0.0
2015-07-01-19 39 49.023	  31.02698431 121.43969336 1.5  0.0 0.0
2015-07-01-19 39 49.125	  31.02698431 121.43969336 1.5  0.0 0.0
2015-07-01-19 39 49.228	  31.02698431 121.43969336 1.5  0.0 0.0
2015-07-01-19 39 49.373	  31.02698431 121.43969336 1.5  0.0 0.0
2015-07-01-19 39 49.475	  31.02698431 121.43969336 1.5  0.0 0.0
2015-07-01-19 39 49.577	  31.02698431 121.43969336 1.5  0.0 0.0
2015-07-01-19 39 49.681	  31.02698431 121.43969336 1.5  0.0 0.0
2015-07-01-19 39 49.790	  31.02698431 121.43969336 1.5  0.0 0.0
2015-07-01-19 39 49.894	  31.02698431 121.43969336 1.5  0.0 0.0
2015-07-01-19 39 49.998	  31.02698431 121.43969336 1.5  0.0 0.0
2015-07-01-19 39 50.107	  31.02698431 121.43969336 1.5  0.0 0.0
2015-07-01-19 39 50.209	  31.02698431 121.43969336 1.5  0.0 0.0
2015-07-01-19 39 50.311	  31.02698431 121.43969336 1.5  0.0 0.0
2015-07-01-19 39 50.414	  31.02698431 121.43969336 1.5  0.0 0.0
2015-07-01-19 39 50.516	  31.02698431 121.43969336 1.5  0.0 0.0
2015-07-01-19 39 50.640	  31.02698431 121.43969336 1.5  0.0 0.0
2015-07-01-19 39 50.742	  31.02698431 121.43969336 1.5  0.0 0.0
2015-07-01-19 39 50.846	  31.02698431 121.43969336 1.5  0.0 0.0
2015-07-01-19 39 50.948	  31.02698431 121.43969336 1.5  0.0 0.0
2015-07-01-19 39 51.050	  31.02700831 121.4396835 1.5  0.0 0.0
2015-07-01-19 39 51.152	  31.02700831 121.4396835 1.5  0.0 0.0
2015-07-01-19 39 51.261	  31.02700831 121.4396835 1.5  0.0 0.0
2015-07-01-19 39 51.369	  31.02700831 121.4396835 1.5  0.0 0.0
2015-07-01-19 39 51.472	  31.02700831 121.4396835 1.5  0.0 0.0
2015-07-01-19 39 51.580	  31.02700831 121.4396835 1.5  0.0 0.0
2015-07-01-19 39 51.684	  31.02700831 121.4396835 1.5  0.0 0.0
2015-07-01-19 39 51.797	  31.02700831 121.4396835 1.5  0.0 0.0
2015-07-01-19 39 51.899	  31.02700831 121.4396835 1.5  0.0 0.0
2015-07-01-19 39 52.001	  31.02700831 121.4396835 1.5  0.0 0.0
2015-07-01-19 39 52.102	  31.02700831 121.4396835 1.5  0.0 0.0
2015-07-01-19 39 52.205	  31.02700831 121.4396835 1.5  0.0 0.0
2015-07-01-19 39 52.308	  31.02700831 121.4396835 1.5  0.0 0.0
2015-07-01-19 39 52.416	  31.02700831 121.4396835 1.5  0.0 0.0
2015-07-01-19 39 52.524	  31.02700831 121.4396835 1.5  0.0 0.0
2015-07-01-19 39 52.643	  31.02700831 121.4396835 1.5  0.0 0.0
2015-07-01-19 39 52.746	  31.02700831 121.4396835 1.5  0.0 0.0
2015-07-01-19 39 52.848	  31.02703209 121.4396733 1.5  0.0 0.0
2015-07-01-19 39 52.949	  31.02703209 121.4396733 1.5  0.0 0.0
2015-07-01-19 39 53.052	  31.02703209 121.4396733 1.5  0.0 0.0
2015-07-01-19 39 53.153	  31.02703209 121.4396733 1.5  0.0 0.0
2015-07-01-19 39 53.262	  31.02703209 121.4396733 1.5  0.0 0.0
2015-07-01-19 39 53.367	  31.02703209 121.4396733 1.5  0.0 0.0
2015-07-01-19 39 53.478	  31.02703209 121.4396733 1.5  0.0 0.0
2015-07-01-19 39 53.579	  31.02703209 121.4396733 1.5  0.0 0.0
2015-07-01-19 39 53.681	  31.02703209 121.4396733 1.5  0.0 0.0
2015-07-01-19 39 53.784	  31.02703209 121.4396733 1.5  0.0 0.0
2015-07-01-19 39 53.886	  31.02703209 121.4396733 1.5  0.0 0.0
2015-07-01-19 39 53.994	  31.02703209 121.4396733 1.5  0.0 0.0
2015-07-01-19 39 54.099	  31.02703209 121.4396733 1.5  0.0 0.0
2015-07-01-19 39 54.203	  31.02703209 121.4396733 1.5  0.0 0.0
2015-07-01-19 39 54.375	  31.02703209 121.4396733 1.5  0.0 0.0
2015-07-01-19 39 54.477	  31.02703209 121.4396733 1.5  0.0 0.0
2015-07-01-19 39 54.581	  31.02703209 121.4396733 1.5  0.0 0.0
2015-07-01-19 39 54.693	  31.02703209 121.4396733 1.5  0.0 0.0
2015-07-01-19 39 54.806	  31.02703209 121.4396733 1.5  0.0 0.0
2015-07-01-19 39 54.909	  31.02705621 121.43966271 1.5  0.0 0.0
2015-07-01-19 39 55.011	  31.02705621 121.43966271 1.5  0.0 0.0
2015-07-01-19 39 55.113	  31.02705621 121.43966271 1.5  0.0 0.0
2015-07-01-19 39 55.218	  31.02705621 121.43966271 1.5  0.0 0.0
2015-07-01-19 39 55.321	  31.02705621 121.43966271 1.5  0.0 0.0
2015-07-01-19 39 55.429	  31.02705621 121.43966271 1.5  0.0 0.0
2015-07-01-19 39 55.530	  31.02705621 121.43966271 1.5  0.0 0.0
2015-07-01-19 39 55.632	  31.02705621 121.43966271 1.5  0.0 0.0
2015-07-01-19 39 55.734	  31.02705621 121.43966271 1.5  0.0 0.0
2015-07-01-19 39 55.836	  31.02705621 121.43966271 1.5  0.0 0.0
2015-07-01-19 39 55.938	  31.02705621 121.43966271 1.5  0.0 0.0
2015-07-01-19 39 56.047	  31.02705621 121.43966271 1.5  0.0 0.0
2015-07-01-19 39 56.150	  31.02705621 121.43966271 1.5  0.0 0.0
2015-07-01-19 39 56.268	  31.02705621 121.43966271 1.5  0.0 0.0
2015-07-01-19 39 56.372	  31.02705621 121.43966271 1.5  0.0 0.0
2015-07-01-19 39 56.474	  31.02705621 121.43966271 1.5  0.0 0.0
2015-07-01-19 39 56.578	  31.02705621 121.43966271 1.5  0.0 0.0
2015-07-01-19 39 56.679	  31.02705621 121.43966271 1.5  0.0 0.0
2015-07-01-19 39 56.781	  31.02705621 121.43966271 1.5  0.0 0.0
2015-07-01-19 39 56.908	  31.02707965 121.43965194 1.5  0.0 0.0
2015-07-01-19 39 57.010	  31.02707965 121.43965194 1.5  0.0 0.0
2015-07-01-19 39 57.115	  31.02707965 121.43965194 1.5  0.0 0.0
2015-07-01-19 39 57.217	  31.02707965 121.43965194 1.5  0.0 0.0
2015-07-01-19 39 57.332	  31.02707965 121.43965194 1.5  0.0 0.0
2015-07-01-19 39 57.434	  31.02707965 121.43965194 1.5  0.0 0.0
2015-07-01-19 39 57.537	  31.02707965 121.43965194 1.5  0.0 0.0
2015-07-01-19 39 57.640	  31.02707965 121.43965194 1.5  0.0 0.0
2015-07-01-19 39 57.746	  31.02707965 121.43965194 1.5  0.0 0.0
2015-07-01-19 39 57.849	  31.02707965 121.43965194 1.5  0.0 0.0
2015-07-01-19 39 57.960	  31.02707965 121.43965194 1.5  0.0 0.0
2015-07-01-19 39 58.067	  31.02707965 121.43965194 1.5  0.0 0.0
2015-07-01-19 39 58.179	  31.02707965 121.43965194 1.5  0.0 0.0
2015-07-01-19 39 58.281	  31.02707965 121.43965194 1.5  0.0 0.0
2015-07-01-19 39 58.384	  31.02707965 121.43965194 1.5  0.0 0.0
2015-07-01-19 39 58.489	  31.02707965 121.43965194 1.5  0.0 0.0
2015-07-01-19 39 58.601	  31.02707965 121.43965194 1.5  0.0 0.0
2015-07-01-19 39 58.704	  31.02707965 121.43965194 1.5  0.0 0.0
2015-07-01-19 39 58.811	  31.02707965 121.43965194 1.5  0.0 0.0
2015-07-01-19 39 58.918	  31.02707965 121.43965194 1.5  0.0 0.0
2015-07-01-19 39 59.030	  31.02710219 121.43964143 1.5  0.0 0.0
2015-07-01-19 39 59.134	  31.02710219 121.43964143 1.5  0.0 0.0
2015-07-01-19 39 59.236	  31.02710219 121.43964143 1.5  0.0 0.0
2015-07-01-19 39 59.342	  31.02710219 121.43964143 1.5  0.0 0.0
2015-07-01-19 39 59.444	  31.02710219 121.43964143 1.5  0.0 0.0
2015-07-01-19 39 59.554	  31.02710219 121.43964143 1.5  0.0 0.0
2015-07-01-19 39 59.656	  31.02710219 121.43964143 1.5  0.0 0.0
2015-07-01-19 39 59.761	  31.02710219 121.43964143 1.5  0.0 0.0
2015-07-01-19 39 59.869	  31.02710219 121.43964143 1.5  0.0 0.0
2015-07-01-19 39 59.985	  31.02710219 121.43964143 1.5  0.0 0.0
2015-07-01-19 40 00.087	  31.02710219 121.43964143 1.5  0.0 0.0
2015-07-01-19 40 00.193	  31.02710219 121.43964143 1.5  0.0 0.0
2015-07-01-19 40 00.296	  31.02710219 121.43964143 1.5  0.0 0.0
2015-07-01-19 40 00.404	  31.02710219 121.43964143 1.5  0.0 0.0
2015-07-01-19 40 00.507	  31.02710219 121.43964143 1.5  0.0 0.0
2015-07-01-19 40 00.616	  31.02710219 121.43964143 1.5  0.0 0.0
2015-07-01-19 40 00.719	  31.02710219 121.43964143 1.5  0.0 0.0
2015-07-01-19 40 00.823	  31.02710219 121.43964143 1.5  0.0 0.0
2015-07-01-19 40 00.926	  31.02710219 121.43964143 1.5  0.0 0.0
2015-07-01-19 40 01.036	  31.02712694 121.43963157 1.5  0.0 0.0
2015-07-01-19 40 01.137	  31.02712694 121.43963157 1.5  0.0 0.0
2015-07-01-19 40 01.241	  31.02712694 121.43963157 1.5  0.0 0.0
2015-07-01-19 40 01.343	  31.02712694 121.43963157 1.5  0.0 0.0
2015-07-01-19 40 01.449	  31.02712694 121.43963157 1.5  0.0 0.0
2015-07-01-19 40 01.551	  31.02712694 121.43963157 1.5  0.0 0.0
2015-07-01-19 40 01.656	  31.02712694 121.43963157 1.5  0.0 0.0
2015-07-01-19 40 01.757	  31.02712694 121.43963157 1.5  0.0 0.0
2015-07-01-19 40 01.869	  31.02712694 121.43963157 1.5  0.0 0.0
2015-07-01-19 40 01.971	  31.02712694 121.43963157 1.5  0.0 0.0
2015-07-01-19 40 02.077	  31.02712694 121.43963157 1.5  0.0 0.0
2015-07-01-19 40 02.180	  31.02712694 121.43963157 1.5  0.0 0.0
2015-07-01-19 40 02.289	  31.02712694 121.43963157 1.5  0.0 0.0
2015-07-01-19 40 02.392	  31.02712694 121.43963157 1.5  0.0 0.0
2015-07-01-19 40 02.500	  31.02712694 121.43963157 1.5  0.0 0.0
2015-07-01-19 40 02.602	  31.02712694 121.43963157 1.5  0.0 0.0
2015-07-01-19 40 02.708	  31.02712694 121.43963157 1.5  0.0 0.0
2015-07-01-19 40 02.811	  31.02712694 121.43963157 1.5  0.0 0.0
2015-07-01-19 40 02.917	  31.02715236 121.43962246 1.5  0.0 0.0
2015-07-01-19 40 03.019	  31.02715236 121.43962246 1.5  0.0 0.0
2015-07-01-19 40 03.127	  31.02715236 121.43962246 1.5  0.0 0.0
2015-07-01-19 40 03.231	  31.02715236 121.43962246 1.5  0.0 0.0
2015-07-01-19 40 03.347	  31.02715236 121.43962246 1.5  0.0 0.0
2015-07-01-19 40 03.450	  31.02715236 121.43962246 1.5  0.0 0.0
2015-07-01-19 40 03.558	  31.02715236 121.43962246 1.5  0.0 0.0
2015-07-01-19 40 03.660	  31.02715236 121.43962246 1.5  0.0 0.0
2015-07-01-19 40 03.771	  31.02715236 121.43962246 1.5  0.0 0.0
2015-07-01-19 40 03.874	  31.02715236 121.43962246 1.5  0.0 0.0
2015-07-01-19 40 03.980	  31.02715236 121.43962246 1.5  0.0 0.0
2015-07-01-19 40 04.084	  31.02715236 121.43962246 1.5  0.0 0.0
2015-07-01-19 40 04.229	  31.02715236 121.43962246 1.5  0.0 0.0
2015-07-01-19 40 04.390	  31.02715236 121.43962246 1.5  0.0 0.0
2015-07-01-19 40 04.493	  31.02715236 121.43962246 1.5  0.0 0.0
2015-07-01-19 40 04.646	  31.02715236 121.43962246 1.5  0.0 0.0
2015-07-01-19 40 04.750	  31.02715236 121.43962246 1.5  0.0 0.0
2015-07-01-19 40 04.933	  31.02717663 121.43961225 1.5  0.0 0.0
2015-07-01-19 40 05.036	  31.02717663 121.43961225 1.5  0.0 0.0
2015-07-01-19 40 05.238	  31.02717663 121.43961225 1.5  0.0 0.0
2015-07-01-19 40 05.348	  31.02717663 121.43961225 1.5  0.0 0.0
2015-07-01-19 40 05.451	  31.02717663 121.43961225 1.5  0.0 0.0
2015-07-01-19 40 05.558	  31.02717663 121.43961225 1.5  0.0 0.0
2015-07-01-19 40 05.660	  31.02717663 121.43961225 1.5  0.0 0.0
2015-07-01-19 40 05.768	  31.02717663 121.43961225 1.5  0.0 0.0
2015-07-01-19 40 05.870	  31.02717663 121.43961225 1.5  0.0 0.0
2015-07-01-19 40 05.977	  31.02717663 121.43961225 1.5  0.0 0.0
2015-07-01-19 40 06.082	  31.02717663 121.43961225 1.5  0.0 0.0
2015-07-01-19 40 06.191	  31.02717663 121.43961225 1.5  0.0 0.0
2015-07-01-19 40 06.294	  31.02717663 121.43961225 1.5  0.0 0.0
2015-07-01-19 40 06.405	  31.02717663 121.43961225 1.5  0.0 0.0
2015-07-01-19 40 06.508	  31.02717663 121.43961225 1.5  0.0 0.0
2015-07-01-19 40 06.625	  31.02717663 121.43961225 1.5  0.0 0.0
2015-07-01-19 40 06.727	  31.02717663 121.43961225 1.5  0.0 0.0
2015-07-01-19 40 06.897	  31.02717663 121.43961225 1.5  0.0 0.0
2015-07-01-19 40 06.999	  31.02720175 121.43960242 1.5  0.0 0.0
2015-07-01-19 40 07.106	  31.02720175 121.43960242 1.5  0.0 0.0
2015-07-01-19 40 07.241	  31.02720175 121.43960242 1.5  0.0 0.0
2015-07-01-19 40 07.345	  31.02720175 121.43960242 1.5  0.0 0.0
2015-07-01-19 40 07.508	  31.02720175 121.43960242 1.5  0.0 0.0
2015-07-01-19 40 07.611	  31.02720175 121.43960242 1.5  0.0 0.0
2015-07-01-19 40 07.772	  31.02720175 121.43960242 1.5  0.0 0.0
2015-07-01-19 40 07.875	  31.02720175 121.43960242 1.5  0.0 0.0
2015-07-01-19 40 08.004	  31.02720175 121.43960242 1.5  0.0 0.0
2015-07-01-19 40 08.119	  31.02720175 121.43960242 1.5  0.0 0.0
2015-07-01-19 40 08.221	  31.02720175 121.43960242 1.5  0.0 0.0
2015-07-01-19 40 08.324	  31.02720175 121.43960242 1.5  0.0 0.0
2015-07-01-19 40 08.426	  31.02720175 121.43960242 1.5  0.0 0.0
2015-07-01-19 40 08.589	  31.02720175 121.43960242 1.5  0.0 0.0
2015-07-01-19 40 08.691	  31.02720175 121.43960242 1.5  0.0 0.0
2015-07-01-19 40 08.809	  31.02722669 121.43959305999999 1.5  0.0 0.0
2015-07-01-19 40 08.918	  31.02722669 121.43959305999999 1.5  0.0 0.0
2015-07-01-19 40 09.019	  31.02722669 121.43959305999999 1.5  0.0 0.0
2015-07-01-19 40 09.165	  31.02722669 121.43959305999999 1.5  0.0 0.0
2015-07-01-19 40 09.342	  31.02722669 121.43959305999999 1.5  0.0 0.0
2015-07-01-19 40 09.444	  31.02722669 121.43959305999999 1.5  0.0 0.0
2015-07-01-19 40 09.560	  31.02722669 121.43959305999999 1.5  0.0 0.0
2015-07-01-19 40 09.674	  31.02722669 121.43959305999999 1.5  0.0 0.0
2015-07-01-19 40 09.781	  31.02722669 121.43959305999999 1.5  0.0 0.0
2015-07-01-19 40 09.899	  31.02722669 121.43959305999999 1.5  0.0 0.0
2015-07-01-19 40 10.001	  31.02722669 121.43959305999999 1.5  0.0 0.0
2015-07-01-19 40 10.182	  31.02722669 121.43959305999999 1.5  0.0 0.0
2015-07-01-19 40 10.290	  31.02722669 121.43959305999999 1.5  0.0 0.0
2015-07-01-19 40 10.393	  31.02722669 121.43959305999999 1.5  0.0 0.0
2015-07-01-19 40 10.525	  31.02722669 121.43959305999999 1.5  0.0 0.0
2015-07-01-19 40 10.630	  31.02722669 121.43959305999999 1.5  0.0 0.0
2015-07-01-19 40 10.783	  31.02722669 121.43959305999999 1.5  0.0 0.0
2015-07-01-19 40 10.903	  31.02725164 121.4395827 1.5  0.0 0.0
2015-07-01-19 40 11.006	  31.02725164 121.4395827 1.5  0.0 0.0
2015-07-01-19 40 11.139	  31.02725164 121.4395827 1.5  0.0 0.0
2015-07-01-19 40 11.242	  31.02725164 121.4395827 1.5  0.0 0.0
2015-07-01-19 40 11.429	  31.02725164 121.4395827 1.5  0.0 0.0
2015-07-01-19 40 11.534	  31.02725164 121.4395827 1.5  0.0 0.0
2015-07-01-19 40 11.637	  31.02725164 121.4395827 1.5  0.0 0.0
2015-07-01-19 40 11.753	  31.02725164 121.4395827 1.5  0.0 0.0
2015-07-01-19 40 11.856	  31.02725164 121.4395827 1.5  0.0 0.0
2015-07-01-19 40 11.974	  31.02725164 121.4395827 1.5  0.0 0.0
2015-07-01-19 40 12.081	  31.02725164 121.4395827 1.5  0.0 0.0
2015-07-01-19 40 12.183	  31.02725164 121.4395827 1.5  0.0 0.0
2015-07-01-19 40 12.345	  31.02725164 121.4395827 1.5  0.0 0.0
2015-07-01-19 40 12.448	  31.02725164 121.4395827 1.5  0.0 0.0
2015-07-01-19 40 12.583	  31.02725164 121.4395827 1.5  0.0 0.0
2015-07-01-19 40 12.687	  31.02725164 121.4395827 1.5  0.0 0.0
2015-07-01-19 40 12.789	  31.02725164 121.4395827 1.5  0.0 0.0
2015-07-01-19 40 12.951	  31.02727571 121.43957036 1.5  0.0 0.0
2015-07-01-19 40 13.053	  31.02727571 121.43957036 1.5  0.0 0.0
2015-07-01-19 40 13.243	  31.02727571 121.43957036 1.5  0.0 0.0
2015-07-01-19 40 13.350	  31.02727571 121.43957036 1.5  0.0 0.0
2015-07-01-19 40 13.454	  31.02727571 121.43957036 1.5  0.0 0.0
2015-07-01-19 40 13.627	  31.02727571 121.43957036 1.5  0.0 0.0
2015-07-01-19 40 13.728	  31.02727571 121.43957036 1.5  0.0 0.0
2015-07-01-19 40 13.832	  31.02727571 121.43957036 1.5  0.0 0.0
2015-07-01-19 40 13.993	  31.02727571 121.43957036 1.5  0.0 0.0
2015-07-01-19 40 14.094	  31.02727571 121.43957036 1.5  0.0 0.0
2015-07-01-19 40 14.207	  31.02727571 121.43957036 1.5  0.0 0.0
2015-07-01-19 40 14.315	  31.02727571 121.43957036 1.5  0.0 0.0
2015-07-01-19 40 14.427	  31.02727571 121.43957036 1.5  0.0 0.0
2015-07-01-19 40 14.534	  31.02727571 121.43957036 1.5  0.0 0.0
2015-07-01-19 40 14.691	  31.02727571 121.43957036 1.5  0.0 0.0
2015-07-01-19 40 14.793	  31.02727571 121.43957036 1.5  0.0 0.0
2015-07-01-19 40 14.896	  31.02727571 121.43957036 1.5  0.0 0.0
2015-07-01-19 40 15.040	  31.02727571 121.43957036 1.5  0.0 0.0
2015-07-01-19 40 15.142	  31.02727571 121.43957036 1.5  0.0 0.0
2015-07-01-19 40 15.246	  31.02727571 121.43957036 1.5  0.0 0.0
2015-07-01-19 40 15.380	  31.02727571 121.43957036 1.5  0.0 0.0
2015-07-01-19 40 15.482	  31.02730082 121.43955774 1.5  0.0 0.0
2015-07-01-19 40 15.584	  31.02730082 121.43955774 1.5  0.0 0.0
2015-07-01-19 40 15.734	  31.02730082 121.43955774 1.5  0.0 0.0
2015-07-01-19 40 15.837	  31.02730082 121.43955774 1.5  0.0 0.0
2015-07-01-19 40 15.939	  31.02730082 121.43955774 1.5  0.0 0.0
2015-07-01-19 40 16.091	  31.02730082 121.43955774 1.5  0.0 0.0
2015-07-01-19 40 16.193	  31.02730082 121.43955774 1.5  0.0 0.0
2015-07-01-19 40 16.295	  31.02730082 121.43955774 1.5  0.0 0.0
2015-07-01-19 40 16.451	  31.02730082 121.43955774 1.5  0.0 0.0
2015-07-01-19 40 16.552	  31.02730082 121.43955774 1.5  0.0 0.0
2015-07-01-19 40 16.658	  31.02730082 121.43955774 1.5  0.0 0.0
2015-07-01-19 40 16.807	  31.02730082 121.43955774 1.5  0.0 0.0
2015-07-01-19 40 16.910	  31.02732546 121.43954637 1.5  0.0 0.0
2015-07-01-19 40 17.015	  31.02732546 121.43954637 1.5  0.0 0.0
2015-07-01-19 40 17.151	  31.02732546 121.43954637 1.5  0.0 0.0
2015-07-01-19 40 17.257	  31.02732546 121.43954637 1.5  0.0 0.0
2015-07-01-19 40 17.359	  31.02732546 121.43954637 1.5  0.0 0.0
2015-07-01-19 40 17.502	  31.02732546 121.43954637 1.5  0.0 0.0
2015-07-01-19 40 17.611	  31.02732546 121.43954637 1.5  0.0 0.0
2015-07-01-19 40 17.715	  31.02732546 121.43954637 1.5  0.0 0.0
2015-07-01-19 40 17.863	  31.02732546 121.43954637 1.5  0.0 0.0
2015-07-01-19 40 17.966	  31.02732546 121.43954637 1.5  0.0 0.0
2015-07-01-19 40 18.069	  31.02732546 121.43954637 1.5  0.0 0.0
2015-07-01-19 40 18.199	  31.02732546 121.43954637 1.5  0.0 0.0
2015-07-01-19 40 18.302	  31.02732546 121.43954637 1.5  0.0 0.0
2015-07-01-19 40 18.407	  31.02732546 121.43954637 1.5  0.0 0.0
2015-07-01-19 40 18.572	  31.02732546 121.43954637 1.5  0.0 0.0
2015-07-01-19 40 18.678	  31.02732546 121.43954637 1.5  0.0 0.0
2015-07-01-19 40 18.781	  31.0273492 121.43953693 1.5  0.0 0.0
2015-07-01-19 40 18.952	  31.0273492 121.43953693 1.5  0.0 0.0
2015-07-01-19 40 19.059	  31.0273492 121.43953693 1.5  0.0 0.0
2015-07-01-19 40 19.163	  31.0273492 121.43953693 1.5  0.0 0.0
2015-07-01-19 40 19.321	  31.0273492 121.43953693 1.5  0.0 0.0
2015-07-01-19 40 19.447	  31.0273492 121.43953693 1.5  0.0 0.0
2015-07-01-19 40 19.588	  31.0273492 121.43953693 1.5  0.0 0.0
2015-07-01-19 40 19.692	  31.0273492 121.43953693 1.5  0.0 0.0
2015-07-01-19 40 19.798	  31.0273492 121.43953693 1.5  0.0 0.0
2015-07-01-19 40 19.963	  31.0273492 121.43953693 1.5  0.0 0.0
2015-07-01-19 40 20.067	  31.0273492 121.43953693 1.5  0.0 0.0
2015-07-01-19 40 20.207	  31.0273492 121.43953693 1.5  0.0 0.0
2015-07-01-19 40 20.346	  31.0273492 121.43953693 1.5  0.0 0.0
2015-07-01-19 40 20.454	  31.0273492 121.43953693 1.5  0.0 0.0
2015-07-01-19 40 20.568	  31.0273492 121.43953693 1.5  0.0 0.0
2015-07-01-19 40 20.713	  31.0273492 121.43953693 1.5  0.0 0.0
2015-07-01-19 40 20.847	  31.0273729 121.43952623 1.5  0.0 0.0
2015-07-01-19 40 20.956	  31.0273729 121.43952623 1.5  0.0 0.0
2015-07-01-19 40 21.058	  31.0273729 121.43952623 1.5  0.0 0.0
2015-07-01-19 40 21.193	  31.0273729 121.43952623 1.5  0.0 0.0
2015-07-01-19 40 21.300	  31.0273729 121.43952623 1.5  0.0 0.0
2015-07-01-19 40 21.404	  31.0273729 121.43952623 1.5  0.0 0.0
2015-07-01-19 40 21.579	  31.0273729 121.43952623 1.5  0.0 0.0
2015-07-01-19 40 21.699	  31.0273729 121.43952623 1.5  0.0 0.0
2015-07-01-19 40 21.806	  31.0273729 121.43952623 1.5  0.0 0.0
2015-07-01-19 40 21.917	  31.0273729 121.43952623 1.5  0.0 0.0
2015-07-01-19 40 22.050	  31.0273729 121.43952623 1.5  0.0 0.0
2015-07-01-19 40 22.193	  31.0273729 121.43952623 1.5  0.0 0.0
2015-07-01-19 40 22.295	  31.0273729 121.43952623 1.5  0.0 0.0
2015-07-01-19 40 22.397	  31.0273729 121.43952623 1.5  0.0 0.0
2015-07-01-19 40 22.518	  31.0273729 121.43952623 1.5  0.0 0.0
2015-07-01-19 40 22.648	  31.0273729 121.43952623 1.5  0.0 0.0
2015-07-01-19 40 22.756	  31.0273729 121.43952623 1.5  0.0 0.0
2015-07-01-19 40 22.862	  31.02739637 121.43951565 1.5  0.0 0.0
2015-07-01-19 40 22.979	  31.02739637 121.43951565 1.5  0.0 0.0
2015-07-01-19 40 23.114	  31.02739637 121.43951565 1.5  0.0 0.0
2015-07-01-19 40 23.226	  31.02739637 121.43951565 1.5  0.0 0.0
2015-07-01-19 40 23.330	  31.02739637 121.43951565 1.5  0.0 0.0
2015-07-01-19 40 23.483	  31.02739637 121.43951565 1.5  0.0 0.0
2015-07-01-19 40 23.638	  31.02739637 121.43951565 1.5  0.0 0.0
2015-07-01-19 40 23.740	  31.02739637 121.43951565 1.5  0.0 0.0
2015-07-01-19 40 23.842	  31.02739637 121.43951565 1.5  0.0 0.0
2015-07-01-19 40 23.994	  31.02739637 121.43951565 1.5  0.0 0.0
2015-07-01-19 40 24.132	  31.02739637 121.43951565 1.5  0.0 0.0
2015-07-01-19 40 24.234	  31.02739637 121.43951565 1.5  0.0 0.0
2015-07-01-19 40 24.340	  31.02739637 121.43951565 1.5  0.0 0.0
2015-07-01-19 40 24.492	  31.02739637 121.43951565 1.5  0.0 0.0
2015-07-01-19 40 24.595	  31.02739637 121.43951565 1.5  0.0 0.0
2015-07-01-19 40 24.722	  31.02739637 121.43951565 1.5  0.0 0.0
2015-07-01-19 40 24.882	  31.02741888 121.43950828 1.25  0.0 0.0
2015-07-01-19 40 24.984	  31.02741888 121.43950828 1.25  0.0 0.0
2015-07-01-19 40 25.090	  31.02741888 121.43950828 1.25  0.0 0.0
2015-07-01-19 40 25.266	  31.02741888 121.43950828 1.25  0.0 0.0
2015-07-01-19 40 25.384	  31.02741888 121.43950828 1.25  0.0 0.0
2015-07-01-19 40 25.502	  31.02741888 121.43950828 1.25  0.0 0.0
2015-07-01-19 40 25.605	  31.02741888 121.43950828 1.25  0.0 0.0
2015-07-01-19 40 25.728	  31.02741888 121.43950828 1.25  0.0 0.0
2015-07-01-19 40 25.860	  31.02741888 121.43950828 1.25  0.0 0.0
2015-07-01-19 40 25.962	  31.02741888 121.43950828 1.25  0.0 0.0
2015-07-01-19 40 26.065	  31.02741888 121.43950828 1.25  0.0 0.0
2015-07-01-19 40 26.217	  31.02741888 121.43950828 1.25  0.0 0.0
2015-07-01-19 40 26.348	  31.02741888 121.43950828 1.25  0.0 0.0
2015-07-01-19 40 26.451	  31.02741888 121.43950828 1.25  0.0 0.0
2015-07-01-19 40 26.554	  31.02741888 121.43950828 1.25  0.0 0.0
2015-07-01-19 40 26.689	  31.02741888 121.43950828 1.25  0.0 0.0
2015-07-01-19 40 26.838	  31.02744134 121.43949898 1.25  0.0 0.0
2015-07-01-19 40 26.946	  31.02744134 121.43949898 1.25  0.0 0.0
2015-07-01-19 40 27.047	  31.02744134 121.43949898 1.25  0.0 0.0
2015-07-01-19 40 27.165	  31.02744134 121.43949898 1.25  0.0 0.0
2015-07-01-19 40 27.286	  31.02744134 121.43949898 1.25  0.0 0.0
2015-07-01-19 40 27.396	  31.02744134 121.43949898 1.25  0.0 0.0
2015-07-01-19 40 27.500	  31.02744134 121.43949898 1.25  0.0 0.0
2015-07-01-19 40 27.648	  31.02744134 121.43949898 1.25  0.0 0.0
2015-07-01-19 40 27.767	  31.02744134 121.43949898 1.25  0.0 0.0
2015-07-01-19 40 27.899	  31.02744134 121.43949898 1.25  0.0 0.0
2015-07-01-19 40 28.001	  31.02744134 121.43949898 1.25  0.0 0.0
2015-07-01-19 40 28.144	  31.02744134 121.43949898 1.25  0.0 0.0
2015-07-01-19 40 28.303	  31.02744134 121.43949898 1.25  0.0 0.0
2015-07-01-19 40 28.408	  31.02744134 121.43949898 1.25  0.0 0.0
2015-07-01-19 40 28.513	  31.02744134 121.43949898 1.25  0.0 0.0
2015-07-01-19 40 28.648	  31.02744134 121.43949898 1.25  0.0 0.0
2015-07-01-19 40 28.825	  31.02746583 121.4394885 1.25  0.0 0.0
2015-07-01-19 40 28.932	  31.02746583 121.4394885 1.25  0.0 0.0
2015-07-01-19 40 29.034	  31.02746583 121.4394885 1.25  0.0 0.0
2015-07-01-19 40 29.194	  31.02746583 121.4394885 1.25  0.0 0.0
2015-07-01-19 40 29.330	  31.02746583 121.4394885 1.25  0.0 0.0
2015-07-01-19 40 29.435	  31.02746583 121.4394885 1.25  0.0 0.0
2015-07-01-19 40 29.539	  31.02746583 121.4394885 1.25  0.0 0.0
2015-07-01-19 40 29.647	  31.02746583 121.4394885 1.25  0.0 0.0
2015-07-01-19 40 29.753	  31.02746583 121.4394885 1.25  0.0 0.0
2015-07-01-19 40 29.950	  31.02746583 121.4394885 1.25  0.0 0.0
2015-07-01-19 40 30.066	  31.02746583 121.4394885 1.25  0.0 0.0
2015-07-01-19 40 30.170	  31.02746583 121.4394885 1.25  0.0 0.0
2015-07-01-19 40 30.276	  31.02746583 121.4394885 1.25  0.0 0.0
2015-07-01-19 40 30.455	  31.02746583 121.4394885 1.25  0.0 0.0
2015-07-01-19 40 30.597	  31.02746583 121.4394885 1.25  0.0 0.0
2015-07-01-19 40 30.699	  31.02746583 121.4394885 1.25  0.0 0.0
2015-07-01-19 40 30.806	  31.02749156 121.43947438 1.5  0.0 0.0
2015-07-01-19 40 30.955	  31.02749156 121.43947438 1.5  0.0 0.0
2015-07-01-19 40 31.094	  31.02749156 121.43947438 1.5  0.0 0.0
2015-07-01-19 40 31.197	  31.02749156 121.43947438 1.5  0.0 0.0
2015-07-01-19 40 31.302	  31.02749156 121.43947438 1.5  0.0 0.0
2015-07-01-19 40 31.447	  31.02749156 121.43947438 1.5  0.0 0.0
2015-07-01-19 40 31.639	  31.02749156 121.43947438 1.5  0.0 0.0
2015-07-01-19 40 31.747	  31.02749156 121.43947438 1.5  0.0 0.0
2015-07-01-19 40 31.852	  31.02749156 121.43947438 1.5  0.0 0.0
2015-07-01-19 40 31.970	  31.02749156 121.43947438 1.5  0.0 0.0
2015-07-01-19 40 32.099	  31.02749156 121.43947438 1.5  0.0 0.0
2015-07-01-19 40 32.206	  31.02749156 121.43947438 1.5  0.0 0.0
2015-07-01-19 40 32.309	  31.02749156 121.43947438 1.5  0.0 0.0
2015-07-01-19 40 32.456	  31.02749156 121.43947438 1.5  0.0 0.0
2015-07-01-19 40 32.600	  31.02749156 121.43947438 1.5  0.0 0.0
2015-07-01-19 40 32.717	  31.02749156 121.43947438 1.5  0.0 0.0
2015-07-01-19 40 32.826	  31.02751747 121.43946053 1.25  0.0 0.0
2015-07-01-19 40 32.976	  31.02751747 121.43946053 1.25  0.0 0.0
2015-07-01-19 40 33.091	  31.02751747 121.43946053 1.25  0.0 0.0
2015-07-01-19 40 33.197	  31.02751747 121.43946053 1.25  0.0 0.0
2015-07-01-19 40 33.301	  31.02751747 121.43946053 1.25  0.0 0.0
2015-07-01-19 40 33.423	  31.02751747 121.43946053 1.25  0.0 0.0
2015-07-01-19 40 33.564	  31.02751747 121.43946053 1.25  0.0 0.0
2015-07-01-19 40 33.704	  31.02751747 121.43946053 1.25  0.0 0.0
2015-07-01-19 40 33.832	  31.02751747 121.43946053 1.25  0.0 0.0
2015-07-01-19 40 33.941	  31.02751747 121.43946053 1.25  0.0 0.0
2015-07-01-19 40 34.043	  31.02751747 121.43946053 1.25  0.0 0.0
2015-07-01-19 40 34.160	  31.02751747 121.43946053 1.25  0.0 0.0
2015-07-01-19 40 34.300	  31.02751747 121.43946053 1.25  0.0 0.0
2015-07-01-19 40 34.443	  31.02751747 121.43946053 1.25  0.0 0.0
2015-07-01-19 40 34.586	  31.02751747 121.43946053 1.25  0.0 0.0
2015-07-01-19 40 34.743	  31.02751747 121.43946053 1.25  0.0 0.0
2015-07-01-19 40 34.866	  31.02754237 121.43944729 1.5  0.0 0.0
2015-07-01-19 40 34.972	  31.02754237 121.43944729 1.5  0.0 0.0
2015-07-01-19 40 35.076	  31.02754237 121.43944729 1.5  0.0 0.0
2015-07-01-19 40 35.177	  31.02754237 121.43944729 1.5  0.0 0.0
2015-07-01-19 40 35.315	  31.02754237 121.43944729 1.5  0.0 0.0
2015-07-01-19 40 35.420	  31.02754237 121.43944729 1.5  0.0 0.0
2015-07-01-19 40 35.580	  31.02754237 121.43944729 1.5  0.0 0.0
2015-07-01-19 40 35.738	  31.02754237 121.43944729 1.5  0.0 0.0
2015-07-01-19 40 35.885	  31.02754237 121.43944729 1.5  0.0 0.0
2015-07-01-19 40 36.001	  31.02754237 121.43944729 1.5  0.0 0.0
2015-07-01-19 40 36.118	  31.02754237 121.43944729 1.5  0.0 0.0
2015-07-01-19 40 36.271	  31.02754237 121.43944729 1.5  0.0 0.0
2015-07-01-19 40 36.399	  31.02754237 121.43944729 1.5  0.0 0.0
2015-07-01-19 40 36.516	  31.02754237 121.43944729 1.5  0.0 0.0
2015-07-01-19 40 36.658	  31.02754237 121.43944729 1.5  0.0 0.0
2015-07-01-19 40 36.829	  31.02756756 121.43943724 1.5  0.0 0.0
2015-07-01-19 40 36.986	  31.02756756 121.43943724 1.5  0.0 0.0
2015-07-01-19 40 37.124	  31.02756756 121.43943724 1.5  0.0 0.0
2015-07-01-19 40 37.267	  31.02756756 121.43943724 1.5  0.0 0.0
2015-07-01-19 40 37.413	  31.02756756 121.43943724 1.5  0.0 0.0
2015-07-01-19 40 37.578	  31.02756756 121.43943724 1.5  0.0 0.0
2015-07-01-19 40 37.717	  31.02756756 121.43943724 1.5  0.0 0.0
2015-07-01-19 40 37.868	  31.02756756 121.43943724 1.5  0.0 0.0
2015-07-01-19 40 38.011	  31.02756756 121.43943724 1.5  0.0 0.0
2015-07-01-19 40 38.162	  31.02756756 121.43943724 1.5  0.0 0.0
2015-07-01-19 40 38.325	  31.02756756 121.43943724 1.5  0.0 0.0
2015-07-01-19 40 38.474	  31.02756756 121.43943724 1.5  0.0 0.0
2015-07-01-19 40 38.636	  31.02756756 121.43943724 1.5  0.0 0.0
2015-07-01-19 40 38.755	  31.02756756 121.43943724 1.5  0.0 0.0
2015-07-01-19 40 38.943	  31.02759305 121.43942729 1.5  0.0 0.0
2015-07-01-19 40 39.085	  31.02759305 121.43942729 1.5  0.0 0.0
2015-07-01-19 40 39.232	  31.02759305 121.43942729 1.5  0.0 0.0
2015-07-01-19 40 39.351	  31.02759305 121.43942729 1.5  0.0 0.0
2015-07-01-19 40 39.476	  31.02759305 121.43942729 1.5  0.0 0.0
2015-07-01-19 40 39.645	  31.02759305 121.43942729 1.5  0.0 0.0
2015-07-01-19 40 39.764	  31.02759305 121.43942729 1.5  0.0 0.0
2015-07-01-19 40 39.908	  31.02759305 121.43942729 1.5  0.0 0.0
2015-07-01-19 40 40.027	  31.02759305 121.43942729 1.5  0.0 0.0
2015-07-01-19 40 40.168	  31.02759305 121.43942729 1.5  0.0 0.0
2015-07-01-19 40 40.275	  31.02759305 121.43942729 1.5  0.0 0.0
2015-07-01-19 40 40.398	  31.02759305 121.43942729 1.5  0.0 0.0
2015-07-01-19 40 40.568	  31.02759305 121.43942729 1.5  0.0 0.0
2015-07-01-19 40 40.671	  31.02759305 121.43942729 1.5  0.0 0.0
2015-07-01-19 40 40.774	  31.02761772 121.43941621 1.5  0.0 0.0
2015-07-01-19 40 40.953	  31.02761772 121.43941621 1.5  0.0 0.0
2015-07-01-19 40 41.111	  31.02761772 121.43941621 1.5  0.0 0.0
2015-07-01-19 40 41.289	  31.02761772 121.43941621 1.5  0.0 0.0
2015-07-01-19 40 41.429	  31.02761772 121.43941621 1.5  0.0 0.0
2015-07-01-19 40 41.588	  31.02761772 121.43941621 1.5  0.0 0.0
2015-07-01-19 40 41.706	  31.02761772 121.43941621 1.5  0.0 0.0
2015-07-01-19 40 41.859	  31.02761772 121.43941621 1.5  0.0 0.0
2015-07-01-19 40 42.016	  31.02761772 121.43941621 1.5  0.0 0.0
2015-07-01-19 40 42.174	  31.02761772 121.43941621 1.5  0.0 0.0
2015-07-01-19 40 42.332	  31.02761772 121.43941621 1.5  0.0 0.0
2015-07-01-19 40 42.484	  31.02761772 121.43941621 1.5  0.0 0.0
2015-07-01-19 40 42.626	  31.02761772 121.43941621 1.5  0.0 0.0
2015-07-01-19 40 42.787	  31.02761772 121.43941621 1.5  0.0 0.0
2015-07-01-19 40 42.907	  31.02764199 121.43940645 1.5  0.0 0.0
2015-07-01-19 40 43.041	  31.02764199 121.43940645 1.5  0.0 0.0
2015-07-01-19 40 43.223	  31.02764199 121.43940645 1.5  0.0 0.0
2015-07-01-19 40 43.341	  31.02764199 121.43940645 1.5  0.0 0.0
2015-07-01-19 40 43.514	  31.02764199 121.43940645 1.5  0.0 0.0
2015-07-01-19 40 43.661	  31.02764199 121.43940645 1.5  0.0 0.0
2015-07-01-19 40 43.820	  31.02764199 121.43940645 1.5  0.0 0.0
2015-07-01-19 40 43.958	  31.02764199 121.43940645 1.5  0.0 0.0
2015-07-01-19 40 44.094	  31.02764199 121.43940645 1.5  0.0 0.0
2015-07-01-19 40 44.240	  31.02764199 121.43940645 1.5  0.0 0.0
2015-07-01-19 40 44.387	  31.02764199 121.43940645 1.5  0.0 0.0
2015-07-01-19 40 44.513	  31.02764199 121.43940645 1.5  0.0 0.0
2015-07-01-19 40 44.623	  31.02764199 121.43940645 1.5  0.0 0.0
2015-07-01-19 40 44.727	  31.02764199 121.43940645 1.5  0.0 0.0
2015-07-01-19 40 44.832	  31.02766527 121.4393965 1.5  0.0 0.0
2015-07-01-19 40 44.940	  31.02766527 121.4393965 1.5  0.0 0.0
2015-07-01-19 40 45.043	  31.02766527 121.4393965 1.5  0.0 0.0
2015-07-01-19 40 45.146	  31.02766527 121.4393965 1.5  0.0 0.0
2015-07-01-19 40 45.291	  31.02766527 121.4393965 1.5  0.0 0.0
2015-07-01-19 40 45.398	  31.02766527 121.4393965 1.5  0.0 0.0
2015-07-01-19 40 45.503	  31.02766527 121.4393965 1.5  0.0 0.0
2015-07-01-19 40 45.619	  31.02766527 121.4393965 1.5  0.0 0.0
2015-07-01-19 40 45.735	  31.02766527 121.4393965 1.5  0.0 0.0
2015-07-01-19 40 45.882	  31.02766527 121.4393965 1.5  0.0 0.0
2015-07-01-19 40 46.008	  31.02766527 121.4393965 1.5  0.0 0.0
2015-07-01-19 40 46.127	  31.02766527 121.4393965 1.5  0.0 0.0
2015-07-01-19 40 46.274	  31.02766527 121.4393965 1.5  0.0 0.0
2015-07-01-19 40 46.390	  31.02766527 121.4393965 1.5  0.0 0.0
2015-07-01-19 40 46.492	  31.02766527 121.4393965 1.5  0.0 0.0
2015-07-01-19 40 46.597	  31.02766527 121.4393965 1.5  0.0 0.0
2015-07-01-19 40 46.701	  31.02766527 121.4393965 1.5  0.0 0.0
2015-07-01-19 40 46.805	  31.02766527 121.4393965 1.5  0.0 0.0
2015-07-01-19 40 46.924	  31.02768808 121.4393864 1.5  0.0 0.0
2015-07-01-19 40 47.029	  31.02768808 121.4393864 1.5  0.0 0.0
2015-07-01-19 40 47.133	  31.02768808 121.4393864 1.5  0.0 0.0
2015-07-01-19 40 47.234	  31.02768808 121.4393864 1.5  0.0 0.0
2015-07-01-19 40 47.339	  31.02768808 121.4393864 1.5  0.0 0.0
2015-07-01-19 40 47.447	  31.02768808 121.4393864 1.5  0.0 0.0
2015-07-01-19 40 47.561	  31.02768808 121.4393864 1.5  0.0 0.0
2015-07-01-19 40 47.706	  31.02768808 121.4393864 1.5  0.0 0.0
2015-07-01-19 40 47.844	  31.02768808 121.4393864 1.5  0.0 0.0
2015-07-01-19 40 47.989	  31.02768808 121.4393864 1.5  0.0 0.0
2015-07-01-19 40 48.107	  31.02768808 121.4393864 1.5  0.0 0.0
2015-07-01-19 40 48.218	  31.02768808 121.4393864 1.5  0.0 0.0
2015-07-01-19 40 48.321	  31.02768808 121.4393864 1.5  0.0 0.0
2015-07-01-19 40 48.426	  31.02768808 121.4393864 1.5  0.0 0.0
2015-07-01-19 40 48.573	  31.02768808 121.4393864 1.5  0.0 0.0
2015-07-01-19 40 48.692	  31.02768808 121.4393864 1.5  0.0 0.0
2015-07-01-19 40 48.795	  31.02768808 121.4393864 1.5  0.0 0.0
2015-07-01-19 40 48.912	  31.02771109 121.43937657 1.25  0.0 0.0
2015-07-01-19 40 49.039	  31.02771109 121.43937657 1.25  0.0 0.0
2015-07-01-19 40 49.155	  31.02771109 121.43937657 1.25  0.0 0.0
2015-07-01-19 40 49.296	  31.02771109 121.43937657 1.25  0.0 0.0
2015-07-01-19 40 49.462	  31.02771109 121.43937657 1.25  0.0 0.0
2015-07-01-19 40 49.577	  31.02771109 121.43937657 1.25  0.0 0.0
2015-07-01-19 40 49.722	  31.02771109 121.43937657 1.25  0.0 0.0
2015-07-01-19 40 49.853	  31.02771109 121.43937657 1.25  0.0 0.0
2015-07-01-19 40 49.999	  31.02771109 121.43937657 1.25  0.0 0.0
2015-07-01-19 40 50.151	  31.02771109 121.43937657 1.25  0.0 0.0
2015-07-01-19 40 50.283	  31.02771109 121.43937657 1.25  0.0 0.0
2015-07-01-19 40 50.402	  31.02771109 121.43937657 1.25  0.0 0.0
2015-07-01-19 40 50.521	  31.02771109 121.43937657 1.25  0.0 0.0
2015-07-01-19 40 50.663	  31.02771109 121.43937657 1.25  0.0 0.0
2015-07-01-19 40 50.804	  31.02773363 121.43936746 1.25  0.0 0.0
2015-07-01-19 40 50.984	  31.02773363 121.43936746 1.25  0.0 0.0
2015-07-01-19 40 51.100	  31.02773363 121.43936746 1.25  0.0 0.0
2015-07-01-19 40 51.251	  31.02773363 121.43936746 1.25  0.0 0.0
2015-07-01-19 40 51.366	  31.02773363 121.43936746 1.25  0.0 0.0
2015-07-01-19 40 51.486	  31.02773363 121.43936746 1.25  0.0 0.0
2015-07-01-19 40 51.626	  31.02773363 121.43936746 1.25  0.0 0.0
2015-07-01-19 40 51.767	  31.02773363 121.43936746 1.25  0.0 0.0
2015-07-01-19 40 51.943	  31.02773363 121.43936746 1.25  0.0 0.0
2015-07-01-19 40 52.090	  31.02773363 121.43936746 1.25  0.0 0.0
2015-07-01-19 40 52.213	  31.02773363 121.43936746 1.25  0.0 0.0
