2015-07-02-14 15 51.305	  0.0 0.0 0.0  0.0 0.0
2015-07-02-14 15 51.407	  0.0 0.0 0.0  0.0 0.0
2015-07-02-14 15 51.508	  0.0 0.0 0.0  0.0 0.0
2015-07-02-14 15 51.610	  0.0 0.0 0.0  0.0 0.0
2015-07-02-14 15 51.712	  0.0 0.0 0.0  0.0 0.0
2015-07-02-14 15 51.815	  0.0 0.0 0.0  0.0 0.0
2015-07-02-14 15 51.916	  0.0 0.0 0.0  0.0 0.0
2015-07-02-14 15 52.018	  0.0 0.0 0.0  0.0 0.0
2015-07-02-14 15 52.120	  0.0 0.0 0.0  0.0 0.0
2015-07-02-14 15 52.223	  0.0 0.0 0.0  0.0 0.0
2015-07-02-14 15 52.325	  0.0 0.0 0.0  0.0 0.0
2015-07-02-14 15 52.426	  0.0 0.0 0.0  0.0 0.0
2015-07-02-14 15 52.528	  0.0 0.0 0.0  0.0 0.0
2015-07-02-14 15 52.630	  0.0 0.0 0.0  0.0 0.0
2015-07-02-14 15 52.732	  0.0 0.0 0.0  0.0 0.0
2015-07-02-14 15 52.833	  0.0 0.0 0.0  0.0 0.0
2015-07-02-14 15 52.935	  0.0 0.0 0.0  0.0 0.0
2015-07-02-14 15 53.036	  0.0 0.0 0.0  0.0 0.0
2015-07-02-14 15 53.138	  0.0 0.0 0.0  0.0 0.0
2015-07-02-14 15 53.241	  0.0 0.0 0.0  0.0 0.0
2015-07-02-14 15 53.342	  0.0 0.0 0.0  0.0 0.0
2015-07-02-14 15 53.444	  0.0 0.0 0.0  0.0 0.0
2015-07-02-14 15 53.546	  0.0 0.0 0.0  0.0 0.0
2015-07-02-14 15 53.648	  0.0 0.0 0.0  0.0 0.0
2015-07-02-14 15 53.750	  0.0 0.0 0.0  0.0 0.0
2015-07-02-14 15 53.851	  0.0 0.0 0.0  0.0 0.0
2015-07-02-14 15 53.957	  0.0 0.0 0.0  0.0 0.0
2015-07-02-14 15 54.059	  0.0 0.0 0.0  0.0 0.0
2015-07-02-14 15 54.162	  0.0 0.0 0.0  0.0 0.0
2015-07-02-14 15 54.263	  0.0 0.0 0.0  0.0 0.0
2015-07-02-14 15 54.370	  0.0 0.0 0.0  0.0 0.0
2015-07-02-14 15 54.472	  0.0 0.0 0.0  0.0 0.0
2015-07-02-14 15 54.576	  0.0 0.0 0.0  0.0 0.0
2015-07-02-14 15 54.677	  0.0 0.0 0.0  0.0 0.0
2015-07-02-14 15 54.779	  0.0 0.0 0.0  0.0 0.0
2015-07-02-14 15 54.880	  0.0 0.0 0.0  0.0 0.0
2015-07-02-14 15 54.983	  0.0 0.0 0.0  0.0 0.0
2015-07-02-14 15 55.085	  0.0 0.0 0.0  0.0 0.0
2015-07-02-14 15 55.188	  0.0 0.0 0.0  0.0 0.0
2015-07-02-14 15 55.291	  0.0 0.0 0.0  0.0 0.0
2015-07-02-14 15 55.399	  0.0 0.0 0.0  0.0 0.0
2015-07-02-14 15 55.501	  0.0 0.0 0.0  0.0 0.0
2015-07-02-14 15 55.603	  0.0 0.0 0.0  0.0 0.0
2015-07-02-14 15 55.707	  0.0 0.0 0.0  0.0 0.0
2015-07-02-14 15 55.813	  0.0 0.0 0.0  0.0 0.0
2015-07-02-14 15 55.919	  0.0 0.0 0.0  0.0 0.0
2015-07-02-14 15 56.037	  31.02645377 121.43991829 1.5  0.0 0.0
2015-07-02-14 15 56.138	  31.02645377 121.43991829 1.5  0.0 0.0
2015-07-02-14 15 56.240	  31.02645377 121.43991829 1.5  0.0 0.0
2015-07-02-14 15 56.341	  31.02645377 121.43991829 1.5  0.0 0.0
2015-07-02-14 15 56.443	  31.02645377 121.43991829 1.5  0.0 0.0
2015-07-02-14 15 56.565	  31.02645377 121.43991829 1.5  0.0 0.0
2015-07-02-14 15 56.718	  31.02645377 121.43991829 1.5  0.0 0.0
2015-07-02-14 15 56.822	  31.02645377 121.43991829 1.5  0.0 0.0
2015-07-02-14 15 56.926	  31.02645377 121.43991829 1.5  0.0 0.0
2015-07-02-14 15 57.031	  31.0264986 121.43990291 1.5  0.0 0.0
2015-07-02-14 15 57.132	  31.0264986 121.43990291 1.5  0.0 0.0
2015-07-02-14 15 57.234	  31.0264986 121.43990291 1.5  0.0 0.0
2015-07-02-14 15 57.336	  31.0264986 121.43990291 1.5  0.0 0.0
2015-07-02-14 15 57.438	  31.0264986 121.43990291 1.5  0.0 0.0
2015-07-02-14 15 57.539	  31.0264986 121.43990291 1.5  0.0 0.0
2015-07-02-14 15 57.641	  31.0264986 121.43990291 1.5  0.0 0.0
2015-07-02-14 15 57.749	  31.0264986 121.43990291 1.5  0.0 0.0
2015-07-02-14 15 57.855	  31.0264986 121.43990291 1.5  0.0 0.0
2015-07-02-14 15 57.961	  31.02653682 121.43989082 1.5  0.0 0.0
2015-07-02-14 15 58.062	  31.02653682 121.43989082 1.5  0.0 0.0
2015-07-02-14 15 58.167	  31.02653682 121.43989082 1.5  0.0 0.0
2015-07-02-14 15 58.271	  31.02653682 121.43989082 1.5  0.0 0.0
2015-07-02-14 15 58.376	  31.02653682 121.43989082 1.5  0.0 0.0
2015-07-02-14 15 58.482	  31.02653682 121.43989082 1.5  0.0 0.0
2015-07-02-14 15 58.586	  31.02653682 121.43989082 1.5  0.0 0.0
2015-07-02-14 15 58.690	  31.02653682 121.43989082 1.5  0.0 0.0
2015-07-02-14 15 58.795	  31.02653682 121.43989082 1.5  0.0 0.0
2015-07-02-14 15 58.902	  31.02653682 121.43989082 1.5  0.0 0.0
2015-07-02-14 15 59.003	  31.02657058 121.43987895 1.75  0.0 0.0
2015-07-02-14 15 59.105	  31.02657058 121.43987895 1.75  0.0 0.0
2015-07-02-14 15 59.208	  31.02657058 121.43987895 1.75  0.0 0.0
2015-07-02-14 15 59.309	  31.02657058 121.43987895 1.75  0.0 0.0
2015-07-02-14 15 59.412	  31.02657058 121.43987895 1.75  0.0 0.0
2015-07-02-14 15 59.516	  31.02657058 121.43987895 1.75  0.0 0.0
2015-07-02-14 15 59.618	  31.02657058 121.43987895 1.75  0.0 0.0
2015-07-02-14 15 59.719	  31.02657058 121.43987895 1.75  0.0 0.0
2015-07-02-14 15 59.820	  31.02657058 121.43987895 1.75  0.0 0.0
2015-07-02-14 15 59.924	  31.02657058 121.43987895 1.75  0.0 0.0
2015-07-02-14 16 00.035	  31.0266004 121.43986803 1.75  0.0 0.0
2015-07-02-14 16 00.136	  31.0266004 121.43986803 1.75  0.0 0.0
2015-07-02-14 16 00.238	  31.0266004 121.43986803 1.75  0.0 0.0
2015-07-02-14 16 00.339	  31.0266004 121.43986803 1.75  0.0 0.0
2015-07-02-14 16 00.445	  31.0266004 121.43986803 1.75  0.0 0.0
2015-07-02-14 16 00.548	  31.0266004 121.43986803 1.75  0.0 0.0
2015-07-02-14 16 00.651	  31.0266004 121.43986803 1.75  0.0 0.0
2015-07-02-14 16 00.763	  31.0266004 121.43986803 1.75  0.0 0.0
2015-07-02-14 16 00.866	  31.0266004 121.43986803 1.75  0.0 0.0
2015-07-02-14 16 00.970	  31.02662645 121.43985782 1.75  0.0 0.0
2015-07-02-14 16 01.075	  31.02662645 121.43985782 1.75  0.0 0.0
2015-07-02-14 16 01.176	  31.02662645 121.43985782 1.75  0.0 0.0
2015-07-02-14 16 01.278	  31.02662645 121.43985782 1.75  0.0 0.0
2015-07-02-14 16 01.394	  31.02662645 121.43985782 1.75  0.0 0.0
2015-07-02-14 16 01.496	  31.02662645 121.43985782 1.75  0.0 0.0
2015-07-02-14 16 01.599	  31.02662645 121.43985782 1.75  0.0 0.0
2015-07-02-14 16 01.702	  31.02662645 121.43985782 1.75  0.0 0.0
2015-07-02-14 16 01.804	  31.02662645 121.43985782 1.75  0.0 0.0
2015-07-02-14 16 01.905	  31.02662645 121.43985782 1.75  0.0 0.0
2015-07-02-14 16 02.011	  31.02664779 121.43984551 1.5  0.0 0.0
2015-07-02-14 16 02.113	  31.02664779 121.43984551 1.5  0.0 0.0
2015-07-02-14 16 02.215	  31.02664779 121.43984551 1.5  0.0 0.0
2015-07-02-14 16 02.321	  31.02664779 121.43984551 1.5  0.0 0.0
2015-07-02-14 16 02.428	  31.02664779 121.43984551 1.5  0.0 0.0
2015-07-02-14 16 02.533	  31.02664779 121.43984551 1.5  0.0 0.0
2015-07-02-14 16 02.638	  31.02664779 121.43984551 1.5  0.0 0.0
2015-07-02-14 16 02.742	  31.02664779 121.43984551 1.5  0.0 0.0
2015-07-02-14 16 02.847	  31.02664779 121.43984551 1.5  0.0 0.0
2015-07-02-14 16 02.949	  31.02666972 121.43983345 1.75  0.0 0.0
2015-07-02-14 16 03.050	  31.02666972 121.43983345 1.75  0.0 0.0
2015-07-02-14 16 03.152	  31.02666972 121.43983345 1.75  0.0 0.0
2015-07-02-14 16 03.258	  31.02666972 121.43983345 1.75  0.0 0.0
2015-07-02-14 16 03.372	  31.02666972 121.43983345 1.75  0.0 0.0
2015-07-02-14 16 03.473	  31.02666972 121.43983345 1.75  0.0 0.0
2015-07-02-14 16 03.574	  31.02666972 121.43983345 1.75  0.0 0.0
2015-07-02-14 16 03.676	  31.02666972 121.43983345 1.75  0.0 0.0
2015-07-02-14 16 03.783	  31.02666972 121.43983345 1.75  0.0 0.0
2015-07-02-14 16 03.895	  31.02666972 121.43983345 1.75  0.0 0.0
2015-07-02-14 16 03.997	  31.02668996 121.43982309 1.75  0.0 0.0
2015-07-02-14 16 04.100	  31.02668996 121.43982309 1.75  0.0 0.0
2015-07-02-14 16 04.202	  31.02668996 121.43982309 1.75  0.0 0.0
2015-07-02-14 16 04.305	  31.02668996 121.43982309 1.75  0.0 0.0
2015-07-02-14 16 04.419	  31.02668996 121.43982309 1.75  0.0 0.0
2015-07-02-14 16 04.521	  31.02668996 121.43982309 1.75  0.0 0.0
2015-07-02-14 16 04.626	  31.02668996 121.43982309 1.75  0.0 0.0
2015-07-02-14 16 04.730	  31.02668996 121.43982309 1.75  0.0 0.0
2015-07-02-14 16 04.836	  31.02668996 121.43982309 1.75  0.0 0.0
2015-07-02-14 16 04.951	  31.02670963 121.43981454 1.75  0.0 0.0
2015-07-02-14 16 05.053	  31.02670963 121.43981454 1.75  0.0 0.0
2015-07-02-14 16 05.156	  31.02670963 121.43981454 1.75  0.0 0.0
2015-07-02-14 16 05.258	  31.02670963 121.43981454 1.75  0.0 0.0
2015-07-02-14 16 05.360	  31.02670963 121.43981454 1.75  0.0 0.0
2015-07-02-14 16 05.468	  31.02670963 121.43981454 1.75  0.0 0.0
2015-07-02-14 16 05.569	  31.02670963 121.43981454 1.75  0.0 0.0
2015-07-02-14 16 05.671	  31.02670963 121.43981454 1.75  0.0 0.0
2015-07-02-14 16 05.776	  31.02670963 121.43981454 1.75  0.0 0.0
2015-07-02-14 16 05.882	  31.02670963 121.43981454 1.75  0.0 0.0
2015-07-02-14 16 05.989	  31.02673903 121.43979617 1.5  0.0 0.0
2015-07-02-14 16 06.091	  31.02673903 121.43979617 1.5  0.0 0.0
2015-07-02-14 16 06.194	  31.02673903 121.43979617 1.5  0.0 0.0
2015-07-02-14 16 06.298	  31.02673903 121.43979617 1.5  0.0 0.0
2015-07-02-14 16 06.407	  31.02673903 121.43979617 1.5  0.0 0.0
2015-07-02-14 16 06.513	  31.02673903 121.43979617 1.5  0.0 0.0
2015-07-02-14 16 06.616	  31.02673903 121.43979617 1.5  0.0 0.0
2015-07-02-14 16 06.718	  31.02673903 121.43979617 1.5  0.0 0.0
2015-07-02-14 16 06.863	  31.02673903 121.43979617 1.5  0.0 0.0
2015-07-02-14 16 06.964	  31.02673903 121.43979617 1.5  0.0 0.0
2015-07-02-14 16 07.067	  31.02673903 121.43979617 1.5  0.0 0.0
2015-07-02-14 16 07.172	  31.02673903 121.43979617 1.5  0.0 0.0
2015-07-02-14 16 07.279	  31.02673903 121.43979617 1.5  0.0 0.0
2015-07-02-14 16 07.381	  31.02673903 121.43979617 1.5  0.0 0.0
2015-07-02-14 16 07.484	  31.02676302 121.43978358 1.75  0.0 0.0
2015-07-02-14 16 07.599	  31.02676302 121.43978358 1.75  0.0 0.0
2015-07-02-14 16 07.703	  31.02676302 121.43978358 1.75  0.0 0.0
2015-07-02-14 16 07.806	  31.02676302 121.43978358 1.75  0.0 0.0
2015-07-02-14 16 07.909	  31.02676302 121.43978358 1.75  0.0 0.0
2015-07-02-14 16 08.015	  31.02676302 121.43978358 1.75  0.0 0.0
2015-07-02-14 16 08.133	  31.02676302 121.43978358 1.75  0.0 0.0
2015-07-02-14 16 08.234	  31.02676302 121.43978358 1.75  0.0 0.0
2015-07-02-14 16 08.336	  31.02676302 121.43978358 1.75  0.0 0.0
2015-07-02-14 16 08.437	  31.02676302 121.43978358 1.75  0.0 0.0
2015-07-02-14 16 08.553	  31.02676302 121.43978358 1.75  0.0 0.0
2015-07-02-14 16 08.656	  31.02676302 121.43978358 1.75  0.0 0.0
2015-07-02-14 16 08.758	  31.02676302 121.43978358 1.75  0.0 0.0
2015-07-02-14 16 08.861	  31.02676302 121.43978358 1.75  0.0 0.0
2015-07-02-14 16 08.964	  31.02676302 121.43978358 1.75  0.0 0.0
2015-07-02-14 16 09.067	  31.02681393 121.43977133 1.75  0.0 0.0
2015-07-02-14 16 09.169	  31.02681393 121.43977133 1.75  0.0 0.0
2015-07-02-14 16 09.271	  31.02681393 121.43977133 1.75  0.0 0.0
2015-07-02-14 16 09.377	  31.02681393 121.43977133 1.75  0.0 0.0
2015-07-02-14 16 09.483	  31.02681393 121.43977133 1.75  0.0 0.0
2015-07-02-14 16 09.589	  31.02681393 121.43977133 1.75  0.0 0.0
2015-07-02-14 16 09.693	  31.02681393 121.43977133 1.75  0.0 0.0
2015-07-02-14 16 09.805	  31.02681393 121.43977133 1.75  0.0 0.0
2015-07-02-14 16 09.907	  31.02681393 121.43977133 1.75  0.0 0.0
2015-07-02-14 16 10.009	  31.02683524 121.43976588 1.75  0.0 0.0
2015-07-02-14 16 10.113	  31.02683524 121.43976588 1.75  0.0 0.0
2015-07-02-14 16 10.222	  31.02683524 121.43976588 1.75  0.0 0.0
2015-07-02-14 16 10.325	  31.02683524 121.43976588 1.75  0.0 0.0
2015-07-02-14 16 10.429	  31.02683524 121.43976588 1.75  0.0 0.0
2015-07-02-14 16 10.535	  31.02683524 121.43976588 1.75  0.0 0.0
2015-07-02-14 16 10.650	  31.02683524 121.43976588 1.75  0.0 0.0
2015-07-02-14 16 10.752	  31.02683524 121.43976588 1.75  0.0 0.0
2015-07-02-14 16 10.853	  31.02683524 121.43976588 1.75  0.0 0.0
2015-07-02-14 16 10.956	  31.02683524 121.43976588 1.75  0.0 0.0
2015-07-02-14 16 11.085	  31.02685532 121.4397605 1.75  0.0 0.0
2015-07-02-14 16 11.187	  31.02685532 121.4397605 1.75  0.0 0.0
2015-07-02-14 16 11.288	  31.02685532 121.4397605 1.75  0.0 0.0
2015-07-02-14 16 11.395	  31.02685532 121.4397605 1.75  0.0 0.0
2015-07-02-14 16 11.504	  31.02685532 121.4397605 1.75  0.0 0.0
2015-07-02-14 16 11.606	  31.02685532 121.4397605 1.75  0.0 0.0
2015-07-02-14 16 11.709	  31.02685532 121.4397605 1.75  0.0 0.0
2015-07-02-14 16 11.816	  31.02685532 121.4397605 1.75  0.0 0.0
2015-07-02-14 16 11.918	  31.02685532 121.4397605 1.75  0.0 0.0
2015-07-02-14 16 12.019	  31.02685532 121.4397605 1.75  0.0 0.0
2015-07-02-14 16 12.129	  31.02685532 121.4397605 1.75  0.0 0.0
2015-07-02-14 16 12.231	  31.02685532 121.4397605 1.75  0.0 0.0
2015-07-02-14 16 12.332	  31.02685532 121.4397605 1.75  0.0 0.0
2015-07-02-14 16 12.435	  31.02685532 121.4397605 1.75  0.0 0.0
2015-07-02-14 16 12.544	  31.02685532 121.4397605 1.75  0.0 0.0
2015-07-02-14 16 12.647	  31.02685532 121.4397605 1.75  0.0 0.0
2015-07-02-14 16 12.752	  31.02685532 121.4397605 1.75  0.0 0.0
2015-07-02-14 16 12.858	  31.02685532 121.4397605 1.75  0.0 0.0
2015-07-02-14 16 12.967	  31.02685532 121.4397605 1.75  0.0 0.0
2015-07-02-14 16 13.069	  31.02685532 121.4397605 1.75  0.0 0.0
2015-07-02-14 16 13.173	  31.02685532 121.4397605 1.75  0.0 0.0
2015-07-02-14 16 13.278	  31.02685532 121.4397605 1.75  0.0 0.0
2015-07-02-14 16 13.391	  31.02685532 121.4397605 1.75  0.0 0.0
2015-07-02-14 16 13.493	  31.02685532 121.4397605 1.75  0.0 0.0
2015-07-02-14 16 13.595	  31.0268872 121.43974946 1.75  0.0 0.0
2015-07-02-14 16 13.697	  31.0268872 121.43974946 1.75  0.0 0.0
2015-07-02-14 16 13.800	  31.0268872 121.43974946 1.75  0.0 0.0
2015-07-02-14 16 13.905	  31.0268872 121.43974946 1.75  0.0 0.0
2015-07-02-14 16 14.013	  31.0268872 121.43974946 1.75  0.0 0.0
2015-07-02-14 16 14.118	  31.0268872 121.43974946 1.75  0.0 0.0
2015-07-02-14 16 14.221	  31.0268872 121.43974946 1.75  0.0 0.0
2015-07-02-14 16 14.323	  31.0268872 121.43974946 1.75  0.0 0.0
2015-07-02-14 16 14.429	  31.0268872 121.43974946 1.75  0.0 0.0
2015-07-02-14 16 14.531	  31.0268872 121.43974946 1.75  0.0 0.0
2015-07-02-14 16 14.632	  31.0268872 121.43974946 1.75  0.0 0.0
2015-07-02-14 16 14.734	  31.0268872 121.43974946 1.75  0.0 0.0
2015-07-02-14 16 14.836	  31.0268872 121.43974946 1.75  0.0 0.0
2015-07-02-14 16 14.939	  31.0268872 121.43974946 1.75  0.0 0.0
2015-07-02-14 16 15.041	  31.0268872 121.43974946 1.75  0.0 0.0
2015-07-02-14 16 15.144	  31.0268872 121.43974946 1.75  0.0 0.0
2015-07-02-14 16 15.246	  31.0268872 121.43974946 1.75  0.0 0.0
2015-07-02-14 16 15.353	  31.0268872 121.43974946 1.75  0.0 0.0
2015-07-02-14 16 15.455	  31.0268872 121.43974946 1.75  0.0 0.0
2015-07-02-14 16 15.556	  31.02691893 121.43973718 1.75  0.0 0.0
2015-07-02-14 16 15.659	  31.02691893 121.43973718 1.75  0.0 0.0
2015-07-02-14 16 15.761	  31.02691893 121.43973718 1.75  0.0 0.0
2015-07-02-14 16 15.862	  31.02691893 121.43973718 1.75  0.0 0.0
2015-07-02-14 16 15.970	  31.02691893 121.43973718 1.75  0.0 0.0
2015-07-02-14 16 16.077	  31.02691893 121.43973718 1.75  0.0 0.0
2015-07-02-14 16 16.208	  31.02691893 121.43973718 1.75  0.0 0.0
2015-07-02-14 16 16.309	  31.02691893 121.43973718 1.75  0.0 0.0
2015-07-02-14 16 16.411	  31.02691893 121.43973718 1.75  0.0 0.0
2015-07-02-14 16 16.517	  31.02691893 121.43973718 1.75  0.0 0.0
2015-07-02-14 16 16.629	  31.02691893 121.43973718 1.75  0.0 0.0
2015-07-02-14 16 16.732	  31.02691893 121.43973718 1.75  0.0 0.0
2015-07-02-14 16 16.834	  31.02691893 121.43973718 1.75  0.0 0.0
2015-07-02-14 16 16.937	  31.02691893 121.43973718 1.75  0.0 0.0
2015-07-02-14 16 17.040	  31.02695167 121.43972703 1.75  0.0 0.0
2015-07-02-14 16 17.146	  31.02695167 121.43972703 1.75  0.0 0.0
2015-07-02-14 16 17.248	  31.02695167 121.43972703 1.75  0.0 0.0
2015-07-02-14 16 17.350	  31.02695167 121.43972703 1.75  0.0 0.0
2015-07-02-14 16 17.459	  31.02695167 121.43972703 1.75  0.0 0.0
2015-07-02-14 16 17.561	  31.02695167 121.43972703 1.75  0.0 0.0
2015-07-02-14 16 17.662	  31.02695167 121.43972703 1.75  0.0 0.0
2015-07-02-14 16 17.766	  31.02695167 121.43972703 1.75  0.0 0.0
2015-07-02-14 16 17.871	  31.02695167 121.43972703 1.75  0.0 0.0
2015-07-02-14 16 17.977	  31.02695167 121.43972703 1.75  0.0 0.0
2015-07-02-14 16 18.080	  31.02695167 121.43972703 1.75  0.0 0.0
2015-07-02-14 16 18.187	  31.02695167 121.43972703 1.75  0.0 0.0
2015-07-02-14 16 18.293	  31.02695167 121.43972703 1.75  0.0 0.0
2015-07-02-14 16 18.407	  31.02695167 121.43972703 1.75  0.0 0.0
2015-07-02-14 16 18.510	  31.02695167 121.43972703 1.75  0.0 0.0
2015-07-02-14 16 18.612	  31.02695167 121.43972703 1.75  0.0 0.0
2015-07-02-14 16 18.717	  31.02695167 121.43972703 1.75  0.0 0.0
2015-07-02-14 16 18.820	  31.02695167 121.43972703 1.75  0.0 0.0
2015-07-02-14 16 18.926	  31.02695167 121.43972703 1.75  0.0 0.0
2015-07-02-14 16 19.039	  31.02698453 121.43971579 1.75  0.0 0.0
2015-07-02-14 16 19.140	  31.02698453 121.43971579 1.75  0.0 0.0
2015-07-02-14 16 19.241	  31.02698453 121.43971579 1.75  0.0 0.0
2015-07-02-14 16 19.349	  31.02698453 121.43971579 1.75  0.0 0.0
2015-07-02-14 16 19.454	  31.02698453 121.43971579 1.75  0.0 0.0
2015-07-02-14 16 19.559	  31.02698453 121.43971579 1.75  0.0 0.0
2015-07-02-14 16 19.673	  31.02698453 121.43971579 1.75  0.0 0.0
2015-07-02-14 16 19.775	  31.02698453 121.43971579 1.75  0.0 0.0
2015-07-02-14 16 19.877	  31.02698453 121.43971579 1.75  0.0 0.0
2015-07-02-14 16 19.982	  31.02698453 121.43971579 1.75  0.0 0.0
2015-07-02-14 16 20.086	  31.02698453 121.43971579 1.75  0.0 0.0
2015-07-02-14 16 20.188	  31.02698453 121.43971579 1.75  0.0 0.0
2015-07-02-14 16 20.305	  31.02698453 121.43971579 1.75  0.0 0.0
2015-07-02-14 16 20.406	  31.02698453 121.43971579 1.75  0.0 0.0
2015-07-02-14 16 20.507	  31.02698453 121.43971579 1.75  0.0 0.0
2015-07-02-14 16 20.615	  31.02698453 121.43971579 1.75  0.0 0.0
2015-07-02-14 16 20.718	  31.02698453 121.43971579 1.75  0.0 0.0
2015-07-02-14 16 20.822	  31.02698453 121.43971579 1.75  0.0 0.0
2015-07-02-14 16 20.928	  31.02698453 121.43971579 1.75  0.0 0.0
2015-07-02-14 16 21.030	  31.02698453 121.43971579 1.75  0.0 0.0
2015-07-02-14 16 21.133	  31.02698453 121.43971579 1.75  0.0 0.0
2015-07-02-14 16 21.251	  31.02698453 121.43971579 1.75  0.0 0.0
2015-07-02-14 16 21.353	  31.02698453 121.43971579 1.75  0.0 0.0
2015-07-02-14 16 21.456	  31.02698453 121.43971579 1.75  0.0 0.0
2015-07-02-14 16 21.566	  31.02701415 121.43970342 1.75  0.0 0.0
2015-07-02-14 16 21.669	  31.02701415 121.43970342 1.75  0.0 0.0
2015-07-02-14 16 21.771	  31.02701415 121.43970342 1.75  0.0 0.0
2015-07-02-14 16 21.877	  31.02701415 121.43970342 1.75  0.0 0.0
2015-07-02-14 16 21.982	  31.02701415 121.43970342 1.75  0.0 0.0
2015-07-02-14 16 22.084	  31.02701415 121.43970342 1.75  0.0 0.0
2015-07-02-14 16 22.187	  31.02701415 121.43970342 1.75  0.0 0.0
2015-07-02-14 16 22.293	  31.02701415 121.43970342 1.75  0.0 0.0
2015-07-02-14 16 22.398	  31.02701415 121.43970342 1.75  0.0 0.0
2015-07-02-14 16 22.503	  31.02701415 121.43970342 1.75  0.0 0.0
2015-07-02-14 16 22.618	  31.02701415 121.43970342 1.75  0.0 0.0
2015-07-02-14 16 22.720	  31.02701415 121.43970342 1.75  0.0 0.0
2015-07-02-14 16 22.822	  31.02701415 121.43970342 1.75  0.0 0.0
2015-07-02-14 16 22.927	  31.02701415 121.43970342 1.75  0.0 0.0
2015-07-02-14 16 23.030	  31.02701415 121.43970342 1.75  0.0 0.0
2015-07-02-14 16 23.134	  31.02704343 121.43968883 1.75  0.0 0.0
2015-07-02-14 16 23.252	  31.02704343 121.43968883 1.75  0.0 0.0
2015-07-02-14 16 23.355	  31.02704343 121.43968883 1.75  0.0 0.0
2015-07-02-14 16 23.457	  31.02704343 121.43968883 1.75  0.0 0.0
2015-07-02-14 16 23.565	  31.02704343 121.43968883 1.75  0.0 0.0
2015-07-02-14 16 23.668	  31.02704343 121.43968883 1.75  0.0 0.0
2015-07-02-14 16 23.772	  31.02704343 121.43968883 1.75  0.0 0.0
2015-07-02-14 16 23.890	  31.02704343 121.43968883 1.75  0.0 0.0
2015-07-02-14 16 23.993	  31.02704343 121.43968883 1.75  0.0 0.0
2015-07-02-14 16 24.094	  31.02704343 121.43968883 1.75  0.0 0.0
2015-07-02-14 16 24.207	  31.02704343 121.43968883 1.75  0.0 0.0
2015-07-02-14 16 24.311	  31.02704343 121.43968883 1.75  0.0 0.0
2015-07-02-14 16 24.415	  31.02704343 121.43968883 1.75  0.0 0.0
2015-07-02-14 16 24.531	  31.02704343 121.43968883 1.75  0.0 0.0
2015-07-02-14 16 24.634	  31.02704343 121.43968883 1.75  0.0 0.0
2015-07-02-14 16 24.736	  31.02704343 121.43968883 1.75  0.0 0.0
2015-07-02-14 16 24.901	  31.02704343 121.43968883 1.75  0.0 0.0
2015-07-02-14 16 25.003	  31.02704343 121.43968883 1.75  0.0 0.0
2015-07-02-14 16 25.114	  31.02707478 121.43967642 1.75  0.0 0.0
2015-07-02-14 16 25.216	  31.02707478 121.43967642 1.75  0.0 0.0
2015-07-02-14 16 25.319	  31.02707478 121.43967642 1.75  0.0 0.0
2015-07-02-14 16 25.497	  31.02707478 121.43967642 1.75  0.0 0.0
2015-07-02-14 16 25.601	  31.02707478 121.43967642 1.75  0.0 0.0
2015-07-02-14 16 25.705	  31.02707478 121.43967642 1.75  0.0 0.0
2015-07-02-14 16 25.809	  31.02707478 121.43967642 1.75  0.0 0.0
2015-07-02-14 16 25.917	  31.02707478 121.43967642 1.75  0.0 0.0
2015-07-02-14 16 26.107	  31.02707478 121.43967642 1.75  0.0 0.0
2015-07-02-14 16 26.208	  31.02707478 121.43967642 1.75  0.0 0.0
2015-07-02-14 16 26.313	  31.02707478 121.43967642 1.75  0.0 0.0
2015-07-02-14 16 26.416	  31.02707478 121.43967642 1.75  0.0 0.0
2015-07-02-14 16 26.526	  31.02707478 121.43967642 1.75  0.0 0.0
2015-07-02-14 16 26.689	  31.02707478 121.43967642 1.75  0.0 0.0
2015-07-02-14 16 26.790	  31.02707478 121.43967642 1.75  0.0 0.0
2015-07-02-14 16 26.891	  31.02707478 121.43967642 1.75  0.0 0.0
2015-07-02-14 16 26.995	  31.02710664 121.43966688 1.75  0.0 0.0
2015-07-02-14 16 27.096	  31.02710664 121.43966688 1.75  0.0 0.0
2015-07-02-14 16 27.197	  31.02710664 121.43966688 1.75  0.0 0.0
2015-07-02-14 16 27.336	  31.02710664 121.43966688 1.75  0.0 0.0
2015-07-02-14 16 27.439	  31.02710664 121.43966688 1.75  0.0 0.0
2015-07-02-14 16 27.551	  31.02710664 121.43966688 1.75  0.0 0.0
2015-07-02-14 16 27.653	  31.02710664 121.43966688 1.75  0.0 0.0
2015-07-02-14 16 27.759	  31.02710664 121.43966688 1.75  0.0 0.0
2015-07-02-14 16 27.918	  31.02710664 121.43966688 1.75  0.0 0.0
2015-07-02-14 16 28.020	  31.02710664 121.43966688 1.75  0.0 0.0
2015-07-02-14 16 28.135	  31.02710664 121.43966688 1.75  0.0 0.0
2015-07-02-14 16 28.239	  31.02710664 121.43966688 1.75  0.0 0.0
2015-07-02-14 16 28.343	  31.02710664 121.43966688 1.75  0.0 0.0
2015-07-02-14 16 28.498	  31.02710664 121.43966688 1.75  0.0 0.0
2015-07-02-14 16 28.600	  31.02710664 121.43966688 1.75  0.0 0.0
2015-07-02-14 16 28.702	  31.02710664 121.43966688 1.75  0.0 0.0
2015-07-02-14 16 28.804	  31.02710664 121.43966688 1.75  0.0 0.0
2015-07-02-14 16 28.906	  31.02710664 121.43966688 1.75  0.0 0.0
2015-07-02-14 16 29.010	  31.02710664 121.43966688 1.75  0.0 0.0
2015-07-02-14 16 29.118	  31.02713686 121.43965362 1.75  0.0 0.0
2015-07-02-14 16 29.220	  31.02713686 121.43965362 1.75  0.0 0.0
2015-07-02-14 16 29.322	  31.02713686 121.43965362 1.75  0.0 0.0
2015-07-02-14 16 29.423	  31.02713686 121.43965362 1.75  0.0 0.0
2015-07-02-14 16 29.526	  31.02713686 121.43965362 1.75  0.0 0.0
2015-07-02-14 16 29.655	  31.02713686 121.43965362 1.75  0.0 0.0
2015-07-02-14 16 29.757	  31.02713686 121.43965362 1.75  0.0 0.0
2015-07-02-14 16 29.862	  31.02713686 121.43965362 1.75  0.0 0.0
2015-07-02-14 16 29.968	  31.02713686 121.43965362 1.75  0.0 0.0
2015-07-02-14 16 30.075	  31.02713686 121.43965362 1.75  0.0 0.0
2015-07-02-14 16 30.176	  31.02713686 121.43965362 1.75  0.0 0.0
2015-07-02-14 16 30.278	  31.02713686 121.43965362 1.75  0.0 0.0
2015-07-02-14 16 30.380	  31.02713686 121.43965362 1.75  0.0 0.0
2015-07-02-14 16 30.484	  31.02713686 121.43965362 1.75  0.0 0.0
2015-07-02-14 16 30.585	  31.02713686 121.43965362 1.75  0.0 0.0
2015-07-02-14 16 30.688	  31.02713686 121.43965362 1.75  0.0 0.0
2015-07-02-14 16 30.793	  31.02713686 121.43965362 1.75  0.0 0.0
2015-07-02-14 16 30.901	  31.02713686 121.43965362 1.75  0.0 0.0
2015-07-02-14 16 31.004	  31.02716505 121.43964138 1.75  0.0 0.0
2015-07-02-14 16 31.106	  31.02716505 121.43964138 1.75  0.0 0.0
2015-07-02-14 16 31.209	  31.02716505 121.43964138 1.75  0.0 0.0
2015-07-02-14 16 31.311	  31.02716505 121.43964138 1.75  0.0 0.0
2015-07-02-14 16 31.414	  31.02716505 121.43964138 1.75  0.0 0.0
2015-07-02-14 16 31.517	  31.02716505 121.43964138 1.75  0.0 0.0
2015-07-02-14 16 31.619	  31.02716505 121.43964138 1.75  0.0 0.0
2015-07-02-14 16 31.728	  31.02716505 121.43964138 1.75  0.0 0.0
2015-07-02-14 16 31.833	  31.02716505 121.43964138 1.75  0.0 0.0
2015-07-02-14 16 31.948	  31.02716505 121.43964138 1.75  0.0 0.0
2015-07-02-14 16 32.050	  31.02716505 121.43964138 1.75  0.0 0.0
2015-07-02-14 16 32.155	  31.02716505 121.43964138 1.75  0.0 0.0
2015-07-02-14 16 32.259	  31.02716505 121.43964138 1.75  0.0 0.0
2015-07-02-14 16 32.365	  31.02716505 121.43964138 1.75  0.0 0.0
2015-07-02-14 16 32.479	  31.02716505 121.43964138 1.75  0.0 0.0
2015-07-02-14 16 32.581	  31.02716505 121.43964138 1.75  0.0 0.0
2015-07-02-14 16 32.685	  31.02716505 121.43964138 1.75  0.0 0.0
2015-07-02-14 16 32.788	  31.02716505 121.43964138 1.75  0.0 0.0
2015-07-02-14 16 32.901	  31.02716505 121.43964138 1.75  0.0 0.0
2015-07-02-14 16 33.003	  31.02719512 121.4396317 1.75  0.0 0.0
2015-07-02-14 16 33.105	  31.02719512 121.4396317 1.75  0.0 0.0
2015-07-02-14 16 33.207	  31.02719512 121.4396317 1.75  0.0 0.0
2015-07-02-14 16 33.310	  31.02719512 121.4396317 1.75  0.0 0.0
2015-07-02-14 16 33.412	  31.02719512 121.4396317 1.75  0.0 0.0
2015-07-02-14 16 33.520	  31.02719512 121.4396317 1.75  0.0 0.0
2015-07-02-14 16 33.622	  31.02719512 121.4396317 1.75  0.0 0.0
2015-07-02-14 16 33.725	  31.02719512 121.4396317 1.75  0.0 0.0
2015-07-02-14 16 33.830	  31.02719512 121.4396317 1.75  0.0 0.0
2015-07-02-14 16 33.942	  31.02719512 121.4396317 1.75  0.0 0.0
2015-07-02-14 16 34.045	  31.02719512 121.4396317 1.75  0.0 0.0
2015-07-02-14 16 34.147	  31.02719512 121.4396317 1.75  0.0 0.0
2015-07-02-14 16 34.249	  31.02719512 121.4396317 1.75  0.0 0.0
2015-07-02-14 16 34.360	  31.02719512 121.4396317 1.75  0.0 0.0
2015-07-02-14 16 34.462	  31.02719512 121.4396317 1.75  0.0 0.0
2015-07-02-14 16 34.564	  31.02719512 121.4396317 1.75  0.0 0.0
2015-07-02-14 16 34.666	  31.02719512 121.4396317 1.75  0.0 0.0
2015-07-02-14 16 34.769	  31.02719512 121.4396317 1.75  0.0 0.0
2015-07-02-14 16 34.871	  31.02719512 121.4396317 1.75  0.0 0.0
2015-07-02-14 16 34.975	  31.02722619 121.43962179 1.75  0.0 0.0
2015-07-02-14 16 35.076	  31.02722619 121.43962179 1.75  0.0 0.0
2015-07-02-14 16 35.178	  31.02722619 121.43962179 1.75  0.0 0.0
2015-07-02-14 16 35.281	  31.02722619 121.43962179 1.75  0.0 0.0
2015-07-02-14 16 35.395	  31.02722619 121.43962179 1.75  0.0 0.0
2015-07-02-14 16 35.497	  31.02722619 121.43962179 1.75  0.0 0.0
2015-07-02-14 16 35.604	  31.02722619 121.43962179 1.75  0.0 0.0
2015-07-02-14 16 35.709	  31.02722619 121.43962179 1.75  0.0 0.0
2015-07-02-14 16 35.823	  31.02722619 121.43962179 1.75  0.0 0.0
2015-07-02-14 16 35.926	  31.02722619 121.43962179 1.75  0.0 0.0
2015-07-02-14 16 36.030	  31.02722619 121.43962179 1.75  0.0 0.0
2015-07-02-14 16 36.134	  31.02722619 121.43962179 1.75  0.0 0.0
2015-07-02-14 16 36.243	  31.02722619 121.43962179 1.75  0.0 0.0
2015-07-02-14 16 36.344	  31.02722619 121.43962179 1.75  0.0 0.0
2015-07-02-14 16 36.450	  31.02722619 121.43962179 1.75  0.0 0.0
2015-07-02-14 16 36.558	  31.02722619 121.43962179 1.75  0.0 0.0
2015-07-02-14 16 36.667	  31.02722619 121.43962179 1.75  0.0 0.0
2015-07-02-14 16 36.770	  31.02722619 121.43962179 1.75  0.0 0.0
2015-07-02-14 16 36.876	  31.02722619 121.43962179 1.75  0.0 0.0
2015-07-02-14 16 36.980	  31.02722619 121.43962179 1.75  0.0 0.0
2015-07-02-14 16 37.091	  31.02722619 121.43962179 1.75  0.0 0.0
2015-07-02-14 16 37.193	  31.02722619 121.43962179 1.75  0.0 0.0
2015-07-02-14 16 37.295	  31.02722619 121.43962179 1.75  0.0 0.0
2015-07-02-14 16 37.400	  31.02722619 121.43962179 1.75  0.0 0.0
2015-07-02-14 16 37.505	  31.02722619 121.43962179 1.75  0.0 0.0
2015-07-02-14 16 37.629	  31.02725591 121.43961107 1.75  0.0 0.0
2015-07-02-14 16 37.731	  31.02725591 121.43961107 1.75  0.0 0.0
2015-07-02-14 16 37.840	  31.02725591 121.43961107 1.75  0.0 0.0
2015-07-02-14 16 37.947	  31.02725591 121.43961107 1.75  0.0 0.0
2015-07-02-14 16 38.055	  31.02725591 121.43961107 1.75  0.0 0.0
2015-07-02-14 16 38.166	  31.02725591 121.43961107 1.75  0.0 0.0
2015-07-02-14 16 38.277	  31.02725591 121.43961107 1.75  0.0 0.0
2015-07-02-14 16 38.380	  31.02725591 121.43961107 1.75  0.0 0.0
2015-07-02-14 16 38.489	  31.02725591 121.43961107 1.75  0.0 0.0
2015-07-02-14 16 38.596	  31.02725591 121.43961107 1.75  0.0 0.0
2015-07-02-14 16 38.750	  31.02725591 121.43961107 1.75  0.0 0.0
2015-07-02-14 16 38.852	  31.02725591 121.43961107 1.75  0.0 0.0
2015-07-02-14 16 39.000	  31.02725591 121.43961107 1.75  0.0 0.0
2015-07-02-14 16 39.103	  31.02725591 121.43961107 1.75  0.0 0.0
2015-07-02-14 16 39.209	  31.02728456 121.4395974 1.75  0.0 0.0
2015-07-02-14 16 39.321	  31.02728456 121.4395974 1.75  0.0 0.0
2015-07-02-14 16 39.423	  31.02728456 121.4395974 1.75  0.0 0.0
2015-07-02-14 16 39.549	  31.02728456 121.4395974 1.75  0.0 0.0
2015-07-02-14 16 39.655	  31.02728456 121.4395974 1.75  0.0 0.0
2015-07-02-14 16 39.829	  31.02728456 121.4395974 1.75  0.0 0.0
2015-07-02-14 16 39.935	  31.02728456 121.4395974 1.75  0.0 0.0
2015-07-02-14 16 40.038	  31.02728456 121.4395974 1.75  0.0 0.0
2015-07-02-14 16 40.145	  31.02728456 121.4395974 1.75  0.0 0.0
2015-07-02-14 16 40.246	  31.02728456 121.4395974 1.75  0.0 0.0
2015-07-02-14 16 40.351	  31.02728456 121.4395974 1.75  0.0 0.0
2015-07-02-14 16 40.454	  31.02728456 121.4395974 1.75  0.0 0.0
2015-07-02-14 16 40.630	  31.02728456 121.4395974 1.75  0.0 0.0
2015-07-02-14 16 40.733	  31.02728456 121.4395974 1.75  0.0 0.0
2015-07-02-14 16 40.875	  31.02728456 121.4395974 1.75  0.0 0.0
2015-07-02-14 16 40.979	  31.02728456 121.4395974 1.75  0.0 0.0
2015-07-02-14 16 41.082	  31.02731192 121.43958393 1.75  0.0 0.0
2015-07-02-14 16 41.191	  31.02731192 121.43958393 1.75  0.0 0.0
2015-07-02-14 16 41.295	  31.02731192 121.43958393 1.75  0.0 0.0
2015-07-02-14 16 41.404	  31.02731192 121.43958393 1.75  0.0 0.0
2015-07-02-14 16 41.509	  31.02731192 121.43958393 1.75  0.0 0.0
2015-07-02-14 16 41.664	  31.02731192 121.43958393 1.75  0.0 0.0
2015-07-02-14 16 41.767	  31.02731192 121.43958393 1.75  0.0 0.0
2015-07-02-14 16 41.868	  31.02731192 121.43958393 1.75  0.0 0.0
2015-07-02-14 16 41.980	  31.02731192 121.43958393 1.75  0.0 0.0
2015-07-02-14 16 42.082	  31.02731192 121.43958393 1.75  0.0 0.0
2015-07-02-14 16 42.187	  31.02731192 121.43958393 1.75  0.0 0.0
2015-07-02-14 16 42.291	  31.02731192 121.43958393 1.75  0.0 0.0
2015-07-02-14 16 42.397	  31.02731192 121.43958393 1.75  0.0 0.0
2015-07-02-14 16 42.508	  31.02731192 121.43958393 1.75  0.0 0.0
2015-07-02-14 16 42.610	  31.02731192 121.43958393 1.75  0.0 0.0
2015-07-02-14 16 42.765	  31.02731192 121.43958393 1.75  0.0 0.0
2015-07-02-14 16 42.879	  31.02731192 121.43958393 1.75  0.0 0.0
2015-07-02-14 16 42.990	  31.02734007 121.4395705 1.75  0.0 0.0
2015-07-02-14 16 43.122	  31.02734007 121.4395705 1.75  0.0 0.0
2015-07-02-14 16 43.224	  31.02734007 121.4395705 1.75  0.0 0.0
2015-07-02-14 16 43.354	  31.02734007 121.4395705 1.75  0.0 0.0
2015-07-02-14 16 43.462	  31.02734007 121.4395705 1.75  0.0 0.0
2015-07-02-14 16 43.571	  31.02734007 121.4395705 1.75  0.0 0.0
2015-07-02-14 16 43.734	  31.02734007 121.4395705 1.75  0.0 0.0
2015-07-02-14 16 43.845	  31.02734007 121.4395705 1.75  0.0 0.0
2015-07-02-14 16 43.946	  31.02734007 121.4395705 1.75  0.0 0.0
2015-07-02-14 16 44.049	  31.02734007 121.4395705 1.75  0.0 0.0
2015-07-02-14 16 44.155	  31.02734007 121.4395705 1.75  0.0 0.0
2015-07-02-14 16 44.303	  31.02734007 121.4395705 1.75  0.0 0.0
2015-07-02-14 16 44.405	  31.02734007 121.4395705 1.75  0.0 0.0
2015-07-02-14 16 44.551	  31.02734007 121.4395705 1.75  0.0 0.0
2015-07-02-14 16 44.662	  31.02734007 121.4395705 1.75  0.0 0.0
2015-07-02-14 16 44.766	  31.02734007 121.4395705 1.75  0.0 0.0
2015-07-02-14 16 44.878	  31.02734007 121.4395705 1.75  0.0 0.0
2015-07-02-14 16 44.980	  31.02734007 121.4395705 1.75  0.0 0.0
2015-07-02-14 16 45.111	  31.02734007 121.4395705 1.75  0.0 0.0
2015-07-02-14 16 45.215	  31.02734007 121.4395705 1.75  0.0 0.0
2015-07-02-14 16 45.387	  31.02734007 121.4395705 1.75  0.0 0.0
2015-07-02-14 16 45.495	  31.02734007 121.4395705 1.75  0.0 0.0
2015-07-02-14 16 45.616	  31.0273677 121.43955637 1.75  0.0 0.0
2015-07-02-14 16 45.732	  31.0273677 121.43955637 1.75  0.0 0.0
2015-07-02-14 16 45.836	  31.0273677 121.43955637 1.75  0.0 0.0
2015-07-02-14 16 45.998	  31.0273677 121.43955637 1.75  0.0 0.0
2015-07-02-14 16 46.103	  31.0273677 121.43955637 1.75  0.0 0.0
2015-07-02-14 16 46.206	  31.0273677 121.43955637 1.75  0.0 0.0
2015-07-02-14 16 46.316	  31.0273677 121.43955637 1.75  0.0 0.0
2015-07-02-14 16 46.419	  31.0273677 121.43955637 1.75  0.0 0.0
2015-07-02-14 16 46.551	  31.0273677 121.43955637 1.75  0.0 0.0
2015-07-02-14 16 46.667	  31.0273677 121.43955637 1.75  0.0 0.0
2015-07-02-14 16 46.768	  31.0273677 121.43955637 1.75  0.0 0.0
2015-07-02-14 16 46.885	  31.0273677 121.43955637 1.75  0.0 0.0
2015-07-02-14 16 46.990	  31.0273677 121.43955637 1.75  0.0 0.0
2015-07-02-14 16 47.096	  31.0273677 121.43955637 1.75  0.0 0.0
2015-07-02-14 16 47.257	  31.02739591 121.43954448 1.75  0.0 0.0
2015-07-02-14 16 47.382	  31.02739591 121.43954448 1.75  0.0 0.0
2015-07-02-14 16 47.489	  31.02739591 121.43954448 1.75  0.0 0.0
2015-07-02-14 16 47.594	  31.02739591 121.43954448 1.75  0.0 0.0
2015-07-02-14 16 47.758	  31.02739591 121.43954448 1.75  0.0 0.0
2015-07-02-14 16 47.865	  31.02739591 121.43954448 1.75  0.0 0.0
2015-07-02-14 16 47.967	  31.02739591 121.43954448 1.75  0.0 0.0
2015-07-02-14 16 48.114	  31.02739591 121.43954448 1.75  0.0 0.0
2015-07-02-14 16 48.220	  31.02739591 121.43954448 1.75  0.0 0.0
2015-07-02-14 16 48.324	  31.02739591 121.43954448 1.75  0.0 0.0
2015-07-02-14 16 48.504	  31.02739591 121.43954448 1.75  0.0 0.0
2015-07-02-14 16 48.605	  31.02739591 121.43954448 1.75  0.0 0.0
2015-07-02-14 16 48.707	  31.02739591 121.43954448 1.75  0.0 0.0
2015-07-02-14 16 48.854	  31.02739591 121.43954448 1.75  0.0 0.0
2015-07-02-14 16 48.959	  31.02742431 121.43953369 1.75  0.0 0.0
2015-07-02-14 16 49.114	  31.02742431 121.43953369 1.75  0.0 0.0
2015-07-02-14 16 49.215	  31.02742431 121.43953369 1.75  0.0 0.0
2015-07-02-14 16 49.330	  31.02742431 121.43953369 1.75  0.0 0.0
2015-07-02-14 16 49.432	  31.02742431 121.43953369 1.75  0.0 0.0
2015-07-02-14 16 49.537	  31.02742431 121.43953369 1.75  0.0 0.0
2015-07-02-14 16 49.703	  31.02742431 121.43953369 1.75  0.0 0.0
2015-07-02-14 16 49.804	  31.02742431 121.43953369 1.75  0.0 0.0
2015-07-02-14 16 49.933	  31.02742431 121.43953369 1.75  0.0 0.0
2015-07-02-14 16 50.040	  31.02742431 121.43953369 1.75  0.0 0.0
2015-07-02-14 16 50.143	  31.02742431 121.43953369 1.75  0.0 0.0
2015-07-02-14 16 50.303	  31.02742431 121.43953369 1.75  0.0 0.0
2015-07-02-14 16 50.404	  31.02742431 121.43953369 1.75  0.0 0.0
2015-07-02-14 16 50.523	  31.02742431 121.43953369 1.75  0.0 0.0
2015-07-02-14 16 50.627	  31.02742431 121.43953369 1.75  0.0 0.0
2015-07-02-14 16 50.729	  31.02742431 121.43953369 1.75  0.0 0.0
2015-07-02-14 16 50.857	  31.02742431 121.43953369 1.75  0.0 0.0
2015-07-02-14 16 50.964	  31.02745235 121.43952243 1.75  0.0 0.0
2015-07-02-14 16 51.116	  31.02745235 121.43952243 1.75  0.0 0.0
2015-07-02-14 16 51.218	  31.02745235 121.43952243 1.75  0.0 0.0
2015-07-02-14 16 51.320	  31.02745235 121.43952243 1.75  0.0 0.0
2015-07-02-14 16 51.464	  31.02745235 121.43952243 1.75  0.0 0.0
2015-07-02-14 16 51.571	  31.02745235 121.43952243 1.75  0.0 0.0
2015-07-02-14 16 51.673	  31.02745235 121.43952243 1.75  0.0 0.0
2015-07-02-14 16 51.838	  31.02745235 121.43952243 1.75  0.0 0.0
2015-07-02-14 16 51.940	  31.02745235 121.43952243 1.75  0.0 0.0
2015-07-02-14 16 52.051	  31.02745235 121.43952243 1.75  0.0 0.0
2015-07-02-14 16 52.173	  31.02745235 121.43952243 1.75  0.0 0.0
2015-07-02-14 16 52.275	  31.02745235 121.43952243 1.75  0.0 0.0
2015-07-02-14 16 52.400	  31.02745235 121.43952243 1.75  0.0 0.0
2015-07-02-14 16 52.531	  31.02745235 121.43952243 1.75  0.0 0.0
2015-07-02-14 16 52.705	  31.02745235 121.43952243 1.75  0.0 0.0
2015-07-02-14 16 52.814	  31.02745235 121.43952243 1.75  0.0 0.0
2015-07-02-14 16 52.917	  31.02745235 121.43952243 1.75  0.0 0.0
2015-07-02-14 16 53.052	  31.02745235 121.43952243 1.75  0.0 0.0
2015-07-02-14 16 53.154	  31.02745235 121.43952243 1.75  0.0 0.0
2015-07-02-14 16 53.274	  31.02745235 121.43952243 1.75  0.0 0.0
2015-07-02-14 16 53.449	  31.02745235 121.43952243 1.75  0.0 0.0
2015-07-02-14 16 53.553	  31.02748107 121.43951039 1.75  0.0 0.0
2015-07-02-14 16 53.662	  31.02748107 121.43951039 1.75  0.0 0.0
2015-07-02-14 16 53.808	  31.02748107 121.43951039 1.75  0.0 0.0
2015-07-02-14 16 53.914	  31.02748107 121.43951039 1.75  0.0 0.0
2015-07-02-14 16 54.049	  31.02748107 121.43951039 1.75  0.0 0.0
2015-07-02-14 16 54.155	  31.02748107 121.43951039 1.75  0.0 0.0
2015-07-02-14 16 54.257	  31.02748107 121.43951039 1.75  0.0 0.0
2015-07-02-14 16 54.409	  31.02748107 121.43951039 1.75  0.0 0.0
2015-07-02-14 16 54.528	  31.02748107 121.43951039 1.75  0.0 0.0
2015-07-02-14 16 54.630	  31.02748107 121.43951039 1.75  0.0 0.0
2015-07-02-14 16 54.771	  31.02748107 121.43951039 1.75  0.0 0.0
2015-07-02-14 16 54.889	  31.02748107 121.43951039 1.75  0.0 0.0
2015-07-02-14 16 54.992	  31.02748107 121.43951039 1.75  0.0 0.0
2015-07-02-14 16 55.095	  31.02750945 121.43949557 1.75  0.0 0.0
2015-07-02-14 16 55.254	  31.02750945 121.43949557 1.75  0.0 0.0
2015-07-02-14 16 55.373	  31.02750945 121.43949557 1.75  0.0 0.0
2015-07-02-14 16 55.514	  31.02750945 121.43949557 1.75  0.0 0.0
2015-07-02-14 16 55.617	  31.02750945 121.43949557 1.75  0.0 0.0
2015-07-02-14 16 55.721	  31.02750945 121.43949557 1.75  0.0 0.0
2015-07-02-14 16 55.900	  31.02750945 121.43949557 1.75  0.0 0.0
2015-07-02-14 16 56.002	  31.02750945 121.43949557 1.75  0.0 0.0
2015-07-02-14 16 56.139	  31.02750945 121.43949557 1.75  0.0 0.0
2015-07-02-14 16 56.254	  31.02750945 121.43949557 1.75  0.0 0.0
2015-07-02-14 16 56.401	  31.02750945 121.43949557 1.75  0.0 0.0
2015-07-02-14 16 56.517	  31.02750945 121.43949557 1.75  0.0 0.0
2015-07-02-14 16 56.619	  31.02750945 121.43949557 1.75  0.0 0.0
2015-07-02-14 16 56.724	  31.02750945 121.43949557 1.75  0.0 0.0
2015-07-02-14 16 56.904	  31.02750945 121.43949557 1.75  0.0 0.0
2015-07-02-14 16 57.043	  31.02753798 121.43948391 1.75  0.0 0.0
2015-07-02-14 16 57.171	  31.02753798 121.43948391 1.75  0.0 0.0
2015-07-02-14 16 57.287	  31.02753798 121.43948391 1.75  0.0 0.0
2015-07-02-14 16 57.389	  31.02753798 121.43948391 1.75  0.0 0.0
2015-07-02-14 16 57.506	  31.02753798 121.43948391 1.75  0.0 0.0
2015-07-02-14 16 57.624	  31.02753798 121.43948391 1.75  0.0 0.0
2015-07-02-14 16 57.764	  31.02753798 121.43948391 1.75  0.0 0.0
2015-07-02-14 16 57.871	  31.02753798 121.43948391 1.75  0.0 0.0
2015-07-02-14 16 57.975	  31.02753798 121.43948391 1.75  0.0 0.0
2015-07-02-14 16 58.126	  31.02753798 121.43948391 1.75  0.0 0.0
2015-07-02-14 16 58.241	  31.02753798 121.43948391 1.75  0.0 0.0
2015-07-02-14 16 58.380	  31.02753798 121.43948391 1.75  0.0 0.0
2015-07-02-14 16 58.490	  31.02753798 121.43948391 1.75  0.0 0.0
2015-07-02-14 16 58.592	  31.02753798 121.43948391 1.75  0.0 0.0
2015-07-02-14 16 58.730	  31.02753798 121.43948391 1.75  0.0 0.0
2015-07-02-14 16 58.873	  31.02753798 121.43948391 1.75  0.0 0.0
2015-07-02-14 16 59.015	  31.02756691 121.43946907 1.75  0.0 0.0
2015-07-02-14 16 59.149	  31.02756691 121.43946907 1.75  0.0 0.0
2015-07-02-14 16 59.261	  31.02756691 121.43946907 1.75  0.0 0.0
2015-07-02-14 16 59.363	  31.02756691 121.43946907 1.75  0.0 0.0
2015-07-02-14 16 59.479	  31.02756691 121.43946907 1.75  0.0 0.0
2015-07-02-14 16 59.652	  31.02756691 121.43946907 1.75  0.0 0.0
2015-07-02-14 16 59.796	  31.02756691 121.43946907 1.75  0.0 0.0
2015-07-02-14 16 59.898	  31.02756691 121.43946907 1.75  0.0 0.0
2015-07-02-14 17 00.001	  31.02756691 121.43946907 1.75  0.0 0.0
2015-07-02-14 17 00.168	  31.02756691 121.43946907 1.75  0.0 0.0
2015-07-02-14 17 00.308	  31.02756691 121.43946907 1.75  0.0 0.0
2015-07-02-14 17 00.447	  31.02756691 121.43946907 1.75  0.0 0.0
2015-07-02-14 17 00.550	  31.02756691 121.43946907 1.75  0.0 0.0
2015-07-02-14 17 00.654	  31.02756691 121.43946907 1.75  0.0 0.0
2015-07-02-14 17 00.805	  31.02756691 121.43946907 1.75  0.0 0.0
2015-07-02-14 17 00.953	  31.02756691 121.43946907 1.75  0.0 0.0
2015-07-02-14 17 01.104	  31.02759542 121.43945453 1.75  0.0 0.0
2015-07-02-14 17 01.210	  31.02759542 121.43945453 1.75  0.0 0.0
2015-07-02-14 17 01.314	  31.02759542 121.43945453 1.75  0.0 0.0
2015-07-02-14 17 01.476	  31.02759542 121.43945453 1.75  0.0 0.0
2015-07-02-14 17 01.595	  31.02759542 121.43945453 1.75  0.0 0.0
2015-07-02-14 17 01.713	  31.02759542 121.43945453 1.75  0.0 0.0
2015-07-02-14 17 01.829	  31.02759542 121.43945453 1.75  0.0 0.0
2015-07-02-14 17 01.933	  31.02759542 121.43945453 1.75  0.0 0.0
2015-07-02-14 17 02.036	  31.02759542 121.43945453 1.75  0.0 0.0
2015-07-02-14 17 02.202	  31.02759542 121.43945453 1.75  0.0 0.0
2015-07-02-14 17 02.343	  31.02759542 121.43945453 1.75  0.0 0.0
2015-07-02-14 17 02.480	  31.02759542 121.43945453 1.75  0.0 0.0
2015-07-02-14 17 02.591	  31.02759542 121.43945453 1.75  0.0 0.0
2015-07-02-14 17 02.694	  31.02759542 121.43945453 1.75  0.0 0.0
2015-07-02-14 17 02.801	  31.02759542 121.43945453 1.75  0.0 0.0
2015-07-02-14 17 02.908	  31.02759542 121.43945453 1.75  0.0 0.0
2015-07-02-14 17 03.072	  31.02759542 121.43945453 1.75  0.0 0.0
2015-07-02-14 17 03.216	  31.02762515 121.43944087 1.75  0.0 0.0
2015-07-02-14 17 03.335	  31.02762515 121.43944087 1.75  0.0 0.0
2015-07-02-14 17 03.478	  31.02762515 121.43944087 1.75  0.0 0.0
2015-07-02-14 17 03.581	  31.02762515 121.43944087 1.75  0.0 0.0
2015-07-02-14 17 03.687	  31.02762515 121.43944087 1.75  0.0 0.0
2015-07-02-14 17 03.849	  31.02762515 121.43944087 1.75  0.0 0.0
2015-07-02-14 17 03.951	  31.02762515 121.43944087 1.75  0.0 0.0
2015-07-02-14 17 04.073	  31.02762515 121.43944087 1.75  0.0 0.0
2015-07-02-14 17 04.216	  31.02762515 121.43944087 1.75  0.0 0.0
2015-07-02-14 17 04.334	  31.02762515 121.43944087 1.75  0.0 0.0
2015-07-02-14 17 04.452	  31.02762515 121.43944087 1.75  0.0 0.0
2015-07-02-14 17 04.562	  31.02762515 121.43944087 1.75  0.0 0.0
2015-07-02-14 17 04.665	  31.02762515 121.43944087 1.75  0.0 0.0
2015-07-02-14 17 04.808	  31.02762515 121.43944087 1.75  0.0 0.0
2015-07-02-14 17 04.951	  31.02762515 121.43944087 1.75  0.0 0.0
2015-07-02-14 17 05.073	  31.02765382 121.43942945 1.75  0.0 0.0
2015-07-02-14 17 05.189	  31.02765382 121.43942945 1.75  0.0 0.0
2015-07-02-14 17 05.291	  31.02765382 121.43942945 1.75  0.0 0.0
2015-07-02-14 17 05.396	  31.02765382 121.43942945 1.75  0.0 0.0
2015-07-02-14 17 05.572	  31.02765382 121.43942945 1.75  0.0 0.0
2015-07-02-14 17 05.719	  31.02765382 121.43942945 1.75  0.0 0.0
2015-07-02-14 17 05.864	  31.02765382 121.43942945 1.75  0.0 0.0
2015-07-02-14 17 05.980	  31.02765382 121.43942945 1.75  0.0 0.0
2015-07-02-14 17 06.083	  31.02765382 121.43942945 1.75  0.0 0.0
2015-07-02-14 17 06.210	  31.02765382 121.43942945 1.75  0.0 0.0
2015-07-02-14 17 06.363	  31.02765382 121.43942945 1.75  0.0 0.0
2015-07-02-14 17 06.499	  31.02765382 121.43942945 1.75  0.0 0.0
2015-07-02-14 17 06.641	  31.02765382 121.43942945 1.75  0.0 0.0
2015-07-02-14 17 06.749	  31.02765382 121.43942945 1.75  0.0 0.0
2015-07-02-14 17 06.852	  31.02765382 121.43942945 1.75  0.0 0.0
2015-07-02-14 17 06.981	  31.02768 121.43941588 1.75  0.0 0.0
2015-07-02-14 17 07.114	  31.02768 121.43941588 1.75  0.0 0.0
2015-07-02-14 17 07.232	  31.02768 121.43941588 1.75  0.0 0.0
2015-07-02-14 17 07.370	  31.02768 121.43941588 1.75  0.0 0.0
2015-07-02-14 17 07.483	  31.02768 121.43941588 1.75  0.0 0.0
2015-07-02-14 17 07.585	  31.02768 121.43941588 1.75  0.0 0.0
2015-07-02-14 17 07.716	  31.02768 121.43941588 1.75  0.0 0.0
2015-07-02-14 17 07.837	  31.02768 121.43941588 1.75  0.0 0.0
2015-07-02-14 17 07.989	  31.02768 121.43941588 1.75  0.0 0.0
2015-07-02-14 17 08.101	  31.02768 121.43941588 1.75  0.0 0.0
2015-07-02-14 17 08.204	  31.02768 121.43941588 1.75  0.0 0.0
2015-07-02-14 17 08.344	  31.02768 121.43941588 1.75  0.0 0.0
2015-07-02-14 17 08.502	  31.02768 121.43941588 1.75  0.0 0.0
2015-07-02-14 17 08.620	  31.02768 121.43941588 1.75  0.0 0.0
2015-07-02-14 17 08.737	  31.02768 121.43941588 1.75  0.0 0.0
2015-07-02-14 17 08.843	  31.02768 121.43941588 1.75  0.0 0.0
2015-07-02-14 17 08.946	  31.02768 121.43941588 1.75  0.0 0.0
2015-07-02-14 17 09.098	  31.02768 121.43941588 1.75  0.0 0.0
2015-07-02-14 17 09.237	  31.02768 121.43941588 1.75  0.0 0.0
2015-07-02-14 17 09.377	  31.02768 121.43941588 1.75  0.0 0.0
2015-07-02-14 17 09.494	  31.02768 121.43941588 1.75  0.0 0.0
2015-07-02-14 17 09.604	  31.02770764 121.43940343 1.75  0.0 0.0
2015-07-02-14 17 09.706	  31.02770764 121.43940343 1.75  0.0 0.0
2015-07-02-14 17 09.837	  31.02770764 121.43940343 1.75  0.0 0.0
2015-07-02-14 17 10.006	  31.02770764 121.43940343 1.75  0.0 0.0
2015-07-02-14 17 10.144	  31.02770764 121.43940343 1.75  0.0 0.0
2015-07-02-14 17 10.283	  31.02770764 121.43940343 1.75  0.0 0.0
2015-07-02-14 17 10.391	  31.02770764 121.43940343 1.75  0.0 0.0
2015-07-02-14 17 10.494	  31.02770764 121.43940343 1.75  0.0 0.0
2015-07-02-14 17 10.656	  31.02770764 121.43940343 1.75  0.0 0.0
2015-07-02-14 17 10.803	  31.02770764 121.43940343 1.75  0.0 0.0
2015-07-02-14 17 10.927	  31.02770764 121.43940343 1.75  0.0 0.0
2015-07-02-14 17 11.077	  31.02773535 121.43939304 1.75  0.0 0.0
2015-07-02-14 17 11.189	  31.02773535 121.43939304 1.75  0.0 0.0
2015-07-02-14 17 11.292	  31.02773535 121.43939304 1.75  0.0 0.0
2015-07-02-14 17 11.451	  31.02773535 121.43939304 1.75  0.0 0.0
2015-07-02-14 17 11.610	  31.02773535 121.43939304 1.75  0.0 0.0
2015-07-02-14 17 11.753	  31.02773535 121.43939304 1.75  0.0 0.0
2015-07-02-14 17 11.871	  31.02773535 121.43939304 1.75  0.0 0.0
2015-07-02-14 17 11.981	  31.02773535 121.43939304 1.75  0.0 0.0
2015-07-02-14 17 12.084	  31.02773535 121.43939304 1.75  0.0 0.0
2015-07-02-14 17 12.200	  31.02773535 121.43939304 1.75  0.0 0.0
2015-07-02-14 17 12.339	  31.02773535 121.43939304 1.75  0.0 0.0
2015-07-02-14 17 12.480	  31.02773535 121.43939304 1.75  0.0 0.0
2015-07-02-14 17 12.618	  31.02773535 121.43939304 1.75  0.0 0.0
2015-07-02-14 17 12.753	  31.02773535 121.43939304 1.75  0.0 0.0
2015-07-02-14 17 12.908	  31.02773535 121.43939304 1.75  0.0 0.0
2015-07-02-14 17 13.026	  31.02776444 121.43938478 1.75  0.0 0.0
2015-07-02-14 17 13.140	  31.02776444 121.43938478 1.75  0.0 0.0
