2015-07-02-16 16 17.142	  0.0 0.0 0.0  0.0 0.0
2015-07-02-16 16 17.244	  0.0 0.0 0.0  0.0 0.0
2015-07-02-16 16 17.346	  0.0 0.0 0.0  0.0 0.0
2015-07-02-16 16 17.447	  0.0 0.0 0.0  0.0 0.0
2015-07-02-16 16 17.550	  0.0 0.0 0.0  0.0 0.0
2015-07-02-16 16 17.653	  0.0 0.0 0.0  0.0 0.0
2015-07-02-16 16 17.755	  0.0 0.0 0.0  0.0 0.0
2015-07-02-16 16 17.857	  0.0 0.0 0.0  0.0 0.0
2015-07-02-16 16 17.960	  0.0 0.0 0.0  0.0 0.0
2015-07-02-16 16 18.062	  0.0 0.0 0.0  0.0 0.0
2015-07-02-16 16 18.163	  0.0 0.0 0.0  0.0 0.0
2015-07-02-16 16 18.265	  0.0 0.0 0.0  0.0 0.0
2015-07-02-16 16 18.367	  0.0 0.0 0.0  0.0 0.0
2015-07-02-16 16 18.469	  0.0 0.0 0.0  0.0 0.0
2015-07-02-16 16 18.570	  0.0 0.0 0.0  0.0 0.0
2015-07-02-16 16 18.672	  0.0 0.0 0.0  0.0 0.0
2015-07-02-16 16 18.774	  0.0 0.0 0.0  0.0 0.0
2015-07-02-16 16 18.876	  0.0 0.0 0.0  0.0 0.0
2015-07-02-16 16 18.977	  0.0 0.0 0.0  0.0 0.0
2015-07-02-16 16 19.079	  0.0 0.0 0.0  0.0 0.0
2015-07-02-16 16 19.181	  0.0 0.0 0.0  0.0 0.0
2015-07-02-16 16 19.287	  0.0 0.0 0.0  0.0 0.0
2015-07-02-16 16 19.389	  0.0 0.0 0.0  0.0 0.0
2015-07-02-16 16 19.491	  0.0 0.0 0.0  0.0 0.0
2015-07-02-16 16 19.593	  0.0 0.0 0.0  0.0 0.0
2015-07-02-16 16 19.694	  0.0 0.0 0.0  0.0 0.0
2015-07-02-16 16 19.796	  0.0 0.0 0.0  0.0 0.0
2015-07-02-16 16 19.898	  0.0 0.0 0.0  0.0 0.0
2015-07-02-16 16 20.000	  0.0 0.0 0.0  0.0 0.0
2015-07-02-16 16 20.102	  0.0 0.0 0.0  0.0 0.0
2015-07-02-16 16 20.209	  31.02788542 121.43936461 0.0  0.0 0.0
2015-07-02-16 16 20.310	  31.02788542 121.43936461 0.0  0.0 0.0
2015-07-02-16 16 20.413	  31.02788542 121.43936461 0.0  0.0 0.0
2015-07-02-16 16 20.514	  31.02788542 121.43936461 0.0  0.0 0.0
2015-07-02-16 16 20.620	  31.02788542 121.43936461 0.0  0.0 0.0
2015-07-02-16 16 20.723	  31.02788542 121.43936461 0.0  0.0 0.0
2015-07-02-16 16 20.829	  31.02788542 121.43936461 0.0  0.0 0.0
2015-07-02-16 16 20.932	  31.02788542 121.43936461 0.0  0.0 0.0
2015-07-02-16 16 21.036	  31.02788542 121.43936461 0.0  0.0 0.0
2015-07-02-16 16 21.142	  31.02788542 121.43936461 0.0  0.0 0.0
2015-07-02-16 16 21.248	  31.0278693 121.43937862 0.5  0.0 0.0
2015-07-02-16 16 21.349	  31.0278693 121.43937862 0.5  0.0 0.0
2015-07-02-16 16 21.453	  31.0278693 121.43937862 0.5  0.0 0.0
2015-07-02-16 16 21.560	  31.0278693 121.43937862 0.5  0.0 0.0
2015-07-02-16 16 21.661	  31.0278693 121.43937862 0.5  0.0 0.0
2015-07-02-16 16 21.763	  31.0278693 121.43937862 0.5  0.0 0.0
2015-07-02-16 16 21.865	  31.0278693 121.43937862 0.5  0.0 0.0
2015-07-02-16 16 21.968	  31.0278693 121.43937862 0.5  0.0 0.0
2015-07-02-16 16 22.069	  31.0278693 121.43937862 0.5  0.0 0.0
2015-07-02-16 16 22.171	  31.02784693 121.43938862 1.0  0.0 0.0
2015-07-02-16 16 22.272	  31.02784693 121.43938862 1.0  0.0 0.0
2015-07-02-16 16 22.402	  31.02784693 121.43938862 1.0  0.0 0.0
2015-07-02-16 16 22.521	  31.02784693 121.43938862 1.0  0.0 0.0
2015-07-02-16 16 22.623	  31.02784693 121.43938862 1.0  0.0 0.0
2015-07-02-16 16 22.724	  31.02784693 121.43938862 1.0  0.0 0.0
2015-07-02-16 16 22.826	  31.02784693 121.43938862 1.0  0.0 0.0
2015-07-02-16 16 22.928	  31.02784693 121.43938862 1.0  0.0 0.0
2015-07-02-16 16 23.030	  31.02784693 121.43938862 1.0  0.0 0.0
2015-07-02-16 16 23.136	  31.02784693 121.43938862 1.0  0.0 0.0
2015-07-02-16 16 23.249	  31.02782084 121.43939197 1.0  0.0 0.0
2015-07-02-16 16 23.351	  31.02782084 121.43939197 1.0  0.0 0.0
2015-07-02-16 16 23.454	  31.02782084 121.43939197 1.0  0.0 0.0
2015-07-02-16 16 23.556	  31.02782084 121.43939197 1.0  0.0 0.0
2015-07-02-16 16 23.660	  31.02782084 121.43939197 1.0  0.0 0.0
2015-07-02-16 16 23.765	  31.02782084 121.43939197 1.0  0.0 0.0
2015-07-02-16 16 23.867	  31.02782084 121.43939197 1.0  0.0 0.0
2015-07-02-16 16 23.972	  31.02782084 121.43939197 1.0  0.0 0.0
2015-07-02-16 16 24.074	  31.02782084 121.43939197 1.0  0.0 0.0
2015-07-02-16 16 24.176	  31.02779604 121.43939419 1.0  0.0 0.0
2015-07-02-16 16 24.281	  31.02779604 121.43939419 1.0  0.0 0.0
2015-07-02-16 16 24.383	  31.02779604 121.43939419 1.0  0.0 0.0
2015-07-02-16 16 24.486	  31.02779604 121.43939419 1.0  0.0 0.0
2015-07-02-16 16 24.588	  31.02779604 121.43939419 1.0  0.0 0.0
2015-07-02-16 16 24.695	  31.02779604 121.43939419 1.0  0.0 0.0
2015-07-02-16 16 24.797	  31.02779604 121.43939419 1.0  0.0 0.0
2015-07-02-16 16 24.901	  31.02779604 121.43939419 1.0  0.0 0.0
2015-07-02-16 16 25.007	  31.02779604 121.43939419 1.0  0.0 0.0
2015-07-02-16 16 25.113	  31.02779604 121.43939419 1.0  0.0 0.0
2015-07-02-16 16 25.219	  31.02777406 121.43939673 1.25  0.0 0.0
2015-07-02-16 16 25.322	  31.02777406 121.43939673 1.25  0.0 0.0
2015-07-02-16 16 25.424	  31.02777406 121.43939673 1.25  0.0 0.0
2015-07-02-16 16 25.529	  31.02777406 121.43939673 1.25  0.0 0.0
2015-07-02-16 16 25.634	  31.02777406 121.43939673 1.25  0.0 0.0
2015-07-02-16 16 25.738	  31.02777406 121.43939673 1.25  0.0 0.0
2015-07-02-16 16 25.842	  31.02777406 121.43939673 1.25  0.0 0.0
2015-07-02-16 16 25.954	  31.02777406 121.43939673 1.25  0.0 0.0
2015-07-02-16 16 26.057	  31.02777406 121.43939673 1.25  0.0 0.0
2015-07-02-16 16 26.159	  31.02775322 121.43940395999999 1.25  0.0 0.0
2015-07-02-16 16 26.264	  31.02775322 121.43940395999999 1.25  0.0 0.0
2015-07-02-16 16 26.368	  31.02775322 121.43940395999999 1.25  0.0 0.0
2015-07-02-16 16 26.475	  31.02775322 121.43940395999999 1.25  0.0 0.0
2015-07-02-16 16 26.578	  31.02775322 121.43940395999999 1.25  0.0 0.0
2015-07-02-16 16 26.681	  31.02775322 121.43940395999999 1.25  0.0 0.0
2015-07-02-16 16 26.791	  31.02775322 121.43940395999999 1.25  0.0 0.0
2015-07-02-16 16 26.895	  31.02775322 121.43940395999999 1.25  0.0 0.0
2015-07-02-16 16 27.001	  31.02775322 121.43940395999999 1.25  0.0 0.0
2015-07-02-16 16 27.107	  31.02775322 121.43940395999999 1.25  0.0 0.0
2015-07-02-16 16 27.209	  31.02773283 121.43940841 1.25  0.0 0.0
2015-07-02-16 16 27.311	  31.02773283 121.43940841 1.25  0.0 0.0
2015-07-02-16 16 27.414	  31.02773283 121.43940841 1.25  0.0 0.0
2015-07-02-16 16 27.518	  31.02773283 121.43940841 1.25  0.0 0.0
2015-07-02-16 16 27.656	  31.02773283 121.43940841 1.25  0.0 0.0
2015-07-02-16 16 27.759	  31.02773283 121.43940841 1.25  0.0 0.0
2015-07-02-16 16 27.863	  31.02773283 121.43940841 1.25  0.0 0.0
2015-07-02-16 16 27.968	  31.02773283 121.43940841 1.25  0.0 0.0
2015-07-02-16 16 28.073	  31.02773283 121.43940841 1.25  0.0 0.0
2015-07-02-16 16 28.187	  31.02771472 121.43940905 1.25  0.0 0.0
2015-07-02-16 16 28.289	  31.02771472 121.43940905 1.25  0.0 0.0
2015-07-02-16 16 28.390	  31.02771472 121.43940905 1.25  0.0 0.0
2015-07-02-16 16 28.492	  31.02771472 121.43940905 1.25  0.0 0.0
2015-07-02-16 16 28.596	  31.02771472 121.43940905 1.25  0.0 0.0
2015-07-02-16 16 28.705	  31.02771472 121.43940905 1.25  0.0 0.0
2015-07-02-16 16 28.807	  31.02771472 121.43940905 1.25  0.0 0.0
2015-07-02-16 16 28.909	  31.02771472 121.43940905 1.25  0.0 0.0
2015-07-02-16 16 29.015	  31.02771472 121.43940905 1.25  0.0 0.0
2015-07-02-16 16 29.120	  31.02771472 121.43940905 1.25  0.0 0.0
2015-07-02-16 16 29.232	  31.02769614 121.43941299 1.25  0.0 0.0
2015-07-02-16 16 29.335	  31.02769614 121.43941299 1.25  0.0 0.0
2015-07-02-16 16 29.438	  31.02769614 121.43941299 1.25  0.0 0.0
2015-07-02-16 16 29.543	  31.02769614 121.43941299 1.25  0.0 0.0
2015-07-02-16 16 29.647	  31.02769614 121.43941299 1.25  0.0 0.0
2015-07-02-16 16 29.759	  31.02769614 121.43941299 1.25  0.0 0.0
2015-07-02-16 16 29.860	  31.02769614 121.43941299 1.25  0.0 0.0
2015-07-02-16 16 29.963	  31.02769614 121.43941299 1.25  0.0 0.0
2015-07-02-16 16 30.067	  31.02769614 121.43941299 1.25  0.0 0.0
2015-07-02-16 16 30.171	  31.02767839 121.43941882 1.25  0.0 0.0
2015-07-02-16 16 30.314	  31.02767839 121.43941882 1.25  0.0 0.0
2015-07-02-16 16 30.415	  31.02767839 121.43941882 1.25  0.0 0.0
2015-07-02-16 16 30.517	  31.02767839 121.43941882 1.25  0.0 0.0
2015-07-02-16 16 30.620	  31.02767839 121.43941882 1.25  0.0 0.0
2015-07-02-16 16 30.728	  31.02767839 121.43941882 1.25  0.0 0.0
2015-07-02-16 16 30.836	  31.02767839 121.43941882 1.25  0.0 0.0
2015-07-02-16 16 30.937	  31.02767839 121.43941882 1.25  0.0 0.0
2015-07-02-16 16 31.039	  31.02767839 121.43941882 1.25  0.0 0.0
2015-07-02-16 16 31.141	  31.02767839 121.43941882 1.25  0.0 0.0
2015-07-02-16 16 31.246	  31.02767839 121.43941882 1.25  0.0 0.0
2015-07-02-16 16 31.349	  31.02767839 121.43941882 1.25  0.0 0.0
2015-07-02-16 16 31.454	  31.02767839 121.43941882 1.25  0.0 0.0
2015-07-02-16 16 31.558	  31.02767839 121.43941882 1.25  0.0 0.0
2015-07-02-16 16 31.665	  31.02767839 121.43941882 1.25  0.0 0.0
2015-07-02-16 16 31.770	  31.02767839 121.43941882 1.25  0.0 0.0
2015-07-02-16 16 31.872	  31.02767839 121.43941882 1.25  0.0 0.0
2015-07-02-16 16 31.975	  31.02767839 121.43941882 1.25  0.0 0.0
2015-07-02-16 16 32.080	  31.02767839 121.43941882 1.25  0.0 0.0
2015-07-02-16 16 32.184	  31.02767839 121.43941882 1.25  0.0 0.0
2015-07-02-16 16 32.324	  31.02764695 121.4394341 1.25  0.0 0.0
2015-07-02-16 16 32.426	  31.02764695 121.4394341 1.25  0.0 0.0
2015-07-02-16 16 32.528	  31.02764695 121.4394341 1.25  0.0 0.0
2015-07-02-16 16 32.629	  31.02764695 121.4394341 1.25  0.0 0.0
2015-07-02-16 16 32.731	  31.02764695 121.4394341 1.25  0.0 0.0
2015-07-02-16 16 32.834	  31.02764695 121.4394341 1.25  0.0 0.0
2015-07-02-16 16 32.945	  31.02764695 121.4394341 1.25  0.0 0.0
2015-07-02-16 16 33.047	  31.02764695 121.4394341 1.25  0.0 0.0
2015-07-02-16 16 33.148	  31.02764695 121.4394341 1.25  0.0 0.0
2015-07-02-16 16 33.249	  31.02764695 121.4394341 1.25  0.0 0.0
2015-07-02-16 16 33.351	  31.02764695 121.4394341 1.25  0.0 0.0
2015-07-02-16 16 33.455	  31.02764695 121.4394341 1.25  0.0 0.0
2015-07-02-16 16 33.559	  31.02764695 121.4394341 1.25  0.0 0.0
2015-07-02-16 16 33.662	  31.02764695 121.4394341 1.25  0.0 0.0
2015-07-02-16 16 33.770	  31.02764695 121.4394341 1.25  0.0 0.0
2015-07-02-16 16 33.874	  31.02764695 121.4394341 1.25  0.0 0.0
2015-07-02-16 16 33.978	  31.02764695 121.4394341 1.25  0.0 0.0
2015-07-02-16 16 34.085	  31.02764695 121.4394341 1.25  0.0 0.0
2015-07-02-16 16 34.196	  31.02761988 121.4394466 1.25  0.0 0.0
2015-07-02-16 16 34.297	  31.02761988 121.4394466 1.25  0.0 0.0
2015-07-02-16 16 34.401	  31.02761988 121.4394466 1.25  0.0 0.0
2015-07-02-16 16 34.505	  31.02761988 121.4394466 1.25  0.0 0.0
2015-07-02-16 16 34.621	  31.02761988 121.4394466 1.25  0.0 0.0
2015-07-02-16 16 34.723	  31.02761988 121.4394466 1.25  0.0 0.0
2015-07-02-16 16 34.829	  31.02761988 121.4394466 1.25  0.0 0.0
2015-07-02-16 16 34.932	  31.02761988 121.4394466 1.25  0.0 0.0
2015-07-02-16 16 35.047	  31.02761988 121.4394466 1.25  0.0 0.0
2015-07-02-16 16 35.148	  31.02761988 121.4394466 1.25  0.0 0.0
2015-07-02-16 16 35.250	  31.02761988 121.4394466 1.25  0.0 0.0
2015-07-02-16 16 35.354	  31.02761988 121.4394466 1.25  0.0 0.0
2015-07-02-16 16 35.460	  31.02761988 121.4394466 1.25  0.0 0.0
2015-07-02-16 16 35.564	  31.02761988 121.4394466 1.25  0.0 0.0
2015-07-02-16 16 35.671	  31.02761988 121.4394466 1.25  0.0 0.0
2015-07-02-16 16 35.775	  31.02761988 121.4394466 1.25  0.0 0.0
2015-07-02-16 16 35.890	  31.02761988 121.4394466 1.25  0.0 0.0
2015-07-02-16 16 35.992	  31.02761988 121.4394466 1.25  0.0 0.0
2015-07-02-16 16 36.094	  31.02761988 121.4394466 1.25  0.0 0.0
2015-07-02-16 16 36.196	  31.02761988 121.4394466 1.25  0.0 0.0
2015-07-02-16 16 36.305	  31.0275922 121.4394599 1.25  0.0 0.0
2015-07-02-16 16 36.407	  31.0275922 121.4394599 1.25  0.0 0.0
2015-07-02-16 16 36.511	  31.0275922 121.4394599 1.25  0.0 0.0
2015-07-02-16 16 36.614	  31.0275922 121.4394599 1.25  0.0 0.0
2015-07-02-16 16 36.724	  31.0275922 121.4394599 1.25  0.0 0.0
2015-07-02-16 16 36.828	  31.0275922 121.4394599 1.25  0.0 0.0
2015-07-02-16 16 36.932	  31.0275922 121.4394599 1.25  0.0 0.0
2015-07-02-16 16 37.036	  31.0275922 121.4394599 1.25  0.0 0.0
2015-07-02-16 16 37.145	  31.0275922 121.4394599 1.25  0.0 0.0
2015-07-02-16 16 37.247	  31.0275922 121.4394599 1.25  0.0 0.0
2015-07-02-16 16 37.349	  31.0275922 121.4394599 1.25  0.0 0.0
2015-07-02-16 16 37.452	  31.0275922 121.4394599 1.25  0.0 0.0
2015-07-02-16 16 37.567	  31.0275922 121.4394599 1.25  0.0 0.0
2015-07-02-16 16 37.671	  31.0275922 121.4394599 1.25  0.0 0.0
2015-07-02-16 16 37.776	  31.0275922 121.4394599 1.25  0.0 0.0
2015-07-02-16 16 37.879	  31.0275922 121.4394599 1.25  0.0 0.0
2015-07-02-16 16 38.018	  31.0275922 121.4394599 1.25  0.0 0.0
2015-07-02-16 16 38.120	  31.0275922 121.4394599 1.25  0.0 0.0
2015-07-02-16 16 38.225	  31.0275922 121.4394599 1.25  0.0 0.0
2015-07-02-16 16 38.335	  31.02756395 121.43947102 1.25  0.0 0.0
2015-07-02-16 16 38.436	  31.02756395 121.43947102 1.25  0.0 0.0
2015-07-02-16 16 38.539	  31.02756395 121.43947102 1.25  0.0 0.0
2015-07-02-16 16 38.641	  31.02756395 121.43947102 1.25  0.0 0.0
2015-07-02-16 16 38.744	  31.02756395 121.43947102 1.25  0.0 0.0
2015-07-02-16 16 38.846	  31.02756395 121.43947102 1.25  0.0 0.0
2015-07-02-16 16 38.949	  31.02756395 121.43947102 1.25  0.0 0.0
2015-07-02-16 16 39.053	  31.02756395 121.43947102 1.25  0.0 0.0
2015-07-02-16 16 39.158	  31.02756395 121.43947102 1.25  0.0 0.0
2015-07-02-16 16 39.262	  31.02756395 121.43947102 1.25  0.0 0.0
2015-07-02-16 16 39.364	  31.02756395 121.43947102 1.25  0.0 0.0
2015-07-02-16 16 39.466	  31.02756395 121.43947102 1.25  0.0 0.0
2015-07-02-16 16 39.569	  31.02756395 121.43947102 1.25  0.0 0.0
2015-07-02-16 16 39.672	  31.02756395 121.43947102 1.25  0.0 0.0
2015-07-02-16 16 39.776	  31.02756395 121.43947102 1.25  0.0 0.0
2015-07-02-16 16 39.877	  31.02756395 121.43947102 1.25  0.0 0.0
2015-07-02-16 16 39.985	  31.02756395 121.43947102 1.25  0.0 0.0
2015-07-02-16 16 40.090	  31.02756395 121.43947102 1.25  0.0 0.0
2015-07-02-16 16 40.193	  31.02753519 121.43948212 1.25  0.0 0.0
2015-07-02-16 16 40.304	  31.02753519 121.43948212 1.25  0.0 0.0
2015-07-02-16 16 40.413	  31.02753519 121.43948212 1.25  0.0 0.0
2015-07-02-16 16 40.516	  31.02753519 121.43948212 1.25  0.0 0.0
2015-07-02-16 16 40.620	  31.02753519 121.43948212 1.25  0.0 0.0
2015-07-02-16 16 40.726	  31.02753519 121.43948212 1.25  0.0 0.0
2015-07-02-16 16 40.828	  31.02753519 121.43948212 1.25  0.0 0.0
2015-07-02-16 16 40.931	  31.02753519 121.43948212 1.25  0.0 0.0
2015-07-02-16 16 41.036	  31.02753519 121.43948212 1.25  0.0 0.0
2015-07-02-16 16 41.139	  31.02753519 121.43948212 1.25  0.0 0.0
2015-07-02-16 16 41.250	  31.02753519 121.43948212 1.25  0.0 0.0
2015-07-02-16 16 41.351	  31.02753519 121.43948212 1.25  0.0 0.0
2015-07-02-16 16 41.454	  31.02753519 121.43948212 1.25  0.0 0.0
2015-07-02-16 16 41.557	  31.02753519 121.43948212 1.25  0.0 0.0
2015-07-02-16 16 41.671	  31.02753519 121.43948212 1.25  0.0 0.0
2015-07-02-16 16 41.775	  31.02753519 121.43948212 1.25  0.0 0.0
2015-07-02-16 16 41.877	  31.02753519 121.43948212 1.25  0.0 0.0
2015-07-02-16 16 41.983	  31.02753519 121.43948212 1.25  0.0 0.0
2015-07-02-16 16 42.086	  31.02753519 121.43948212 1.25  0.0 0.0
2015-07-02-16 16 42.200	  31.02750794 121.43949414 1.25  0.0 0.0
2015-07-02-16 16 42.307	  31.02750794 121.43949414 1.25  0.0 0.0
2015-07-02-16 16 42.409	  31.02750794 121.43949414 1.25  0.0 0.0
2015-07-02-16 16 42.511	  31.02750794 121.43949414 1.25  0.0 0.0
2015-07-02-16 16 42.616	  31.02750794 121.43949414 1.25  0.0 0.0
2015-07-02-16 16 42.719	  31.02750794 121.43949414 1.25  0.0 0.0
2015-07-02-16 16 42.822	  31.02750794 121.43949414 1.25  0.0 0.0
2015-07-02-16 16 42.957	  31.02750794 121.43949414 1.25  0.0 0.0
2015-07-02-16 16 43.059	  31.02750794 121.43949414 1.25  0.0 0.0
2015-07-02-16 16 43.162	  31.02750794 121.43949414 1.25  0.0 0.0
2015-07-02-16 16 43.318	  31.02750794 121.43949414 1.25  0.0 0.0
2015-07-02-16 16 43.422	  31.02750794 121.43949414 1.25  0.0 0.0
2015-07-02-16 16 43.527	  31.02750794 121.43949414 1.25  0.0 0.0
2015-07-02-16 16 43.711	  31.02750794 121.43949414 1.25  0.0 0.0
2015-07-02-16 16 43.814	  31.02750794 121.43949414 1.25  0.0 0.0
2015-07-02-16 16 43.916	  31.02750794 121.43949414 1.25  0.0 0.0
2015-07-02-16 16 44.019	  31.02750794 121.43949414 1.25  0.0 0.0
2015-07-02-16 16 44.121	  31.02750794 121.43949414 1.25  0.0 0.0
2015-07-02-16 16 44.234	  31.02750794 121.43949414 1.25  0.0 0.0
2015-07-02-16 16 44.335	  31.02750794 121.43949414 1.25  0.0 0.0
2015-07-02-16 16 44.439	  31.02750794 121.43949414 1.25  0.0 0.0
2015-07-02-16 16 44.544	  31.02750794 121.43949414 1.25  0.0 0.0
2015-07-02-16 16 44.649	  31.02750794 121.43949414 1.25  0.0 0.0
2015-07-02-16 16 44.755	  31.02750794 121.43949414 1.25  0.0 0.0
2015-07-02-16 16 44.914	  31.02750794 121.43949414 1.25  0.0 0.0
2015-07-02-16 16 45.017	  31.02750794 121.43949414 1.25  0.0 0.0
2015-07-02-16 16 45.119	  31.02750794 121.43949414 1.25  0.0 0.0
2015-07-02-16 16 45.269	  31.02748914 121.43950145 0.0  0.0 0.0
2015-07-02-16 16 45.371	  31.02748914 121.43950145 0.0  0.0 0.0
2015-07-02-16 16 45.479	  31.02748914 121.43950145 0.0  0.0 0.0
2015-07-02-16 16 45.584	  31.02748914 121.43950145 0.0  0.0 0.0
2015-07-02-16 16 45.689	  31.02748914 121.43950145 0.0  0.0 0.0
2015-07-02-16 16 45.857	  31.02748914 121.43950145 0.0  0.0 0.0
2015-07-02-16 16 45.961	  31.02748914 121.43950145 0.0  0.0 0.0
2015-07-02-16 16 46.066	  31.02748914 121.43950145 0.0  0.0 0.0
2015-07-02-16 16 46.210	  31.02748914 121.43950145 0.0  0.0 0.0
2015-07-02-16 16 46.312	  31.02748914 121.43950145 0.0  0.0 0.0
2015-07-02-16 16 46.421	  31.02748914 121.43950145 0.0  0.0 0.0
2015-07-02-16 16 46.523	  31.02748914 121.43950145 0.0  0.0 0.0
2015-07-02-16 16 46.624	  31.02748914 121.43950145 0.0  0.0 0.0
2015-07-02-16 16 46.786	  31.02748914 121.43950145 0.0  0.0 0.0
2015-07-02-16 16 46.887	  31.02748914 121.43950145 0.0  0.0 0.0
2015-07-02-16 16 46.997	  31.02748914 121.43950145 0.0  0.0 0.0
2015-07-02-16 16 47.099	  31.02748914 121.43950145 0.0  0.0 0.0
2015-07-02-16 16 47.200	  31.02748914 121.43950145 0.0  0.0 0.0
2015-07-02-16 16 47.359	  31.02748914 121.43950145 0.0  0.0 0.0
2015-07-02-16 16 47.461	  31.02748914 121.43950145 0.0  0.0 0.0
2015-07-02-16 16 47.598	  31.02748914 121.43950145 0.0  0.0 0.0
2015-07-02-16 16 47.702	  31.02748914 121.43950145 0.0  0.0 0.0
2015-07-02-16 16 47.809	  31.02748914 121.43950145 0.0  0.0 0.0
2015-07-02-16 16 47.973	  31.02748914 121.43950145 0.0  0.0 0.0
2015-07-02-16 16 48.075	  31.02748914 121.43950145 0.0  0.0 0.0
2015-07-02-16 16 48.205	  31.02748914 121.43950145 0.0  0.0 0.0
2015-07-02-16 16 48.324	  31.02748914 121.43950145 0.0  0.0 0.0
2015-07-02-16 16 48.428	  31.02748914 121.43950145 0.0  0.0 0.0
2015-07-02-16 16 48.530	  31.02748914 121.43950145 0.0  0.0 0.0
2015-07-02-16 16 48.634	  31.02748914 121.43950145 0.0  0.0 0.0
2015-07-02-16 16 48.749	  31.02748914 121.43950145 0.0  0.0 0.0
2015-07-02-16 16 48.853	  31.02748914 121.43950145 0.0  0.0 0.0
2015-07-02-16 16 48.957	  31.02748914 121.43950145 0.0  0.0 0.0
2015-07-02-16 16 49.116	  31.02748914 121.43950145 0.0  0.0 0.0
2015-07-02-16 16 49.218	  31.02747004 121.43951064 1.0  0.0 0.0
2015-07-02-16 16 49.323	  31.02747004 121.43951064 1.0  0.0 0.0
2015-07-02-16 16 49.425	  31.02747004 121.43951064 1.0  0.0 0.0
2015-07-02-16 16 49.527	  31.02747004 121.43951064 1.0  0.0 0.0
2015-07-02-16 16 49.632	  31.02747004 121.43951064 1.0  0.0 0.0
2015-07-02-16 16 49.736	  31.02747004 121.43951064 1.0  0.0 0.0
2015-07-02-16 16 49.840	  31.02747004 121.43951064 1.0  0.0 0.0
2015-07-02-16 16 49.953	  31.02747004 121.43951064 1.0  0.0 0.0
2015-07-02-16 16 50.054	  31.02747004 121.43951064 1.0  0.0 0.0
2015-07-02-16 16 50.156	  31.02747004 121.43951064 1.0  0.0 0.0
2015-07-02-16 16 50.277	  31.02747004 121.43951064 1.0  0.0 0.0
2015-07-02-16 16 50.379	  31.02747004 121.43951064 1.0  0.0 0.0
2015-07-02-16 16 50.483	  31.02747004 121.43951064 1.0  0.0 0.0
2015-07-02-16 16 50.599	  31.02747004 121.43951064 1.0  0.0 0.0
2015-07-02-16 16 50.702	  31.02747004 121.43951064 1.0  0.0 0.0
2015-07-02-16 16 50.805	  31.02747004 121.43951064 1.0  0.0 0.0
2015-07-02-16 16 50.943	  31.02747004 121.43951064 1.0  0.0 0.0
2015-07-02-16 16 51.048	  31.02747004 121.43951064 1.0  0.0 0.0
2015-07-02-16 16 51.154	  31.02747004 121.43951064 1.0  0.0 0.0
2015-07-02-16 16 51.256	  31.02744754 121.4395207 1.25  0.0 0.0
2015-07-02-16 16 51.359	  31.02744754 121.4395207 1.25  0.0 0.0
2015-07-02-16 16 51.466	  31.02744754 121.4395207 1.25  0.0 0.0
2015-07-02-16 16 51.570	  31.02744754 121.4395207 1.25  0.0 0.0
2015-07-02-16 16 51.675	  31.02744754 121.4395207 1.25  0.0 0.0
2015-07-02-16 16 51.827	  31.02744754 121.4395207 1.25  0.0 0.0
2015-07-02-16 16 51.931	  31.02744754 121.4395207 1.25  0.0 0.0
2015-07-02-16 16 52.042	  31.02744754 121.4395207 1.25  0.0 0.0
2015-07-02-16 16 52.145	  31.02744754 121.4395207 1.25  0.0 0.0
2015-07-02-16 16 52.248	  31.02744754 121.4395207 1.25  0.0 0.0
2015-07-02-16 16 52.382	  31.02744754 121.4395207 1.25  0.0 0.0
2015-07-02-16 16 52.485	  31.02744754 121.4395207 1.25  0.0 0.0
2015-07-02-16 16 52.593	  31.02744754 121.4395207 1.25  0.0 0.0
2015-07-02-16 16 52.695	  31.02744754 121.4395207 1.25  0.0 0.0
2015-07-02-16 16 52.800	  31.02744754 121.4395207 1.25  0.0 0.0
2015-07-02-16 16 52.936	  31.02744754 121.4395207 1.25  0.0 0.0
2015-07-02-16 16 53.042	  31.02744754 121.4395207 1.25  0.0 0.0
2015-07-02-16 16 53.195	  31.02744754 121.4395207 1.25  0.0 0.0
2015-07-02-16 16 53.297	  31.02744754 121.4395207 1.25  0.0 0.0
2015-07-02-16 16 53.403	  31.02742367 121.43953218 1.25  0.0 0.0
2015-07-02-16 16 53.506	  31.02742367 121.43953218 1.25  0.0 0.0
2015-07-02-16 16 53.609	  31.02742367 121.43953218 1.25  0.0 0.0
2015-07-02-16 16 53.716	  31.02742367 121.43953218 1.25  0.0 0.0
2015-07-02-16 16 53.823	  31.02742367 121.43953218 1.25  0.0 0.0
2015-07-02-16 16 54.011	  31.02742367 121.43953218 1.25  0.0 0.0
2015-07-02-16 16 54.113	  31.02742367 121.43953218 1.25  0.0 0.0
2015-07-02-16 16 54.280	  31.02742367 121.43953218 1.25  0.0 0.0
2015-07-02-16 16 54.385	  31.02742367 121.43953218 1.25  0.0 0.0
2015-07-02-16 16 54.492	  31.02742367 121.43953218 1.25  0.0 0.0
2015-07-02-16 16 54.595	  31.02742367 121.43953218 1.25  0.0 0.0
2015-07-02-16 16 54.704	  31.02742367 121.43953218 1.25  0.0 0.0
2015-07-02-16 16 54.807	  31.02742367 121.43953218 1.25  0.0 0.0
2015-07-02-16 16 54.909	  31.02742367 121.43953218 1.25  0.0 0.0
2015-07-02-16 16 55.025	  31.02742367 121.43953218 1.25  0.0 0.0
2015-07-02-16 16 55.127	  31.02742367 121.43953218 1.25  0.0 0.0
2015-07-02-16 16 55.229	  31.02742367 121.43953218 1.25  0.0 0.0
2015-07-02-16 16 55.332	  31.02739787 121.43954207 1.25  0.0 0.0
2015-07-02-16 16 55.437	  31.02739787 121.43954207 1.25  0.0 0.0
2015-07-02-16 16 55.539	  31.02739787 121.43954207 1.25  0.0 0.0
2015-07-02-16 16 55.641	  31.02739787 121.43954207 1.25  0.0 0.0
2015-07-02-16 16 55.753	  31.02739787 121.43954207 1.25  0.0 0.0
2015-07-02-16 16 55.855	  31.02739787 121.43954207 1.25  0.0 0.0
2015-07-02-16 16 55.958	  31.02739787 121.43954207 1.25  0.0 0.0
2015-07-02-16 16 56.064	  31.02739787 121.43954207 1.25  0.0 0.0
2015-07-02-16 16 56.170	  31.02739787 121.43954207 1.25  0.0 0.0
2015-07-02-16 16 56.272	  31.02739787 121.43954207 1.25  0.0 0.0
2015-07-02-16 16 56.374	  31.02739787 121.43954207 1.25  0.0 0.0
2015-07-02-16 16 56.476	  31.02739787 121.43954207 1.25  0.0 0.0
2015-07-02-16 16 56.579	  31.02739787 121.43954207 1.25  0.0 0.0
2015-07-02-16 16 56.682	  31.02739787 121.43954207 1.25  0.0 0.0
2015-07-02-16 16 56.786	  31.02739787 121.43954207 1.25  0.0 0.0
2015-07-02-16 16 56.892	  31.02739787 121.43954207 1.25  0.0 0.0
2015-07-02-16 16 56.995	  31.02739787 121.43954207 1.25  0.0 0.0
2015-07-02-16 16 57.100	  31.02739787 121.43954207 1.25  0.0 0.0
2015-07-02-16 16 57.206	  31.02739787 121.43954207 1.25  0.0 0.0
2015-07-02-16 16 57.312	  31.02737285 121.43955107 1.25  0.0 0.0
2015-07-02-16 16 57.414	  31.02737285 121.43955107 1.25  0.0 0.0
2015-07-02-16 16 57.569	  31.02737285 121.43955107 1.25  0.0 0.0
2015-07-02-16 16 57.676	  31.02737285 121.43955107 1.25  0.0 0.0
2015-07-02-16 16 57.866	  31.02737285 121.43955107 1.25  0.0 0.0
2015-07-02-16 16 57.969	  31.02737285 121.43955107 1.25  0.0 0.0
2015-07-02-16 16 58.092	  31.02737285 121.43955107 1.25  0.0 0.0
2015-07-02-16 16 58.259	  31.02737285 121.43955107 1.25  0.0 0.0
2015-07-02-16 16 58.363	  31.02737285 121.43955107 1.25  0.0 0.0
2015-07-02-16 16 58.511	  31.02737285 121.43955107 1.25  0.0 0.0
2015-07-02-16 16 58.614	  31.02737285 121.43955107 1.25  0.0 0.0
2015-07-02-16 16 58.729	  31.02737285 121.43955107 1.25  0.0 0.0
2015-07-02-16 16 58.832	  31.02737285 121.43955107 1.25  0.0 0.0
2015-07-02-16 16 59.010	  31.02737285 121.43955107 1.25  0.0 0.0
2015-07-02-16 16 59.111	  31.02737285 121.43955107 1.25  0.0 0.0
2015-07-02-16 16 59.259	  31.02734794 121.43956119 1.25  0.0 0.0
2015-07-02-16 16 59.361	  31.02734794 121.43956119 1.25  0.0 0.0
2015-07-02-16 16 59.498	  31.02734794 121.43956119 1.25  0.0 0.0
2015-07-02-16 16 59.607	  31.02734794 121.43956119 1.25  0.0 0.0
2015-07-02-16 16 59.769	  31.02734794 121.43956119 1.25  0.0 0.0
2015-07-02-16 16 59.871	  31.02734794 121.43956119 1.25  0.0 0.0
2015-07-02-16 17 00.005	  31.02734794 121.43956119 1.25  0.0 0.0
2015-07-02-16 17 00.107	  31.02734794 121.43956119 1.25  0.0 0.0
2015-07-02-16 17 00.217	  31.02734794 121.43956119 1.25  0.0 0.0
2015-07-02-16 17 00.319	  31.02734794 121.43956119 1.25  0.0 0.0
2015-07-02-16 17 00.429	  31.02734794 121.43956119 1.25  0.0 0.0
2015-07-02-16 17 00.530	  31.02734794 121.43956119 1.25  0.0 0.0
2015-07-02-16 17 00.632	  31.02734794 121.43956119 1.25  0.0 0.0
2015-07-02-16 17 00.733	  31.02734794 121.43956119 1.25  0.0 0.0
2015-07-02-16 17 00.838	  31.02734794 121.43956119 1.25  0.0 0.0
2015-07-02-16 17 00.942	  31.02734794 121.43956119 1.25  0.0 0.0
2015-07-02-16 17 01.055	  31.02734794 121.43956119 1.25  0.0 0.0
2015-07-02-16 17 01.156	  31.02734794 121.43956119 1.25  0.0 0.0
2015-07-02-16 17 01.265	  31.02734794 121.43956119 1.25  0.0 0.0
2015-07-02-16 17 01.367	  31.02732242 121.43957389 1.25  0.0 0.0
2015-07-02-16 17 01.472	  31.02732242 121.43957389 1.25  0.0 0.0
2015-07-02-16 17 01.575	  31.02732242 121.43957389 1.25  0.0 0.0
2015-07-02-16 17 01.687	  31.02732242 121.43957389 1.25  0.0 0.0
2015-07-02-16 17 01.789	  31.02732242 121.43957389 1.25  0.0 0.0
2015-07-02-16 17 01.893	  31.02732242 121.43957389 1.25  0.0 0.0
2015-07-02-16 17 01.995	  31.02732242 121.43957389 1.25  0.0 0.0
2015-07-02-16 17 02.101	  31.02732242 121.43957389 1.25  0.0 0.0
2015-07-02-16 17 02.205	  31.02732242 121.43957389 1.25  0.0 0.0
2015-07-02-16 17 02.313	  31.02732242 121.43957389 1.25  0.0 0.0
2015-07-02-16 17 02.416	  31.02732242 121.43957389 1.25  0.0 0.0
2015-07-02-16 17 02.521	  31.02732242 121.43957389 1.25  0.0 0.0
2015-07-02-16 17 02.624	  31.02732242 121.43957389 1.25  0.0 0.0
2015-07-02-16 17 02.734	  31.02732242 121.43957389 1.25  0.0 0.0
2015-07-02-16 17 02.839	  31.02732242 121.43957389 1.25  0.0 0.0
2015-07-02-16 17 02.943	  31.02732242 121.43957389 1.25  0.0 0.0
2015-07-02-16 17 03.046	  31.02732242 121.43957389 1.25  0.0 0.0
2015-07-02-16 17 03.150	  31.02732242 121.43957389 1.25  0.0 0.0
2015-07-02-16 17 03.257	  31.02729673 121.43958812 1.25  0.0 0.0
2015-07-02-16 17 03.360	  31.02729673 121.43958812 1.25  0.0 0.0
2015-07-02-16 17 03.472	  31.02729673 121.43958812 1.25  0.0 0.0
2015-07-02-16 17 03.574	  31.02729673 121.43958812 1.25  0.0 0.0
2015-07-02-16 17 03.677	  31.02729673 121.43958812 1.25  0.0 0.0
2015-07-02-16 17 03.782	  31.02729673 121.43958812 1.25  0.0 0.0
2015-07-02-16 17 03.896	  31.02729673 121.43958812 1.25  0.0 0.0
2015-07-02-16 17 03.998	  31.02729673 121.43958812 1.25  0.0 0.0
2015-07-02-16 17 04.099	  31.02729673 121.43958812 1.25  0.0 0.0
2015-07-02-16 17 04.201	  31.02729673 121.43958812 1.25  0.0 0.0
2015-07-02-16 17 04.318	  31.02729673 121.43958812 1.25  0.0 0.0
2015-07-02-16 17 04.422	  31.02729673 121.43958812 1.25  0.0 0.0
2015-07-02-16 17 04.569	  31.02729673 121.43958812 1.25  0.0 0.0
2015-07-02-16 17 04.671	  31.02729673 121.43958812 1.25  0.0 0.0
2015-07-02-16 17 04.820	  31.02729673 121.43958812 1.25  0.0 0.0
2015-07-02-16 17 04.922	  31.02729673 121.43958812 1.25  0.0 0.0
2015-07-02-16 17 05.091	  31.02729673 121.43958812 1.25  0.0 0.0
2015-07-02-16 17 05.194	  31.02727167 121.4396015 1.5  0.0 0.0
2015-07-02-16 17 05.357	  31.02727167 121.4396015 1.5  0.0 0.0
2015-07-02-16 17 05.459	  31.02727167 121.4396015 1.5  0.0 0.0
2015-07-02-16 17 05.597	  31.02727167 121.4396015 1.5  0.0 0.0
2015-07-02-16 17 05.700	  31.02727167 121.4396015 1.5  0.0 0.0
2015-07-02-16 17 05.862	  31.02727167 121.4396015 1.5  0.0 0.0
2015-07-02-16 17 05.966	  31.02727167 121.4396015 1.5  0.0 0.0
2015-07-02-16 17 06.077	  31.02727167 121.4396015 1.5  0.0 0.0
2015-07-02-16 17 06.180	  31.02727167 121.4396015 1.5  0.0 0.0
2015-07-02-16 17 06.295	  31.02727167 121.4396015 1.5  0.0 0.0
2015-07-02-16 17 06.397	  31.02727167 121.4396015 1.5  0.0 0.0
2015-07-02-16 17 06.509	  31.02727167 121.4396015 1.5  0.0 0.0
2015-07-02-16 17 06.613	  31.02727167 121.4396015 1.5  0.0 0.0
2015-07-02-16 17 06.721	  31.02727167 121.4396015 1.5  0.0 0.0
2015-07-02-16 17 06.829	  31.02727167 121.4396015 1.5  0.0 0.0
2015-07-02-16 17 06.942	  31.02727167 121.4396015 1.5  0.0 0.0
2015-07-02-16 17 07.044	  31.02727167 121.4396015 1.5  0.0 0.0
2015-07-02-16 17 07.149	  31.02727167 121.4396015 1.5  0.0 0.0
2015-07-02-16 17 07.252	  31.02724533 121.43961384 1.5  0.0 0.0
2015-07-02-16 17 07.361	  31.02724533 121.43961384 1.5  0.0 0.0
2015-07-02-16 17 07.465	  31.02724533 121.43961384 1.5  0.0 0.0
2015-07-02-16 17 07.575	  31.02724533 121.43961384 1.5  0.0 0.0
2015-07-02-16 17 07.677	  31.02724533 121.43961384 1.5  0.0 0.0
2015-07-02-16 17 07.783	  31.02724533 121.43961384 1.5  0.0 0.0
2015-07-02-16 17 07.886	  31.02724533 121.43961384 1.5  0.0 0.0
2015-07-02-16 17 07.991	  31.02724533 121.43961384 1.5  0.0 0.0
2015-07-02-16 17 08.094	  31.02724533 121.43961384 1.5  0.0 0.0
2015-07-02-16 17 08.213	  31.02724533 121.43961384 1.5  0.0 0.0
2015-07-02-16 17 08.317	  31.02724533 121.43961384 1.5  0.0 0.0
2015-07-02-16 17 08.420	  31.02724533 121.43961384 1.5  0.0 0.0
2015-07-02-16 17 08.527	  31.02724533 121.43961384 1.5  0.0 0.0
2015-07-02-16 17 08.633	  31.02724533 121.43961384 1.5  0.0 0.0
2015-07-02-16 17 08.745	  31.02724533 121.43961384 1.5  0.0 0.0
2015-07-02-16 17 08.847	  31.02724533 121.43961384 1.5  0.0 0.0
2015-07-02-16 17 08.955	  31.02724533 121.43961384 1.5  0.0 0.0
2015-07-02-16 17 09.056	  31.02724533 121.43961384 1.5  0.0 0.0
2015-07-02-16 17 09.163	  31.02724533 121.43961384 1.5  0.0 0.0
2015-07-02-16 17 09.265	  31.02724533 121.43961384 1.5  0.0 0.0
2015-07-02-16 17 09.373	  31.02721727 121.43962458 1.5  0.0 0.0
2015-07-02-16 17 09.475	  31.02721727 121.43962458 1.5  0.0 0.0
2015-07-02-16 17 09.587	  31.02721727 121.43962458 1.5  0.0 0.0
2015-07-02-16 17 09.690	  31.02721727 121.43962458 1.5  0.0 0.0
2015-07-02-16 17 09.802	  31.02721727 121.43962458 1.5  0.0 0.0
2015-07-02-16 17 09.904	  31.02721727 121.43962458 1.5  0.0 0.0
2015-07-02-16 17 10.010	  31.02721727 121.43962458 1.5  0.0 0.0
2015-07-02-16 17 10.113	  31.02721727 121.43962458 1.5  0.0 0.0
2015-07-02-16 17 10.224	  31.02721727 121.43962458 1.5  0.0 0.0
2015-07-02-16 17 10.327	  31.02721727 121.43962458 1.5  0.0 0.0
2015-07-02-16 17 10.435	  31.02721727 121.43962458 1.5  0.0 0.0
2015-07-02-16 17 10.537	  31.02721727 121.43962458 1.5  0.0 0.0
2015-07-02-16 17 10.646	  31.02721727 121.43962458 1.5  0.0 0.0
2015-07-02-16 17 10.749	  31.02721727 121.43962458 1.5  0.0 0.0
2015-07-02-16 17 10.912	  31.02721727 121.43962458 1.5  0.0 0.0
2015-07-02-16 17 11.014	  31.02721727 121.43962458 1.5  0.0 0.0
2015-07-02-16 17 11.163	  31.02721727 121.43962458 1.5  0.0 0.0
2015-07-02-16 17 11.273	  31.0271891 121.4396364 1.5  0.0 0.0
2015-07-02-16 17 11.375	  31.0271891 121.4396364 1.5  0.0 0.0
2015-07-02-16 17 11.486	  31.0271891 121.4396364 1.5  0.0 0.0
2015-07-02-16 17 11.590	  31.0271891 121.4396364 1.5  0.0 0.0
2015-07-02-16 17 11.702	  31.0271891 121.4396364 1.5  0.0 0.0
2015-07-02-16 17 11.804	  31.0271891 121.4396364 1.5  0.0 0.0
2015-07-02-16 17 11.921	  31.0271891 121.4396364 1.5  0.0 0.0
2015-07-02-16 17 12.027	  31.0271891 121.4396364 1.5  0.0 0.0
2015-07-02-16 17 12.130	  31.0271891 121.4396364 1.5  0.0 0.0
2015-07-02-16 17 12.314	  31.0271891 121.4396364 1.5  0.0 0.0
2015-07-02-16 17 12.420	  31.0271891 121.4396364 1.5  0.0 0.0
2015-07-02-16 17 12.523	  31.0271891 121.4396364 1.5  0.0 0.0
2015-07-02-16 17 12.629	  31.0271891 121.4396364 1.5  0.0 0.0
2015-07-02-16 17 12.732	  31.0271891 121.4396364 1.5  0.0 0.0
2015-07-02-16 17 12.908	  31.0271891 121.4396364 1.5  0.0 0.0
2015-07-02-16 17 13.010	  31.0271891 121.4396364 1.5  0.0 0.0
2015-07-02-16 17 13.150	  31.02716045 121.43964887 1.5  0.0 0.0
2015-07-02-16 17 13.284	  31.02716045 121.43964887 1.5  0.0 0.0
2015-07-02-16 17 13.390	  31.02716045 121.43964887 1.5  0.0 0.0
2015-07-02-16 17 13.493	  31.02716045 121.43964887 1.5  0.0 0.0
2015-07-02-16 17 13.635	  31.02716045 121.43964887 1.5  0.0 0.0
2015-07-02-16 17 13.739	  31.02716045 121.43964887 1.5  0.0 0.0
2015-07-02-16 17 13.845	  31.02716045 121.43964887 1.5  0.0 0.0
2015-07-02-16 17 14.008	  31.02716045 121.43964887 1.5  0.0 0.0
2015-07-02-16 17 14.111	  31.02716045 121.43964887 1.5  0.0 0.0
2015-07-02-16 17 14.267	  31.02716045 121.43964887 1.5  0.0 0.0
2015-07-02-16 17 14.372	  31.02716045 121.43964887 1.5  0.0 0.0
2015-07-02-16 17 14.474	  31.02716045 121.43964887 1.5  0.0 0.0
2015-07-02-16 17 14.620	  31.02716045 121.43964887 1.5  0.0 0.0
2015-07-02-16 17 14.731	  31.02716045 121.43964887 1.5  0.0 0.0
2015-07-02-16 17 14.906	  31.02716045 121.43964887 1.5  0.0 0.0
2015-07-02-16 17 15.011	  31.02716045 121.43964887 1.5  0.0 0.0
2015-07-02-16 17 15.112	  31.02716045 121.43964887 1.5  0.0 0.0
2015-07-02-16 17 15.271	  31.02713137 121.43965907 1.5  0.0 0.0
2015-07-02-16 17 15.373	  31.02713137 121.43965907 1.5  0.0 0.0
2015-07-02-16 17 15.518	  31.02713137 121.43965907 1.5  0.0 0.0
2015-07-02-16 17 15.623	  31.02713137 121.43965907 1.5  0.0 0.0
2015-07-02-16 17 15.783	  31.02713137 121.43965907 1.5  0.0 0.0
2015-07-02-16 17 15.888	  31.02713137 121.43965907 1.5  0.0 0.0
2015-07-02-16 17 15.995	  31.02713137 121.43965907 1.5  0.0 0.0
2015-07-02-16 17 16.166	  31.02713137 121.43965907 1.5  0.0 0.0
2015-07-02-16 17 16.268	  31.02713137 121.43965907 1.5  0.0 0.0
2015-07-02-16 17 16.412	  31.02713137 121.43965907 1.5  0.0 0.0
2015-07-02-16 17 16.517	  31.02713137 121.43965907 1.5  0.0 0.0
2015-07-02-16 17 16.623	  31.02713137 121.43965907 1.5  0.0 0.0
2015-07-02-16 17 16.823	  31.02713137 121.43965907 1.5  0.0 0.0
2015-07-02-16 17 16.925	  31.02713137 121.43965907 1.5  0.0 0.0
2015-07-02-16 17 17.075	  31.02713137 121.43965907 1.5  0.0 0.0
2015-07-02-16 17 17.190	  31.02713137 121.43965907 1.5  0.0 0.0
2015-07-02-16 17 17.292	  31.02713137 121.43965907 1.5  0.0 0.0
2015-07-02-16 17 17.443	  31.02710321 121.43966994 1.5  0.0 0.0
2015-07-02-16 17 17.545	  31.02710321 121.43966994 1.5  0.0 0.0
2015-07-02-16 17 17.680	  31.02710321 121.43966994 1.5  0.0 0.0
2015-07-02-16 17 17.818	  31.02710321 121.43966994 1.5  0.0 0.0
2015-07-02-16 17 17.921	  31.02710321 121.43966994 1.5  0.0 0.0
2015-07-02-16 17 18.056	  31.02710321 121.43966994 1.5  0.0 0.0
2015-07-02-16 17 18.159	  31.02710321 121.43966994 1.5  0.0 0.0
2015-07-02-16 17 18.325	  31.02710321 121.43966994 1.5  0.0 0.0
2015-07-02-16 17 18.431	  31.02710321 121.43966994 1.5  0.0 0.0
2015-07-02-16 17 18.541	  31.02710321 121.43966994 1.5  0.0 0.0
2015-07-02-16 17 18.644	  31.02710321 121.43966994 1.5  0.0 0.0
2015-07-02-16 17 18.801	  31.02710321 121.43966994 1.5  0.0 0.0
2015-07-02-16 17 18.906	  31.02710321 121.43966994 1.5  0.0 0.0
2015-07-02-16 17 19.055	  31.02710321 121.43966994 1.5  0.0 0.0
2015-07-02-16 17 19.163	  31.02707583 121.43968189 1.5  0.0 0.0
2015-07-02-16 17 19.268	  31.02707583 121.43968189 1.5  0.0 0.0
2015-07-02-16 17 19.403	  31.02707583 121.43968189 1.5  0.0 0.0
2015-07-02-16 17 19.505	  31.02707583 121.43968189 1.5  0.0 0.0
2015-07-02-16 17 19.661	  31.02707583 121.43968189 1.5  0.0 0.0
2015-07-02-16 17 19.766	  31.02707583 121.43968189 1.5  0.0 0.0
2015-07-02-16 17 19.870	  31.02707583 121.43968189 1.5  0.0 0.0
2015-07-02-16 17 20.014	  31.02707583 121.43968189 1.5  0.0 0.0
2015-07-02-16 17 20.121	  31.02707583 121.43968189 1.5  0.0 0.0
2015-07-02-16 17 20.230	  31.02707583 121.43968189 1.5  0.0 0.0
2015-07-02-16 17 20.336	  31.02707583 121.43968189 1.5  0.0 0.0
2015-07-02-16 17 20.437	  31.02707583 121.43968189 1.5  0.0 0.0
2015-07-02-16 17 20.555	  31.02707583 121.43968189 1.5  0.0 0.0
2015-07-02-16 17 20.656	  31.02707583 121.43968189 1.5  0.0 0.0
2015-07-02-16 17 20.758	  31.02707583 121.43968189 1.5  0.0 0.0
2015-07-02-16 17 20.923	  31.02707583 121.43968189 1.5  0.0 0.0
2015-07-02-16 17 21.025	  31.02707583 121.43968189 1.5  0.0 0.0
2015-07-02-16 17 21.130	  31.02707583 121.43968189 1.5  0.0 0.0
2015-07-02-16 17 21.243	  31.02704945 121.43969416 1.5  0.0 0.0
2015-07-02-16 17 21.363	  31.02704945 121.43969416 1.5  0.0 0.0
2015-07-02-16 17 21.468	  31.02704945 121.43969416 1.5  0.0 0.0
2015-07-02-16 17 21.574	  31.02704945 121.43969416 1.5  0.0 0.0
2015-07-02-16 17 21.712	  31.02704945 121.43969416 1.5  0.0 0.0
2015-07-02-16 17 21.815	  31.02704945 121.43969416 1.5  0.0 0.0
2015-07-02-16 17 21.922	  31.02704945 121.43969416 1.5  0.0 0.0
2015-07-02-16 17 22.096	  31.02704945 121.43969416 1.5  0.0 0.0
2015-07-02-16 17 22.198	  31.02704945 121.43969416 1.5  0.0 0.0
2015-07-02-16 17 22.300	  31.02704945 121.43969416 1.5  0.0 0.0
2015-07-02-16 17 22.426	  31.02704945 121.43969416 1.5  0.0 0.0
2015-07-02-16 17 22.530	  31.02704945 121.43969416 1.5  0.0 0.0
2015-07-02-16 17 22.633	  31.02704945 121.43969416 1.5  0.0 0.0
2015-07-02-16 17 22.753	  31.02704945 121.43969416 1.5  0.0 0.0
2015-07-02-16 17 22.861	  31.02704945 121.43969416 1.5  0.0 0.0
2015-07-02-16 17 22.963	  31.02704945 121.43969416 1.5  0.0 0.0
2015-07-02-16 17 23.103	  31.02704945 121.43969416 1.5  0.0 0.0
2015-07-02-16 17 23.205	  31.02702444 121.43970834 1.5  0.0 0.0
2015-07-02-16 17 23.308	  31.02702444 121.43970834 1.5  0.0 0.0
2015-07-02-16 17 23.458	  31.02702444 121.43970834 1.5  0.0 0.0
2015-07-02-16 17 23.576	  31.02702444 121.43970834 1.5  0.0 0.0
2015-07-02-16 17 23.695	  31.02702444 121.43970834 1.5  0.0 0.0
2015-07-02-16 17 23.805	  31.02702444 121.43970834 1.5  0.0 0.0
2015-07-02-16 17 23.907	  31.02702444 121.43970834 1.5  0.0 0.0
2015-07-02-16 17 24.058	  31.02702444 121.43970834 1.5  0.0 0.0
2015-07-02-16 17 24.177	  31.02702444 121.43970834 1.5  0.0 0.0
2015-07-02-16 17 24.279	  31.02702444 121.43970834 1.5  0.0 0.0
2015-07-02-16 17 24.420	  31.02702444 121.43970834 1.5  0.0 0.0
2015-07-02-16 17 24.525	  31.02702444 121.43970834 1.5  0.0 0.0
2015-07-02-16 17 24.628	  31.02702444 121.43970834 1.5  0.0 0.0
2015-07-02-16 17 24.795	  31.02702444 121.43970834 1.5  0.0 0.0
2015-07-02-16 17 24.911	  31.02702444 121.43970834 1.5  0.0 0.0
2015-07-02-16 17 25.018	  31.02702444 121.43970834 1.5  0.0 0.0
2015-07-02-16 17 25.122	  31.02702444 121.43970834 1.5  0.0 0.0
2015-07-02-16 17 25.301	  31.02702444 121.43970834 1.5  0.0 0.0
2015-07-02-16 17 25.405	  31.02700157 121.43972434 1.5  0.0 0.0
2015-07-02-16 17 25.558	  31.02700157 121.43972434 1.5  0.0 0.0
2015-07-02-16 17 25.664	  31.02700157 121.43972434 1.5  0.0 0.0
2015-07-02-16 17 25.767	  31.02700157 121.43972434 1.5  0.0 0.0
2015-07-02-16 17 25.939	  31.02700157 121.43972434 1.5  0.0 0.0
2015-07-02-16 17 26.042	  31.02700157 121.43972434 1.5  0.0 0.0
2015-07-02-16 17 26.171	  31.02700157 121.43972434 1.5  0.0 0.0
2015-07-02-16 17 26.283	  31.02700157 121.43972434 1.5  0.0 0.0
2015-07-02-16 17 26.387	  31.02700157 121.43972434 1.5  0.0 0.0
2015-07-02-16 17 26.507	  31.02700157 121.43972434 1.5  0.0 0.0
2015-07-02-16 17 26.615	  31.02700157 121.43972434 1.5  0.0 0.0
2015-07-02-16 17 26.719	  31.02700157 121.43972434 1.5  0.0 0.0
2015-07-02-16 17 26.909	  31.02700157 121.43972434 1.5  0.0 0.0
2015-07-02-16 17 27.032	  31.02700157 121.43972434 1.5  0.0 0.0
2015-07-02-16 17 27.134	  31.02700157 121.43972434 1.5  0.0 0.0
2015-07-02-16 17 27.237	  31.02697946 121.43973774 1.5  0.0 0.0
2015-07-02-16 17 27.373	  31.02697946 121.43973774 1.5  0.0 0.0
2015-07-02-16 17 27.491	  31.02697946 121.43973774 1.5  0.0 0.0
2015-07-02-16 17 27.595	  31.02697946 121.43973774 1.5  0.0 0.0
2015-07-02-16 17 27.698	  31.02697946 121.43973774 1.5  0.0 0.0
2015-07-02-16 17 27.874	  31.02697946 121.43973774 1.5  0.0 0.0
2015-07-02-16 17 27.991	  31.02697946 121.43973774 1.5  0.0 0.0
2015-07-02-16 17 28.093	  31.02697946 121.43973774 1.5  0.0 0.0
2015-07-02-16 17 28.197	  31.02697946 121.43973774 1.5  0.0 0.0
2015-07-02-16 17 28.336	  31.02697946 121.43973774 1.5  0.0 0.0
2015-07-02-16 17 28.453	  31.02697946 121.43973774 1.5  0.0 0.0
2015-07-02-16 17 28.559	  31.02697946 121.43973774 1.5  0.0 0.0
2015-07-02-16 17 28.663	  31.02697946 121.43973774 1.5  0.0 0.0
2015-07-02-16 17 28.769	  31.02697946 121.43973774 1.5  0.0 0.0
2015-07-02-16 17 28.873	  31.02697946 121.43973774 1.5  0.0 0.0
2015-07-02-16 17 29.011	  31.02697946 121.43973774 1.5  0.0 0.0
2015-07-02-16 17 29.156	  31.02695485 121.43974642 1.5  0.0 0.0
2015-07-02-16 17 29.264	  31.02695485 121.43974642 1.5  0.0 0.0
2015-07-02-16 17 29.366	  31.02695485 121.43974642 1.5  0.0 0.0
2015-07-02-16 17 29.510	  31.02695485 121.43974642 1.5  0.0 0.0
2015-07-02-16 17 29.644	  31.02695485 121.43974642 1.5  0.0 0.0
2015-07-02-16 17 29.747	  31.02695485 121.43974642 1.5  0.0 0.0
2015-07-02-16 17 29.849	  31.02695485 121.43974642 1.5  0.0 0.0
2015-07-02-16 17 29.999	  31.02695485 121.43974642 1.5  0.0 0.0
2015-07-02-16 17 30.140	  31.02695485 121.43974642 1.5  0.0 0.0
2015-07-02-16 17 30.253	  31.02695485 121.43974642 1.5  0.0 0.0
2015-07-02-16 17 30.355	  31.02695485 121.43974642 1.5  0.0 0.0
2015-07-02-16 17 30.508	  31.02695485 121.43974642 1.5  0.0 0.0
2015-07-02-16 17 30.625	  31.02695485 121.43974642 1.5  0.0 0.0
2015-07-02-16 17 30.730	  31.02695485 121.43974642 1.5  0.0 0.0
2015-07-02-16 17 30.838	  31.02695485 121.43974642 1.5  0.0 0.0
2015-07-02-16 17 31.023	  31.02695485 121.43974642 1.5  0.0 0.0
2015-07-02-16 17 31.125	  31.02695485 121.43974642 1.5  0.0 0.0
2015-07-02-16 17 31.286	  31.02692797 121.4397556 1.5  0.0 0.0
2015-07-02-16 17 31.400	  31.02692797 121.4397556 1.5  0.0 0.0
2015-07-02-16 17 31.516	  31.02692797 121.4397556 1.5  0.0 0.0
2015-07-02-16 17 31.632	  31.02692797 121.4397556 1.5  0.0 0.0
2015-07-02-16 17 31.734	  31.02692797 121.4397556 1.5  0.0 0.0
2015-07-02-16 17 31.856	  31.02692797 121.4397556 1.5  0.0 0.0
2015-07-02-16 17 31.990	  31.02692797 121.4397556 1.5  0.0 0.0
2015-07-02-16 17 32.095	  31.02692797 121.4397556 1.5  0.0 0.0
2015-07-02-16 17 32.198	  31.02692797 121.4397556 1.5  0.0 0.0
2015-07-02-16 17 32.362	  31.02692797 121.4397556 1.5  0.0 0.0
2015-07-02-16 17 32.478	  31.02692797 121.4397556 1.5  0.0 0.0
2015-07-02-16 17 32.584	  31.02692797 121.4397556 1.5  0.0 0.0
2015-07-02-16 17 32.686	  31.02692797 121.4397556 1.5  0.0 0.0
2015-07-02-16 17 32.837	  31.02692797 121.4397556 1.5  0.0 0.0
2015-07-02-16 17 32.984	  31.02692797 121.4397556 1.5  0.0 0.0
2015-07-02-16 17 33.086	  31.02692797 121.4397556 1.5  0.0 0.0
2015-07-02-16 17 33.188	  31.02692797 121.4397556 1.5  0.0 0.0
2015-07-02-16 17 33.353	  31.02690205 121.43976782 1.5  0.0 0.0
2015-07-02-16 17 33.471	  31.02690205 121.43976782 1.5  0.0 0.0
2015-07-02-16 17 33.577	  31.02690205 121.43976782 1.5  0.0 0.0
2015-07-02-16 17 33.679	  31.02690205 121.43976782 1.5  0.0 0.0
2015-07-02-16 17 33.824	  31.02690205 121.43976782 1.5  0.0 0.0
2015-07-02-16 17 33.930	  31.02690205 121.43976782 1.5  0.0 0.0
2015-07-02-16 17 34.106	  31.02690205 121.43976782 1.5  0.0 0.0
2015-07-02-16 17 34.225	  31.02690205 121.43976782 1.5  0.0 0.0
2015-07-02-16 17 34.328	  31.02690205 121.43976782 1.5  0.0 0.0
2015-07-02-16 17 34.430	  31.02690205 121.43976782 1.5  0.0 0.0
2015-07-02-16 17 34.548	  31.02690205 121.43976782 1.5  0.0 0.0
2015-07-02-16 17 34.711	  31.02690205 121.43976782 1.5  0.0 0.0
2015-07-02-16 17 34.817	  31.02690205 121.43976782 1.5  0.0 0.0
2015-07-02-16 17 34.920	  31.02690205 121.43976782 1.5  0.0 0.0
2015-07-02-16 17 35.110	  31.02690205 121.43976782 1.5  0.0 0.0
2015-07-02-16 17 35.273	  31.02687601 121.4397775 1.5  0.0 0.0
2015-07-02-16 17 35.390	  31.02687601 121.4397775 1.5  0.0 0.0
2015-07-02-16 17 35.505	  31.02687601 121.4397775 1.5  0.0 0.0
2015-07-02-16 17 35.608	  31.02687601 121.4397775 1.5  0.0 0.0
2015-07-02-16 17 35.751	  31.02687601 121.4397775 1.5  0.0 0.0
2015-07-02-16 17 35.910	  31.02687601 121.4397775 1.5  0.0 0.0
2015-07-02-16 17 36.048	  31.02687601 121.4397775 1.5  0.0 0.0
2015-07-02-16 17 36.157	  31.02687601 121.4397775 1.5  0.0 0.0
2015-07-02-16 17 36.261	  31.02687601 121.4397775 1.5  0.0 0.0
2015-07-02-16 17 36.390	  31.02687601 121.4397775 1.5  0.0 0.0
2015-07-02-16 17 36.493	  31.02687601 121.4397775 1.5  0.0 0.0
2015-07-02-16 17 36.637	  31.02687601 121.4397775 1.5  0.0 0.0
2015-07-02-16 17 36.755	  31.02687601 121.4397775 1.5  0.0 0.0
2015-07-02-16 17 36.909	  31.02687601 121.4397775 1.5  0.0 0.0
2015-07-02-16 17 37.056	  31.02687601 121.4397775 1.5  0.0 0.0
2015-07-02-16 17 37.158	  31.02684985 121.43979095 1.5  0.0 0.0
2015-07-02-16 17 37.267	  31.02684985 121.43979095 1.5  0.0 0.0
2015-07-02-16 17 37.412	  31.02684985 121.43979095 1.5  0.0 0.0
2015-07-02-16 17 37.553	  31.02684985 121.43979095 1.5  0.0 0.0
2015-07-02-16 17 37.730	  31.02684985 121.43979095 1.5  0.0 0.0
2015-07-02-16 17 37.838	  31.02684985 121.43979095 1.5  0.0 0.0
2015-07-02-16 17 37.941	  31.02684985 121.43979095 1.5  0.0 0.0
2015-07-02-16 17 38.089	  31.02684985 121.43979095 1.5  0.0 0.0
2015-07-02-16 17 38.231	  31.02684985 121.43979095 1.5  0.0 0.0
2015-07-02-16 17 38.368	  31.02684985 121.43979095 1.5  0.0 0.0
2015-07-02-16 17 38.477	  31.02684985 121.43979095 1.5  0.0 0.0
2015-07-02-16 17 38.581	  31.02684985 121.43979095 1.5  0.0 0.0
2015-07-02-16 17 38.751	  31.02684985 121.43979095 1.5  0.0 0.0
2015-07-02-16 17 38.869	  31.02684985 121.43979095 1.5  0.0 0.0
2015-07-02-16 17 38.999	  31.02684985 121.43979095 1.5  0.0 0.0
2015-07-02-16 17 39.144	  31.02684985 121.43979095 1.5  0.0 0.0
2015-07-02-16 17 39.245	  31.02684985 121.43979095 1.5  0.0 0.0
2015-07-02-16 17 39.347	  31.02682446 121.43980192 1.5  0.0 0.0
2015-07-02-16 17 39.465	  31.02682446 121.43980192 1.5  0.0 0.0
2015-07-02-16 17 39.590	  31.02682446 121.43980192 1.5  0.0 0.0
2015-07-02-16 17 39.748	  31.02682446 121.43980192 1.5  0.0 0.0
2015-07-02-16 17 39.854	  31.02682446 121.43980192 1.5  0.0 0.0
2015-07-02-16 17 39.957	  31.02682446 121.43980192 1.5  0.0 0.0
2015-07-02-16 17 40.111	  31.02682446 121.43980192 1.5  0.0 0.0
2015-07-02-16 17 40.251	  31.02682446 121.43980192 1.5  0.0 0.0
2015-07-02-16 17 40.390	  31.02682446 121.43980192 1.5  0.0 0.0
2015-07-02-16 17 40.497	  31.02682446 121.43980192 1.5  0.0 0.0
2015-07-02-16 17 40.600	  31.02682446 121.43980192 1.5  0.0 0.0
2015-07-02-16 17 40.718	  31.02682446 121.43980192 1.5  0.0 0.0
2015-07-02-16 17 40.880	  31.02682446 121.43980192 1.5  0.0 0.0
2015-07-02-16 17 40.996	  31.02682446 121.43980192 1.5  0.0 0.0
2015-07-02-16 17 41.098	  31.02682446 121.43980192 1.5  0.0 0.0
2015-07-02-16 17 41.200	  31.02682446 121.43980192 1.5  0.0 0.0
2015-07-02-16 17 41.348	  31.02679809 121.43980736 1.5  0.0 0.0
2015-07-02-16 17 41.475	  31.02679809 121.43980736 1.5  0.0 0.0
2015-07-02-16 17 41.603	  31.02679809 121.43980736 1.5  0.0 0.0
2015-07-02-16 17 41.716	  31.02679809 121.43980736 1.5  0.0 0.0
2015-07-02-16 17 41.819	  31.02679809 121.43980736 1.5  0.0 0.0
2015-07-02-16 17 41.926	  31.02679809 121.43980736 1.5  0.0 0.0
2015-07-02-16 17 42.087	  31.02679809 121.43980736 1.5  0.0 0.0
2015-07-02-16 17 42.205	  31.02679809 121.43980736 1.5  0.0 0.0
2015-07-02-16 17 42.307	  31.02679809 121.43980736 1.5  0.0 0.0
2015-07-02-16 17 42.408	  31.02679809 121.43980736 1.5  0.0 0.0
2015-07-02-16 17 42.513	  31.02679809 121.43980736 1.5  0.0 0.0
2015-07-02-16 17 42.683	  31.02679809 121.43980736 1.5  0.0 0.0
2015-07-02-16 17 42.799	  31.02679809 121.43980736 1.5  0.0 0.0
2015-07-02-16 17 42.901	  31.02679809 121.43980736 1.5  0.0 0.0
2015-07-02-16 17 43.005	  31.02679809 121.43980736 1.5  0.0 0.0
2015-07-02-16 17 43.107	  31.02679809 121.43980736 1.5  0.0 0.0
2015-07-02-16 17 43.268	  31.02677354 121.43981135 1.5  0.0 0.0
2015-07-02-16 17 43.387	  31.02677354 121.43981135 1.5  0.0 0.0
2015-07-02-16 17 43.526	  31.02677354 121.43981135 1.5  0.0 0.0
2015-07-02-16 17 43.672	  31.02677354 121.43981135 1.5  0.0 0.0
2015-07-02-16 17 43.804	  31.02677354 121.43981135 1.5  0.0 0.0
2015-07-02-16 17 43.938	  31.02677354 121.43981135 1.5  0.0 0.0
2015-07-02-16 17 44.055	  31.02677354 121.43981135 1.5  0.0 0.0
2015-07-02-16 17 44.191	  31.02677354 121.43981135 1.5  0.0 0.0
2015-07-02-16 17 44.361	  31.02677354 121.43981135 1.5  0.0 0.0
2015-07-02-16 17 44.476	  31.02677354 121.43981135 1.5  0.0 0.0
2015-07-02-16 17 44.593	  31.02677354 121.43981135 1.5  0.0 0.0
2015-07-02-16 17 44.713	  31.02677354 121.43981135 1.5  0.0 0.0
2015-07-02-16 17 44.856	  31.02677354 121.43981135 1.5  0.0 0.0
2015-07-02-16 17 45.000	  31.02677354 121.43981135 1.5  0.0 0.0
2015-07-02-16 17 45.117	  31.02675186 121.43981987 1.5  0.0 0.0
2015-07-02-16 17 45.308	  31.02675186 121.43981987 1.5  0.0 0.0
2015-07-02-16 17 45.445	  31.02675186 121.43981987 1.5  0.0 0.0
2015-07-02-16 17 45.561	  31.02675186 121.43981987 1.5  0.0 0.0
2015-07-02-16 17 45.677	  31.02675186 121.43981987 1.5  0.0 0.0
2015-07-02-16 17 45.816	  31.02675186 121.43981987 1.5  0.0 0.0
2015-07-02-16 17 45.935	  31.02675186 121.43981987 1.5  0.0 0.0
2015-07-02-16 17 46.087	  31.02675186 121.43981987 1.5  0.0 0.0
2015-07-02-16 17 46.211	  31.02675186 121.43981987 1.5  0.0 0.0
2015-07-02-16 17 46.331	  31.02675186 121.43981987 1.5  0.0 0.0
2015-07-02-16 17 46.450	  31.02675186 121.43981987 1.5  0.0 0.0
2015-07-02-16 17 46.599	  31.02675186 121.43981987 1.5  0.0 0.0
2015-07-02-16 17 46.716	  31.02675186 121.43981987 1.5  0.0 0.0
2015-07-02-16 17 46.865	  31.02675186 121.43981987 1.5  0.0 0.0
2015-07-02-16 17 47.004	  31.02675186 121.43981987 1.5  0.0 0.0
2015-07-02-16 17 47.158	  31.02675186 121.43981987 1.5  0.0 0.0
2015-07-02-16 17 47.277	  31.02673124 121.43983037 1.5  0.0 0.0
2015-07-02-16 17 47.407	  31.02673124 121.43983037 1.5  0.0 0.0
2015-07-02-16 17 47.550	  31.02673124 121.43983037 1.5  0.0 0.0
2015-07-02-16 17 47.685	  31.02673124 121.43983037 1.5  0.0 0.0
2015-07-02-16 17 47.875	  31.02673124 121.43983037 1.5  0.0 0.0
2015-07-02-16 17 48.005	  31.02673124 121.43983037 1.5  0.0 0.0
2015-07-02-16 17 48.158	  31.02673124 121.43983037 1.5  0.0 0.0
2015-07-02-16 17 48.300	  31.02673124 121.43983037 1.5  0.0 0.0
2015-07-02-16 17 48.465	  31.02673124 121.43983037 1.5  0.0 0.0
2015-07-02-16 17 48.616	  31.02673124 121.43983037 1.5  0.0 0.0
2015-07-02-16 17 48.770	  31.02673124 121.43983037 1.5  0.0 0.0
2015-07-02-16 17 48.889	  31.02673124 121.43983037 1.5  0.0 0.0
2015-07-02-16 17 49.034	  31.02673124 121.43983037 1.5  0.0 0.0
2015-07-02-16 17 49.181	  31.02673124 121.43983037 1.5  0.0 0.0
2015-07-02-16 17 49.285	  31.02673124 121.43983037 1.5  0.0 0.0
2015-07-02-16 17 49.390	  31.02671031 121.4398422 1.5  0.0 0.0
2015-07-02-16 17 49.496	  31.02671031 121.4398422 1.5  0.0 0.0
2015-07-02-16 17 49.602	  31.02671031 121.4398422 1.5  0.0 0.0
2015-07-02-16 17 49.710	  31.02671031 121.4398422 1.5  0.0 0.0
2015-07-02-16 17 49.821	  31.02671031 121.4398422 1.5  0.0 0.0
2015-07-02-16 17 49.926	  31.02671031 121.4398422 1.5  0.0 0.0
2015-07-02-16 17 50.029	  31.02671031 121.4398422 1.5  0.0 0.0
2015-07-02-16 17 50.134	  31.02671031 121.4398422 1.5  0.0 0.0
2015-07-02-16 17 50.244	  31.02671031 121.4398422 1.5  0.0 0.0
2015-07-02-16 17 50.345	  31.02671031 121.4398422 1.5  0.0 0.0
2015-07-02-16 17 50.448	  31.02671031 121.4398422 1.5  0.0 0.0
2015-07-02-16 17 50.551	  31.02671031 121.4398422 1.5  0.0 0.0
2015-07-02-16 17 50.654	  31.02671031 121.4398422 1.5  0.0 0.0
2015-07-02-16 17 50.757	  31.02671031 121.4398422 1.5  0.0 0.0
2015-07-02-16 17 50.863	  31.02671031 121.4398422 1.5  0.0 0.0
2015-07-02-16 17 50.974	  31.02671031 121.4398422 1.5  0.0 0.0
2015-07-02-16 17 51.097	  31.02671031 121.4398422 1.5  0.0 0.0
2015-07-02-16 17 51.206	  31.02668628 121.43985183 1.5  0.0 0.0
2015-07-02-16 17 51.314	  31.02668628 121.43985183 1.5  0.0 0.0
2015-07-02-16 17 51.422	  31.02668628 121.43985183 1.5  0.0 0.0
2015-07-02-16 17 51.527	  31.02668628 121.43985183 1.5  0.0 0.0
2015-07-02-16 17 51.644	  31.02668628 121.43985183 1.5  0.0 0.0
2015-07-02-16 17 51.747	  31.02668628 121.43985183 1.5  0.0 0.0
2015-07-02-16 17 51.855	  31.02668628 121.43985183 1.5  0.0 0.0
2015-07-02-16 17 51.959	  31.02668628 121.43985183 1.5  0.0 0.0
2015-07-02-16 17 52.065	  31.02668628 121.43985183 1.5  0.0 0.0
2015-07-02-16 17 52.173	  31.02668628 121.43985183 1.5  0.0 0.0
2015-07-02-16 17 52.275	  31.02668628 121.43985183 1.5  0.0 0.0
2015-07-02-16 17 52.379	  31.02668628 121.43985183 1.5  0.0 0.0
2015-07-02-16 17 52.486	  31.02668628 121.43985183 1.5  0.0 0.0
2015-07-02-16 17 52.595	  31.02668628 121.43985183 1.5  0.0 0.0
2015-07-02-16 17 52.700	  31.02668628 121.43985183 1.5  0.0 0.0
2015-07-02-16 17 52.807	  31.02668628 121.43985183 1.5  0.0 0.0
2015-07-02-16 17 52.912	  31.02668628 121.43985183 1.5  0.0 0.0
2015-07-02-16 17 53.021	  31.02668628 121.43985183 1.5  0.0 0.0
2015-07-02-16 17 53.126	  31.02668628 121.43985183 1.5  0.0 0.0
2015-07-02-16 17 53.236	  31.02665913 121.43986224 1.5  0.0 0.0
2015-07-02-16 17 53.340	  31.02665913 121.43986224 1.5  0.0 0.0
2015-07-02-16 17 53.442	  31.02665913 121.43986224 1.5  0.0 0.0
2015-07-02-16 17 53.553	  31.02665913 121.43986224 1.5  0.0 0.0
2015-07-02-16 17 53.662	  31.02665913 121.43986224 1.5  0.0 0.0
2015-07-02-16 17 53.793	  31.02665913 121.43986224 1.5  0.0 0.0
2015-07-02-16 17 53.959	  31.02665913 121.43986224 1.5  0.0 0.0
2015-07-02-16 17 54.075	  31.02665913 121.43986224 1.5  0.0 0.0
2015-07-02-16 17 54.194	  31.02665913 121.43986224 1.5  0.0 0.0
2015-07-02-16 17 54.323	  31.02665913 121.43986224 1.5  0.0 0.0
2015-07-02-16 17 54.475	  31.02665913 121.43986224 1.5  0.0 0.0
2015-07-02-16 17 54.590	  31.02665913 121.43986224 1.5  0.0 0.0
