2015-07-02-16 18 02.311	  0.0 0.0 0.0  0.0 0.0
2015-07-02-16 18 02.413	  0.0 0.0 0.0  0.0 0.0
2015-07-02-16 18 02.515	  0.0 0.0 0.0  0.0 0.0
2015-07-02-16 18 02.617	  0.0 0.0 0.0  0.0 0.0
2015-07-02-16 18 02.718	  0.0 0.0 0.0  0.0 0.0
2015-07-02-16 18 02.821	  0.0 0.0 0.0  0.0 0.0
2015-07-02-16 18 02.923	  0.0 0.0 0.0  0.0 0.0
2015-07-02-16 18 03.024	  0.0 0.0 0.0  0.0 0.0
2015-07-02-16 18 03.126	  0.0 0.0 0.0  0.0 0.0
2015-07-02-16 18 03.228	  0.0 0.0 0.0  0.0 0.0
2015-07-02-16 18 03.330	  0.0 0.0 0.0  0.0 0.0
2015-07-02-16 18 03.432	  0.0 0.0 0.0  0.0 0.0
2015-07-02-16 18 03.533	  0.0 0.0 0.0  0.0 0.0
2015-07-02-16 18 03.635	  0.0 0.0 0.0  0.0 0.0
2015-07-02-16 18 03.738	  0.0 0.0 0.0  0.0 0.0
2015-07-02-16 18 03.839	  0.0 0.0 0.0  0.0 0.0
2015-07-02-16 18 03.941	  0.0 0.0 0.0  0.0 0.0
2015-07-02-16 18 04.043	  0.0 0.0 0.0  0.0 0.0
2015-07-02-16 18 04.144	  0.0 0.0 0.0  0.0 0.0
2015-07-02-16 18 04.246	  0.0 0.0 0.0  0.0 0.0
2015-07-02-16 18 04.348	  0.0 0.0 0.0  0.0 0.0
2015-07-02-16 18 04.449	  0.0 0.0 0.0  0.0 0.0
2015-07-02-16 18 04.556	  0.0 0.0 0.0  0.0 0.0
2015-07-02-16 18 04.658	  0.0 0.0 0.0  0.0 0.0
2015-07-02-16 18 04.760	  0.0 0.0 0.0  0.0 0.0
2015-07-02-16 18 04.862	  0.0 0.0 0.0  0.0 0.0
2015-07-02-16 18 04.963	  0.0 0.0 0.0  0.0 0.0
2015-07-02-16 18 05.065	  0.0 0.0 0.0  0.0 0.0
2015-07-02-16 18 05.168	  31.02654947 121.43993368 1.25  0.0 0.0
2015-07-02-16 18 05.270	  31.02654947 121.43993368 1.25  0.0 0.0
2015-07-02-16 18 05.372	  31.02654947 121.43993368 1.25  0.0 0.0
2015-07-02-16 18 05.476	  31.02654947 121.43993368 1.25  0.0 0.0
2015-07-02-16 18 05.578	  31.02654947 121.43993368 1.25  0.0 0.0
2015-07-02-16 18 05.681	  31.02654947 121.43993368 1.25  0.0 0.0
2015-07-02-16 18 05.786	  31.02654947 121.43993368 1.25  0.0 0.0
2015-07-02-16 18 05.889	  31.02654947 121.43993368 1.25  0.0 0.0
2015-07-02-16 18 05.995	  31.02654947 121.43993368 1.25  0.0 0.0
2015-07-02-16 18 06.105	  31.02654947 121.43993368 1.25  0.0 0.0
2015-07-02-16 18 06.207	  31.02657579 121.4399247 1.25  0.0 0.0
2015-07-02-16 18 06.309	  31.02657579 121.4399247 1.25  0.0 0.0
2015-07-02-16 18 06.412	  31.02657579 121.4399247 1.25  0.0 0.0
2015-07-02-16 18 06.518	  31.02657579 121.4399247 1.25  0.0 0.0
2015-07-02-16 18 06.624	  31.02657579 121.4399247 1.25  0.0 0.0
2015-07-02-16 18 06.728	  31.02657579 121.4399247 1.25  0.0 0.0
2015-07-02-16 18 06.832	  31.02657579 121.4399247 1.25  0.0 0.0
2015-07-02-16 18 06.943	  31.02657579 121.4399247 1.25  0.0 0.0
2015-07-02-16 18 07.045	  31.02657579 121.4399247 1.25  0.0 0.0
2015-07-02-16 18 07.146	  31.02657579 121.4399247 1.25  0.0 0.0
2015-07-02-16 18 07.248	  31.02657579 121.4399247 1.25  0.0 0.0
2015-07-02-16 18 07.353	  31.02660093 121.4399086 1.25  0.0 0.0
2015-07-02-16 18 07.455	  31.02660093 121.4399086 1.25  0.0 0.0
2015-07-02-16 18 07.559	  31.02660093 121.4399086 1.25  0.0 0.0
2015-07-02-16 18 07.699	  31.02660093 121.4399086 1.25  0.0 0.0
2015-07-02-16 18 07.802	  31.02660093 121.4399086 1.25  0.0 0.0
2015-07-02-16 18 07.905	  31.02660093 121.4399086 1.25  0.0 0.0
2015-07-02-16 18 08.009	  31.02660093 121.4399086 1.25  0.0 0.0
2015-07-02-16 18 08.113	  31.02660093 121.4399086 1.25  0.0 0.0
2015-07-02-16 18 08.216	  31.02662641 121.4398926 1.5  0.0 0.0
2015-07-02-16 18 08.318	  31.02662641 121.4398926 1.5  0.0 0.0
2015-07-02-16 18 08.419	  31.02662641 121.4398926 1.5  0.0 0.0
2015-07-02-16 18 08.521	  31.02662641 121.4398926 1.5  0.0 0.0
2015-07-02-16 18 08.623	  31.02662641 121.4398926 1.5  0.0 0.0
2015-07-02-16 18 08.725	  31.02662641 121.4398926 1.5  0.0 0.0
2015-07-02-16 18 08.828	  31.02662641 121.4398926 1.5  0.0 0.0
2015-07-02-16 18 08.930	  31.02662641 121.4398926 1.5  0.0 0.0
2015-07-02-16 18 09.045	  31.02662641 121.4398926 1.5  0.0 0.0
2015-07-02-16 18 09.147	  31.02662641 121.4398926 1.5  0.0 0.0
2015-07-02-16 18 09.250	  31.02665258 121.4398789 1.5  0.0 0.0
2015-07-02-16 18 09.355	  31.02665258 121.4398789 1.5  0.0 0.0
2015-07-02-16 18 09.459	  31.02665258 121.4398789 1.5  0.0 0.0
2015-07-02-16 18 09.563	  31.02665258 121.4398789 1.5  0.0 0.0
2015-07-02-16 18 09.668	  31.02665258 121.4398789 1.5  0.0 0.0
2015-07-02-16 18 09.776	  31.02665258 121.4398789 1.5  0.0 0.0
2015-07-02-16 18 09.877	  31.02665258 121.4398789 1.5  0.0 0.0
2015-07-02-16 18 09.978	  31.02665258 121.4398789 1.5  0.0 0.0
2015-07-02-16 18 10.080	  31.02665258 121.4398789 1.5  0.0 0.0
2015-07-02-16 18 10.186	  31.02667607 121.43986499 1.25  0.0 0.0
2015-07-02-16 18 10.300	  31.02667607 121.43986499 1.25  0.0 0.0
2015-07-02-16 18 10.405	  31.02667607 121.43986499 1.25  0.0 0.0
2015-07-02-16 18 10.506	  31.02667607 121.43986499 1.25  0.0 0.0
2015-07-02-16 18 10.608	  31.02667607 121.43986499 1.25  0.0 0.0
2015-07-02-16 18 10.711	  31.02667607 121.43986499 1.25  0.0 0.0
2015-07-02-16 18 10.814	  31.02667607 121.43986499 1.25  0.0 0.0
2015-07-02-16 18 10.917	  31.02667607 121.43986499 1.25  0.0 0.0
2015-07-02-16 18 11.027	  31.02667607 121.43986499 1.25  0.0 0.0
2015-07-02-16 18 11.130	  31.02667607 121.43986499 1.25  0.0 0.0
2015-07-02-16 18 11.231	  31.02669675 121.43985342 1.25  0.0 0.0
2015-07-02-16 18 11.333	  31.02669675 121.43985342 1.25  0.0 0.0
2015-07-02-16 18 11.434	  31.02669675 121.43985342 1.25  0.0 0.0
2015-07-02-16 18 11.535	  31.02669675 121.43985342 1.25  0.0 0.0
2015-07-02-16 18 11.645	  31.02669675 121.43985342 1.25  0.0 0.0
2015-07-02-16 18 11.751	  31.02669675 121.43985342 1.25  0.0 0.0
2015-07-02-16 18 11.854	  31.02669675 121.43985342 1.25  0.0 0.0
2015-07-02-16 18 11.960	  31.02669675 121.43985342 1.25  0.0 0.0
2015-07-02-16 18 12.064	  31.02669675 121.43985342 1.25  0.0 0.0
2015-07-02-16 18 12.169	  31.02669675 121.43985342 1.25  0.0 0.0
2015-07-02-16 18 12.310	  31.02671528 121.43984193 1.25  0.0 0.0
2015-07-02-16 18 12.415	  31.02671528 121.43984193 1.25  0.0 0.0
2015-07-02-16 18 12.519	  31.02671528 121.43984193 1.25  0.0 0.0
2015-07-02-16 18 12.624	  31.02671528 121.43984193 1.25  0.0 0.0
2015-07-02-16 18 12.728	  31.02671528 121.43984193 1.25  0.0 0.0
2015-07-02-16 18 12.830	  31.02671528 121.43984193 1.25  0.0 0.0
2015-07-02-16 18 12.931	  31.02671528 121.43984193 1.25  0.0 0.0
2015-07-02-16 18 13.033	  31.02671528 121.43984193 1.25  0.0 0.0
2015-07-02-16 18 13.138	  31.02671528 121.43984193 1.25  0.0 0.0
2015-07-02-16 18 13.243	  31.02673458 121.4398301 1.25  0.0 0.0
2015-07-02-16 18 13.344	  31.02673458 121.4398301 1.25  0.0 0.0
2015-07-02-16 18 13.448	  31.02673458 121.4398301 1.25  0.0 0.0
2015-07-02-16 18 13.551	  31.02673458 121.4398301 1.25  0.0 0.0
2015-07-02-16 18 13.658	  31.02673458 121.4398301 1.25  0.0 0.0
2015-07-02-16 18 13.760	  31.02673458 121.4398301 1.25  0.0 0.0
2015-07-02-16 18 13.866	  31.02673458 121.4398301 1.25  0.0 0.0
2015-07-02-16 18 13.974	  31.02673458 121.4398301 1.25  0.0 0.0
2015-07-02-16 18 14.080	  31.02673458 121.4398301 1.25  0.0 0.0
2015-07-02-16 18 14.191	  31.02673458 121.4398301 1.25  0.0 0.0
2015-07-02-16 18 14.293	  31.02675461 121.43982019 1.25  0.0 0.0
2015-07-02-16 18 14.394	  31.02675461 121.43982019 1.25  0.0 0.0
2015-07-02-16 18 14.496	  31.02675461 121.43982019 1.25  0.0 0.0
2015-07-02-16 18 14.598	  31.02675461 121.43982019 1.25  0.0 0.0
2015-07-02-16 18 14.707	  31.02675461 121.43982019 1.25  0.0 0.0
2015-07-02-16 18 14.809	  31.02675461 121.43982019 1.25  0.0 0.0
2015-07-02-16 18 14.910	  31.02675461 121.43982019 1.25  0.0 0.0
2015-07-02-16 18 15.012	  31.02675461 121.43982019 1.25  0.0 0.0
2015-07-02-16 18 15.123	  31.02675461 121.43982019 1.25  0.0 0.0
2015-07-02-16 18 15.234	  31.02675461 121.43982019 1.25  0.0 0.0
2015-07-02-16 18 15.335	  31.0267743 121.43980954 1.25  0.0 0.0
2015-07-02-16 18 15.437	  31.0267743 121.43980954 1.25  0.0 0.0
2015-07-02-16 18 15.541	  31.0267743 121.43980954 1.25  0.0 0.0
2015-07-02-16 18 15.646	  31.0267743 121.43980954 1.25  0.0 0.0
2015-07-02-16 18 15.757	  31.0267743 121.43980954 1.25  0.0 0.0
2015-07-02-16 18 15.858	  31.0267743 121.43980954 1.25  0.0 0.0
2015-07-02-16 18 15.960	  31.0267743 121.43980954 1.25  0.0 0.0
2015-07-02-16 18 16.065	  31.0267743 121.43980954 1.25  0.0 0.0
2015-07-02-16 18 16.170	  31.0267743 121.43980954 1.25  0.0 0.0
2015-07-02-16 18 16.284	  31.0267931 121.43980032 1.5  0.0 0.0
2015-07-02-16 18 16.386	  31.0267931 121.43980032 1.5  0.0 0.0
2015-07-02-16 18 16.487	  31.0267931 121.43980032 1.5  0.0 0.0
2015-07-02-16 18 16.589	  31.0267931 121.43980032 1.5  0.0 0.0
2015-07-02-16 18 16.695	  31.0267931 121.43980032 1.5  0.0 0.0
2015-07-02-16 18 16.800	  31.0267931 121.43980032 1.5  0.0 0.0
2015-07-02-16 18 16.903	  31.0267931 121.43980032 1.5  0.0 0.0
2015-07-02-16 18 17.006	  31.0267931 121.43980032 1.5  0.0 0.0
2015-07-02-16 18 17.119	  31.0267931 121.43980032 1.5  0.0 0.0
2015-07-02-16 18 17.261	  31.02680994 121.43979239 1.5  0.0 0.0
2015-07-02-16 18 17.363	  31.02680994 121.43979239 1.5  0.0 0.0
2015-07-02-16 18 17.465	  31.02680994 121.43979239 1.5  0.0 0.0
2015-07-02-16 18 17.569	  31.02680994 121.43979239 1.5  0.0 0.0
2015-07-02-16 18 17.676	  31.02680994 121.43979239 1.5  0.0 0.0
2015-07-02-16 18 17.779	  31.02680994 121.43979239 1.5  0.0 0.0
2015-07-02-16 18 17.880	  31.02680994 121.43979239 1.5  0.0 0.0
2015-07-02-16 18 17.982	  31.02680994 121.43979239 1.5  0.0 0.0
2015-07-02-16 18 18.086	  31.02680994 121.43979239 1.5  0.0 0.0
2015-07-02-16 18 18.190	  31.02680994 121.43979239 1.5  0.0 0.0
2015-07-02-16 18 18.306	  31.02680994 121.43979239 1.5  0.0 0.0
2015-07-02-16 18 18.407	  31.02680994 121.43979239 1.5  0.0 0.0
2015-07-02-16 18 18.509	  31.02680994 121.43979239 1.5  0.0 0.0
2015-07-02-16 18 18.611	  31.02680994 121.43979239 1.5  0.0 0.0
2015-07-02-16 18 18.729	  31.02680994 121.43979239 1.5  0.0 0.0
2015-07-02-16 18 18.831	  31.02680994 121.43979239 1.5  0.0 0.0
2015-07-02-16 18 18.933	  31.02680994 121.43979239 1.5  0.0 0.0
2015-07-02-16 18 19.039	  31.02680994 121.43979239 1.5  0.0 0.0
2015-07-02-16 18 19.150	  31.02680994 121.43979239 1.5  0.0 0.0
2015-07-02-16 18 19.253	  31.02684399 121.43978153 1.5  0.0 0.0
2015-07-02-16 18 19.357	  31.02684399 121.43978153 1.5  0.0 0.0
2015-07-02-16 18 19.465	  31.02684399 121.43978153 1.5  0.0 0.0
2015-07-02-16 18 19.582	  31.02684399 121.43978153 1.5  0.0 0.0
2015-07-02-16 18 19.687	  31.02684399 121.43978153 1.5  0.0 0.0
2015-07-02-16 18 19.789	  31.02684399 121.43978153 1.5  0.0 0.0
2015-07-02-16 18 19.892	  31.02684399 121.43978153 1.5  0.0 0.0
2015-07-02-16 18 19.994	  31.02684399 121.43978153 1.5  0.0 0.0
2015-07-02-16 18 20.096	  31.02684399 121.43978153 1.5  0.0 0.0
2015-07-02-16 18 20.197	  31.02684399 121.43978153 1.5  0.0 0.0
2015-07-02-16 18 20.301	  31.02684399 121.43978153 1.5  0.0 0.0
2015-07-02-16 18 20.410	  31.02684399 121.43978153 1.5  0.0 0.0
2015-07-02-16 18 20.512	  31.02684399 121.43978153 1.5  0.0 0.0
2015-07-02-16 18 20.615	  31.02684399 121.43978153 1.5  0.0 0.0
2015-07-02-16 18 20.717	  31.02684399 121.43978153 1.5  0.0 0.0
2015-07-02-16 18 20.821	  31.02684399 121.43978153 1.5  0.0 0.0
2015-07-02-16 18 20.925	  31.02684399 121.43978153 1.5  0.0 0.0
2015-07-02-16 18 21.029	  31.02684399 121.43978153 1.5  0.0 0.0
2015-07-02-16 18 21.133	  31.02684399 121.43978153 1.5  0.0 0.0
2015-07-02-16 18 21.245	  31.02687641 121.43976717 1.5  0.0 0.0
2015-07-02-16 18 21.347	  31.02687641 121.43976717 1.5  0.0 0.0
2015-07-02-16 18 21.448	  31.02687641 121.43976717 1.5  0.0 0.0
2015-07-02-16 18 21.553	  31.02687641 121.43976717 1.5  0.0 0.0
2015-07-02-16 18 21.662	  31.02687641 121.43976717 1.5  0.0 0.0
2015-07-02-16 18 21.764	  31.02687641 121.43976717 1.5  0.0 0.0
2015-07-02-16 18 21.869	  31.02687641 121.43976717 1.5  0.0 0.0
2015-07-02-16 18 21.974	  31.02687641 121.43976717 1.5  0.0 0.0
2015-07-02-16 18 22.082	  31.02687641 121.43976717 1.5  0.0 0.0
2015-07-02-16 18 22.184	  31.02687641 121.43976717 1.5  0.0 0.0
2015-07-02-16 18 22.286	  31.02687641 121.43976717 1.5  0.0 0.0
2015-07-02-16 18 22.393	  31.02687641 121.43976717 1.5  0.0 0.0
2015-07-02-16 18 22.498	  31.02687641 121.43976717 1.5  0.0 0.0
2015-07-02-16 18 22.599	  31.02687641 121.43976717 1.5  0.0 0.0
2015-07-02-16 18 22.701	  31.02687641 121.43976717 1.5  0.0 0.0
2015-07-02-16 18 22.803	  31.02687641 121.43976717 1.5  0.0 0.0
2015-07-02-16 18 22.909	  31.02687641 121.43976717 1.5  0.0 0.0
2015-07-02-16 18 23.012	  31.02687641 121.43976717 1.5  0.0 0.0
2015-07-02-16 18 23.123	  31.02687641 121.43976717 1.5  0.0 0.0
2015-07-02-16 18 23.225	  31.02687641 121.43976717 1.5  0.0 0.0
2015-07-02-16 18 23.328	  31.02690616 121.43975246 1.5  0.0 0.0
2015-07-02-16 18 23.429	  31.02690616 121.43975246 1.5  0.0 0.0
2015-07-02-16 18 23.535	  31.02690616 121.43975246 1.5  0.0 0.0
2015-07-02-16 18 23.637	  31.02690616 121.43975246 1.5  0.0 0.0
2015-07-02-16 18 23.742	  31.02690616 121.43975246 1.5  0.0 0.0
2015-07-02-16 18 23.845	  31.02690616 121.43975246 1.5  0.0 0.0
2015-07-02-16 18 23.956	  31.02690616 121.43975246 1.5  0.0 0.0
2015-07-02-16 18 24.058	  31.02690616 121.43975246 1.5  0.0 0.0
2015-07-02-16 18 24.160	  31.02690616 121.43975246 1.5  0.0 0.0
2015-07-02-16 18 24.264	  31.02690616 121.43975246 1.5  0.0 0.0
2015-07-02-16 18 24.365	  31.02690616 121.43975246 1.5  0.0 0.0
2015-07-02-16 18 24.466	  31.02690616 121.43975246 1.5  0.0 0.0
2015-07-02-16 18 24.568	  31.02690616 121.43975246 1.5  0.0 0.0
2015-07-02-16 18 24.669	  31.02690616 121.43975246 1.5  0.0 0.0
2015-07-02-16 18 24.772	  31.02690616 121.43975246 1.5  0.0 0.0
2015-07-02-16 18 24.874	  31.02690616 121.43975246 1.5  0.0 0.0
2015-07-02-16 18 24.977	  31.02690616 121.43975246 1.5  0.0 0.0
2015-07-02-16 18 25.080	  31.02690616 121.43975246 1.5  0.0 0.0
2015-07-02-16 18 25.184	  31.02690616 121.43975246 1.5  0.0 0.0
2015-07-02-16 18 25.309	  31.02690616 121.43975246 1.5  0.0 0.0
2015-07-02-16 18 25.411	  31.02690616 121.43975246 1.5  0.0 0.0
2015-07-02-16 18 25.512	  31.02690616 121.43975246 1.5  0.0 0.0
2015-07-02-16 18 25.621	  31.02690616 121.43975246 1.5  0.0 0.0
2015-07-02-16 18 25.726	  31.02690616 121.43975246 1.5  0.0 0.0
2015-07-02-16 18 25.827	  31.02690616 121.43975246 1.5  0.0 0.0
2015-07-02-16 18 25.935	  31.02690616 121.43975246 1.5  0.0 0.0
2015-07-02-16 18 26.042	  31.02690616 121.43975246 1.5  0.0 0.0
2015-07-02-16 18 26.146	  31.02690616 121.43975246 1.5  0.0 0.0
2015-07-02-16 18 26.275	  31.02690616 121.43975246 1.5  0.0 0.0
2015-07-02-16 18 26.376	  31.02690616 121.43975246 1.5  0.0 0.0
2015-07-02-16 18 26.480	  31.02690616 121.43975246 1.5  0.0 0.0
2015-07-02-16 18 26.585	  31.02690616 121.43975246 1.5  0.0 0.0
2015-07-02-16 18 26.689	  31.02690616 121.43975246 1.5  0.0 0.0
2015-07-02-16 18 26.796	  31.02690616 121.43975246 1.5  0.0 0.0
2015-07-02-16 18 26.907	  31.02690616 121.43975246 1.5  0.0 0.0
2015-07-02-16 18 27.010	  31.02690616 121.43975246 1.5  0.0 0.0
2015-07-02-16 18 27.112	  31.02690616 121.43975246 1.5  0.0 0.0
2015-07-02-16 18 27.223	  31.02690616 121.43975246 1.5  0.0 0.0
2015-07-02-16 18 27.326	  31.02690616 121.43975246 1.5  0.0 0.0
2015-07-02-16 18 27.430	  31.02690616 121.43975246 1.5  0.0 0.0
2015-07-02-16 18 27.542	  31.02690616 121.43975246 1.5  0.0 0.0
2015-07-02-16 18 27.643	  31.02690616 121.43975246 1.5  0.0 0.0
2015-07-02-16 18 27.745	  31.02690616 121.43975246 1.5  0.0 0.0
2015-07-02-16 18 27.850	  31.02690616 121.43975246 1.5  0.0 0.0
2015-07-02-16 18 27.952	  31.02690616 121.43975246 1.5  0.0 0.0
2015-07-02-16 18 28.056	  31.02690616 121.43975246 1.5  0.0 0.0
2015-07-02-16 18 28.158	  31.02690616 121.43975246 1.5  0.0 0.0
2015-07-02-16 18 28.259	  31.02690616 121.43975246 1.5  0.0 0.0
2015-07-02-16 18 28.366	  31.02690616 121.43975246 1.5  0.0 0.0
2015-07-02-16 18 28.468	  31.02690616 121.43975246 1.5  0.0 0.0
2015-07-02-16 18 28.571	  31.02690616 121.43975246 1.5  0.0 0.0
2015-07-02-16 18 28.677	  31.02690616 121.43975246 1.5  0.0 0.0
2015-07-02-16 18 28.781	  31.02690616 121.43975246 1.5  0.0 0.0
2015-07-02-16 18 28.885	  31.02690616 121.43975246 1.5  0.0 0.0
2015-07-02-16 18 28.999	  31.02690616 121.43975246 1.5  0.0 0.0
2015-07-02-16 18 29.101	  31.02690616 121.43975246 1.5  0.0 0.0
2015-07-02-16 18 29.202	  31.02690616 121.43975246 1.5  0.0 0.0
2015-07-02-16 18 29.306	  31.02690616 121.43975246 1.5  0.0 0.0
2015-07-02-16 18 29.408	  31.02690616 121.43975246 1.5  0.0 0.0
2015-07-02-16 18 29.511	  31.02690616 121.43975246 1.5  0.0 0.0
2015-07-02-16 18 29.619	  31.02690616 121.43975246 1.5  0.0 0.0
2015-07-02-16 18 29.720	  31.02690616 121.43975246 1.5  0.0 0.0
2015-07-02-16 18 29.828	  31.02690616 121.43975246 1.5  0.0 0.0
2015-07-02-16 18 29.936	  31.02690616 121.43975246 1.5  0.0 0.0
2015-07-02-16 18 30.038	  31.02690616 121.43975246 1.5  0.0 0.0
2015-07-02-16 18 30.139	  31.02690616 121.43975246 1.5  0.0 0.0
2015-07-02-16 18 30.244	  31.02690616 121.43975246 1.5  0.0 0.0
2015-07-02-16 18 30.348	  31.02690616 121.43975246 1.5  0.0 0.0
2015-07-02-16 18 30.459	  31.02690616 121.43975246 1.5  0.0 0.0
2015-07-02-16 18 30.564	  31.02690616 121.43975246 1.5  0.0 0.0
2015-07-02-16 18 30.665	  31.02690616 121.43975246 1.5  0.0 0.0
2015-07-02-16 18 30.767	  31.02690616 121.43975246 1.5  0.0 0.0
2015-07-02-16 18 30.879	  31.02690616 121.43975246 1.5  0.0 0.0
2015-07-02-16 18 30.982	  31.02690616 121.43975246 1.5  0.0 0.0
2015-07-02-16 18 31.084	  31.02690616 121.43975246 1.5  0.0 0.0
2015-07-02-16 18 31.189	  31.02690616 121.43975246 1.5  0.0 0.0
2015-07-02-16 18 31.292	  31.02690616 121.43975246 1.5  0.0 0.0
2015-07-02-16 18 31.397	  31.02690616 121.43975246 1.5  0.0 0.0
2015-07-02-16 18 31.501	  31.02690616 121.43975246 1.5  0.0 0.0
2015-07-02-16 18 31.603	  31.02690616 121.43975246 1.5  0.0 0.0
2015-07-02-16 18 31.705	  31.02690616 121.43975246 1.5  0.0 0.0
2015-07-02-16 18 31.812	  31.02690616 121.43975246 1.5  0.0 0.0
2015-07-02-16 18 31.920	  31.02690616 121.43975246 1.5  0.0 0.0
2015-07-02-16 18 32.029	  31.02690616 121.43975246 1.5  0.0 0.0
2015-07-02-16 18 32.138	  31.02690616 121.43975246 1.5  0.0 0.0
2015-07-02-16 18 32.240	  31.02690616 121.43975246 1.5  0.0 0.0
2015-07-02-16 18 32.341	  31.02690616 121.43975246 1.5  0.0 0.0
2015-07-02-16 18 32.449	  31.02690616 121.43975246 1.5  0.0 0.0
2015-07-02-16 18 32.554	  31.02690616 121.43975246 1.5  0.0 0.0
2015-07-02-16 18 32.663	  31.02690616 121.43975246 1.5  0.0 0.0
2015-07-02-16 18 32.787	  31.02690616 121.43975246 1.5  0.0 0.0
2015-07-02-16 18 32.889	  31.02690616 121.43975246 1.5  0.0 0.0
2015-07-02-16 18 33.004	  31.02690616 121.43975246 1.5  0.0 0.0
2015-07-02-16 18 33.107	  31.02690616 121.43975246 1.5  0.0 0.0
2015-07-02-16 18 33.250	  31.02692404 121.43974624 0.0  0.0 0.0
2015-07-02-16 18 33.355	  31.02692404 121.43974624 0.0  0.0 0.0
2015-07-02-16 18 33.461	  31.02692404 121.43974624 0.0  0.0 0.0
2015-07-02-16 18 33.562	  31.02692404 121.43974624 0.0  0.0 0.0
2015-07-02-16 18 33.664	  31.02692404 121.43974624 0.0  0.0 0.0
2015-07-02-16 18 33.773	  31.02692404 121.43974624 0.0  0.0 0.0
2015-07-02-16 18 33.875	  31.02692404 121.43974624 0.0  0.0 0.0
2015-07-02-16 18 33.978	  31.02692404 121.43974624 0.0  0.0 0.0
2015-07-02-16 18 34.082	  31.02692404 121.43974624 0.0  0.0 0.0
2015-07-02-16 18 34.186	  31.02692404 121.43974624 0.0  0.0 0.0
2015-07-02-16 18 34.313	  31.02692404 121.43974624 0.0  0.0 0.0
2015-07-02-16 18 34.423	  31.02692404 121.43974624 0.0  0.0 0.0
2015-07-02-16 18 34.525	  31.02692404 121.43974624 0.0  0.0 0.0
2015-07-02-16 18 34.627	  31.02692404 121.43974624 0.0  0.0 0.0
2015-07-02-16 18 34.776	  31.02692404 121.43974624 0.0  0.0 0.0
2015-07-02-16 18 34.878	  31.02692404 121.43974624 0.0  0.0 0.0
2015-07-02-16 18 34.980	  31.02692404 121.43974624 0.0  0.0 0.0
2015-07-02-16 18 35.084	  31.02692404 121.43974624 0.0  0.0 0.0
2015-07-02-16 18 35.189	  31.02694361 121.4397394 1.0  0.0 0.0
2015-07-02-16 18 35.338	  31.02694361 121.4397394 1.0  0.0 0.0
2015-07-02-16 18 35.440	  31.02694361 121.4397394 1.0  0.0 0.0
2015-07-02-16 18 35.544	  31.02694361 121.4397394 1.0  0.0 0.0
2015-07-02-16 18 35.647	  31.02694361 121.4397394 1.0  0.0 0.0
2015-07-02-16 18 35.750	  31.02694361 121.4397394 1.0  0.0 0.0
2015-07-02-16 18 35.866	  31.02694361 121.4397394 1.0  0.0 0.0
2015-07-02-16 18 35.969	  31.02694361 121.4397394 1.0  0.0 0.0
2015-07-02-16 18 36.071	  31.02694361 121.4397394 1.0  0.0 0.0
2015-07-02-16 18 36.219	  31.02694361 121.4397394 1.0  0.0 0.0
2015-07-02-16 18 36.331	  31.02694361 121.4397394 1.0  0.0 0.0
2015-07-02-16 18 36.436	  31.02694361 121.4397394 1.0  0.0 0.0
2015-07-02-16 18 36.539	  31.02694361 121.4397394 1.0  0.0 0.0
2015-07-02-16 18 36.651	  31.02694361 121.4397394 1.0  0.0 0.0
2015-07-02-16 18 36.810	  31.02694361 121.4397394 1.0  0.0 0.0
2015-07-02-16 18 36.911	  31.02694361 121.4397394 1.0  0.0 0.0
2015-07-02-16 18 37.013	  31.02694361 121.4397394 1.0  0.0 0.0
2015-07-02-16 18 37.116	  31.02694361 121.4397394 1.0  0.0 0.0
2015-07-02-16 18 37.221	  31.02694361 121.4397394 1.0  0.0 0.0
2015-07-02-16 18 37.385	  31.02697443 121.43972867 1.25  0.0 0.0
2015-07-02-16 18 37.488	  31.02697443 121.43972867 1.25  0.0 0.0
2015-07-02-16 18 37.592	  31.02697443 121.43972867 1.25  0.0 0.0
2015-07-02-16 18 37.697	  31.02697443 121.43972867 1.25  0.0 0.0
2015-07-02-16 18 37.811	  31.02697443 121.43972867 1.25  0.0 0.0
2015-07-02-16 18 37.914	  31.02697443 121.43972867 1.25  0.0 0.0
2015-07-02-16 18 38.017	  31.02697443 121.43972867 1.25  0.0 0.0
2015-07-02-16 18 38.119	  31.02697443 121.43972867 1.25  0.0 0.0
2015-07-02-16 18 38.239	  31.02697443 121.43972867 1.25  0.0 0.0
2015-07-02-16 18 38.340	  31.02697443 121.43972867 1.25  0.0 0.0
2015-07-02-16 18 38.443	  31.02697443 121.43972867 1.25  0.0 0.0
2015-07-02-16 18 38.582	  31.02697443 121.43972867 1.25  0.0 0.0
2015-07-02-16 18 38.692	  31.02697443 121.43972867 1.25  0.0 0.0
2015-07-02-16 18 38.807	  31.02697443 121.43972867 1.25  0.0 0.0
2015-07-02-16 18 38.910	  31.02697443 121.43972867 1.25  0.0 0.0
2015-07-02-16 18 39.012	  31.02697443 121.43972867 1.25  0.0 0.0
2015-07-02-16 18 39.147	  31.02697443 121.43972867 1.25  0.0 0.0
2015-07-02-16 18 39.250	  31.02697443 121.43972867 1.25  0.0 0.0
2015-07-02-16 18 39.363	  31.02700577 121.43971597 1.25  0.0 0.0
2015-07-02-16 18 39.464	  31.02700577 121.43971597 1.25  0.0 0.0
2015-07-02-16 18 39.565	  31.02700577 121.43971597 1.25  0.0 0.0
2015-07-02-16 18 39.682	  31.02700577 121.43971597 1.25  0.0 0.0
2015-07-02-16 18 39.786	  31.02700577 121.43971597 1.25  0.0 0.0
2015-07-02-16 18 39.908	  31.02700577 121.43971597 1.25  0.0 0.0
2015-07-02-16 18 40.009	  31.02700577 121.43971597 1.25  0.0 0.0
2015-07-02-16 18 40.111	  31.02700577 121.43971597 1.25  0.0 0.0
2015-07-02-16 18 40.216	  31.02700577 121.43971597 1.25  0.0 0.0
2015-07-02-16 18 40.322	  31.02700577 121.43971597 1.25  0.0 0.0
2015-07-02-16 18 40.424	  31.02700577 121.43971597 1.25  0.0 0.0
2015-07-02-16 18 40.525	  31.02700577 121.43971597 1.25  0.0 0.0
2015-07-02-16 18 40.627	  31.02700577 121.43971597 1.25  0.0 0.0
2015-07-02-16 18 40.729	  31.02700577 121.43971597 1.25  0.0 0.0
2015-07-02-16 18 40.839	  31.02700577 121.43971597 1.25  0.0 0.0
2015-07-02-16 18 40.943	  31.02700577 121.43971597 1.25  0.0 0.0
2015-07-02-16 18 41.056	  31.02700577 121.43971597 1.25  0.0 0.0
2015-07-02-16 18 41.159	  31.02700577 121.43971597 1.25  0.0 0.0
2015-07-02-16 18 41.268	  31.02703866 121.43970354 1.25  0.0 0.0
2015-07-02-16 18 41.370	  31.02703866 121.43970354 1.25  0.0 0.0
2015-07-02-16 18 41.471	  31.02703866 121.43970354 1.25  0.0 0.0
2015-07-02-16 18 41.573	  31.02703866 121.43970354 1.25  0.0 0.0
2015-07-02-16 18 41.678	  31.02703866 121.43970354 1.25  0.0 0.0
2015-07-02-16 18 41.781	  31.02703866 121.43970354 1.25  0.0 0.0
2015-07-02-16 18 41.893	  31.02703866 121.43970354 1.25  0.0 0.0
2015-07-02-16 18 41.995	  31.02703866 121.43970354 1.25  0.0 0.0
2015-07-02-16 18 42.096	  31.02703866 121.43970354 1.25  0.0 0.0
2015-07-02-16 18 42.197	  31.02703866 121.43970354 1.25  0.0 0.0
2015-07-02-16 18 42.299	  31.02703866 121.43970354 1.25  0.0 0.0
2015-07-02-16 18 42.401	  31.02703866 121.43970354 1.25  0.0 0.0
2015-07-02-16 18 42.503	  31.02703866 121.43970354 1.25  0.0 0.0
2015-07-02-16 18 42.606	  31.02703866 121.43970354 1.25  0.0 0.0
2015-07-02-16 18 42.718	  31.02703866 121.43970354 1.25  0.0 0.0
2015-07-02-16 18 42.821	  31.02703866 121.43970354 1.25  0.0 0.0
2015-07-02-16 18 42.927	  31.02703866 121.43970354 1.25  0.0 0.0
2015-07-02-16 18 43.029	  31.02703866 121.43970354 1.25  0.0 0.0
2015-07-02-16 18 43.164	  31.02703866 121.43970354 1.25  0.0 0.0
2015-07-02-16 18 43.265	  31.0270707 121.43968878 1.25  0.0 0.0
2015-07-02-16 18 43.368	  31.0270707 121.43968878 1.25  0.0 0.0
2015-07-02-16 18 43.483	  31.0270707 121.43968878 1.25  0.0 0.0
2015-07-02-16 18 43.585	  31.0270707 121.43968878 1.25  0.0 0.0
2015-07-02-16 18 43.690	  31.0270707 121.43968878 1.25  0.0 0.0
2015-07-02-16 18 43.793	  31.0270707 121.43968878 1.25  0.0 0.0
2015-07-02-16 18 43.898	  31.0270707 121.43968878 1.25  0.0 0.0
2015-07-02-16 18 44.001	  31.0270707 121.43968878 1.25  0.0 0.0
2015-07-02-16 18 44.102	  31.0270707 121.43968878 1.25  0.0 0.0
2015-07-02-16 18 44.207	  31.0270707 121.43968878 1.25  0.0 0.0
2015-07-02-16 18 44.314	  31.0270707 121.43968878 1.25  0.0 0.0
2015-07-02-16 18 44.416	  31.0270707 121.43968878 1.25  0.0 0.0
2015-07-02-16 18 44.517	  31.0270707 121.43968878 1.25  0.0 0.0
2015-07-02-16 18 44.620	  31.0270707 121.43968878 1.25  0.0 0.0
2015-07-02-16 18 44.730	  31.0270707 121.43968878 1.25  0.0 0.0
2015-07-02-16 18 44.831	  31.0270707 121.43968878 1.25  0.0 0.0
2015-07-02-16 18 44.932	  31.0270707 121.43968878 1.25  0.0 0.0
2015-07-02-16 18 45.036	  31.0270707 121.43968878 1.25  0.0 0.0
2015-07-02-16 18 45.138	  31.0270707 121.43968878 1.25  0.0 0.0
2015-07-02-16 18 45.242	  31.0270707 121.43968878 1.25  0.0 0.0
2015-07-02-16 18 45.352	  31.0271019 121.43967179 1.25  0.0 0.0
2015-07-02-16 18 45.454	  31.0271019 121.43967179 1.25  0.0 0.0
2015-07-02-16 18 45.555	  31.0271019 121.43967179 1.25  0.0 0.0
2015-07-02-16 18 45.658	  31.0271019 121.43967179 1.25  0.0 0.0
2015-07-02-16 18 45.773	  31.0271019 121.43967179 1.25  0.0 0.0
2015-07-02-16 18 45.879	  31.0271019 121.43967179 1.25  0.0 0.0
2015-07-02-16 18 45.992	  31.0271019 121.43967179 1.25  0.0 0.0
2015-07-02-16 18 46.094	  31.0271019 121.43967179 1.25  0.0 0.0
2015-07-02-16 18 46.196	  31.0271019 121.43967179 1.25  0.0 0.0
2015-07-02-16 18 46.299	  31.0271019 121.43967179 1.25  0.0 0.0
2015-07-02-16 18 46.412	  31.0271019 121.43967179 1.25  0.0 0.0
2015-07-02-16 18 46.514	  31.0271019 121.43967179 1.25  0.0 0.0
2015-07-02-16 18 46.616	  31.0271019 121.43967179 1.25  0.0 0.0
2015-07-02-16 18 46.720	  31.0271019 121.43967179 1.25  0.0 0.0
2015-07-02-16 18 46.834	  31.0271019 121.43967179 1.25  0.0 0.0
2015-07-02-16 18 46.937	  31.0271019 121.43967179 1.25  0.0 0.0
2015-07-02-16 18 47.039	  31.0271019 121.43967179 1.25  0.0 0.0
2015-07-02-16 18 47.142	  31.0271019 121.43967179 1.25  0.0 0.0
2015-07-02-16 18 47.248	  31.0271019 121.43967179 1.25  0.0 0.0
2015-07-02-16 18 47.357	  31.02713344 121.43965432 1.25  0.0 0.0
2015-07-02-16 18 47.461	  31.02713344 121.43965432 1.25  0.0 0.0
2015-07-02-16 18 47.566	  31.02713344 121.43965432 1.25  0.0 0.0
2015-07-02-16 18 47.673	  31.02713344 121.43965432 1.25  0.0 0.0
2015-07-02-16 18 47.777	  31.02713344 121.43965432 1.25  0.0 0.0
2015-07-02-16 18 47.879	  31.02713344 121.43965432 1.25  0.0 0.0
2015-07-02-16 18 47.981	  31.02713344 121.43965432 1.25  0.0 0.0
2015-07-02-16 18 48.092	  31.02713344 121.43965432 1.25  0.0 0.0
2015-07-02-16 18 48.196	  31.02713344 121.43965432 1.25  0.0 0.0
2015-07-02-16 18 48.298	  31.02713344 121.43965432 1.25  0.0 0.0
2015-07-02-16 18 48.414	  31.02713344 121.43965432 1.25  0.0 0.0
2015-07-02-16 18 48.516	  31.02713344 121.43965432 1.25  0.0 0.0
2015-07-02-16 18 48.619	  31.02713344 121.43965432 1.25  0.0 0.0
2015-07-02-16 18 48.726	  31.02713344 121.43965432 1.25  0.0 0.0
2015-07-02-16 18 48.830	  31.02713344 121.43965432 1.25  0.0 0.0
2015-07-02-16 18 48.936	  31.02713344 121.43965432 1.25  0.0 0.0
2015-07-02-16 18 49.043	  31.02713344 121.43965432 1.25  0.0 0.0
2015-07-02-16 18 49.153	  31.02713344 121.43965432 1.25  0.0 0.0
2015-07-02-16 18 49.255	  31.02716315 121.43964024 1.25  0.0 0.0
2015-07-02-16 18 49.359	  31.02716315 121.43964024 1.25  0.0 0.0
2015-07-02-16 18 49.461	  31.02716315 121.43964024 1.25  0.0 0.0
2015-07-02-16 18 49.565	  31.02716315 121.43964024 1.25  0.0 0.0
2015-07-02-16 18 49.667	  31.02716315 121.43964024 1.25  0.0 0.0
2015-07-02-16 18 49.776	  31.02716315 121.43964024 1.25  0.0 0.0
2015-07-02-16 18 49.878	  31.02716315 121.43964024 1.25  0.0 0.0
2015-07-02-16 18 49.987	  31.02716315 121.43964024 1.25  0.0 0.0
2015-07-02-16 18 50.091	  31.02716315 121.43964024 1.25  0.0 0.0
2015-07-02-16 18 50.207	  31.02716315 121.43964024 1.25  0.0 0.0
2015-07-02-16 18 50.308	  31.02716315 121.43964024 1.25  0.0 0.0
2015-07-02-16 18 50.447	  31.02716315 121.43964024 1.25  0.0 0.0
2015-07-02-16 18 50.549	  31.02716315 121.43964024 1.25  0.0 0.0
2015-07-02-16 18 50.712	  31.02716315 121.43964024 1.25  0.0 0.0
2015-07-02-16 18 50.819	  31.02716315 121.43964024 1.25  0.0 0.0
2015-07-02-16 18 50.923	  31.02716315 121.43964024 1.25  0.0 0.0
2015-07-02-16 18 51.029	  31.02716315 121.43964024 1.25  0.0 0.0
2015-07-02-16 18 51.132	  31.02716315 121.43964024 1.25  0.0 0.0
2015-07-02-16 18 51.302	  31.02719185 121.439628 1.25  0.0 0.0
2015-07-02-16 18 51.404	  31.02719185 121.439628 1.25  0.0 0.0
2015-07-02-16 18 51.505	  31.02719185 121.439628 1.25  0.0 0.0
2015-07-02-16 18 51.615	  31.02719185 121.439628 1.25  0.0 0.0
2015-07-02-16 18 51.719	  31.02719185 121.439628 1.25  0.0 0.0
2015-07-02-16 18 51.883	  31.02719185 121.439628 1.25  0.0 0.0
2015-07-02-16 18 51.985	  31.02719185 121.439628 1.25  0.0 0.0
2015-07-02-16 18 52.125	  31.02719185 121.439628 1.25  0.0 0.0
2015-07-02-16 18 52.228	  31.02719185 121.439628 1.25  0.0 0.0
2015-07-02-16 18 52.330	  31.02719185 121.439628 1.25  0.0 0.0
2015-07-02-16 18 52.435	  31.02719185 121.439628 1.25  0.0 0.0
2015-07-02-16 18 52.537	  31.02719185 121.439628 1.25  0.0 0.0
2015-07-02-16 18 52.693	  31.02719185 121.439628 1.25  0.0 0.0
2015-07-02-16 18 52.795	  31.02719185 121.439628 1.25  0.0 0.0
2015-07-02-16 18 52.896	  31.02719185 121.439628 1.25  0.0 0.0
2015-07-02-16 18 53.005	  31.02719185 121.439628 1.25  0.0 0.0
2015-07-02-16 18 53.106	  31.02719185 121.439628 1.25  0.0 0.0
2015-07-02-16 18 53.267	  31.02719185 121.439628 1.25  0.0 0.0
2015-07-02-16 18 53.402	  31.02721905 121.43961562 1.25  0.0 0.0
2015-07-02-16 18 53.506	  31.02721905 121.43961562 1.25  0.0 0.0
2015-07-02-16 18 53.610	  31.02721905 121.43961562 1.25  0.0 0.0
2015-07-02-16 18 53.786	  31.02721905 121.43961562 1.25  0.0 0.0
2015-07-02-16 18 53.889	  31.02721905 121.43961562 1.25  0.0 0.0
2015-07-02-16 18 54.028	  31.02721905 121.43961562 1.25  0.0 0.0
2015-07-02-16 18 54.140	  31.02721905 121.43961562 1.25  0.0 0.0
2015-07-02-16 18 54.241	  31.02721905 121.43961562 1.25  0.0 0.0
2015-07-02-16 18 54.346	  31.02721905 121.43961562 1.25  0.0 0.0
2015-07-02-16 18 54.450	  31.02721905 121.43961562 1.25  0.0 0.0
2015-07-02-16 18 54.594	  31.02721905 121.43961562 1.25  0.0 0.0
2015-07-02-16 18 54.696	  31.02721905 121.43961562 1.25  0.0 0.0
2015-07-02-16 18 54.859	  31.02721905 121.43961562 1.25  0.0 0.0
2015-07-02-16 18 54.966	  31.02721905 121.43961562 1.25  0.0 0.0
2015-07-02-16 18 55.069	  31.02721905 121.43961562 1.25  0.0 0.0
2015-07-02-16 18 55.199	  31.02721905 121.43961562 1.25  0.0 0.0
2015-07-02-16 18 55.301	  31.02724488 121.43960378 1.25  0.0 0.0
2015-07-02-16 18 55.446	  31.02724488 121.43960378 1.25  0.0 0.0
2015-07-02-16 18 55.548	  31.02724488 121.43960378 1.25  0.0 0.0
2015-07-02-16 18 55.649	  31.02724488 121.43960378 1.25  0.0 0.0
2015-07-02-16 18 55.755	  31.02724488 121.43960378 1.25  0.0 0.0
2015-07-02-16 18 55.857	  31.02724488 121.43960378 1.25  0.0 0.0
2015-07-02-16 18 55.996	  31.02724488 121.43960378 1.25  0.0 0.0
2015-07-02-16 18 56.101	  31.02724488 121.43960378 1.25  0.0 0.0
2015-07-02-16 18 56.206	  31.02724488 121.43960378 1.25  0.0 0.0
2015-07-02-16 18 56.368	  31.02724488 121.43960378 1.25  0.0 0.0
2015-07-02-16 18 56.473	  31.02724488 121.43960378 1.25  0.0 0.0
2015-07-02-16 18 56.575	  31.02724488 121.43960378 1.25  0.0 0.0
2015-07-02-16 18 56.713	  31.02724488 121.43960378 1.25  0.0 0.0
2015-07-02-16 18 56.818	  31.02724488 121.43960378 1.25  0.0 0.0
2015-07-02-16 18 56.991	  31.02724488 121.43960378 1.25  0.0 0.0
2015-07-02-16 18 57.098	  31.02724488 121.43960378 1.25  0.0 0.0
2015-07-02-16 18 57.203	  31.02726957 121.43959019 1.25  0.0 0.0
2015-07-02-16 18 57.358	  31.02726957 121.43959019 1.25  0.0 0.0
2015-07-02-16 18 57.460	  31.02726957 121.43959019 1.25  0.0 0.0
2015-07-02-16 18 57.563	  31.02726957 121.43959019 1.25  0.0 0.0
2015-07-02-16 18 57.732	  31.02726957 121.43959019 1.25  0.0 0.0
2015-07-02-16 18 57.834	  31.02726957 121.43959019 1.25  0.0 0.0
2015-07-02-16 18 57.949	  31.02726957 121.43959019 1.25  0.0 0.0
2015-07-02-16 18 58.063	  31.02726957 121.43959019 1.25  0.0 0.0
2015-07-02-16 18 58.166	  31.02726957 121.43959019 1.25  0.0 0.0
2015-07-02-16 18 58.323	  31.02726957 121.43959019 1.25  0.0 0.0
2015-07-02-16 18 58.428	  31.02726957 121.43959019 1.25  0.0 0.0
2015-07-02-16 18 58.545	  31.02726957 121.43959019 1.25  0.0 0.0
2015-07-02-16 18 58.646	  31.02726957 121.43959019 1.25  0.0 0.0
2015-07-02-16 18 58.797	  31.02726957 121.43959019 1.25  0.0 0.0
2015-07-02-16 18 58.905	  31.02726957 121.43959019 1.25  0.0 0.0
2015-07-02-16 18 59.011	  31.02726957 121.43959019 1.25  0.0 0.0
2015-07-02-16 18 59.182	  31.02726957 121.43959019 1.25  0.0 0.0
2015-07-02-16 18 59.287	  31.02729568 121.43957942 1.25  0.0 0.0
2015-07-02-16 18 59.390	  31.02729568 121.43957942 1.25  0.0 0.0
2015-07-02-16 18 59.560	  31.02729568 121.43957942 1.25  0.0 0.0
2015-07-02-16 18 59.662	  31.02729568 121.43957942 1.25  0.0 0.0
2015-07-02-16 18 59.764	  31.02729568 121.43957942 1.25  0.0 0.0
2015-07-02-16 18 59.915	  31.02729568 121.43957942 1.25  0.0 0.0
2015-07-02-16 19 00.019	  31.02729568 121.43957942 1.25  0.0 0.0
2015-07-02-16 19 00.167	  31.02729568 121.43957942 1.25  0.0 0.0
2015-07-02-16 19 00.286	  31.02729568 121.43957942 1.25  0.0 0.0
2015-07-02-16 19 00.388	  31.02729568 121.43957942 1.25  0.0 0.0
2015-07-02-16 19 00.527	  31.02729568 121.43957942 1.25  0.0 0.0
2015-07-02-16 19 00.680	  31.02729568 121.43957942 1.25  0.0 0.0
2015-07-02-16 19 00.783	  31.02729568 121.43957942 1.25  0.0 0.0
2015-07-02-16 19 00.927	  31.02729568 121.43957942 1.25  0.0 0.0
2015-07-02-16 19 01.100	  31.02729568 121.43957942 1.25  0.0 0.0
2015-07-02-16 19 01.202	  31.02729568 121.43957942 1.25  0.0 0.0
2015-07-02-16 19 01.315	  31.02732177 121.43956793 1.25  0.0 0.0
2015-07-02-16 19 01.455	  31.02732177 121.43956793 1.25  0.0 0.0
2015-07-02-16 19 01.556	  31.02732177 121.43956793 1.25  0.0 0.0
2015-07-02-16 19 01.692	  31.02732177 121.43956793 1.25  0.0 0.0
2015-07-02-16 19 01.859	  31.02732177 121.43956793 1.25  0.0 0.0
2015-07-02-16 19 01.961	  31.02732177 121.43956793 1.25  0.0 0.0
2015-07-02-16 19 02.075	  31.02732177 121.43956793 1.25  0.0 0.0
2015-07-02-16 19 02.211	  31.02732177 121.43956793 1.25  0.0 0.0
2015-07-02-16 19 02.314	  31.02732177 121.43956793 1.25  0.0 0.0
2015-07-02-16 19 02.440	  31.02732177 121.43956793 1.25  0.0 0.0
2015-07-02-16 19 02.564	  31.02732177 121.43956793 1.25  0.0 0.0
2015-07-02-16 19 02.675	  31.02732177 121.43956793 1.25  0.0 0.0
2015-07-02-16 19 02.826	  31.02732177 121.43956793 1.25  0.0 0.0
2015-07-02-16 19 02.944	  31.02732177 121.43956793 1.25  0.0 0.0
2015-07-02-16 19 03.051	  31.02732177 121.43956793 1.25  0.0 0.0
2015-07-02-16 19 03.209	  31.02732177 121.43956793 1.25  0.0 0.0
2015-07-02-16 19 03.327	  31.02734786 121.43955356 1.25  0.0 0.0
2015-07-02-16 19 03.429	  31.02734786 121.43955356 1.25  0.0 0.0
2015-07-02-16 19 03.535	  31.02734786 121.43955356 1.25  0.0 0.0
2015-07-02-16 19 03.640	  31.02734786 121.43955356 1.25  0.0 0.0
2015-07-02-16 19 03.810	  31.02734786 121.43955356 1.25  0.0 0.0
2015-07-02-16 19 03.916	  31.02734786 121.43955356 1.25  0.0 0.0
2015-07-02-16 19 04.021	  31.02734786 121.43955356 1.25  0.0 0.0
2015-07-02-16 19 04.190	  31.02734786 121.43955356 1.25  0.0 0.0
2015-07-02-16 19 04.342	  31.02734786 121.43955356 1.25  0.0 0.0
2015-07-02-16 19 04.446	  31.02734786 121.43955356 1.25  0.0 0.0
2015-07-02-16 19 04.551	  31.02734786 121.43955356 1.25  0.0 0.0
2015-07-02-16 19 04.669	  31.02734786 121.43955356 1.25  0.0 0.0
2015-07-02-16 19 04.771	  31.02734786 121.43955356 1.25  0.0 0.0
2015-07-02-16 19 04.873	  31.02734786 121.43955356 1.25  0.0 0.0
2015-07-02-16 19 05.009	  31.02734786 121.43955356 1.25  0.0 0.0
2015-07-02-16 19 05.112	  31.02734786 121.43955356 1.25  0.0 0.0
2015-07-02-16 19 05.227	  31.02737458 121.43953823 1.5  0.0 0.0
2015-07-02-16 19 05.370	  31.02737458 121.43953823 1.5  0.0 0.0
2015-07-02-16 19 05.475	  31.02737458 121.43953823 1.5  0.0 0.0
2015-07-02-16 19 05.596	  31.02737458 121.43953823 1.5  0.0 0.0
2015-07-02-16 19 05.748	  31.02737458 121.43953823 1.5  0.0 0.0
2015-07-02-16 19 05.851	  31.02737458 121.43953823 1.5  0.0 0.0
2015-07-02-16 19 05.956	  31.02737458 121.43953823 1.5  0.0 0.0
2015-07-02-16 19 06.113	  31.02737458 121.43953823 1.5  0.0 0.0
2015-07-02-16 19 06.215	  31.02737458 121.43953823 1.5  0.0 0.0
2015-07-02-16 19 06.322	  31.02737458 121.43953823 1.5  0.0 0.0
2015-07-02-16 19 06.454	  31.02737458 121.43953823 1.5  0.0 0.0
2015-07-02-16 19 06.557	  31.02737458 121.43953823 1.5  0.0 0.0
2015-07-02-16 19 06.663	  31.02737458 121.43953823 1.5  0.0 0.0
2015-07-02-16 19 06.835	  31.02737458 121.43953823 1.5  0.0 0.0
2015-07-02-16 19 06.939	  31.02737458 121.43953823 1.5  0.0 0.0
2015-07-02-16 19 07.043	  31.02737458 121.43953823 1.5  0.0 0.0
2015-07-02-16 19 07.186	  31.02737458 121.43953823 1.5  0.0 0.0
2015-07-02-16 19 07.294	  31.0274007 121.4395245 1.25  0.0 0.0
2015-07-02-16 19 07.396	  31.0274007 121.4395245 1.25  0.0 0.0
2015-07-02-16 19 07.512	  31.0274007 121.4395245 1.25  0.0 0.0
2015-07-02-16 19 07.615	  31.0274007 121.4395245 1.25  0.0 0.0
2015-07-02-16 19 07.717	  31.0274007 121.4395245 1.25  0.0 0.0
2015-07-02-16 19 07.836	  31.0274007 121.4395245 1.25  0.0 0.0
2015-07-02-16 19 07.938	  31.0274007 121.4395245 1.25  0.0 0.0
2015-07-02-16 19 08.045	  31.0274007 121.4395245 1.25  0.0 0.0
2015-07-02-16 19 08.210	  31.0274007 121.4395245 1.25  0.0 0.0
2015-07-02-16 19 08.314	  31.0274007 121.4395245 1.25  0.0 0.0
2015-07-02-16 19 08.419	  31.0274007 121.4395245 1.25  0.0 0.0
2015-07-02-16 19 08.544	  31.0274007 121.4395245 1.25  0.0 0.0
2015-07-02-16 19 08.647	  31.0274007 121.4395245 1.25  0.0 0.0
2015-07-02-16 19 08.761	  31.0274007 121.4395245 1.25  0.0 0.0
2015-07-02-16 19 08.862	  31.0274007 121.4395245 1.25  0.0 0.0
2015-07-02-16 19 08.979	  31.0274007 121.4395245 1.25  0.0 0.0
2015-07-02-16 19 09.122	  31.0274007 121.4395245 1.25  0.0 0.0
2015-07-02-16 19 09.285	  31.02742716 121.43951392 1.25  0.0 0.0
2015-07-02-16 19 09.425	  31.02742716 121.43951392 1.25  0.0 0.0
2015-07-02-16 19 09.529	  31.02742716 121.43951392 1.25  0.0 0.0
2015-07-02-16 19 09.645	  31.02742716 121.43951392 1.25  0.0 0.0
2015-07-02-16 19 09.779	  31.02742716 121.43951392 1.25  0.0 0.0
2015-07-02-16 19 09.942	  31.02742716 121.43951392 1.25  0.0 0.0
2015-07-02-16 19 10.082	  31.02742716 121.43951392 1.25  0.0 0.0
2015-07-02-16 19 10.188	  31.02742716 121.43951392 1.25  0.0 0.0
2015-07-02-16 19 10.293	  31.02742716 121.43951392 1.25  0.0 0.0
2015-07-02-16 19 10.448	  31.02742716 121.43951392 1.25  0.0 0.0
2015-07-02-16 19 10.588	  31.02742716 121.43951392 1.25  0.0 0.0
2015-07-02-16 19 10.720	  31.02742716 121.43951392 1.25  0.0 0.0
2015-07-02-16 19 10.835	  31.02742716 121.43951392 1.25  0.0 0.0
2015-07-02-16 19 10.949	  31.02742716 121.43951392 1.25  0.0 0.0
2015-07-02-16 19 11.064	  31.02742716 121.43951392 1.25  0.0 0.0
2015-07-02-16 19 11.202	  31.02742716 121.43951392 1.25  0.0 0.0
2015-07-02-16 19 11.345	  31.02745283 121.43950216 1.25  0.0 0.0
2015-07-02-16 19 11.448	  31.02745283 121.43950216 1.25  0.0 0.0
2015-07-02-16 19 11.553	  31.02745283 121.43950216 1.25  0.0 0.0
2015-07-02-16 19 11.708	  31.02745283 121.43950216 1.25  0.0 0.0
2015-07-02-16 19 11.848	  31.02745283 121.43950216 1.25  0.0 0.0
2015-07-02-16 19 12.002	  31.02745283 121.43950216 1.25  0.0 0.0
2015-07-02-16 19 12.111	  31.02745283 121.43950216 1.25  0.0 0.0
2015-07-02-16 19 12.269	  31.02745283 121.43950216 1.25  0.0 0.0
2015-07-02-16 19 12.383	  31.02745283 121.43950216 1.25  0.0 0.0
2015-07-02-16 19 12.499	  31.02745283 121.43950216 1.25  0.0 0.0
2015-07-02-16 19 12.621	  31.02745283 121.43950216 1.25  0.0 0.0
2015-07-02-16 19 12.735	  31.02745283 121.43950216 1.25  0.0 0.0
2015-07-02-16 19 12.872	  31.02745283 121.43950216 1.25  0.0 0.0
2015-07-02-16 19 13.015	  31.02745283 121.43950216 1.25  0.0 0.0
2015-07-02-16 19 13.161	  31.02745283 121.43950216 1.25  0.0 0.0
2015-07-02-16 19 13.305	  31.02747845 121.43949021 1.25  0.0 0.0
2015-07-02-16 19 13.409	  31.02747845 121.43949021 1.25  0.0 0.0
2015-07-02-16 19 13.518	  31.02747845 121.43949021 1.25  0.0 0.0
2015-07-02-16 19 13.692	  31.02747845 121.43949021 1.25  0.0 0.0
2015-07-02-16 19 13.833	  31.02747845 121.43949021 1.25  0.0 0.0
2015-07-02-16 19 13.962	  31.02747845 121.43949021 1.25  0.0 0.0
2015-07-02-16 19 14.090	  31.02747845 121.43949021 1.25  0.0 0.0
2015-07-02-16 19 14.208	  31.02747845 121.43949021 1.25  0.0 0.0
2015-07-02-16 19 14.351	  31.02747845 121.43949021 1.25  0.0 0.0
2015-07-02-16 19 14.456	  31.02747845 121.43949021 1.25  0.0 0.0
2015-07-02-16 19 14.588	  31.02747845 121.43949021 1.25  0.0 0.0
2015-07-02-16 19 14.704	  31.02747845 121.43949021 1.25  0.0 0.0
2015-07-02-16 19 14.846	  31.02747845 121.43949021 1.25  0.0 0.0
2015-07-02-16 19 14.962	  31.02747845 121.43949021 1.25  0.0 0.0
2015-07-02-16 19 15.068	  31.02747845 121.43949021 1.25  0.0 0.0
2015-07-02-16 19 15.217	  31.02750274 121.43947882 1.25  0.0 0.0
2015-07-02-16 19 15.335	  31.02750274 121.43947882 1.25  0.0 0.0
2015-07-02-16 19 15.506	  31.02750274 121.43947882 1.25  0.0 0.0
2015-07-02-16 19 15.624	  31.02750274 121.43947882 1.25  0.0 0.0
2015-07-02-16 19 15.741	  31.02750274 121.43947882 1.25  0.0 0.0
2015-07-02-16 19 15.900	  31.02750274 121.43947882 1.25  0.0 0.0
2015-07-02-16 19 16.031	  31.02750274 121.43947882 1.25  0.0 0.0
2015-07-02-16 19 16.169	  31.02750274 121.43947882 1.25  0.0 0.0
2015-07-02-16 19 16.293	  31.02750274 121.43947882 1.25  0.0 0.0
2015-07-02-16 19 16.433	  31.02750274 121.43947882 1.25  0.0 0.0
2015-07-02-16 19 16.581	  31.02750274 121.43947882 1.25  0.0 0.0
2015-07-02-16 19 16.768	  31.02750274 121.43947882 1.25  0.0 0.0
2015-07-02-16 19 16.919	  31.02750274 121.43947882 1.25  0.0 0.0
2015-07-02-16 19 17.057	  31.02750274 121.43947882 1.25  0.0 0.0
2015-07-02-16 19 17.216	  31.02750274 121.43947882 1.25  0.0 0.0
2015-07-02-16 19 17.357	  31.02752687 121.43946927 1.25  0.0 0.0
2015-07-02-16 19 17.517	  31.02752687 121.43946927 1.25  0.0 0.0
2015-07-02-16 19 17.636	  31.02752687 121.43946927 1.25  0.0 0.0
2015-07-02-16 19 17.783	  31.02752687 121.43946927 1.25  0.0 0.0
2015-07-02-16 19 17.898	  31.02752687 121.43946927 1.25  0.0 0.0
2015-07-02-16 19 18.016	  31.02752687 121.43946927 1.25  0.0 0.0
2015-07-02-16 19 18.154	  31.02752687 121.43946927 1.25  0.0 0.0
2015-07-02-16 19 18.293	  31.02752687 121.43946927 1.25  0.0 0.0
2015-07-02-16 19 18.455	  31.02752687 121.43946927 1.25  0.0 0.0
2015-07-02-16 19 18.576	  31.02752687 121.43946927 1.25  0.0 0.0
2015-07-02-16 19 18.719	  31.02752687 121.43946927 1.25  0.0 0.0
2015-07-02-16 19 18.885	  31.02752687 121.43946927 1.25  0.0 0.0
2015-07-02-16 19 19.027	  31.02752687 121.43946927 1.25  0.0 0.0
2015-07-02-16 19 19.168	  31.02752687 121.43946927 1.25  0.0 0.0
2015-07-02-16 19 19.299	  31.02755195 121.43945827 1.25  0.0 0.0
2015-07-02-16 19 19.409	  31.02755195 121.43945827 1.25  0.0 0.0
2015-07-02-16 19 19.513	  31.02755195 121.43945827 1.25  0.0 0.0
2015-07-02-16 19 19.631	  31.02755195 121.43945827 1.25  0.0 0.0
2015-07-02-16 19 19.794	  31.02755195 121.43945827 1.25  0.0 0.0
2015-07-02-16 19 19.936	  31.02755195 121.43945827 1.25  0.0 0.0
2015-07-02-16 19 20.039	  31.02755195 121.43945827 1.25  0.0 0.0
2015-07-02-16 19 20.142	  31.02755195 121.43945827 1.25  0.0 0.0
2015-07-02-16 19 20.317	  31.02755195 121.43945827 1.25  0.0 0.0
2015-07-02-16 19 20.418	  31.02755195 121.43945827 1.25  0.0 0.0
2015-07-02-16 19 20.533	  31.02755195 121.43945827 1.25  0.0 0.0
2015-07-02-16 19 20.692	  31.02755195 121.43945827 1.25  0.0 0.0
2015-07-02-16 19 20.856	  31.02755195 121.43945827 1.25  0.0 0.0
2015-07-02-16 19 20.963	  31.02755195 121.43945827 1.25  0.0 0.0
2015-07-02-16 19 21.065	  31.02755195 121.43945827 1.25  0.0 0.0
2015-07-02-16 19 21.205	  31.02757647 121.43944781 1.25  0.0 0.0
2015-07-02-16 19 21.342	  31.02757647 121.43944781 1.25  0.0 0.0
2015-07-02-16 19 21.486	  31.02757647 121.43944781 1.25  0.0 0.0
2015-07-02-16 19 21.638	  31.02757647 121.43944781 1.25  0.0 0.0
2015-07-02-16 19 21.786	  31.02757647 121.43944781 1.25  0.0 0.0
2015-07-02-16 19 21.904	  31.02757647 121.43944781 1.25  0.0 0.0
2015-07-02-16 19 22.060	  31.02757647 121.43944781 1.25  0.0 0.0
2015-07-02-16 19 22.200	  31.02757647 121.43944781 1.25  0.0 0.0
2015-07-02-16 19 22.323	  31.02757647 121.43944781 1.25  0.0 0.0
2015-07-02-16 19 22.449	  31.02757647 121.43944781 1.25  0.0 0.0
2015-07-02-16 19 22.610	  31.02757647 121.43944781 1.25  0.0 0.0
2015-07-02-16 19 22.727	  31.02757647 121.43944781 1.25  0.0 0.0
2015-07-02-16 19 22.884	  31.02757647 121.43944781 1.25  0.0 0.0
2015-07-02-16 19 23.004	  31.02757647 121.43944781 1.25  0.0 0.0
2015-07-02-16 19 23.142	  31.02757647 121.43944781 1.25  0.0 0.0
2015-07-02-16 19 23.317	  31.02760225 121.43943891 1.25  0.0 0.0
2015-07-02-16 19 23.453	  31.02760225 121.43943891 1.25  0.0 0.0
2015-07-02-16 19 23.613	  31.02760225 121.43943891 1.25  0.0 0.0
2015-07-02-16 19 23.729	  31.02760225 121.43943891 1.25  0.0 0.0
2015-07-02-16 19 23.855	  31.02760225 121.43943891 1.25  0.0 0.0
2015-07-02-16 19 23.976	  31.02760225 121.43943891 1.25  0.0 0.0
2015-07-02-16 19 24.094	  31.02760225 121.43943891 1.25  0.0 0.0
2015-07-02-16 19 24.212	  31.02760225 121.43943891 1.25  0.0 0.0
2015-07-02-16 19 24.329	  31.02760225 121.43943891 1.25  0.0 0.0
2015-07-02-16 19 24.461	  31.02760225 121.43943891 1.25  0.0 0.0
2015-07-02-16 19 24.566	  31.02760225 121.43943891 1.25  0.0 0.0
2015-07-02-16 19 24.670	  31.02760225 121.43943891 1.25  0.0 0.0
2015-07-02-16 19 24.818	  31.02760225 121.43943891 1.25  0.0 0.0
2015-07-02-16 19 24.968	  31.02760225 121.43943891 1.25  0.0 0.0
2015-07-02-16 19 25.084	  31.02760225 121.43943891 1.25  0.0 0.0
2015-07-02-16 19 25.229	  31.02760225 121.43943891 1.25  0.0 0.0
2015-07-02-16 19 25.366	  31.02762862 121.43943262 1.25  0.0 0.0
2015-07-02-16 19 25.482	  31.02762862 121.43943262 1.25  0.0 0.0
2015-07-02-16 19 25.606	  31.02762862 121.43943262 1.25  0.0 0.0
2015-07-02-16 19 25.722	  31.02762862 121.43943262 1.25  0.0 0.0
2015-07-02-16 19 25.860	  31.02762862 121.43943262 1.25  0.0 0.0
2015-07-02-16 19 26.009	  31.02762862 121.43943262 1.25  0.0 0.0
2015-07-02-16 19 26.142	  31.02762862 121.43943262 1.25  0.0 0.0
2015-07-02-16 19 26.300	  31.02762862 121.43943262 1.25  0.0 0.0
2015-07-02-16 19 26.462	  31.02762862 121.43943262 1.25  0.0 0.0
2015-07-02-16 19 26.578	  31.02762862 121.43943262 1.25  0.0 0.0
2015-07-02-16 19 26.720	  31.02762862 121.43943262 1.25  0.0 0.0
2015-07-02-16 19 26.864	  31.02762862 121.43943262 1.25  0.0 0.0
2015-07-02-16 19 27.014	  31.02762862 121.43943262 1.25  0.0 0.0
2015-07-02-16 19 27.159	  31.02762862 121.43943262 1.25  0.0 0.0
2015-07-02-16 19 27.332	  31.02765558 121.43942137 1.25  0.0 0.0
2015-07-02-16 19 27.448	  31.02765558 121.43942137 1.25  0.0 0.0
2015-07-02-16 19 27.576	  31.02765558 121.43942137 1.25  0.0 0.0
2015-07-02-16 19 27.723	  31.02765558 121.43942137 1.25  0.0 0.0
2015-07-02-16 19 27.866	  31.02765558 121.43942137 1.25  0.0 0.0
2015-07-02-16 19 28.001	  31.02765558 121.43942137 1.25  0.0 0.0
2015-07-02-16 19 28.117	  31.02765558 121.43942137 1.25  0.0 0.0
2015-07-02-16 19 28.306	  31.02765558 121.43942137 1.25  0.0 0.0
2015-07-02-16 19 28.425	  31.02765558 121.43942137 1.25  0.0 0.0
2015-07-02-16 19 28.564	  31.02765558 121.43942137 1.25  0.0 0.0
2015-07-02-16 19 28.711	  31.02765558 121.43942137 1.25  0.0 0.0
2015-07-02-16 19 28.873	  31.02765558 121.43942137 1.25  0.0 0.0
2015-07-02-16 19 28.990	  31.02765558 121.43942137 1.25  0.0 0.0
2015-07-02-16 19 29.106	  31.02765558 121.43942137 1.25  0.0 0.0
2015-07-02-16 19 29.255	  31.02768279 121.43940899 1.25  0.0 0.0
2015-07-02-16 19 29.379	  31.02768279 121.43940899 1.25  0.0 0.0
2015-07-02-16 19 29.513	  31.02768279 121.43940899 1.25  0.0 0.0
2015-07-02-16 19 29.663	  31.02768279 121.43940899 1.25  0.0 0.0
2015-07-02-16 19 29.812	  31.02768279 121.43940899 1.25  0.0 0.0
2015-07-02-16 19 29.955	  31.02768279 121.43940899 1.25  0.0 0.0
2015-07-02-16 19 30.107	  31.02768279 121.43940899 1.25  0.0 0.0
2015-07-02-16 19 30.269	  31.02768279 121.43940899 1.25  0.0 0.0
2015-07-02-16 19 30.404	  31.02768279 121.43940899 1.25  0.0 0.0
2015-07-02-16 19 30.528	  31.02768279 121.43940899 1.25  0.0 0.0
2015-07-02-16 19 30.641	  31.02768279 121.43940899 1.25  0.0 0.0
2015-07-02-16 19 30.744	  31.02768279 121.43940899 1.25  0.0 0.0
2015-07-02-16 19 30.865	  31.02768279 121.43940899 1.25  0.0 0.0
2015-07-02-16 19 31.016	  31.02768279 121.43940899 1.25  0.0 0.0
2015-07-02-16 19 31.160	  31.0277105 121.43940002 1.5  0.0 0.0
2015-07-02-16 19 31.319	  31.0277105 121.43940002 1.5  0.0 0.0
2015-07-02-16 19 31.463	  31.0277105 121.43940002 1.5  0.0 0.0
2015-07-02-16 19 31.611	  31.0277105 121.43940002 1.5  0.0 0.0
2015-07-02-16 19 31.759	  31.0277105 121.43940002 1.5  0.0 0.0
2015-07-02-16 19 31.875	  31.0277105 121.43940002 1.5  0.0 0.0
2015-07-02-16 19 32.012	  31.0277105 121.43940002 1.5  0.0 0.0
2015-07-02-16 19 32.119	  31.0277105 121.43940002 1.5  0.0 0.0
2015-07-02-16 19 32.223	  31.0277105 121.43940002 1.5  0.0 0.0
2015-07-02-16 19 32.326	  31.0277105 121.43940002 1.5  0.0 0.0
2015-07-02-16 19 32.440	  31.0277105 121.43940002 1.5  0.0 0.0
2015-07-02-16 19 32.592	  31.0277105 121.43940002 1.5  0.0 0.0
2015-07-02-16 19 32.743	  31.0277105 121.43940002 1.5  0.0 0.0
2015-07-02-16 19 32.863	  31.0277105 121.43940002 1.5  0.0 0.0
2015-07-02-16 19 33.011	  31.0277105 121.43940002 1.5  0.0 0.0
2015-07-02-16 19 33.171	  31.0277105 121.43940002 1.5  0.0 0.0
2015-07-02-16 19 33.318	  31.02773848 121.43939072 1.5  0.0 0.0
2015-07-02-16 19 33.440	  31.02773848 121.43939072 1.5  0.0 0.0
2015-07-02-16 19 33.576	  31.02773848 121.43939072 1.5  0.0 0.0
2015-07-02-16 19 33.711	  31.02773848 121.43939072 1.5  0.0 0.0
2015-07-02-16 19 33.861	  31.02773848 121.43939072 1.5  0.0 0.0
2015-07-02-16 19 34.014	  31.02773848 121.43939072 1.5  0.0 0.0
2015-07-02-16 19 34.158	  31.02773848 121.43939072 1.5  0.0 0.0
2015-07-02-16 19 34.284	  31.02773848 121.43939072 1.5  0.0 0.0
2015-07-02-16 19 34.393	  31.02773848 121.43939072 1.5  0.0 0.0
2015-07-02-16 19 34.497	  31.02773848 121.43939072 1.5  0.0 0.0
2015-07-02-16 19 34.604	  31.02773848 121.43939072 1.5  0.0 0.0
2015-07-02-16 19 34.746	  31.02773848 121.43939072 1.5  0.0 0.0
2015-07-02-16 19 34.866	  31.02773848 121.43939072 1.5  0.0 0.0
2015-07-02-16 19 35.045	  31.02773848 121.43939072 1.5  0.0 0.0
2015-07-02-16 19 35.149	  31.02773848 121.43939072 1.5  0.0 0.0
2015-07-02-16 19 35.251	  31.02776506 121.43937969 1.5  0.0 0.0
2015-07-02-16 19 35.355	  31.02776506 121.43937969 1.5  0.0 0.0
2015-07-02-16 19 35.464	  31.02776506 121.43937969 1.5  0.0 0.0
2015-07-02-16 19 35.566	  31.02776506 121.43937969 1.5  0.0 0.0
2015-07-02-16 19 35.670	  31.02776506 121.43937969 1.5  0.0 0.0
2015-07-02-16 19 35.773	  31.02776506 121.43937969 1.5  0.0 0.0
2015-07-02-16 19 35.886	  31.02776506 121.43937969 1.5  0.0 0.0
2015-07-02-16 19 35.988	  31.02776506 121.43937969 1.5  0.0 0.0
2015-07-02-16 19 36.090	  31.02776506 121.43937969 1.5  0.0 0.0
2015-07-02-16 19 36.194	  31.02776506 121.43937969 1.5  0.0 0.0
2015-07-02-16 19 36.304	  31.02776506 121.43937969 1.5  0.0 0.0
2015-07-02-16 19 36.413	  31.02776506 121.43937969 1.5  0.0 0.0
2015-07-02-16 19 36.520	  31.02776506 121.43937969 1.5  0.0 0.0
2015-07-02-16 19 36.626	  31.02776506 121.43937969 1.5  0.0 0.0
2015-07-02-16 19 36.732	  31.02776506 121.43937969 1.5  0.0 0.0
2015-07-02-16 19 36.842	  31.02776506 121.43937969 1.5  0.0 0.0
2015-07-02-16 19 36.954	  31.02776506 121.43937969 1.5  0.0 0.0
2015-07-02-16 19 37.056	  31.02776506 121.43937969 1.5  0.0 0.0
2015-07-02-16 19 37.160	  31.02776506 121.43937969 1.5  0.0 0.0
2015-07-02-16 19 37.269	  31.02778961 121.43936903 1.25  0.0 0.0
2015-07-02-16 19 37.377	  31.02778961 121.43936903 1.25  0.0 0.0
2015-07-02-16 19 37.486	  31.02778961 121.43936903 1.25  0.0 0.0
2015-07-02-16 19 37.594	  31.02778961 121.43936903 1.25  0.0 0.0
2015-07-02-16 19 37.696	  31.02778961 121.43936903 1.25  0.0 0.0
2015-07-02-16 19 37.814	  31.02778961 121.43936903 1.25  0.0 0.0
2015-07-02-16 19 37.918	  31.02778961 121.43936903 1.25  0.0 0.0
2015-07-02-16 19 38.022	  31.02778961 121.43936903 1.25  0.0 0.0
2015-07-02-16 19 38.126	  31.02778961 121.43936903 1.25  0.0 0.0
2015-07-02-16 19 38.232	  31.02778961 121.43936903 1.25  0.0 0.0
2015-07-02-16 19 38.334	  31.02778961 121.43936903 1.25  0.0 0.0
2015-07-02-16 19 38.441	  31.02778961 121.43936903 1.25  0.0 0.0
2015-07-02-16 19 38.547	  31.02778961 121.43936903 1.25  0.0 0.0
2015-07-02-16 19 38.655	  31.02778961 121.43936903 1.25  0.0 0.0
