2015-06-29-21 50 09.738	  0.0 0.0 0.0  0.0 0.0
2015-06-29-21 50 10.239	  0.0 0.0 0.0  0.0 0.0
2015-06-29-21 50 10.742	  0.0 0.0 0.0  0.0 0.0
2015-06-29-21 50 11.244	  0.0 0.0 0.0  0.0 0.0
2015-06-29-21 50 11.745	  0.0 0.0 0.0  0.0 0.0
2015-06-29-21 50 12.247	  0.0 0.0 0.0  0.0 0.0
2015-06-29-21 50 12.756	  0.0 0.0 0.0  0.0 0.0
2015-06-29-21 50 13.258	  0.0 0.0 0.0  0.0 0.0
2015-06-29-21 50 13.762	  0.0 0.0 0.0  0.0 0.0
2015-06-29-21 50 14.265	  0.0 0.0 0.0  0.0 0.0
2015-06-29-21 50 14.770	  0.0 0.0 0.0  0.0 0.0
2015-06-29-21 50 15.276	  0.0 0.0 0.0  0.0 0.0
2015-06-29-21 50 15.780	  0.0 0.0 0.0  0.0 0.0
2015-06-29-21 50 16.284	  0.0 0.0 0.0  0.0 0.0
2015-06-29-21 50 16.787	  0.0 0.0 0.0  0.0 0.0
2015-06-29-21 50 17.289	  0.0 0.0 0.0  0.0 0.0
2015-06-29-21 50 17.793	  0.0 0.0 0.0  0.0 0.0
2015-06-29-21 50 18.296	  0.0 0.0 0.0  0.0 0.0
2015-06-29-21 50 18.799	  0.0 0.0 0.0  0.0 0.0
2015-06-29-21 50 19.304	  0.0 0.0 0.0  0.0 0.0
2015-06-29-21 50 19.806	  0.0 0.0 0.0  0.0 0.0
2015-06-29-21 50 20.310	  0.0 0.0 0.0  0.0 0.0
2015-06-29-21 50 20.816	  0.0 0.0 0.0  0.0 0.0
2015-06-29-21 50 21.323	  0.0 0.0 0.0  0.0 0.0
2015-06-29-21 50 21.829	  0.0 0.0 0.0  0.0 0.0
2015-06-29-21 50 22.335	  0.0 0.0 0.0  0.0 0.0
2015-06-29-21 50 22.843	  0.0 0.0 0.0  0.0 0.0
2015-06-29-21 50 23.347	  0.0 0.0 0.0  0.0 0.0
2015-06-29-21 50 23.851	  0.0 0.0 0.0  0.0 0.0
2015-06-29-21 50 24.355	  0.0 0.0 0.0  0.0 0.0
2015-06-29-21 50 24.859	  0.0 0.0 0.0  0.0 0.0
2015-06-29-21 50 25.362	  0.0 0.0 0.0  0.0 0.0
2015-06-29-21 50 25.868	  0.0 0.0 0.0  0.0 0.0
2015-06-29-21 50 26.377	  0.0 0.0 0.0  0.0 0.0
2015-06-29-21 50 26.886	  0.0 0.0 0.0  0.0 0.0
2015-06-29-21 50 27.396	  0.0 0.0 0.0  0.0 0.0
2015-06-29-21 50 27.898	  0.0 0.0 0.0  0.0 0.0
2015-06-29-21 50 28.401	  0.0 0.0 0.0  0.0 0.0
2015-06-29-21 50 28.903	  0.0 0.0 0.0  0.0 0.0
2015-06-29-21 50 29.407	  0.0 0.0 0.0  0.0 0.0
2015-06-29-21 50 29.909	  0.0 0.0 0.0  0.0 0.0
2015-06-29-21 50 30.419	  0.0 0.0 0.0  0.0 0.0
2015-06-29-21 50 30.925	  0.0 0.0 0.0  0.0 0.0
2015-06-29-21 50 31.431	  0.0 0.0 0.0  0.0 0.0
2015-06-29-21 50 31.936	  0.0 0.0 0.0  0.0 0.0
2015-06-29-21 50 32.439	  0.0 0.0 0.0  0.0 0.0
2015-06-29-21 50 32.943	  0.0 0.0 0.0  0.0 0.0
2015-06-29-21 50 33.448	  0.0 0.0 0.0  0.0 0.0
2015-06-29-21 50 33.949	  0.0 0.0 0.0  0.0 0.0
2015-06-29-21 50 34.451	  0.0 0.0 0.0  0.0 0.0
2015-06-29-21 50 34.957	  0.0 0.0 0.0  0.0 0.0
2015-06-29-21 50 35.461	  0.0 0.0 0.0  0.0 0.0
2015-06-29-21 50 35.967	  0.0 0.0 0.0  0.0 0.0
2015-06-29-21 50 36.473	  0.0 0.0 0.0  0.0 0.0
2015-06-29-21 50 36.980	  0.0 0.0 0.0  0.0 0.0
2015-06-29-21 50 37.488	  0.0 0.0 0.0  0.0 0.0
2015-06-29-21 50 37.991	  0.0 0.0 0.0  0.0 0.0
2015-06-29-21 50 38.495	  0.0 0.0 0.0  0.0 0.0
2015-06-29-21 50 38.999	  0.0 0.0 0.0  0.0 0.0
2015-06-29-21 50 39.503	  0.0 0.0 0.0  0.0 0.0
2015-06-29-21 50 40.005	  0.0 0.0 0.0  0.0 0.0
2015-06-29-21 50 40.508	  0.0 0.0 0.0  0.0 0.0
2015-06-29-21 50 41.013	  0.0 0.0 0.0  0.0 0.0
2015-06-29-21 50 41.526	  0.0 0.0 0.0  0.0 0.0
2015-06-29-21 50 42.033	  0.0 0.0 0.0  0.0 0.0
2015-06-29-21 50 42.537	  0.0 0.0 0.0  0.0 0.0
2015-06-29-21 50 43.044	  0.0 0.0 0.0  0.0 0.0
2015-06-29-21 50 43.550	  0.0 0.0 0.0  0.0 0.0
2015-06-29-21 50 44.059	  0.0 0.0 0.0  0.0 0.0
2015-06-29-21 50 44.563	  0.0 0.0 0.0  0.0 0.0
2015-06-29-21 50 45.065	  0.0 0.0 0.0  0.0 0.0
2015-06-29-21 50 45.568	  0.0 0.0 0.0  0.0 0.0
2015-06-29-21 50 46.072	  0.0 0.0 0.0  0.0 0.0
2015-06-29-21 50 46.574	  0.0 0.0 0.0  0.0 0.0
2015-06-29-21 50 47.077	  0.0 0.0 0.0  0.0 0.0
2015-06-29-21 50 47.586	  0.0 0.0 0.0  0.0 0.0
2015-06-29-21 50 48.090	  0.0 0.0 0.0  0.0 0.0
2015-06-29-21 50 48.595	  0.0 0.0 0.0  0.0 0.0
2015-06-29-21 50 49.098	  0.0 0.0 0.0  0.0 0.0
2015-06-29-21 50 49.602	  0.0 0.0 0.0  0.0 0.0
2015-06-29-21 50 50.109	  0.0 0.0 0.0  0.0 0.0
2015-06-29-21 50 50.611	  0.0 0.0 0.0  0.0 0.0
2015-06-29-21 50 51.114	  0.0 0.0 0.0  0.0 0.0
2015-06-29-21 50 51.624	  31.02710323 121.43968263 1.25  0.0 0.0
2015-06-29-21 50 52.125	  31.02710323 121.43968263 1.25  0.0 0.0
2015-06-29-21 50 52.628	  31.02710323 121.43968263 1.25  0.0 0.0
2015-06-29-21 50 53.135	  31.02710323 121.43968263 1.25  0.0 0.0
2015-06-29-21 50 53.638	  31.02710323 121.43968263 1.25  0.0 0.0
2015-06-29-21 50 54.143	  31.02710323 121.43968263 1.25  0.0 0.0
2015-06-29-21 50 54.644	  31.02710323 121.43968263 1.25  0.0 0.0
2015-06-29-21 50 55.148	  31.02710323 121.43968263 1.25  0.0 0.0
2015-06-29-21 50 55.651	  31.02710323 121.43968263 1.25  0.0 0.0
2015-06-29-21 50 56.160	  31.02711076 121.43970247 1.25  0.0 0.0
2015-06-29-21 50 56.661	  31.02711076 121.43970247 1.25  0.0 0.0
2015-06-29-21 50 57.166	  31.02712614 121.4396861 1.25  0.0 0.0
2015-06-29-21 50 57.668	  31.02712614 121.4396861 1.25  0.0 0.0
2015-06-29-21 50 58.176	  31.02712614 121.4396861 1.25  0.0 0.0
2015-06-29-21 50 58.680	  31.02712614 121.4396861 1.25  0.0 0.0
2015-06-29-21 50 59.186	  31.02714662 121.43966715 1.25  0.0 0.0
2015-06-29-21 50 59.688	  31.02714662 121.43966715 1.25  0.0 0.0
2015-06-29-21 51 00.190	  31.02714662 121.43966715 1.25  0.0 0.0
2015-06-29-21 51 00.693	  31.02714662 121.43966715 1.25  0.0 0.0
2015-06-29-21 51 01.196	  31.02714662 121.43966715 1.25  0.0 0.0
2015-06-29-21 51 01.698	  31.02717023 121.43965839 1.25  0.0 0.0
2015-06-29-21 51 02.201	  31.02717023 121.43965839 1.25  0.0 0.0
2015-06-29-21 51 02.704	  31.02717023 121.43965839 1.25  0.0 0.0
2015-06-29-21 51 03.209	  31.0271903 121.43964251 1.25  0.0 0.0
2015-06-29-21 51 03.716	  31.0271903 121.43964251 1.25  0.0 0.0
2015-06-29-21 51 04.218	  31.0271903 121.43964251 1.25  0.0 0.0
2015-06-29-21 51 04.720	  31.0271903 121.43964251 1.25  0.0 0.0
2015-06-29-21 51 05.224	  31.0271903 121.43964251 1.25  0.0 0.0
2015-06-29-21 51 05.728	  31.0272091 121.43963266 1.25  0.0 0.0
2015-06-29-21 51 06.229	  31.0272091 121.43963266 1.25  0.0 0.0
2015-06-29-21 51 06.734	  31.0272091 121.43963266 1.25  0.0 0.0
2015-06-29-21 51 07.240	  31.02722796 121.43962569 1.25  0.0 0.0
2015-06-29-21 51 07.744	  31.02722796 121.43962569 1.25  0.0 0.0
2015-06-29-21 51 08.255	  31.02722796 121.43962569 1.25  0.0 0.0
2015-06-29-21 51 08.760	  31.02722796 121.43962569 1.25  0.0 0.0
2015-06-29-21 51 09.269	  31.02724754 121.43961612 1.25  0.0 0.0
2015-06-29-21 51 09.777	  31.02724754 121.43961612 1.25  0.0 0.0
2015-06-29-21 51 10.297	  31.02724754 121.43961612 1.25  0.0 0.0
2015-06-29-21 51 10.799	  31.02724754 121.43961612 1.25  0.0 0.0
2015-06-29-21 51 11.306	  31.02726766 121.43960536 1.25  0.0 0.0
2015-06-29-21 51 11.815	  31.02726766 121.43960536 1.25  0.0 0.0
2015-06-29-21 51 12.320	  31.02726766 121.43960536 1.25  0.0 0.0
2015-06-29-21 51 12.830	  31.02726766 121.43960536 1.25  0.0 0.0
2015-06-29-21 51 13.335	  31.02728822 121.43959484 1.25  0.0 0.0
2015-06-29-21 51 13.842	  31.02728822 121.43959484 1.25  0.0 0.0
2015-06-29-21 51 14.344	  31.02728822 121.43959484 1.25  0.0 0.0
2015-06-29-21 51 14.872	  31.02728822 121.43959484 1.25  0.0 0.0
2015-06-29-21 51 15.377	  31.02730829 121.43958598 1.25  0.0 0.0
2015-06-29-21 51 15.879	  31.02730829 121.43958598 1.25  0.0 0.0
2015-06-29-21 51 16.384	  31.02730829 121.43958598 1.25  0.0 0.0
2015-06-29-21 51 16.895	  31.02732858 121.43957709 1.25  0.0 0.0
2015-06-29-21 51 17.402	  31.02732858 121.43957709 1.25  0.0 0.0
2015-06-29-21 51 17.904	  31.02732858 121.43957709 1.25  0.0 0.0
2015-06-29-21 51 18.409	  31.02732858 121.43957709 1.25  0.0 0.0
2015-06-29-21 51 18.915	  31.0273459 121.43956251 1.25  0.0 0.0
2015-06-29-21 51 19.422	  31.0273459 121.43956251 1.25  0.0 0.0
2015-06-29-21 51 19.927	  31.0273459 121.43956251 1.25  0.0 0.0
2015-06-29-21 51 20.436	  31.0273459 121.43956251 1.25  0.0 0.0
2015-06-29-21 51 20.941	  31.0273459 121.43956251 1.25  0.0 0.0
2015-06-29-21 51 21.445	  31.0273646 121.43954893 1.25  0.0 0.0
2015-06-29-21 51 21.954	  31.0273646 121.43954893 1.25  0.0 0.0
2015-06-29-21 51 22.459	  31.0273646 121.43954893 1.25  0.0 0.0
2015-06-29-21 51 22.977	  31.02738469 121.43953725 1.25  0.0 0.0
2015-06-29-21 51 23.480	  31.02738469 121.43953725 1.25  0.0 0.0
2015-06-29-21 51 23.989	  31.02738469 121.43953725 1.25  0.0 0.0
2015-06-29-21 51 24.490	  31.02738469 121.43953725 1.25  0.0 0.0
2015-06-29-21 51 25.006	  31.02740369 121.43952905 1.25  0.0 0.0
2015-06-29-21 51 25.507	  31.02740369 121.43952905 1.25  0.0 0.0
2015-06-29-21 51 26.037	  31.02740369 121.43952905 1.25  0.0 0.0
2015-06-29-21 51 26.539	  31.02740369 121.43952905 1.25  0.0 0.0
2015-06-29-21 51 27.043	  31.02740369 121.43952905 1.25  0.0 0.0
2015-06-29-21 51 27.546	  31.02740369 121.43952905 1.25  0.0 0.0
2015-06-29-21 51 28.052	  31.02740369 121.43952905 1.25  0.0 0.0
2015-06-29-21 51 28.555	  31.02740369 121.43952905 1.25  0.0 0.0
2015-06-29-21 51 29.061	  31.02740369 121.43952905 1.25  0.0 0.0
2015-06-29-21 51 29.563	  31.02740369 121.43952905 1.25  0.0 0.0
2015-06-29-21 51 30.068	  31.02743243 121.43951645 1.0  0.0 0.0
2015-06-29-21 51 30.570	  31.02743243 121.43951645 1.0  0.0 0.0
2015-06-29-21 51 31.076	  31.02743243 121.43951645 1.0  0.0 0.0
2015-06-29-21 51 31.579	  31.02743243 121.43951645 1.0  0.0 0.0
2015-06-29-21 51 32.090	  31.0274646 121.43950753 1.5  0.0 0.0
2015-06-29-21 51 32.593	  31.0274646 121.43950753 1.5  0.0 0.0
2015-06-29-21 51 33.103	  31.0274646 121.43950753 1.5  0.0 0.0
2015-06-29-21 51 33.610	  31.0274646 121.43950753 1.5  0.0 0.0
2015-06-29-21 51 34.121	  31.02749189 121.43949121 1.5  0.0 0.0
2015-06-29-21 51 34.628	  31.02749189 121.43949121 1.5  0.0 0.0
2015-06-29-21 51 35.136	  31.02749189 121.43949121 1.5  0.0 0.0
2015-06-29-21 51 35.642	  31.02749189 121.43949121 1.5  0.0 0.0
2015-06-29-21 51 36.152	  31.02749189 121.43949121 1.5  0.0 0.0
2015-06-29-21 51 36.657	  31.02751735 121.4394818 1.5  0.0 0.0
2015-06-29-21 51 37.168	  31.02751735 121.4394818 1.5  0.0 0.0
2015-06-29-21 51 37.673	  31.02751735 121.4394818 1.5  0.0 0.0
2015-06-29-21 51 38.185	  31.02754963 121.43947428 1.5  0.0 0.0
2015-06-29-21 51 38.686	  31.02754963 121.43947428 1.5  0.0 0.0
2015-06-29-21 51 39.193	  31.02754963 121.43947428 1.5  0.0 0.0
2015-06-29-21 51 39.700	  31.02754963 121.43947428 1.5  0.0 0.0
2015-06-29-21 51 40.207	  31.027574949999998 121.43946581 1.5  0.0 0.0
2015-06-29-21 51 40.711	  31.027574949999998 121.43946581 1.5  0.0 0.0
2015-06-29-21 51 41.213	  31.027574949999998 121.43946581 1.5  0.0 0.0
2015-06-29-21 51 41.719	  31.027574949999998 121.43946581 1.5  0.0 0.0
2015-06-29-21 51 42.222	  31.02759319 121.4394521 1.5  0.0 0.0
2015-06-29-21 51 42.730	  31.02759319 121.4394521 1.5  0.0 0.0
2015-06-29-21 51 43.236	  31.02759319 121.4394521 1.5  0.0 0.0
2015-06-29-21 51 43.741	  31.02759319 121.4394521 1.5  0.0 0.0
2015-06-29-21 51 44.245	  31.02761271 121.43944078 1.25  0.0 0.0
2015-06-29-21 51 44.753	  31.02761271 121.43944078 1.25  0.0 0.0
2015-06-29-21 51 45.259	  31.02761271 121.43944078 1.25  0.0 0.0
2015-06-29-21 51 45.768	  31.02761271 121.43944078 1.25  0.0 0.0
2015-06-29-21 51 46.270	  31.02763368 121.43943052 1.25  0.0 0.0
2015-06-29-21 51 46.772	  31.02763368 121.43943052 1.25  0.0 0.0
2015-06-29-21 51 47.276	  31.02763368 121.43943052 1.25  0.0 0.0
2015-06-29-21 51 47.782	  31.02763368 121.43943052 1.25  0.0 0.0
2015-06-29-21 51 48.283	  31.02765371 121.43941769 1.25  0.0 0.0
2015-06-29-21 51 48.789	  31.02765371 121.43941769 1.25  0.0 0.0
2015-06-29-21 51 49.294	  31.02765371 121.43941769 1.25  0.0 0.0
2015-06-29-21 51 49.796	  31.02765371 121.43941769 1.25  0.0 0.0
2015-06-29-21 51 50.304	  31.02767732 121.43940542 1.25  0.0 0.0
2015-06-29-21 51 50.810	  31.02767732 121.43940542 1.25  0.0 0.0
2015-06-29-21 51 51.350	  31.02767732 121.43940542 1.25  0.0 0.0
2015-06-29-21 51 51.857	  31.02767732 121.43940542 1.25  0.0 0.0
2015-06-29-21 51 52.363	  31.02770196 121.43939336 1.25  0.0 0.0
2015-06-29-21 51 52.869	  31.02770196 121.43939336 1.25  0.0 0.0
2015-06-29-21 51 53.373	  31.02770196 121.43939336 1.25  0.0 0.0
2015-06-29-21 51 53.879	  31.02770196 121.43939336 1.25  0.0 0.0
2015-06-29-21 51 54.386	  31.02772598 121.43938297 1.25  0.0 0.0
2015-06-29-21 51 54.890	  31.02772598 121.43938297 1.25  0.0 0.0
2015-06-29-21 51 55.403	  31.02772598 121.43938297 1.25  0.0 0.0
2015-06-29-21 51 55.905	  31.02772598 121.43938297 1.25  0.0 0.0
2015-06-29-21 51 56.445	  31.02774882 121.4393719 1.25  0.0 0.0
2015-06-29-21 51 56.949	  31.02774882 121.4393719 1.25  0.0 0.0
2015-06-29-21 51 57.452	  31.02774882 121.4393719 1.25  0.0 0.0
