2015-07-01-15 53 24.121	  0.0 0.0 0.0  0.0 0.0
2015-07-01-15 53 24.223	  0.0 0.0 0.0  0.0 0.0
2015-07-01-15 53 24.324	  0.0 0.0 0.0  0.0 0.0
2015-07-01-15 53 24.427	  0.0 0.0 0.0  0.0 0.0
2015-07-01-15 53 24.528	  0.0 0.0 0.0  0.0 0.0
2015-07-01-15 53 24.630	  0.0 0.0 0.0  0.0 0.0
2015-07-01-15 53 24.732	  0.0 0.0 0.0  0.0 0.0
2015-07-01-15 53 24.834	  0.0 0.0 0.0  0.0 0.0
2015-07-01-15 53 24.936	  0.0 0.0 0.0  0.0 0.0
2015-07-01-15 53 25.038	  0.0 0.0 0.0  0.0 0.0
2015-07-01-15 53 25.141	  0.0 0.0 0.0  0.0 0.0
2015-07-01-15 53 25.242	  0.0 0.0 0.0  0.0 0.0
2015-07-01-15 53 25.344	  0.0 0.0 0.0  0.0 0.0
2015-07-01-15 53 25.445	  0.0 0.0 0.0  0.0 0.0
2015-07-01-15 53 25.547	  0.0 0.0 0.0  0.0 0.0
2015-07-01-15 53 25.650	  0.0 0.0 0.0  0.0 0.0
2015-07-01-15 53 25.751	  0.0 0.0 0.0  0.0 0.0
2015-07-01-15 53 25.853	  0.0 0.0 0.0  0.0 0.0
2015-07-01-15 53 25.955	  0.0 0.0 0.0  0.0 0.0
2015-07-01-15 53 26.057	  0.0 0.0 0.0  0.0 0.0
2015-07-01-15 53 26.159	  0.0 0.0 0.0  0.0 0.0
2015-07-01-15 53 26.262	  0.0 0.0 0.0  0.0 0.0
2015-07-01-15 53 26.363	  0.0 0.0 0.0  0.0 0.0
2015-07-01-15 53 26.466	  0.0 0.0 0.0  0.0 0.0
2015-07-01-15 53 26.569	  31.0264938 121.43991749999999 1.5  0.0 0.0
2015-07-01-15 53 26.674	  31.0264938 121.43991749999999 1.5  0.0 0.0
2015-07-01-15 53 26.777	  31.0264938 121.43991749999999 1.5  0.0 0.0
2015-07-01-15 53 26.879	  31.0264938 121.43991749999999 1.5  0.0 0.0
2015-07-01-15 53 26.981	  31.0264938 121.43991749999999 1.5  0.0 0.0
2015-07-01-15 53 27.082	  31.0264938 121.43991749999999 1.5  0.0 0.0
2015-07-01-15 53 27.190	  31.0264938 121.43991749999999 1.5  0.0 0.0
2015-07-01-15 53 27.292	  31.0264938 121.43991749999999 1.5  0.0 0.0
2015-07-01-15 53 27.394	  31.0264938 121.43991749999999 1.5  0.0 0.0
2015-07-01-15 53 27.497	  31.0264938 121.43991749999999 1.5  0.0 0.0
2015-07-01-15 53 27.600	  31.0264938 121.43991749999999 1.5  0.0 0.0
2015-07-01-15 53 27.705	  31.0264938 121.43991749999999 1.5  0.0 0.0
2015-07-01-15 53 27.808	  31.0264938 121.43991749999999 1.5  0.0 0.0
2015-07-01-15 53 27.912	  31.0264938 121.43991749999999 1.5  0.0 0.0
2015-07-01-15 53 28.014	  31.0264938 121.43991749999999 1.5  0.0 0.0
2015-07-01-15 53 28.116	  31.02652445 121.43990738 1.5  0.0 0.0
2015-07-01-15 53 28.221	  31.02652445 121.43990738 1.5  0.0 0.0
2015-07-01-15 53 28.325	  31.02652445 121.43990738 1.5  0.0 0.0
2015-07-01-15 53 28.429	  31.02652445 121.43990738 1.5  0.0 0.0
2015-07-01-15 53 28.543	  31.02652445 121.43990738 1.5  0.0 0.0
2015-07-01-15 53 28.647	  31.02652445 121.43990738 1.5  0.0 0.0
2015-07-01-15 53 28.751	  31.02652445 121.43990738 1.5  0.0 0.0
2015-07-01-15 53 28.856	  31.02652445 121.43990738 1.5  0.0 0.0
2015-07-01-15 53 28.961	  31.02652445 121.43990738 1.5  0.0 0.0
2015-07-01-15 53 29.066	  31.02652445 121.43990738 1.5  0.0 0.0
2015-07-01-15 53 29.167	  31.02652445 121.43990738 1.5  0.0 0.0
2015-07-01-15 53 29.268	  31.02652445 121.43990738 1.5  0.0 0.0
2015-07-01-15 53 29.370	  31.02652445 121.43990738 1.5  0.0 0.0
2015-07-01-15 53 29.476	  31.02652445 121.43990738 1.5  0.0 0.0
2015-07-01-15 53 29.579	  31.02652445 121.43990738 1.5  0.0 0.0
2015-07-01-15 53 29.682	  31.026583 121.43988929 1.5  0.0 0.0
2015-07-01-15 53 29.787	  31.026583 121.43988929 1.5  0.0 0.0
2015-07-01-15 53 29.890	  31.026583 121.43988929 1.5  0.0 0.0
2015-07-01-15 53 29.998	  31.026583 121.43988929 1.5  0.0 0.0
2015-07-01-15 53 30.104	  31.026583 121.43988929 1.5  0.0 0.0
2015-07-01-15 53 30.206	  31.026583 121.43988929 1.5  0.0 0.0
2015-07-01-15 53 30.310	  31.026583 121.43988929 1.5  0.0 0.0
2015-07-01-15 53 30.414	  31.026583 121.43988929 1.5  0.0 0.0
2015-07-01-15 53 30.520	  31.026583 121.43988929 1.5  0.0 0.0
2015-07-01-15 53 30.624	  31.02660669 121.43987797 1.5  0.0 0.0
2015-07-01-15 53 30.732	  31.02660669 121.43987797 1.5  0.0 0.0
2015-07-01-15 53 30.834	  31.02660669 121.43987797 1.5  0.0 0.0
2015-07-01-15 53 30.936	  31.02660669 121.43987797 1.5  0.0 0.0
2015-07-01-15 53 31.037	  31.02660669 121.43987797 1.5  0.0 0.0
2015-07-01-15 53 31.140	  31.02660669 121.43987797 1.5  0.0 0.0
2015-07-01-15 53 31.243	  31.02660669 121.43987797 1.5  0.0 0.0
2015-07-01-15 53 31.353	  31.02660669 121.43987797 1.5  0.0 0.0
2015-07-01-15 53 31.456	  31.02660669 121.43987797 1.5  0.0 0.0
2015-07-01-15 53 31.558	  31.02660669 121.43987797 1.5  0.0 0.0
2015-07-01-15 53 31.660	  31.02662627 121.43986665 1.5  0.0 0.0
2015-07-01-15 53 31.763	  31.02662627 121.43986665 1.5  0.0 0.0
2015-07-01-15 53 31.867	  31.02662627 121.43986665 1.5  0.0 0.0
2015-07-01-15 53 31.970	  31.02662627 121.43986665 1.5  0.0 0.0
2015-07-01-15 53 32.083	  31.02662627 121.43986665 1.5  0.0 0.0
2015-07-01-15 53 32.186	  31.02662627 121.43986665 1.5  0.0 0.0
2015-07-01-15 53 32.289	  31.02662627 121.43986665 1.5  0.0 0.0
2015-07-01-15 53 32.392	  31.02662627 121.43986665 1.5  0.0 0.0
2015-07-01-15 53 32.499	  31.02662627 121.43986665 1.5  0.0 0.0
2015-07-01-15 53 32.603	  31.02664368 121.43985594 1.5  0.0 0.0
2015-07-01-15 53 32.708	  31.02664368 121.43985594 1.5  0.0 0.0
2015-07-01-15 53 32.810	  31.02664368 121.43985594 1.5  0.0 0.0
2015-07-01-15 53 32.913	  31.02664368 121.43985594 1.5  0.0 0.0
2015-07-01-15 53 33.017	  31.02664368 121.43985594 1.5  0.0 0.0
2015-07-01-15 53 33.125	  31.02664368 121.43985594 1.5  0.0 0.0
2015-07-01-15 53 33.235	  31.02664368 121.43985594 1.5  0.0 0.0
2015-07-01-15 53 33.339	  31.02664368 121.43985594 1.5  0.0 0.0
2015-07-01-15 53 33.440	  31.02664368 121.43985594 1.5  0.0 0.0
2015-07-01-15 53 33.542	  31.02664368 121.43985594 1.5  0.0 0.0
2015-07-01-15 53 33.644	  31.02666103 121.43984652 1.5  0.0 0.0
2015-07-01-15 53 33.754	  31.02666103 121.43984652 1.5  0.0 0.0
2015-07-01-15 53 33.855	  31.02666103 121.43984652 1.5  0.0 0.0
2015-07-01-15 53 33.956	  31.02666103 121.43984652 1.5  0.0 0.0
2015-07-01-15 53 34.058	  31.02666103 121.43984652 1.5  0.0 0.0
2015-07-01-15 53 34.164	  31.02666103 121.43984652 1.5  0.0 0.0
2015-07-01-15 53 34.267	  31.02666103 121.43984652 1.5  0.0 0.0
2015-07-01-15 53 34.369	  31.02666103 121.43984652 1.5  0.0 0.0
2015-07-01-15 53 34.471	  31.02666103 121.43984652 1.5  0.0 0.0
2015-07-01-15 53 34.576	  31.02666103 121.43984652 1.5  0.0 0.0
2015-07-01-15 53 34.688	  31.02666103 121.43984652 1.5  0.0 0.0
2015-07-01-15 53 34.789	  31.02666103 121.43984652 1.5  0.0 0.0
2015-07-01-15 53 34.890	  31.02666103 121.43984652 1.5  0.0 0.0
2015-07-01-15 53 34.993	  31.02666103 121.43984652 1.5  0.0 0.0
2015-07-01-15 53 35.100	  31.02666103 121.43984652 1.5  0.0 0.0
2015-07-01-15 53 35.206	  31.02666103 121.43984652 1.5  0.0 0.0
2015-07-01-15 53 35.316	  31.02666103 121.43984652 1.5  0.0 0.0
2015-07-01-15 53 35.418	  31.02666103 121.43984652 1.5  0.0 0.0
2015-07-01-15 53 35.520	  31.02666103 121.43984652 1.5  0.0 0.0
2015-07-01-15 53 35.621	  31.02669192 121.43982729 1.5  0.0 0.0
2015-07-01-15 53 35.725	  31.02669192 121.43982729 1.5  0.0 0.0
2015-07-01-15 53 35.833	  31.02669192 121.43982729 1.5  0.0 0.0
2015-07-01-15 53 35.936	  31.02669192 121.43982729 1.5  0.0 0.0
2015-07-01-15 53 36.041	  31.02669192 121.43982729 1.5  0.0 0.0
2015-07-01-15 53 36.145	  31.02669192 121.43982729 1.5  0.0 0.0
2015-07-01-15 53 36.251	  31.02669192 121.43982729 1.5  0.0 0.0
2015-07-01-15 53 36.367	  31.02669192 121.43982729 1.5  0.0 0.0
2015-07-01-15 53 36.468	  31.02669192 121.43982729 1.5  0.0 0.0
2015-07-01-15 53 36.571	  31.02669192 121.43982729 1.5  0.0 0.0
2015-07-01-15 53 36.676	  31.02669192 121.43982729 1.5  0.0 0.0
2015-07-01-15 53 36.783	  31.02669192 121.43982729 1.5  0.0 0.0
2015-07-01-15 53 36.894	  31.02669192 121.43982729 1.5  0.0 0.0
2015-07-01-15 53 36.995	  31.02669192 121.43982729 1.5  0.0 0.0
2015-07-01-15 53 37.096	  31.02669192 121.43982729 1.5  0.0 0.0
2015-07-01-15 53 37.198	  31.02669192 121.43982729 1.5  0.0 0.0
2015-07-01-15 53 37.300	  31.02669192 121.43982729 1.5  0.0 0.0
2015-07-01-15 53 37.409	  31.02669192 121.43982729 1.5  0.0 0.0
2015-07-01-15 53 37.511	  31.02669192 121.43982729 1.5  0.0 0.0
2015-07-01-15 53 37.613	  31.02672051 121.43981067 1.5  0.0 0.0
2015-07-01-15 53 37.717	  31.02672051 121.43981067 1.5  0.0 0.0
2015-07-01-15 53 37.824	  31.02672051 121.43981067 1.5  0.0 0.0
2015-07-01-15 53 37.929	  31.02672051 121.43981067 1.5  0.0 0.0
2015-07-01-15 53 38.033	  31.02672051 121.43981067 1.5  0.0 0.0
2015-07-01-15 53 38.138	  31.02672051 121.43981067 1.5  0.0 0.0
2015-07-01-15 53 38.242	  31.02672051 121.43981067 1.5  0.0 0.0
2015-07-01-15 53 38.348	  31.02672051 121.43981067 1.5  0.0 0.0
2015-07-01-15 53 38.453	  31.02672051 121.43981067 1.5  0.0 0.0
2015-07-01-15 53 38.555	  31.02672051 121.43981067 1.5  0.0 0.0
2015-07-01-15 53 38.660	  31.02672051 121.43981067 1.5  0.0 0.0
2015-07-01-15 53 38.762	  31.02672051 121.43981067 1.5  0.0 0.0
2015-07-01-15 53 38.863	  31.02672051 121.43981067 1.5  0.0 0.0
2015-07-01-15 53 38.965	  31.02672051 121.43981067 1.5  0.0 0.0
2015-07-01-15 53 39.069	  31.02672051 121.43981067 1.5  0.0 0.0
2015-07-01-15 53 39.175	  31.02672051 121.43981067 1.5  0.0 0.0
2015-07-01-15 53 39.288	  31.02672051 121.43981067 1.5  0.0 0.0
2015-07-01-15 53 39.390	  31.02672051 121.43981067 1.5  0.0 0.0
2015-07-01-15 53 39.493	  31.02672051 121.43981067 1.5  0.0 0.0
2015-07-01-15 53 39.596	  31.02672051 121.43981067 1.5  0.0 0.0
2015-07-01-15 53 39.698	  31.02674817 121.43979391 1.5  0.0 0.0
2015-07-01-15 53 39.828	  31.02674817 121.43979391 1.5  0.0 0.0
2015-07-01-15 53 39.932	  31.02674817 121.43979391 1.5  0.0 0.0
2015-07-01-15 53 40.036	  31.02674817 121.43979391 1.5  0.0 0.0
2015-07-01-15 53 40.145	  31.02674817 121.43979391 1.5  0.0 0.0
2015-07-01-15 53 40.256	  31.02674817 121.43979391 1.5  0.0 0.0
2015-07-01-15 53 40.360	  31.02674817 121.43979391 1.5  0.0 0.0
2015-07-01-15 53 40.463	  31.02674817 121.43979391 1.5  0.0 0.0
2015-07-01-15 53 40.566	  31.02674817 121.43979391 1.5  0.0 0.0
2015-07-01-15 53 40.679	  31.02674817 121.43979391 1.5  0.0 0.0
2015-07-01-15 53 40.780	  31.02674817 121.43979391 1.5  0.0 0.0
2015-07-01-15 53 40.882	  31.02674817 121.43979391 1.5  0.0 0.0
2015-07-01-15 53 40.984	  31.02674817 121.43979391 1.5  0.0 0.0
2015-07-01-15 53 41.102	  31.02674817 121.43979391 1.5  0.0 0.0
2015-07-01-15 53 41.203	  31.02674817 121.43979391 1.5  0.0 0.0
2015-07-01-15 53 41.304	  31.02674817 121.43979391 1.5  0.0 0.0
2015-07-01-15 53 41.406	  31.02674817 121.43979391 1.5  0.0 0.0
2015-07-01-15 53 41.516	  31.02674817 121.43979391 1.5  0.0 0.0
2015-07-01-15 53 41.619	  31.02674817 121.43979391 1.5  0.0 0.0
2015-07-01-15 53 41.721	  31.02674817 121.43979391 1.5  0.0 0.0
2015-07-01-15 53 41.823	  31.02674817 121.43979391 1.5  0.0 0.0
2015-07-01-15 53 41.929	  31.02674817 121.43979391 1.5  0.0 0.0
2015-07-01-15 53 42.031	  31.02674817 121.43979391 1.5  0.0 0.0
2015-07-01-15 53 42.133	  31.02674817 121.43979391 1.5  0.0 0.0
2015-07-01-15 53 42.240	  31.02677663 121.43978087 1.5  0.0 0.0
2015-07-01-15 53 42.359	  31.02677663 121.43978087 1.5  0.0 0.0
2015-07-01-15 53 42.461	  31.02677663 121.43978087 1.5  0.0 0.0
2015-07-01-15 53 42.562	  31.02677663 121.43978087 1.5  0.0 0.0
2015-07-01-15 53 42.666	  31.02677663 121.43978087 1.5  0.0 0.0
2015-07-01-15 53 42.789	  31.02677663 121.43978087 1.5  0.0 0.0
2015-07-01-15 53 42.891	  31.02677663 121.43978087 1.5  0.0 0.0
2015-07-01-15 53 42.996	  31.02677663 121.43978087 1.5  0.0 0.0
2015-07-01-15 53 43.106	  31.02677663 121.43978087 1.5  0.0 0.0
2015-07-01-15 53 43.207	  31.02677663 121.43978087 1.5  0.0 0.0
2015-07-01-15 53 43.308	  31.02677663 121.43978087 1.5  0.0 0.0
2015-07-01-15 53 43.412	  31.02677663 121.43978087 1.5  0.0 0.0
2015-07-01-15 53 43.577	  31.02677663 121.43978087 1.5  0.0 0.0
2015-07-01-15 53 43.679	  31.02677663 121.43978087 1.5  0.0 0.0
2015-07-01-15 53 43.782	  31.02680388 121.4397682 1.5  0.0 0.0
2015-07-01-15 53 43.922	  31.02680388 121.4397682 1.5  0.0 0.0
2015-07-01-15 53 44.025	  31.02680388 121.4397682 1.5  0.0 0.0
2015-07-01-15 53 44.128	  31.02680388 121.4397682 1.5  0.0 0.0
2015-07-01-15 53 44.270	  31.02680388 121.4397682 1.5  0.0 0.0
2015-07-01-15 53 44.376	  31.02680388 121.4397682 1.5  0.0 0.0
2015-07-01-15 53 44.482	  31.02680388 121.4397682 1.5  0.0 0.0
2015-07-01-15 53 44.660	  31.02680388 121.4397682 1.5  0.0 0.0
2015-07-01-15 53 44.805	  31.02680388 121.4397682 1.5  0.0 0.0
2015-07-01-15 53 44.908	  31.02680388 121.4397682 1.5  0.0 0.0
2015-07-01-15 53 45.085	  31.02680388 121.4397682 1.5  0.0 0.0
2015-07-01-15 53 45.188	  31.02680388 121.4397682 1.5  0.0 0.0
2015-07-01-15 53 45.290	  31.02680388 121.4397682 1.5  0.0 0.0
2015-07-01-15 53 45.400	  31.02680388 121.4397682 1.5  0.0 0.0
2015-07-01-15 53 45.502	  31.02680388 121.4397682 1.5  0.0 0.0
2015-07-01-15 53 45.605	  31.02680388 121.4397682 1.5  0.0 0.0
2015-07-01-15 53 45.708	  31.0268305 121.43975785 1.5  0.0 0.0
2015-07-01-15 53 45.813	  31.0268305 121.43975785 1.5  0.0 0.0
2015-07-01-15 53 45.915	  31.0268305 121.43975785 1.5  0.0 0.0
2015-07-01-15 53 46.016	  31.0268305 121.43975785 1.5  0.0 0.0
2015-07-01-15 53 46.118	  31.0268305 121.43975785 1.5  0.0 0.0
2015-07-01-15 53 46.222	  31.0268305 121.43975785 1.5  0.0 0.0
2015-07-01-15 53 46.324	  31.0268305 121.43975785 1.5  0.0 0.0
2015-07-01-15 53 46.426	  31.0268305 121.43975785 1.5  0.0 0.0
2015-07-01-15 53 46.531	  31.0268305 121.43975785 1.5  0.0 0.0
2015-07-01-15 53 46.634	  31.0268305 121.43975785 1.5  0.0 0.0
2015-07-01-15 53 46.736	  31.0268305 121.43975785 1.5  0.0 0.0
2015-07-01-15 53 46.839	  31.0268305 121.43975785 1.5  0.0 0.0
2015-07-01-15 53 46.943	  31.0268305 121.43975785 1.5  0.0 0.0
2015-07-01-15 53 47.046	  31.0268305 121.43975785 1.5  0.0 0.0
2015-07-01-15 53 47.149	  31.0268305 121.43975785 1.5  0.0 0.0
2015-07-01-15 53 47.261	  31.0268305 121.43975785 1.5  0.0 0.0
2015-07-01-15 53 47.362	  31.0268305 121.43975785 1.5  0.0 0.0
2015-07-01-15 53 47.464	  31.0268305 121.43975785 1.5  0.0 0.0
2015-07-01-15 53 47.566	  31.0268305 121.43975785 1.5  0.0 0.0
2015-07-01-15 53 47.668	  31.02685765 121.43974797 1.5  0.0 0.0
2015-07-01-15 53 47.770	  31.02685765 121.43974797 1.5  0.0 0.0
2015-07-01-15 53 47.875	  31.02685765 121.43974797 1.5  0.0 0.0
2015-07-01-15 53 47.977	  31.02685765 121.43974797 1.5  0.0 0.0
2015-07-01-15 53 48.078	  31.02685765 121.43974797 1.5  0.0 0.0
2015-07-01-15 53 48.179	  31.02685765 121.43974797 1.5  0.0 0.0
2015-07-01-15 53 48.281	  31.02685765 121.43974797 1.5  0.0 0.0
2015-07-01-15 53 48.383	  31.02685765 121.43974797 1.5  0.0 0.0
2015-07-01-15 53 48.487	  31.02685765 121.43974797 1.5  0.0 0.0
2015-07-01-15 53 48.592	  31.02685765 121.43974797 1.5  0.0 0.0
2015-07-01-15 53 48.697	  31.02685765 121.43974797 1.5  0.0 0.0
2015-07-01-15 53 48.802	  31.02685765 121.43974797 1.5  0.0 0.0
2015-07-01-15 53 48.905	  31.02685765 121.43974797 1.5  0.0 0.0
2015-07-01-15 53 49.009	  31.02685765 121.43974797 1.5  0.0 0.0
2015-07-01-15 53 49.115	  31.02685765 121.43974797 1.5  0.0 0.0
2015-07-01-15 53 49.217	  31.02685765 121.43974797 1.5  0.0 0.0
2015-07-01-15 53 49.318	  31.02685765 121.43974797 1.5  0.0 0.0
2015-07-01-15 53 49.420	  31.02685765 121.43974797 1.5  0.0 0.0
2015-07-01-15 53 49.522	  31.02685765 121.43974797 1.5  0.0 0.0
2015-07-01-15 53 49.626	  31.02685765 121.43974797 1.5  0.0 0.0
2015-07-01-15 53 49.732	  31.02685765 121.43974797 1.5  0.0 0.0
2015-07-01-15 53 49.834	  31.02685765 121.43974797 1.5  0.0 0.0
2015-07-01-15 53 49.936	  31.02685765 121.43974797 1.5  0.0 0.0
2015-07-01-15 53 50.093	  31.02685765 121.43974797 1.5  0.0 0.0
2015-07-01-15 53 50.205	  31.0268851 121.43973853 1.5  0.0 0.0
2015-07-01-15 53 50.309	  31.0268851 121.43973853 1.5  0.0 0.0
2015-07-01-15 53 50.444	  31.0268851 121.43973853 1.5  0.0 0.0
2015-07-01-15 53 50.549	  31.0268851 121.43973853 1.5  0.0 0.0
2015-07-01-15 53 50.656	  31.0268851 121.43973853 1.5  0.0 0.0
2015-07-01-15 53 50.812	  31.0268851 121.43973853 1.5  0.0 0.0
2015-07-01-15 53 50.914	  31.0268851 121.43973853 1.5  0.0 0.0
2015-07-01-15 53 51.016	  31.0268851 121.43973853 1.5  0.0 0.0
2015-07-01-15 53 51.122	  31.0268851 121.43973853 1.5  0.0 0.0
2015-07-01-15 53 51.223	  31.0268851 121.43973853 1.5  0.0 0.0
2015-07-01-15 53 51.325	  31.0268851 121.43973853 1.5  0.0 0.0
2015-07-01-15 53 51.436	  31.0268851 121.43973853 1.5  0.0 0.0
2015-07-01-15 53 51.538	  31.0268851 121.43973853 1.5  0.0 0.0
2015-07-01-15 53 51.639	  31.0268851 121.43973853 1.5  0.0 0.0
2015-07-01-15 53 51.747	  31.0268851 121.43973853 1.5  0.0 0.0
2015-07-01-15 53 51.851	  31.02691243 121.43973083 1.5  0.0 0.0
2015-07-01-15 53 51.953	  31.02691243 121.43973083 1.5  0.0 0.0
2015-07-01-15 53 52.058	  31.02691243 121.43973083 1.5  0.0 0.0
2015-07-01-15 53 52.161	  31.02691243 121.43973083 1.5  0.0 0.0
2015-07-01-15 53 52.266	  31.02691243 121.43973083 1.5  0.0 0.0
2015-07-01-15 53 52.415	  31.02691243 121.43973083 1.5  0.0 0.0
2015-07-01-15 53 52.518	  31.02691243 121.43973083 1.5  0.0 0.0
2015-07-01-15 53 52.623	  31.02691243 121.43973083 1.5  0.0 0.0
2015-07-01-15 53 52.828	  31.02691243 121.43973083 1.5  0.0 0.0
2015-07-01-15 53 52.931	  31.02691243 121.43973083 1.5  0.0 0.0
2015-07-01-15 53 53.033	  31.02691243 121.43973083 1.5  0.0 0.0
2015-07-01-15 53 53.163	  31.02691243 121.43973083 1.5  0.0 0.0
2015-07-01-15 53 53.265	  31.02691243 121.43973083 1.5  0.0 0.0
2015-07-01-15 53 53.367	  31.02691243 121.43973083 1.5  0.0 0.0
2015-07-01-15 53 53.519	  31.02691243 121.43973083 1.5  0.0 0.0
2015-07-01-15 53 53.623	  31.02691243 121.43973083 1.5  0.0 0.0
2015-07-01-15 53 53.738	  31.02693973 121.43972188 1.5  0.0 0.0
2015-07-01-15 53 53.839	  31.02693973 121.43972188 1.5  0.0 0.0
2015-07-01-15 53 53.941	  31.02693973 121.43972188 1.5  0.0 0.0
2015-07-01-15 53 54.047	  31.02693973 121.43972188 1.5  0.0 0.0
2015-07-01-15 53 54.151	  31.02693973 121.43972188 1.5  0.0 0.0
2015-07-01-15 53 54.255	  31.02693973 121.43972188 1.5  0.0 0.0
2015-07-01-15 53 54.411	  31.02693973 121.43972188 1.5  0.0 0.0
2015-07-01-15 53 54.513	  31.02693973 121.43972188 1.5  0.0 0.0
2015-07-01-15 53 54.625	  31.02693973 121.43972188 1.5  0.0 0.0
2015-07-01-15 53 54.730	  31.02693973 121.43972188 1.5  0.0 0.0
2015-07-01-15 53 54.831	  31.02693973 121.43972188 1.5  0.0 0.0
2015-07-01-15 53 54.955	  31.02693973 121.43972188 1.5  0.0 0.0
2015-07-01-15 53 55.112	  31.02693973 121.43972188 1.5  0.0 0.0
2015-07-01-15 53 55.214	  31.02693973 121.43972188 1.5  0.0 0.0
2015-07-01-15 53 55.322	  31.02693973 121.43972188 1.5  0.0 0.0
2015-07-01-15 53 55.426	  31.02693973 121.43972188 1.5  0.0 0.0
2015-07-01-15 53 55.530	  31.02693973 121.43972188 1.5  0.0 0.0
2015-07-01-15 53 55.683	  31.02696739 121.43970992 1.5  0.0 0.0
2015-07-01-15 53 55.789	  31.02696739 121.43970992 1.5  0.0 0.0
2015-07-01-15 53 55.940	  31.02696739 121.43970992 1.5  0.0 0.0
2015-07-01-15 53 56.044	  31.02696739 121.43970992 1.5  0.0 0.0
2015-07-01-15 53 56.153	  31.02696739 121.43970992 1.5  0.0 0.0
2015-07-01-15 53 56.255	  31.02696739 121.43970992 1.5  0.0 0.0
2015-07-01-15 53 56.359	  31.02696739 121.43970992 1.5  0.0 0.0
2015-07-01-15 53 56.533	  31.02696739 121.43970992 1.5  0.0 0.0
2015-07-01-15 53 56.635	  31.02696739 121.43970992 1.5  0.0 0.0
2015-07-01-15 53 56.745	  31.02696739 121.43970992 1.5  0.0 0.0
2015-07-01-15 53 56.847	  31.02696739 121.43970992 1.5  0.0 0.0
2015-07-01-15 53 56.949	  31.02696739 121.43970992 1.5  0.0 0.0
2015-07-01-15 53 57.122	  31.02696739 121.43970992 1.5  0.0 0.0
2015-07-01-15 53 57.228	  31.02696739 121.43970992 1.5  0.0 0.0
2015-07-01-15 53 57.335	  31.02696739 121.43970992 1.5  0.0 0.0
2015-07-01-15 53 57.503	  31.02696739 121.43970992 1.5  0.0 0.0
2015-07-01-15 53 57.605	  31.02696739 121.43970992 1.5  0.0 0.0
2015-07-01-15 53 57.723	  31.02696739 121.43970992 1.5  0.0 0.0
2015-07-01-15 53 57.827	  31.02696739 121.43970992 1.5  0.0 0.0
2015-07-01-15 53 58.006	  31.02696739 121.43970992 1.5  0.0 0.0
2015-07-01-15 53 58.113	  31.02696739 121.43970992 1.5  0.0 0.0
2015-07-01-15 53 58.260	  31.02699327 121.43969747 1.5  0.0 0.0
2015-07-01-15 53 58.363	  31.02699327 121.43969747 1.5  0.0 0.0
2015-07-01-15 53 58.480	  31.02699327 121.43969747 1.5  0.0 0.0
2015-07-01-15 53 58.588	  31.02699327 121.43969747 1.5  0.0 0.0
2015-07-01-15 53 58.700	  31.02699327 121.43969747 1.5  0.0 0.0
2015-07-01-15 53 58.802	  31.02699327 121.43969747 1.5  0.0 0.0
2015-07-01-15 53 58.903	  31.02699327 121.43969747 1.5  0.0 0.0
2015-07-01-15 53 59.048	  31.02699327 121.43969747 1.5  0.0 0.0
2015-07-01-15 53 59.151	  31.02699327 121.43969747 1.5  0.0 0.0
2015-07-01-15 53 59.331	  31.02699327 121.43969747 1.5  0.0 0.0
2015-07-01-15 53 59.433	  31.02699327 121.43969747 1.5  0.0 0.0
2015-07-01-15 53 59.581	  31.02699327 121.43969747 1.5  0.0 0.0
2015-07-01-15 53 59.684	  31.02699327 121.43969747 1.5  0.0 0.0
2015-07-01-15 53 59.810	  31.02702 121.43968927 1.5  0.0 0.0
2015-07-01-15 53 59.911	  31.02702 121.43968927 1.5  0.0 0.0
2015-07-01-15 54 00.062	  31.02702 121.43968927 1.5  0.0 0.0
2015-07-01-15 54 00.165	  31.02702 121.43968927 1.5  0.0 0.0
2015-07-01-15 54 00.279	  31.02702 121.43968927 1.5  0.0 0.0
2015-07-01-15 54 00.380	  31.02702 121.43968927 1.5  0.0 0.0
2015-07-01-15 54 00.560	  31.02702 121.43968927 1.5  0.0 0.0
2015-07-01-15 54 00.661	  31.02702 121.43968927 1.5  0.0 0.0
2015-07-01-15 54 00.822	  31.02702 121.43968927 1.5  0.0 0.0
2015-07-01-15 54 00.924	  31.02702 121.43968927 1.5  0.0 0.0
2015-07-01-15 54 01.057	  31.02702 121.43968927 1.5  0.0 0.0
2015-07-01-15 54 01.161	  31.02702 121.43968927 1.5  0.0 0.0
2015-07-01-15 54 01.334	  31.02702 121.43968927 1.5  0.0 0.0
2015-07-01-15 54 01.436	  31.02702 121.43968927 1.5  0.0 0.0
2015-07-01-15 54 01.568	  31.02702 121.43968927 1.5  0.0 0.0
2015-07-01-15 54 01.674	  31.02704517 121.43968088 1.5  0.0 0.0
2015-07-01-15 54 01.822	  31.02704517 121.43968088 1.5  0.0 0.0
2015-07-01-15 54 01.924	  31.02704517 121.43968088 1.5  0.0 0.0
2015-07-01-15 54 02.075	  31.02704517 121.43968088 1.5  0.0 0.0
2015-07-01-15 54 02.181	  31.02704517 121.43968088 1.5  0.0 0.0
2015-07-01-15 54 02.342	  31.02704517 121.43968088 1.5  0.0 0.0
2015-07-01-15 54 02.445	  31.02704517 121.43968088 1.5  0.0 0.0
2015-07-01-15 54 02.590	  31.02704517 121.43968088 1.5  0.0 0.0
2015-07-01-15 54 02.695	  31.02704517 121.43968088 1.5  0.0 0.0
2015-07-01-15 54 02.811	  31.02704517 121.43968088 1.5  0.0 0.0
2015-07-01-15 54 02.913	  31.02704517 121.43968088 1.5  0.0 0.0
2015-07-01-15 54 03.055	  31.02704517 121.43968088 1.5  0.0 0.0
2015-07-01-15 54 03.157	  31.02704517 121.43968088 1.5  0.0 0.0
2015-07-01-15 54 03.305	  31.02704517 121.43968088 1.5  0.0 0.0
2015-07-01-15 54 03.413	  31.02704517 121.43968088 1.5  0.0 0.0
2015-07-01-15 54 03.531	  31.02704517 121.43968088 1.5  0.0 0.0
2015-07-01-15 54 03.634	  31.02704517 121.43968088 1.5  0.0 0.0
2015-07-01-15 54 03.805	  31.02707079 121.43966833 1.5  0.0 0.0
2015-07-01-15 54 03.907	  31.02707079 121.43966833 1.5  0.0 0.0
2015-07-01-15 54 04.018	  31.02707079 121.43966833 1.5  0.0 0.0
2015-07-01-15 54 04.119	  31.02707079 121.43966833 1.5  0.0 0.0
2015-07-01-15 54 04.257	  31.02707079 121.43966833 1.5  0.0 0.0
2015-07-01-15 54 04.361	  31.02707079 121.43966833 1.5  0.0 0.0
2015-07-01-15 54 04.520	  31.02707079 121.43966833 1.5  0.0 0.0
2015-07-01-15 54 04.624	  31.02707079 121.43966833 1.5  0.0 0.0
2015-07-01-15 54 04.808	  31.02707079 121.43966833 1.5  0.0 0.0
2015-07-01-15 54 04.910	  31.02707079 121.43966833 1.5  0.0 0.0
2015-07-01-15 54 05.053	  31.02707079 121.43966833 1.5  0.0 0.0
2015-07-01-15 54 05.155	  31.02707079 121.43966833 1.5  0.0 0.0
2015-07-01-15 54 05.298	  31.02707079 121.43966833 1.5  0.0 0.0
2015-07-01-15 54 05.402	  31.02707079 121.43966833 1.5  0.0 0.0
2015-07-01-15 54 05.551	  31.02707079 121.43966833 1.5  0.0 0.0
2015-07-01-15 54 05.652	  31.02707079 121.43966833 1.5  0.0 0.0
2015-07-01-15 54 05.796	  31.02707079 121.43966833 1.5  0.0 0.0
2015-07-01-15 54 05.898	  31.02707079 121.43966833 1.5  0.0 0.0
2015-07-01-15 54 06.023	  31.02707079 121.43966833 1.5  0.0 0.0
2015-07-01-15 54 06.130	  31.02707079 121.43966833 1.5  0.0 0.0
2015-07-01-15 54 06.232	  31.02709532 121.43965523 1.5  0.0 0.0
2015-07-01-15 54 06.333	  31.02709532 121.43965523 1.5  0.0 0.0
2015-07-01-15 54 06.436	  31.02709532 121.43965523 1.5  0.0 0.0
2015-07-01-15 54 06.541	  31.02709532 121.43965523 1.5  0.0 0.0
2015-07-01-15 54 06.643	  31.02709532 121.43965523 1.5  0.0 0.0
2015-07-01-15 54 06.760	  31.02709532 121.43965523 1.5  0.0 0.0
2015-07-01-15 54 06.868	  31.02709532 121.43965523 1.5  0.0 0.0
2015-07-01-15 54 06.995	  31.02709532 121.43965523 1.5  0.0 0.0
2015-07-01-15 54 07.098	  31.02709532 121.43965523 1.5  0.0 0.0
2015-07-01-15 54 07.234	  31.02709532 121.43965523 1.5  0.0 0.0
2015-07-01-15 54 07.338	  31.02709532 121.43965523 1.5  0.0 0.0
2015-07-01-15 54 07.476	  31.02709532 121.43965523 1.5  0.0 0.0
2015-07-01-15 54 07.585	  31.02709532 121.43965523 1.5  0.0 0.0
2015-07-01-15 54 07.703	  31.02711868 121.43964351 1.5  0.0 0.0
2015-07-01-15 54 07.810	  31.02711868 121.43964351 1.5  0.0 0.0
2015-07-01-15 54 07.912	  31.02711868 121.43964351 1.5  0.0 0.0
2015-07-01-15 54 08.078	  31.02711868 121.43964351 1.5  0.0 0.0
2015-07-01-15 54 08.181	  31.02711868 121.43964351 1.5  0.0 0.0
2015-07-01-15 54 08.354	  31.02711868 121.43964351 1.5  0.0 0.0
2015-07-01-15 54 08.455	  31.02711868 121.43964351 1.5  0.0 0.0
2015-07-01-15 54 08.585	  31.02711868 121.43964351 1.5  0.0 0.0
2015-07-01-15 54 08.687	  31.02711868 121.43964351 1.5  0.0 0.0
2015-07-01-15 54 08.829	  31.02711868 121.43964351 1.5  0.0 0.0
2015-07-01-15 54 08.941	  31.02711868 121.43964351 1.5  0.0 0.0
2015-07-01-15 54 09.043	  31.02711868 121.43964351 1.5  0.0 0.0
2015-07-01-15 54 09.198	  31.02711868 121.43964351 1.5  0.0 0.0
2015-07-01-15 54 09.300	  31.02711868 121.43964351 1.5  0.0 0.0
2015-07-01-15 54 09.436	  31.02711868 121.43964351 1.5  0.0 0.0
2015-07-01-15 54 09.555	  31.02711868 121.43964351 1.5  0.0 0.0
2015-07-01-15 54 09.656	  31.02714334 121.43963909 1.5  0.0 0.0
2015-07-01-15 54 09.782	  31.02714334 121.43963909 1.5  0.0 0.0
2015-07-01-15 54 09.884	  31.02714334 121.43963909 1.5  0.0 0.0
2015-07-01-15 54 10.026	  31.02714334 121.43963909 1.5  0.0 0.0
2015-07-01-15 54 10.135	  31.02714334 121.43963909 1.5  0.0 0.0
2015-07-01-15 54 10.240	  31.02714334 121.43963909 1.5  0.0 0.0
2015-07-01-15 54 10.394	  31.02714334 121.43963909 1.5  0.0 0.0
2015-07-01-15 54 10.497	  31.02714334 121.43963909 1.5  0.0 0.0
2015-07-01-15 54 10.625	  31.02714334 121.43963909 1.5  0.0 0.0
2015-07-01-15 54 10.764	  31.02714334 121.43963909 1.5  0.0 0.0
2015-07-01-15 54 10.869	  31.02714334 121.43963909 1.5  0.0 0.0
2015-07-01-15 54 10.991	  31.02714334 121.43963909 1.5  0.0 0.0
2015-07-01-15 54 11.101	  31.02714334 121.43963909 1.5  0.0 0.0
2015-07-01-15 54 11.208	  31.02714334 121.43963909 1.5  0.0 0.0
2015-07-01-15 54 11.359	  31.02714334 121.43963909 1.5  0.0 0.0
2015-07-01-15 54 11.508	  31.02714334 121.43963909 1.5  0.0 0.0
2015-07-01-15 54 11.620	  31.02716497 121.43962687 1.5  0.0 0.0
2015-07-01-15 54 11.767	  31.02716497 121.43962687 1.5  0.0 0.0
2015-07-01-15 54 11.869	  31.02716497 121.43962687 1.5  0.0 0.0
2015-07-01-15 54 11.971	  31.02716497 121.43962687 1.5  0.0 0.0
2015-07-01-15 54 12.080	  31.02716497 121.43962687 1.5  0.0 0.0
2015-07-01-15 54 12.183	  31.02716497 121.43962687 1.5  0.0 0.0
2015-07-01-15 54 12.342	  31.02716497 121.43962687 1.5  0.0 0.0
2015-07-01-15 54 12.443	  31.02716497 121.43962687 1.5  0.0 0.0
2015-07-01-15 54 12.545	  31.02716497 121.43962687 1.5  0.0 0.0
2015-07-01-15 54 12.659	  31.02716497 121.43962687 1.5  0.0 0.0
2015-07-01-15 54 12.761	  31.02716497 121.43962687 1.5  0.0 0.0
2015-07-01-15 54 12.886	  31.02716497 121.43962687 1.5  0.0 0.0
2015-07-01-15 54 13.059	  31.02716497 121.43962687 1.5  0.0 0.0
2015-07-01-15 54 13.163	  31.02716497 121.43962687 1.5  0.0 0.0
2015-07-01-15 54 13.320	  31.02716497 121.43962687 1.5  0.0 0.0
2015-07-01-15 54 13.421	  31.02716497 121.43962687 1.5  0.0 0.0
2015-07-01-15 54 13.527	  31.02716497 121.43962687 1.5  0.0 0.0
2015-07-01-15 54 13.644	  31.02718656 121.43961343 1.5  0.0 0.0
2015-07-01-15 54 13.755	  31.02718656 121.43961343 1.5  0.0 0.0
2015-07-01-15 54 13.902	  31.02718656 121.43961343 1.5  0.0 0.0
2015-07-01-15 54 14.059	  31.02718656 121.43961343 1.5  0.0 0.0
2015-07-01-15 54 14.162	  31.02718656 121.43961343 1.5  0.0 0.0
2015-07-01-15 54 14.304	  31.02718656 121.43961343 1.5  0.0 0.0
2015-07-01-15 54 14.438	  31.02718656 121.43961343 1.5  0.0 0.0
2015-07-01-15 54 14.541	  31.02718656 121.43961343 1.5  0.0 0.0
2015-07-01-15 54 14.669	  31.02718656 121.43961343 1.5  0.0 0.0
2015-07-01-15 54 14.821	  31.02718656 121.43961343 1.5  0.0 0.0
2015-07-01-15 54 14.937	  31.02718656 121.43961343 1.5  0.0 0.0
2015-07-01-15 54 15.043	  31.02718656 121.43961343 1.5  0.0 0.0
2015-07-01-15 54 15.207	  31.02718656 121.43961343 1.5  0.0 0.0
2015-07-01-15 54 15.325	  31.02718656 121.43961343 1.5  0.0 0.0
2015-07-01-15 54 15.460	  31.02718656 121.43961343 1.5  0.0 0.0
2015-07-01-15 54 15.566	  31.02718656 121.43961343 1.5  0.0 0.0
2015-07-01-15 54 15.737	  31.02721063 121.43960241 1.5  0.0 0.0
2015-07-01-15 54 15.853	  31.02721063 121.43960241 1.5  0.0 0.0
2015-07-01-15 54 15.979	  31.02721063 121.43960241 1.5  0.0 0.0
2015-07-01-15 54 16.081	  31.02721063 121.43960241 1.5  0.0 0.0
2015-07-01-15 54 16.242	  31.02721063 121.43960241 1.5  0.0 0.0
2015-07-01-15 54 16.371	  31.02721063 121.43960241 1.5  0.0 0.0
2015-07-01-15 54 16.535	  31.02721063 121.43960241 1.5  0.0 0.0
2015-07-01-15 54 16.676	  31.02721063 121.43960241 1.5  0.0 0.0
2015-07-01-15 54 16.796	  31.02721063 121.43960241 1.5  0.0 0.0
2015-07-01-15 54 16.935	  31.02721063 121.43960241 1.5  0.0 0.0
2015-07-01-15 54 17.073	  31.02721063 121.43960241 1.5  0.0 0.0
2015-07-01-15 54 17.209	  31.02721063 121.43960241 1.5  0.0 0.0
2015-07-01-15 54 17.325	  31.02721063 121.43960241 1.5  0.0 0.0
2015-07-01-15 54 17.459	  31.02721063 121.43960241 1.5  0.0 0.0
2015-07-01-15 54 17.660	  31.02723683 121.43958934 1.5  0.0 0.0
2015-07-01-15 54 17.782	  31.02723683 121.43958934 1.5  0.0 0.0
2015-07-01-15 54 17.898	  31.02723683 121.43958934 1.5  0.0 0.0
2015-07-01-15 54 18.046	  31.02723683 121.43958934 1.5  0.0 0.0
2015-07-01-15 54 18.186	  31.02723683 121.43958934 1.5  0.0 0.0
2015-07-01-15 54 18.349	  31.02723683 121.43958934 1.5  0.0 0.0
2015-07-01-15 54 18.487	  31.02723683 121.43958934 1.5  0.0 0.0
2015-07-01-15 54 18.603	  31.02723683 121.43958934 1.5  0.0 0.0
2015-07-01-15 54 18.722	  31.02723683 121.43958934 1.5  0.0 0.0
2015-07-01-15 54 18.885	  31.02723683 121.43958934 1.5  0.0 0.0
2015-07-01-15 54 19.058	  31.02723683 121.43958934 1.5  0.0 0.0
2015-07-01-15 54 19.196	  31.02723683 121.43958934 1.5  0.0 0.0
2015-07-01-15 54 19.314	  31.02723683 121.43958934 1.5  0.0 0.0
2015-07-01-15 54 19.449	  31.02723683 121.43958934 1.5  0.0 0.0
2015-07-01-15 54 19.596	  31.02723683 121.43958934 1.5  0.0 0.0
2015-07-01-15 54 19.713	  31.02726204 121.43957785 1.5  0.0 0.0
2015-07-01-15 54 19.831	  31.02726204 121.43957785 1.5  0.0 0.0
2015-07-01-15 54 19.947	  31.02726204 121.43957785 1.5  0.0 0.0
2015-07-01-15 54 20.106	  31.02726204 121.43957785 1.5  0.0 0.0
2015-07-01-15 54 20.266	  31.02726204 121.43957785 1.5  0.0 0.0
2015-07-01-15 54 20.400	  31.02726204 121.43957785 1.5  0.0 0.0
2015-07-01-15 54 20.543	  31.02726204 121.43957785 1.5  0.0 0.0
2015-07-01-15 54 20.661	  31.02726204 121.43957785 1.5  0.0 0.0
2015-07-01-15 54 20.803	  31.02726204 121.43957785 1.5  0.0 0.0
2015-07-01-15 54 20.919	  31.02726204 121.43957785 1.5  0.0 0.0
2015-07-01-15 54 21.070	  31.02726204 121.43957785 1.5  0.0 0.0
2015-07-01-15 54 21.209	  31.02726204 121.43957785 1.5  0.0 0.0
2015-07-01-15 54 21.323	  31.02726204 121.43957785 1.5  0.0 0.0
2015-07-01-15 54 21.448	  31.02726204 121.43957785 1.5  0.0 0.0
2015-07-01-15 54 21.577	  31.02726204 121.43957785 1.5  0.0 0.0
2015-07-01-15 54 21.738	  31.02726204 121.43957785 1.5  0.0 0.0
2015-07-01-15 54 21.882	  31.02726204 121.43957785 1.5  0.0 0.0
2015-07-01-15 54 22.026	  31.02726204 121.43957785 1.5  0.0 0.0
2015-07-01-15 54 22.176	  31.02728631 121.43956741 1.5  0.0 0.0
2015-07-01-15 54 22.310	  31.02728631 121.43956741 1.5  0.0 0.0
2015-07-01-15 54 22.448	  31.02728631 121.43956741 1.5  0.0 0.0
2015-07-01-15 54 22.580	  31.02728631 121.43956741 1.5  0.0 0.0
2015-07-01-15 54 22.737	  31.02728631 121.43956741 1.5  0.0 0.0
2015-07-01-15 54 22.853	  31.02728631 121.43956741 1.5  0.0 0.0
2015-07-01-15 54 22.997	  31.02728631 121.43956741 1.5  0.0 0.0
2015-07-01-15 54 23.129	  31.02728631 121.43956741 1.5  0.0 0.0
2015-07-01-15 54 23.247	  31.02728631 121.43956741 1.5  0.0 0.0
2015-07-01-15 54 23.392	  31.02728631 121.43956741 1.5  0.0 0.0
2015-07-01-15 54 23.509	  31.02728631 121.43956741 1.5  0.0 0.0
2015-07-01-15 54 23.651	  31.02730974 121.43955707 1.5  0.0 0.0
2015-07-01-15 54 23.770	  31.02730974 121.43955707 1.5  0.0 0.0
2015-07-01-15 54 23.886	  31.02730974 121.43955707 1.5  0.0 0.0
2015-07-01-15 54 24.033	  31.02730974 121.43955707 1.5  0.0 0.0
2015-07-01-15 54 24.190	  31.02730974 121.43955707 1.5  0.0 0.0
2015-07-01-15 54 24.305	  31.02730974 121.43955707 1.5  0.0 0.0
2015-07-01-15 54 24.454	  31.02730974 121.43955707 1.5  0.0 0.0
2015-07-01-15 54 24.596	  31.02730974 121.43955707 1.5  0.0 0.0
2015-07-01-15 54 24.762	  31.02730974 121.43955707 1.5  0.0 0.0
2015-07-01-15 54 24.899	  31.02730974 121.43955707 1.5  0.0 0.0
2015-07-01-15 54 25.055	  31.02730974 121.43955707 1.5  0.0 0.0
2015-07-01-15 54 25.192	  31.02730974 121.43955707 1.5  0.0 0.0
2015-07-01-15 54 25.361	  31.02730974 121.43955707 1.5  0.0 0.0
2015-07-01-15 54 25.479	  31.02730974 121.43955707 1.5  0.0 0.0
2015-07-01-15 54 25.606	  31.02730974 121.43955707 1.5  0.0 0.0
2015-07-01-15 54 25.745	  31.02733341 121.43954786 1.25  0.0 0.0
2015-07-01-15 54 25.887	  31.02733341 121.43954786 1.25  0.0 0.0
2015-07-01-15 54 26.029	  31.02733341 121.43954786 1.25  0.0 0.0
2015-07-01-15 54 26.164	  31.02733341 121.43954786 1.25  0.0 0.0
2015-07-01-15 54 26.282	  31.02733341 121.43954786 1.25  0.0 0.0
2015-07-01-15 54 26.424	  31.02733341 121.43954786 1.25  0.0 0.0
2015-07-01-15 54 26.582	  31.02733341 121.43954786 1.25  0.0 0.0
2015-07-01-15 54 26.712	  31.02733341 121.43954786 1.25  0.0 0.0
2015-07-01-15 54 26.830	  31.02733341 121.43954786 1.25  0.0 0.0
2015-07-01-15 54 26.948	  31.02733341 121.43954786 1.25  0.0 0.0
2015-07-01-15 54 27.112	  31.02733341 121.43954786 1.25  0.0 0.0
2015-07-01-15 54 27.271	  31.02733341 121.43954786 1.25  0.0 0.0
2015-07-01-15 54 27.427	  31.02733341 121.43954786 1.25  0.0 0.0
2015-07-01-15 54 27.544	  31.02733341 121.43954786 1.25  0.0 0.0
2015-07-01-15 54 27.684	  31.02735625 121.43953568 1.5  0.0 0.0
2015-07-01-15 54 27.810	  31.02735625 121.43953568 1.5  0.0 0.0
2015-07-01-15 54 27.931	  31.02735625 121.43953568 1.5  0.0 0.0
2015-07-01-15 54 28.109	  31.02735625 121.43953568 1.5  0.0 0.0
2015-07-01-15 54 28.238	  31.02735625 121.43953568 1.5  0.0 0.0
2015-07-01-15 54 28.397	  31.02735625 121.43953568 1.5  0.0 0.0
2015-07-01-15 54 28.512	  31.02735625 121.43953568 1.5  0.0 0.0
2015-07-01-15 54 28.687	  31.02735625 121.43953568 1.5  0.0 0.0
2015-07-01-15 54 28.824	  31.02735625 121.43953568 1.5  0.0 0.0
2015-07-01-15 54 28.962	  31.02735625 121.43953568 1.5  0.0 0.0
2015-07-01-15 54 29.107	  31.02735625 121.43953568 1.5  0.0 0.0
2015-07-01-15 54 29.270	  31.02735625 121.43953568 1.5  0.0 0.0
2015-07-01-15 54 29.409	  31.02735625 121.43953568 1.5  0.0 0.0
2015-07-01-15 54 29.535	  31.02735625 121.43953568 1.5  0.0 0.0
2015-07-01-15 54 29.683	  31.02735625 121.43953568 1.5  0.0 0.0
2015-07-01-15 54 29.823	  31.02735625 121.43953568 1.5  0.0 0.0
2015-07-01-15 54 29.951	  31.02735625 121.43953568 1.5  0.0 0.0
2015-07-01-15 54 30.113	  31.02735625 121.43953568 1.5  0.0 0.0
2015-07-01-15 54 30.258	  31.02737707 121.43952519 1.25  0.0 0.0
2015-07-01-15 54 30.373	  31.02737707 121.43952519 1.25  0.0 0.0
2015-07-01-15 54 30.491	  31.02737707 121.43952519 1.25  0.0 0.0
2015-07-01-15 54 30.628	  31.02737707 121.43952519 1.25  0.0 0.0
2015-07-01-15 54 30.797	  31.02737707 121.43952519 1.25  0.0 0.0
2015-07-01-15 54 30.935	  31.02737707 121.43952519 1.25  0.0 0.0
2015-07-01-15 54 31.053	  31.02737707 121.43952519 1.25  0.0 0.0
2015-07-01-15 54 31.184	  31.02737707 121.43952519 1.25  0.0 0.0
2015-07-01-15 54 31.345	  31.02737707 121.43952519 1.25  0.0 0.0
2015-07-01-15 54 31.461	  31.02737707 121.43952519 1.25  0.0 0.0
2015-07-01-15 54 31.595	  31.02737707 121.43952519 1.25  0.0 0.0
2015-07-01-15 54 31.710	  31.02737707 121.43952519 1.25  0.0 0.0
2015-07-01-15 54 31.878	  31.02739912 121.43951242 1.25  0.0 0.0
2015-07-01-15 54 32.007	  31.02739912 121.43951242 1.25  0.0 0.0
2015-07-01-15 54 32.123	  31.02739912 121.43951242 1.25  0.0 0.0
2015-07-01-15 54 32.265	  31.02739912 121.43951242 1.25  0.0 0.0
2015-07-01-15 54 32.404	  31.02739912 121.43951242 1.25  0.0 0.0
2015-07-01-15 54 32.543	  31.02739912 121.43951242 1.25  0.0 0.0
2015-07-01-15 54 32.686	  31.02739912 121.43951242 1.25  0.0 0.0
2015-07-01-15 54 32.834	  31.02739912 121.43951242 1.25  0.0 0.0
2015-07-01-15 54 32.996	  31.02739912 121.43951242 1.25  0.0 0.0
2015-07-01-15 54 33.110	  31.02739912 121.43951242 1.25  0.0 0.0
2015-07-01-15 54 33.248	  31.02739912 121.43951242 1.25  0.0 0.0
2015-07-01-15 54 33.375	  31.02739912 121.43951242 1.25  0.0 0.0
2015-07-01-15 54 33.536	  31.02739912 121.43951242 1.25  0.0 0.0
2015-07-01-15 54 33.679	  31.02742279 121.43950449 1.5  0.0 0.0
2015-07-01-15 54 33.803	  31.02742279 121.43950449 1.5  0.0 0.0
2015-07-01-15 54 33.918	  31.02742279 121.43950449 1.5  0.0 0.0
2015-07-01-15 54 34.060	  31.02742279 121.43950449 1.5  0.0 0.0
2015-07-01-15 54 34.197	  31.02742279 121.43950449 1.5  0.0 0.0
2015-07-01-15 54 34.363	  31.02742279 121.43950449 1.5  0.0 0.0
2015-07-01-15 54 34.479	  31.02742279 121.43950449 1.5  0.0 0.0
2015-07-01-15 54 34.608	  31.02742279 121.43950449 1.5  0.0 0.0
2015-07-01-15 54 34.724	  31.02742279 121.43950449 1.5  0.0 0.0
2015-07-01-15 54 34.857	  31.02742279 121.43950449 1.5  0.0 0.0
2015-07-01-15 54 35.020	  31.02742279 121.43950449 1.5  0.0 0.0
2015-07-01-15 54 35.168	  31.02742279 121.43950449 1.5  0.0 0.0
2015-07-01-15 54 35.306	  31.02742279 121.43950449 1.5  0.0 0.0
2015-07-01-15 54 35.443	  31.02742279 121.43950449 1.5  0.0 0.0
2015-07-01-15 54 35.601	  31.02742279 121.43950449 1.5  0.0 0.0
2015-07-01-15 54 35.719	  31.0274486 121.43949399 1.5  0.0 0.0
2015-07-01-15 54 35.862	  31.0274486 121.43949399 1.5  0.0 0.0
2015-07-01-15 54 36.034	  31.0274486 121.43949399 1.5  0.0 0.0
2015-07-01-15 54 36.195	  31.0274486 121.43949399 1.5  0.0 0.0
2015-07-01-15 54 36.342	  31.0274486 121.43949399 1.5  0.0 0.0
2015-07-01-15 54 36.474	  31.0274486 121.43949399 1.5  0.0 0.0
2015-07-01-15 54 36.612	  31.0274486 121.43949399 1.5  0.0 0.0
2015-07-01-15 54 36.758	  31.0274486 121.43949399 1.5  0.0 0.0
2015-07-01-15 54 36.878	  31.0274486 121.43949399 1.5  0.0 0.0
2015-07-01-15 54 37.017	  31.0274486 121.43949399 1.5  0.0 0.0
2015-07-01-15 54 37.135	  31.0274486 121.43949399 1.5  0.0 0.0
2015-07-01-15 54 37.305	  31.0274486 121.43949399 1.5  0.0 0.0
2015-07-01-15 54 37.452	  31.0274486 121.43949399 1.5  0.0 0.0
2015-07-01-15 54 37.622	  31.0274486 121.43949399 1.5  0.0 0.0
2015-07-01-15 54 37.727	  31.02747528 121.43948116 1.5  0.0 0.0
2015-07-01-15 54 37.833	  31.02747528 121.43948116 1.5  0.0 0.0
2015-07-01-15 54 38.003	  31.02747528 121.43948116 1.5  0.0 0.0
2015-07-01-15 54 38.110	  31.02747528 121.43948116 1.5  0.0 0.0
2015-07-01-15 54 38.214	  31.02747528 121.43948116 1.5  0.0 0.0
2015-07-01-15 54 38.386	  31.02747528 121.43948116 1.5  0.0 0.0
2015-07-01-15 54 38.504	  31.02747528 121.43948116 1.5  0.0 0.0
2015-07-01-15 54 38.614	  31.02747528 121.43948116 1.5  0.0 0.0
2015-07-01-15 54 38.715	  31.02747528 121.43948116 1.5  0.0 0.0
2015-07-01-15 54 38.860	  31.02747528 121.43948116 1.5  0.0 0.0
2015-07-01-15 54 38.965	  31.02747528 121.43948116 1.5  0.0 0.0
2015-07-01-15 54 39.074	  31.02747528 121.43948116 1.5  0.0 0.0
2015-07-01-15 54 39.262	  31.02747528 121.43948116 1.5  0.0 0.0
2015-07-01-15 54 39.381	  31.02747528 121.43948116 1.5  0.0 0.0
2015-07-01-15 54 39.483	  31.02747528 121.43948116 1.5  0.0 0.0
2015-07-01-15 54 39.585	  31.02747528 121.43948116 1.5  0.0 0.0
2015-07-01-15 54 39.749	  31.02747528 121.43948116 1.5  0.0 0.0
2015-07-01-15 54 39.866	  31.02750109 121.43946821 1.5  0.0 0.0
2015-07-01-15 54 39.969	  31.02750109 121.43946821 1.5  0.0 0.0
2015-07-01-15 54 40.071	  31.02750109 121.43946821 1.5  0.0 0.0
2015-07-01-15 54 40.217	  31.02750109 121.43946821 1.5  0.0 0.0
2015-07-01-15 54 40.376	  31.02750109 121.43946821 1.5  0.0 0.0
2015-07-01-15 54 40.477	  31.02750109 121.43946821 1.5  0.0 0.0
2015-07-01-15 54 40.580	  31.02750109 121.43946821 1.5  0.0 0.0
2015-07-01-15 54 40.719	  31.02750109 121.43946821 1.5  0.0 0.0
2015-07-01-15 54 40.882	  31.02750109 121.43946821 1.5  0.0 0.0
2015-07-01-15 54 40.984	  31.02750109 121.43946821 1.5  0.0 0.0
2015-07-01-15 54 41.087	  31.02750109 121.43946821 1.5  0.0 0.0
2015-07-01-15 54 41.252	  31.02750109 121.43946821 1.5  0.0 0.0
2015-07-01-15 54 41.355	  31.02750109 121.43946821 1.5  0.0 0.0
2015-07-01-15 54 41.506	  31.02750109 121.43946821 1.5  0.0 0.0
2015-07-01-15 54 41.653	  31.02752488 121.43945456 1.5  0.0 0.0
2015-07-01-15 54 41.771	  31.02752488 121.43945456 1.5  0.0 0.0
2015-07-01-15 54 41.877	  31.02752488 121.43945456 1.5  0.0 0.0
2015-07-01-15 54 41.981	  31.02752488 121.43945456 1.5  0.0 0.0
2015-07-01-15 54 42.156	  31.02752488 121.43945456 1.5  0.0 0.0
2015-07-01-15 54 42.274	  31.02752488 121.43945456 1.5  0.0 0.0
2015-07-01-15 54 42.378	  31.02752488 121.43945456 1.5  0.0 0.0
2015-07-01-15 54 42.494	  31.02752488 121.43945456 1.5  0.0 0.0
2015-07-01-15 54 42.644	  31.02752488 121.43945456 1.5  0.0 0.0
2015-07-01-15 54 42.790	  31.02752488 121.43945456 1.5  0.0 0.0
2015-07-01-15 54 42.893	  31.02752488 121.43945456 1.5  0.0 0.0
2015-07-01-15 54 42.995	  31.02752488 121.43945456 1.5  0.0 0.0
2015-07-01-15 54 43.158	  31.02752488 121.43945456 1.5  0.0 0.0
2015-07-01-15 54 43.277	  31.02752488 121.43945456 1.5  0.0 0.0
2015-07-01-15 54 43.383	  31.02752488 121.43945456 1.5  0.0 0.0
2015-07-01-15 54 43.493	  31.02752488 121.43945456 1.5  0.0 0.0
2015-07-01-15 54 43.660	  31.02755106 121.43944395 1.5  0.0 0.0
2015-07-01-15 54 43.785	  31.02755106 121.43944395 1.5  0.0 0.0
2015-07-01-15 54 43.891	  31.02755106 121.43944395 1.5  0.0 0.0
2015-07-01-15 54 43.996	  31.02755106 121.43944395 1.5  0.0 0.0
2015-07-01-15 54 44.161	  31.02755106 121.43944395 1.5  0.0 0.0
2015-07-01-15 54 44.279	  31.02755106 121.43944395 1.5  0.0 0.0
2015-07-01-15 54 44.384	  31.02755106 121.43944395 1.5  0.0 0.0
2015-07-01-15 54 44.486	  31.02755106 121.43944395 1.5  0.0 0.0
2015-07-01-15 54 44.634	  31.02755106 121.43944395 1.5  0.0 0.0
2015-07-01-15 54 44.754	  31.02755106 121.43944395 1.5  0.0 0.0
2015-07-01-15 54 44.859	  31.02755106 121.43944395 1.5  0.0 0.0
2015-07-01-15 54 44.962	  31.02755106 121.43944395 1.5  0.0 0.0
2015-07-01-15 54 45.096	  31.02755106 121.43944395 1.5  0.0 0.0
2015-07-01-15 54 45.242	  31.02755106 121.43944395 1.5  0.0 0.0
2015-07-01-15 54 45.348	  31.02755106 121.43944395 1.5  0.0 0.0
2015-07-01-15 54 45.455	  31.02755106 121.43944395 1.5  0.0 0.0
2015-07-01-15 54 45.609	  31.02755106 121.43944395 1.5  0.0 0.0
2015-07-01-15 54 45.728	  31.02757639 121.43943603 1.5  0.0 0.0
2015-07-01-15 54 45.837	  31.02757639 121.43943603 1.5  0.0 0.0
2015-07-01-15 54 45.941	  31.02757639 121.43943603 1.5  0.0 0.0
2015-07-01-15 54 46.106	  31.02757639 121.43943603 1.5  0.0 0.0
2015-07-01-15 54 46.210	  31.02757639 121.43943603 1.5  0.0 0.0
2015-07-01-15 54 46.356	  31.02757639 121.43943603 1.5  0.0 0.0
2015-07-01-15 54 46.503	  31.02757639 121.43943603 1.5  0.0 0.0
2015-07-01-15 54 46.642	  31.02757639 121.43943603 1.5  0.0 0.0
2015-07-01-15 54 46.785	  31.02757639 121.43943603 1.5  0.0 0.0
2015-07-01-15 54 46.888	  31.02757639 121.43943603 1.5  0.0 0.0
2015-07-01-15 54 46.991	  31.02757639 121.43943603 1.5  0.0 0.0
2015-07-01-15 54 47.161	  31.02757639 121.43943603 1.5  0.0 0.0
2015-07-01-15 54 47.279	  31.02757639 121.43943603 1.5  0.0 0.0
2015-07-01-15 54 47.407	  31.02757639 121.43943603 1.5  0.0 0.0
2015-07-01-15 54 47.522	  31.02757639 121.43943603 1.5  0.0 0.0
2015-07-01-15 54 47.639	  31.02757639 121.43943603 1.5  0.0 0.0
2015-07-01-15 54 47.762	  31.02757639 121.43943603 1.5  0.0 0.0
2015-07-01-15 54 47.918	  31.0276005 121.43942511 1.5  0.0 0.0
2015-07-01-15 54 48.058	  31.0276005 121.43942511 1.5  0.0 0.0
2015-07-01-15 54 48.204	  31.0276005 121.43942511 1.5  0.0 0.0
2015-07-01-15 54 48.368	  31.0276005 121.43942511 1.5  0.0 0.0
2015-07-01-15 54 48.485	  31.0276005 121.43942511 1.5  0.0 0.0
2015-07-01-15 54 48.628	  31.0276005 121.43942511 1.5  0.0 0.0
2015-07-01-15 54 48.745	  31.0276005 121.43942511 1.5  0.0 0.0
2015-07-01-15 54 48.873	  31.0276005 121.43942511 1.5  0.0 0.0
2015-07-01-15 54 48.988	  31.0276005 121.43942511 1.5  0.0 0.0
2015-07-01-15 54 49.105	  31.0276005 121.43942511 1.5  0.0 0.0
2015-07-01-15 54 49.256	  31.0276005 121.43942511 1.5  0.0 0.0
2015-07-01-15 54 49.396	  31.0276005 121.43942511 1.5  0.0 0.0
2015-07-01-15 54 49.556	  31.0276005 121.43942511 1.5  0.0 0.0
2015-07-01-15 54 49.675	  31.0276005 121.43942511 1.5  0.0 0.0
2015-07-01-15 54 49.817	  31.02762518 121.43941239 1.5  0.0 0.0
2015-07-01-15 54 49.934	  31.02762518 121.43941239 1.5  0.0 0.0
2015-07-01-15 54 50.074	  31.02762518 121.43941239 1.5  0.0 0.0
2015-07-01-15 54 50.191	  31.02762518 121.43941239 1.5  0.0 0.0
2015-07-01-15 54 50.329	  31.02762518 121.43941239 1.5  0.0 0.0
2015-07-01-15 54 50.487	  31.02762518 121.43941239 1.5  0.0 0.0
2015-07-01-15 54 50.659	  31.02762518 121.43941239 1.5  0.0 0.0
2015-07-01-15 54 50.808	  31.02762518 121.43941239 1.5  0.0 0.0
2015-07-01-15 54 50.928	  31.02762518 121.43941239 1.5  0.0 0.0
2015-07-01-15 54 51.079	  31.02762518 121.43941239 1.5  0.0 0.0
2015-07-01-15 54 51.211	  31.02762518 121.43941239 1.5  0.0 0.0
2015-07-01-15 54 51.359	  31.02762518 121.43941239 1.5  0.0 0.0
2015-07-01-15 54 51.476	  31.02762518 121.43941239 1.5  0.0 0.0
2015-07-01-15 54 51.602	  31.02762518 121.43941239 1.5  0.0 0.0
2015-07-01-15 54 51.730	  31.02765139 121.439404 1.5  0.0 0.0
2015-07-01-15 54 51.875	  31.02765139 121.439404 1.5  0.0 0.0
2015-07-01-15 54 52.062	  31.02765139 121.439404 1.5  0.0 0.0
2015-07-01-15 54 52.206	  31.02765139 121.439404 1.5  0.0 0.0
2015-07-01-15 54 52.343	  31.02765139 121.439404 1.5  0.0 0.0
2015-07-01-15 54 52.485	  31.02765139 121.439404 1.5  0.0 0.0
2015-07-01-15 54 52.606	  31.02765139 121.439404 1.5  0.0 0.0
2015-07-01-15 54 52.742	  31.02765139 121.439404 1.5  0.0 0.0
2015-07-01-15 54 52.883	  31.02765139 121.439404 1.5  0.0 0.0
2015-07-01-15 54 53.013	  31.02765139 121.439404 1.5  0.0 0.0
2015-07-01-15 54 53.158	  31.02765139 121.439404 1.5  0.0 0.0
2015-07-01-15 54 53.322	  31.02765139 121.439404 1.5  0.0 0.0
2015-07-01-15 54 53.464	  31.02765139 121.439404 1.5  0.0 0.0
2015-07-01-15 54 53.603	  31.02765139 121.439404 1.5  0.0 0.0
2015-07-01-15 54 53.758	  31.02767538 121.43939503 1.5  0.0 0.0
2015-07-01-15 54 53.874	  31.02767538 121.43939503 1.5  0.0 0.0
2015-07-01-15 54 53.999	  31.02767538 121.43939503 1.5  0.0 0.0
2015-07-01-15 54 54.116	  31.02767538 121.43939503 1.5  0.0 0.0
2015-07-01-15 54 54.256	  31.02767538 121.43939503 1.5  0.0 0.0
2015-07-01-15 54 54.395	  31.02767538 121.43939503 1.5  0.0 0.0
2015-07-01-15 54 54.555	  31.02767538 121.43939503 1.5  0.0 0.0
2015-07-01-15 54 54.690	  31.02767538 121.43939503 1.5  0.0 0.0
2015-07-01-15 54 54.827	  31.02767538 121.43939503 1.5  0.0 0.0
2015-07-01-15 54 54.972	  31.02767538 121.43939503 1.5  0.0 0.0
2015-07-01-15 54 55.109	  31.02767538 121.43939503 1.5  0.0 0.0
2015-07-01-15 54 55.258	  31.02767538 121.43939503 1.5  0.0 0.0
2015-07-01-15 54 55.389	  31.02767538 121.43939503 1.5  0.0 0.0
2015-07-01-15 54 55.547	  31.02767538 121.43939503 1.5  0.0 0.0
2015-07-01-15 54 55.665	  31.02769951 121.43938798 1.25  0.0 0.0
2015-07-01-15 54 55.797	  31.02769951 121.43938798 1.25  0.0 0.0
2015-07-01-15 54 55.960	  31.02769951 121.43938798 1.25  0.0 0.0
2015-07-01-15 54 56.076	  31.02769951 121.43938798 1.25  0.0 0.0
2015-07-01-15 54 56.206	  31.02769951 121.43938798 1.25  0.0 0.0
2015-07-01-15 54 56.322	  31.02769951 121.43938798 1.25  0.0 0.0
2015-07-01-15 54 56.453	  31.02769951 121.43938798 1.25  0.0 0.0
2015-07-01-15 54 56.596	  31.02769951 121.43938798 1.25  0.0 0.0
2015-07-01-15 54 56.759	  31.02769951 121.43938798 1.25  0.0 0.0
2015-07-01-15 54 56.899	  31.02769951 121.43938798 1.25  0.0 0.0
2015-07-01-15 54 57.052	  31.02769951 121.43938798 1.25  0.0 0.0
2015-07-01-15 54 57.202	  31.02769951 121.43938798 1.25  0.0 0.0
2015-07-01-15 54 57.319	  31.02769951 121.43938798 1.25  0.0 0.0
2015-07-01-15 54 57.480	  31.02769951 121.43938798 1.25  0.0 0.0
2015-07-01-15 54 57.655	  31.02772513 121.43938254 1.25  0.0 0.0
2015-07-01-15 54 57.778	  31.02772513 121.43938254 1.25  0.0 0.0
2015-07-01-15 54 57.896	  31.02772513 121.43938254 1.25  0.0 0.0
2015-07-01-15 54 58.035	  31.02772513 121.43938254 1.25  0.0 0.0
2015-07-01-15 54 58.169	  31.02772513 121.43938254 1.25  0.0 0.0
2015-07-01-15 54 58.309	  31.02772513 121.43938254 1.25  0.0 0.0
2015-07-01-15 54 58.448	  31.02772513 121.43938254 1.25  0.0 0.0
2015-07-01-15 54 58.574	  31.02772513 121.43938254 1.25  0.0 0.0
2015-07-01-15 54 58.762	  31.02772513 121.43938254 1.25  0.0 0.0
2015-07-01-15 54 58.881	  31.02772513 121.43938254 1.25  0.0 0.0
