2015-07-01-15 58 44.604	  0.0 0.0 0.0  0.0 0.0
2015-07-01-15 58 44.706	  0.0 0.0 0.0  0.0 0.0
2015-07-01-15 58 44.808	  0.0 0.0 0.0  0.0 0.0
2015-07-01-15 58 44.916	  0.0 0.0 0.0  0.0 0.0
2015-07-01-15 58 45.019	  0.0 0.0 0.0  0.0 0.0
2015-07-01-15 58 45.121	  0.0 0.0 0.0  0.0 0.0
2015-07-01-15 58 45.223	  0.0 0.0 0.0  0.0 0.0
2015-07-01-15 58 45.326	  0.0 0.0 0.0  0.0 0.0
2015-07-01-15 58 45.428	  0.0 0.0 0.0  0.0 0.0
2015-07-01-15 58 45.529	  0.0 0.0 0.0  0.0 0.0
2015-07-01-15 58 45.631	  0.0 0.0 0.0  0.0 0.0
2015-07-01-15 58 45.733	  0.0 0.0 0.0  0.0 0.0
2015-07-01-15 58 45.835	  0.0 0.0 0.0  0.0 0.0
2015-07-01-15 58 45.937	  0.0 0.0 0.0  0.0 0.0
2015-07-01-15 58 46.038	  0.0 0.0 0.0  0.0 0.0
2015-07-01-15 58 46.140	  0.0 0.0 0.0  0.0 0.0
2015-07-01-15 58 46.241	  0.0 0.0 0.0  0.0 0.0
2015-07-01-15 58 46.343	  0.0 0.0 0.0  0.0 0.0
2015-07-01-15 58 46.445	  0.0 0.0 0.0  0.0 0.0
2015-07-01-15 58 46.547	  0.0 0.0 0.0  0.0 0.0
2015-07-01-15 58 46.649	  0.0 0.0 0.0  0.0 0.0
2015-07-01-15 58 46.751	  0.0 0.0 0.0  0.0 0.0
2015-07-01-15 58 46.853	  0.0 0.0 0.0  0.0 0.0
2015-07-01-15 58 46.954	  0.0 0.0 0.0  0.0 0.0
2015-07-01-15 58 47.056	  0.0 0.0 0.0  0.0 0.0
2015-07-01-15 58 47.158	  0.0 0.0 0.0  0.0 0.0
2015-07-01-15 58 47.260	  0.0 0.0 0.0  0.0 0.0
2015-07-01-15 58 47.362	  0.0 0.0 0.0  0.0 0.0
2015-07-01-15 58 47.464	  0.0 0.0 0.0  0.0 0.0
2015-07-01-15 58 47.565	  0.0 0.0 0.0  0.0 0.0
2015-07-01-15 58 47.667	  31.02771807 121.43937816 1.0  0.0 0.0
2015-07-01-15 58 47.768	  31.02771807 121.43937816 1.0  0.0 0.0
2015-07-01-15 58 47.870	  31.02771807 121.43937816 1.0  0.0 0.0
2015-07-01-15 58 47.972	  31.02771807 121.43937816 1.0  0.0 0.0
2015-07-01-15 58 48.078	  31.02771807 121.43937816 1.0  0.0 0.0
2015-07-01-15 58 48.182	  31.02771807 121.43937816 1.0  0.0 0.0
2015-07-01-15 58 48.287	  31.02771807 121.43937816 1.0  0.0 0.0
2015-07-01-15 58 48.390	  31.02771807 121.43937816 1.0  0.0 0.0
2015-07-01-15 58 48.493	  31.02771807 121.43937816 1.0  0.0 0.0
2015-07-01-15 58 48.599	  31.02771807 121.43937816 1.0  0.0 0.0
2015-07-01-15 58 48.711	  31.02768728 121.43937661 1.25  0.0 0.0
2015-07-01-15 58 48.813	  31.02768728 121.43937661 1.25  0.0 0.0
2015-07-01-15 58 48.915	  31.02768728 121.43937661 1.25  0.0 0.0
2015-07-01-15 58 49.019	  31.02768728 121.43937661 1.25  0.0 0.0
2015-07-01-15 58 49.126	  31.02768728 121.43937661 1.25  0.0 0.0
2015-07-01-15 58 49.231	  31.02768728 121.43937661 1.25  0.0 0.0
2015-07-01-15 58 49.338	  31.02768728 121.43937661 1.25  0.0 0.0
2015-07-01-15 58 49.444	  31.02768728 121.43937661 1.25  0.0 0.0
2015-07-01-15 58 49.553	  31.02768728 121.43937661 1.25  0.0 0.0
2015-07-01-15 58 49.655	  31.02768728 121.43937661 1.25  0.0 0.0
2015-07-01-15 58 49.757	  31.02768728 121.43937661 1.25  0.0 0.0
2015-07-01-15 58 49.859	  31.02768728 121.43937661 1.25  0.0 0.0
2015-07-01-15 58 49.970	  31.02768728 121.43937661 1.25  0.0 0.0
2015-07-01-15 58 50.072	  31.02768728 121.43937661 1.25  0.0 0.0
2015-07-01-15 58 50.177	  31.02768728 121.43937661 1.25  0.0 0.0
2015-07-01-15 58 50.284	  31.02768728 121.43937661 1.25  0.0 0.0
2015-07-01-15 58 50.388	  31.02768728 121.43937661 1.25  0.0 0.0
2015-07-01-15 58 50.492	  31.02768728 121.43937661 1.25  0.0 0.0
2015-07-01-15 58 50.597	  31.02768728 121.43937661 1.25  0.0 0.0
2015-07-01-15 58 50.702	  31.02765046 121.43939188 1.75  0.0 0.0
2015-07-01-15 58 50.803	  31.02765046 121.43939188 1.75  0.0 0.0
2015-07-01-15 58 50.904	  31.02765046 121.43939188 1.75  0.0 0.0
2015-07-01-15 58 51.007	  31.02765046 121.43939188 1.75  0.0 0.0
2015-07-01-15 58 51.109	  31.02765046 121.43939188 1.75  0.0 0.0
2015-07-01-15 58 51.213	  31.02765046 121.43939188 1.75  0.0 0.0
2015-07-01-15 58 51.319	  31.02765046 121.43939188 1.75  0.0 0.0
2015-07-01-15 58 51.426	  31.02765046 121.43939188 1.75  0.0 0.0
2015-07-01-15 58 51.529	  31.02765046 121.43939188 1.75  0.0 0.0
2015-07-01-15 58 51.631	  31.02765046 121.43939188 1.75  0.0 0.0
2015-07-01-15 58 51.735	  31.02762665 121.4393975 1.75  0.0 0.0
2015-07-01-15 58 51.836	  31.02762665 121.4393975 1.75  0.0 0.0
2015-07-01-15 58 51.938	  31.02762665 121.4393975 1.75  0.0 0.0
2015-07-01-15 58 52.039	  31.02762665 121.4393975 1.75  0.0 0.0
2015-07-01-15 58 52.141	  31.02762665 121.4393975 1.75  0.0 0.0
2015-07-01-15 58 52.243	  31.02762665 121.4393975 1.75  0.0 0.0
2015-07-01-15 58 52.344	  31.02762665 121.4393975 1.75  0.0 0.0
2015-07-01-15 58 52.447	  31.02762665 121.4393975 1.75  0.0 0.0
2015-07-01-15 58 52.551	  31.02762665 121.4393975 1.75  0.0 0.0
2015-07-01-15 58 52.655	  31.02762665 121.4393975 1.75  0.0 0.0
2015-07-01-15 58 52.773	  31.02760481 121.43940634 1.75  0.0 0.0
2015-07-01-15 58 52.874	  31.02760481 121.43940634 1.75  0.0 0.0
2015-07-01-15 58 52.976	  31.02760481 121.43940634 1.75  0.0 0.0
2015-07-01-15 58 53.081	  31.02760481 121.43940634 1.75  0.0 0.0
2015-07-01-15 58 53.185	  31.02760481 121.43940634 1.75  0.0 0.0
2015-07-01-15 58 53.292	  31.02760481 121.43940634 1.75  0.0 0.0
2015-07-01-15 58 53.397	  31.02760481 121.43940634 1.75  0.0 0.0
2015-07-01-15 58 53.500	  31.02760481 121.43940634 1.75  0.0 0.0
2015-07-01-15 58 53.602	  31.02760481 121.43940634 1.75  0.0 0.0
2015-07-01-15 58 53.706	  31.02758501 121.43941439 1.75  0.0 0.0
2015-07-01-15 58 53.808	  31.02758501 121.43941439 1.75  0.0 0.0
2015-07-01-15 58 53.910	  31.02758501 121.43941439 1.75  0.0 0.0
2015-07-01-15 58 54.013	  31.02758501 121.43941439 1.75  0.0 0.0
2015-07-01-15 58 54.115	  31.02758501 121.43941439 1.75  0.0 0.0
2015-07-01-15 58 54.217	  31.02758501 121.43941439 1.75  0.0 0.0
2015-07-01-15 58 54.320	  31.02758501 121.43941439 1.75  0.0 0.0
2015-07-01-15 58 54.423	  31.02758501 121.43941439 1.75  0.0 0.0
2015-07-01-15 58 54.529	  31.02758501 121.43941439 1.75  0.0 0.0
2015-07-01-15 58 54.635	  31.02758501 121.43941439 1.75  0.0 0.0
2015-07-01-15 58 54.736	  31.02756608 121.43942291 1.75  0.0 0.0
2015-07-01-15 58 54.840	  31.02756608 121.43942291 1.75  0.0 0.0
2015-07-01-15 58 54.942	  31.02756608 121.43942291 1.75  0.0 0.0
2015-07-01-15 58 55.047	  31.02756608 121.43942291 1.75  0.0 0.0
2015-07-01-15 58 55.149	  31.02756608 121.43942291 1.75  0.0 0.0
2015-07-01-15 58 55.251	  31.02756608 121.43942291 1.75  0.0 0.0
2015-07-01-15 58 55.355	  31.02756608 121.43942291 1.75  0.0 0.0
2015-07-01-15 58 55.459	  31.02756608 121.43942291 1.75  0.0 0.0
2015-07-01-15 58 55.561	  31.02756608 121.43942291 1.75  0.0 0.0
2015-07-01-15 58 55.662	  31.02754772 121.43943225 1.75  0.0 0.0
2015-07-01-15 58 55.764	  31.02754772 121.43943225 1.75  0.0 0.0
2015-07-01-15 58 55.865	  31.02754772 121.43943225 1.75  0.0 0.0
2015-07-01-15 58 55.969	  31.02754772 121.43943225 1.75  0.0 0.0
2015-07-01-15 58 56.074	  31.02754772 121.43943225 1.75  0.0 0.0
2015-07-01-15 58 56.179	  31.02754772 121.43943225 1.75  0.0 0.0
2015-07-01-15 58 56.284	  31.02754772 121.43943225 1.75  0.0 0.0
2015-07-01-15 58 56.391	  31.02754772 121.43943225 1.75  0.0 0.0
2015-07-01-15 58 56.503	  31.02754772 121.43943225 1.75  0.0 0.0
2015-07-01-15 58 56.604	  31.02754772 121.43943225 1.75  0.0 0.0
2015-07-01-15 58 56.705	  31.02754772 121.43943225 1.75  0.0 0.0
2015-07-01-15 58 56.806	  31.02754772 121.43943225 1.75  0.0 0.0
2015-07-01-15 58 56.908	  31.02754772 121.43943225 1.75  0.0 0.0
2015-07-01-15 58 57.017	  31.02754772 121.43943225 1.75  0.0 0.0
2015-07-01-15 58 57.120	  31.02754772 121.43943225 1.75  0.0 0.0
2015-07-01-15 58 57.224	  31.02753042 121.43944185 1.75  0.0 0.0
2015-07-01-15 58 57.325	  31.02753042 121.43944185 1.75  0.0 0.0
2015-07-01-15 58 57.427	  31.02753042 121.43944185 1.75  0.0 0.0
2015-07-01-15 58 57.539	  31.02753042 121.43944185 1.75  0.0 0.0
2015-07-01-15 58 57.640	  31.02753042 121.43944185 1.75  0.0 0.0
2015-07-01-15 58 57.743	  31.02753042 121.43944185 1.75  0.0 0.0
2015-07-01-15 58 57.858	  31.02753042 121.43944185 1.75  0.0 0.0
2015-07-01-15 58 57.959	  31.02753042 121.43944185 1.75  0.0 0.0
2015-07-01-15 58 58.067	  31.02753042 121.43944185 1.75  0.0 0.0
2015-07-01-15 58 58.171	  31.02753042 121.43944185 1.75  0.0 0.0
2015-07-01-15 58 58.275	  31.02753042 121.43944185 1.75  0.0 0.0
2015-07-01-15 58 58.381	  31.02753042 121.43944185 1.75  0.0 0.0
2015-07-01-15 58 58.485	  31.02753042 121.43944185 1.75  0.0 0.0
2015-07-01-15 58 58.592	  31.02753042 121.43944185 1.75  0.0 0.0
2015-07-01-15 58 58.694	  31.02753042 121.43944185 1.75  0.0 0.0
2015-07-01-15 58 58.795	  31.02749776 121.43945769 1.75  0.0 0.0
2015-07-01-15 58 58.897	  31.02749776 121.43945769 1.75  0.0 0.0
2015-07-01-15 58 59.001	  31.02749776 121.43945769 1.75  0.0 0.0
2015-07-01-15 58 59.119	  31.02749776 121.43945769 1.75  0.0 0.0
2015-07-01-15 58 59.220	  31.02749776 121.43945769 1.75  0.0 0.0
2015-07-01-15 58 59.321	  31.02749776 121.43945769 1.75  0.0 0.0
2015-07-01-15 58 59.423	  31.02749776 121.43945769 1.75  0.0 0.0
2015-07-01-15 58 59.529	  31.02749776 121.43945769 1.75  0.0 0.0
2015-07-01-15 58 59.637	  31.02749776 121.43945769 1.75  0.0 0.0
2015-07-01-15 58 59.738	  31.02749776 121.43945769 1.75  0.0 0.0
2015-07-01-15 58 59.841	  31.02749776 121.43945769 1.75  0.0 0.0
2015-07-01-15 58 59.942	  31.02749776 121.43945769 1.75  0.0 0.0
2015-07-01-15 59 00.044	  31.02749776 121.43945769 1.75  0.0 0.0
2015-07-01-15 59 00.146	  31.02749776 121.43945769 1.75  0.0 0.0
2015-07-01-15 59 00.249	  31.02749776 121.43945769 1.75  0.0 0.0
2015-07-01-15 59 00.354	  31.02749776 121.43945769 1.75  0.0 0.0
2015-07-01-15 59 00.461	  31.02749776 121.43945769 1.75  0.0 0.0
2015-07-01-15 59 00.565	  31.02749776 121.43945769 1.75  0.0 0.0
2015-07-01-15 59 00.670	  31.02746551 121.43947231 1.75  0.0 0.0
2015-07-01-15 59 00.772	  31.02746551 121.43947231 1.75  0.0 0.0
2015-07-01-15 59 00.873	  31.02746551 121.43947231 1.75  0.0 0.0
2015-07-01-15 59 00.974	  31.02746551 121.43947231 1.75  0.0 0.0
2015-07-01-15 59 01.080	  31.02746551 121.43947231 1.75  0.0 0.0
2015-07-01-15 59 01.183	  31.02746551 121.43947231 1.75  0.0 0.0
2015-07-01-15 59 01.287	  31.02746551 121.43947231 1.75  0.0 0.0
2015-07-01-15 59 01.392	  31.02746551 121.43947231 1.75  0.0 0.0
2015-07-01-15 59 01.505	  31.02746551 121.43947231 1.75  0.0 0.0
2015-07-01-15 59 01.606	  31.02746551 121.43947231 1.75  0.0 0.0
2015-07-01-15 59 01.708	  31.02746551 121.43947231 1.75  0.0 0.0
2015-07-01-15 59 01.809	  31.02746551 121.43947231 1.75  0.0 0.0
2015-07-01-15 59 01.915	  31.02746551 121.43947231 1.75  0.0 0.0
2015-07-01-15 59 02.017	  31.02746551 121.43947231 1.75  0.0 0.0
2015-07-01-15 59 02.119	  31.02746551 121.43947231 1.75  0.0 0.0
2015-07-01-15 59 02.225	  31.02746551 121.43947231 1.75  0.0 0.0
2015-07-01-15 59 02.339	  31.02746551 121.43947231 1.75  0.0 0.0
2015-07-01-15 59 02.441	  31.02746551 121.43947231 1.75  0.0 0.0
2015-07-01-15 59 02.542	  31.02746551 121.43947231 1.75  0.0 0.0
2015-07-01-15 59 02.646	  31.02746551 121.43947231 1.75  0.0 0.0
2015-07-01-15 59 02.769	  31.02743384 121.4394869 1.75  0.0 0.0
2015-07-01-15 59 02.871	  31.02743384 121.4394869 1.75  0.0 0.0
2015-07-01-15 59 02.973	  31.02743384 121.4394869 1.75  0.0 0.0
2015-07-01-15 59 03.076	  31.02743384 121.4394869 1.75  0.0 0.0
2015-07-01-15 59 03.187	  31.02743384 121.4394869 1.75  0.0 0.0
2015-07-01-15 59 03.294	  31.02743384 121.4394869 1.75  0.0 0.0
2015-07-01-15 59 03.400	  31.02743384 121.4394869 1.75  0.0 0.0
2015-07-01-15 59 03.507	  31.02743384 121.4394869 1.75  0.0 0.0
2015-07-01-15 59 03.617	  31.02743384 121.4394869 1.75  0.0 0.0
2015-07-01-15 59 03.719	  31.02743384 121.4394869 1.75  0.0 0.0
2015-07-01-15 59 03.821	  31.02743384 121.4394869 1.75  0.0 0.0
2015-07-01-15 59 03.925	  31.02743384 121.4394869 1.75  0.0 0.0
2015-07-01-15 59 04.037	  31.02743384 121.4394869 1.75  0.0 0.0
2015-07-01-15 59 04.141	  31.02743384 121.4394869 1.75  0.0 0.0
2015-07-01-15 59 04.243	  31.02743384 121.4394869 1.75  0.0 0.0
2015-07-01-15 59 04.345	  31.02743384 121.4394869 1.75  0.0 0.0
2015-07-01-15 59 04.457	  31.02743384 121.4394869 1.75  0.0 0.0
2015-07-01-15 59 04.560	  31.02743384 121.4394869 1.75  0.0 0.0
2015-07-01-15 59 04.666	  31.02743384 121.4394869 1.75  0.0 0.0
2015-07-01-15 59 04.770	  31.02743384 121.4394869 1.75  0.0 0.0
2015-07-01-15 59 04.894	  31.02740152 121.43950071 1.75  0.0 0.0
2015-07-01-15 59 04.996	  31.02740152 121.43950071 1.75  0.0 0.0
2015-07-01-15 59 05.103	  31.02740152 121.43950071 1.75  0.0 0.0
2015-07-01-15 59 05.210	  31.02740152 121.43950071 1.75  0.0 0.0
2015-07-01-15 59 05.316	  31.02740152 121.43950071 1.75  0.0 0.0
2015-07-01-15 59 05.424	  31.02740152 121.43950071 1.75  0.0 0.0
2015-07-01-15 59 05.532	  31.02740152 121.43950071 1.75  0.0 0.0
2015-07-01-15 59 05.636	  31.02740152 121.43950071 1.75  0.0 0.0
2015-07-01-15 59 05.740	  31.02740152 121.43950071 1.75  0.0 0.0
2015-07-01-15 59 05.844	  31.02740152 121.43950071 1.75  0.0 0.0
2015-07-01-15 59 05.948	  31.02740152 121.43950071 1.75  0.0 0.0
2015-07-01-15 59 06.050	  31.02740152 121.43950071 1.75  0.0 0.0
2015-07-01-15 59 06.153	  31.02740152 121.43950071 1.75  0.0 0.0
2015-07-01-15 59 06.256	  31.02740152 121.43950071 1.75  0.0 0.0
2015-07-01-15 59 06.358	  31.02740152 121.43950071 1.75  0.0 0.0
2015-07-01-15 59 06.459	  31.02740152 121.43950071 1.75  0.0 0.0
2015-07-01-15 59 06.566	  31.02740152 121.43950071 1.75  0.0 0.0
2015-07-01-15 59 06.674	  31.02740152 121.43950071 1.75  0.0 0.0
2015-07-01-15 59 06.775	  31.02736834 121.4395156 1.75  0.0 0.0
2015-07-01-15 59 06.877	  31.02736834 121.4395156 1.75  0.0 0.0
2015-07-01-15 59 06.981	  31.02736834 121.4395156 1.75  0.0 0.0
2015-07-01-15 59 07.085	  31.02736834 121.4395156 1.75  0.0 0.0
2015-07-01-15 59 07.189	  31.02736834 121.4395156 1.75  0.0 0.0
2015-07-01-15 59 07.293	  31.02736834 121.4395156 1.75  0.0 0.0
2015-07-01-15 59 07.402	  31.02736834 121.4395156 1.75  0.0 0.0
2015-07-01-15 59 07.503	  31.02736834 121.4395156 1.75  0.0 0.0
2015-07-01-15 59 07.605	  31.02736834 121.4395156 1.75  0.0 0.0
2015-07-01-15 59 07.707	  31.02736834 121.4395156 1.75  0.0 0.0
2015-07-01-15 59 07.811	  31.02736834 121.4395156 1.75  0.0 0.0
2015-07-01-15 59 07.917	  31.02736834 121.4395156 1.75  0.0 0.0
2015-07-01-15 59 08.019	  31.02736834 121.4395156 1.75  0.0 0.0
2015-07-01-15 59 08.121	  31.02736834 121.4395156 1.75  0.0 0.0
2015-07-01-15 59 08.225	  31.02736834 121.4395156 1.75  0.0 0.0
2015-07-01-15 59 08.326	  31.02736834 121.4395156 1.75  0.0 0.0
2015-07-01-15 59 08.431	  31.02736834 121.4395156 1.75  0.0 0.0
2015-07-01-15 59 08.534	  31.02736834 121.4395156 1.75  0.0 0.0
2015-07-01-15 59 08.635	  31.02736834 121.4395156 1.75  0.0 0.0
2015-07-01-15 59 08.738	  31.02733675 121.43952983 1.75  0.0 0.0
2015-07-01-15 59 08.841	  31.02733675 121.43952983 1.75  0.0 0.0
2015-07-01-15 59 08.944	  31.02733675 121.43952983 1.75  0.0 0.0
2015-07-01-15 59 09.049	  31.02733675 121.43952983 1.75  0.0 0.0
2015-07-01-15 59 09.164	  31.02733675 121.43952983 1.75  0.0 0.0
2015-07-01-15 59 09.268	  31.02733675 121.43952983 1.75  0.0 0.0
2015-07-01-15 59 09.370	  31.02733675 121.43952983 1.75  0.0 0.0
2015-07-01-15 59 09.481	  31.02733675 121.43952983 1.75  0.0 0.0
2015-07-01-15 59 09.583	  31.02733675 121.43952983 1.75  0.0 0.0
2015-07-01-15 59 09.684	  31.02733675 121.43952983 1.75  0.0 0.0
2015-07-01-15 59 09.803	  31.02733675 121.43952983 1.75  0.0 0.0
2015-07-01-15 59 09.906	  31.02733675 121.43952983 1.75  0.0 0.0
2015-07-01-15 59 10.009	  31.02733675 121.43952983 1.75  0.0 0.0
2015-07-01-15 59 10.121	  31.02733675 121.43952983 1.75  0.0 0.0
2015-07-01-15 59 10.224	  31.02733675 121.43952983 1.75  0.0 0.0
2015-07-01-15 59 10.336	  31.02733675 121.43952983 1.75  0.0 0.0
2015-07-01-15 59 10.440	  31.02733675 121.43952983 1.75  0.0 0.0
2015-07-01-15 59 10.546	  31.02733675 121.43952983 1.75  0.0 0.0
2015-07-01-15 59 10.655	  31.02730685 121.43954312 1.75  0.0 0.0
2015-07-01-15 59 10.768	  31.02730685 121.43954312 1.75  0.0 0.0
2015-07-01-15 59 10.871	  31.02730685 121.43954312 1.75  0.0 0.0
2015-07-01-15 59 10.985	  31.02730685 121.43954312 1.75  0.0 0.0
2015-07-01-15 59 11.091	  31.02730685 121.43954312 1.75  0.0 0.0
2015-07-01-15 59 11.195	  31.02730685 121.43954312 1.75  0.0 0.0
2015-07-01-15 59 11.308	  31.02730685 121.43954312 1.75  0.0 0.0
2015-07-01-15 59 11.410	  31.02730685 121.43954312 1.75  0.0 0.0
2015-07-01-15 59 11.511	  31.02730685 121.43954312 1.75  0.0 0.0
2015-07-01-15 59 11.615	  31.02730685 121.43954312 1.75  0.0 0.0
2015-07-01-15 59 11.716	  31.02730685 121.43954312 1.75  0.0 0.0
2015-07-01-15 59 11.821	  31.02730685 121.43954312 1.75  0.0 0.0
2015-07-01-15 59 11.924	  31.02730685 121.43954312 1.75  0.0 0.0
2015-07-01-15 59 12.027	  31.02730685 121.43954312 1.75  0.0 0.0
2015-07-01-15 59 12.130	  31.02730685 121.43954312 1.75  0.0 0.0
2015-07-01-15 59 12.237	  31.02730685 121.43954312 1.75  0.0 0.0
2015-07-01-15 59 12.341	  31.02730685 121.43954312 1.75  0.0 0.0
2015-07-01-15 59 12.445	  31.02730685 121.43954312 1.75  0.0 0.0
2015-07-01-15 59 12.559	  31.02730685 121.43954312 1.75  0.0 0.0
2015-07-01-15 59 12.661	  31.02730685 121.43954312 1.75  0.0 0.0
2015-07-01-15 59 12.763	  31.02730685 121.43954312 1.75  0.0 0.0
2015-07-01-15 59 12.869	  31.02730685 121.43954312 1.75  0.0 0.0
2015-07-01-15 59 12.973	  31.02730685 121.43954312 1.75  0.0 0.0
2015-07-01-15 59 13.078	  31.02730685 121.43954312 1.75  0.0 0.0
2015-07-01-15 59 13.188	  31.02730685 121.43954312 1.75  0.0 0.0
2015-07-01-15 59 13.291	  31.02727847 121.43955979 1.75  0.0 0.0
2015-07-01-15 59 13.393	  31.02727847 121.43955979 1.75  0.0 0.0
2015-07-01-15 59 13.499	  31.02727847 121.43955979 1.75  0.0 0.0
2015-07-01-15 59 13.602	  31.02727847 121.43955979 1.75  0.0 0.0
2015-07-01-15 59 13.706	  31.02727847 121.43955979 1.75  0.0 0.0
2015-07-01-15 59 13.814	  31.02727847 121.43955979 1.75  0.0 0.0
2015-07-01-15 59 13.915	  31.02727847 121.43955979 1.75  0.0 0.0
2015-07-01-15 59 14.017	  31.02727847 121.43955979 1.75  0.0 0.0
2015-07-01-15 59 14.123	  31.02727847 121.43955979 1.75  0.0 0.0
2015-07-01-15 59 14.227	  31.02727847 121.43955979 1.75  0.0 0.0
2015-07-01-15 59 14.329	  31.02727847 121.43955979 1.75  0.0 0.0
2015-07-01-15 59 14.447	  31.02727847 121.43955979 1.75  0.0 0.0
2015-07-01-15 59 14.549	  31.02727847 121.43955979 1.75  0.0 0.0
2015-07-01-15 59 14.651	  31.02727847 121.43955979 1.75  0.0 0.0
2015-07-01-15 59 14.758	  31.02725081 121.43957454 1.75  0.0 0.0
2015-07-01-15 59 14.860	  31.02725081 121.43957454 1.75  0.0 0.0
2015-07-01-15 59 14.964	  31.02725081 121.43957454 1.75  0.0 0.0
2015-07-01-15 59 15.080	  31.02725081 121.43957454 1.75  0.0 0.0
2015-07-01-15 59 15.182	  31.02725081 121.43957454 1.75  0.0 0.0
2015-07-01-15 59 15.284	  31.02725081 121.43957454 1.75  0.0 0.0
2015-07-01-15 59 15.386	  31.02725081 121.43957454 1.75  0.0 0.0
2015-07-01-15 59 15.491	  31.02725081 121.43957454 1.75  0.0 0.0
2015-07-01-15 59 15.595	  31.02725081 121.43957454 1.75  0.0 0.0
2015-07-01-15 59 15.700	  31.02725081 121.43957454 1.75  0.0 0.0
2015-07-01-15 59 15.808	  31.02725081 121.43957454 1.75  0.0 0.0
2015-07-01-15 59 15.910	  31.02725081 121.43957454 1.75  0.0 0.0
2015-07-01-15 59 16.013	  31.02725081 121.43957454 1.75  0.0 0.0
2015-07-01-15 59 16.122	  31.02725081 121.43957454 1.75  0.0 0.0
2015-07-01-15 59 16.224	  31.02725081 121.43957454 1.75  0.0 0.0
2015-07-01-15 59 16.326	  31.02725081 121.43957454 1.75  0.0 0.0
2015-07-01-15 59 16.437	  31.02725081 121.43957454 1.75  0.0 0.0
2015-07-01-15 59 16.542	  31.02725081 121.43957454 1.75  0.0 0.0
2015-07-01-15 59 16.647	  31.02722073 121.43958762 1.75  0.0 0.0
2015-07-01-15 59 16.813	  31.02722073 121.43958762 1.75  0.0 0.0
2015-07-01-15 59 16.915	  31.02722073 121.43958762 1.75  0.0 0.0
2015-07-01-15 59 17.017	  31.02722073 121.43958762 1.75  0.0 0.0
2015-07-01-15 59 17.118	  31.02722073 121.43958762 1.75  0.0 0.0
2015-07-01-15 59 17.220	  31.02722073 121.43958762 1.75  0.0 0.0
2015-07-01-15 59 17.326	  31.02722073 121.43958762 1.75  0.0 0.0
2015-07-01-15 59 17.430	  31.02722073 121.43958762 1.75  0.0 0.0
2015-07-01-15 59 17.538	  31.02722073 121.43958762 1.75  0.0 0.0
2015-07-01-15 59 17.659	  31.02722073 121.43958762 1.75  0.0 0.0
2015-07-01-15 59 17.763	  31.02722073 121.43958762 1.75  0.0 0.0
2015-07-01-15 59 17.866	  31.02722073 121.43958762 1.75  0.0 0.0
2015-07-01-15 59 18.004	  31.02722073 121.43958762 1.75  0.0 0.0
2015-07-01-15 59 18.107	  31.02722073 121.43958762 1.75  0.0 0.0
2015-07-01-15 59 18.217	  31.02722073 121.43958762 1.75  0.0 0.0
2015-07-01-15 59 18.323	  31.02722073 121.43958762 1.75  0.0 0.0
2015-07-01-15 59 18.431	  31.02722073 121.43958762 1.75  0.0 0.0
2015-07-01-15 59 18.606	  31.02722073 121.43958762 1.75  0.0 0.0
2015-07-01-15 59 18.708	  31.02719132 121.43959963 1.75  0.0 0.0
2015-07-01-15 59 18.816	  31.02719132 121.43959963 1.75  0.0 0.0
2015-07-01-15 59 18.918	  31.02719132 121.43959963 1.75  0.0 0.0
2015-07-01-15 59 19.021	  31.02719132 121.43959963 1.75  0.0 0.0
2015-07-01-15 59 19.164	  31.02719132 121.43959963 1.75  0.0 0.0
2015-07-01-15 59 19.269	  31.02719132 121.43959963 1.75  0.0 0.0
2015-07-01-15 59 19.381	  31.02719132 121.43959963 1.75  0.0 0.0
2015-07-01-15 59 19.484	  31.02719132 121.43959963 1.75  0.0 0.0
2015-07-01-15 59 19.587	  31.02719132 121.43959963 1.75  0.0 0.0
2015-07-01-15 59 19.734	  31.02719132 121.43959963 1.75  0.0 0.0
2015-07-01-15 59 19.837	  31.02719132 121.43959963 1.75  0.0 0.0
2015-07-01-15 59 19.938	  31.02719132 121.43959963 1.75  0.0 0.0
2015-07-01-15 59 20.042	  31.02719132 121.43959963 1.75  0.0 0.0
2015-07-01-15 59 20.148	  31.02719132 121.43959963 1.75  0.0 0.0
2015-07-01-15 59 20.265	  31.02719132 121.43959963 1.75  0.0 0.0
2015-07-01-15 59 20.372	  31.02719132 121.43959963 1.75  0.0 0.0
2015-07-01-15 59 20.474	  31.02719132 121.43959963 1.75  0.0 0.0
2015-07-01-15 59 20.576	  31.02719132 121.43959963 1.75  0.0 0.0
2015-07-01-15 59 20.709	  31.02719132 121.43959963 1.75  0.0 0.0
2015-07-01-15 59 20.812	  31.0271615 121.43961087 1.75  0.0 0.0
2015-07-01-15 59 20.923	  31.0271615 121.43961087 1.75  0.0 0.0
2015-07-01-15 59 21.026	  31.0271615 121.43961087 1.75  0.0 0.0
2015-07-01-15 59 21.129	  31.0271615 121.43961087 1.75  0.0 0.0
2015-07-01-15 59 21.234	  31.0271615 121.43961087 1.75  0.0 0.0
2015-07-01-15 59 21.347	  31.0271615 121.43961087 1.75  0.0 0.0
2015-07-01-15 59 21.506	  31.0271615 121.43961087 1.75  0.0 0.0
2015-07-01-15 59 21.608	  31.0271615 121.43961087 1.75  0.0 0.0
2015-07-01-15 59 21.729	  31.0271615 121.43961087 1.75  0.0 0.0
2015-07-01-15 59 21.831	  31.0271615 121.43961087 1.75  0.0 0.0
2015-07-01-15 59 21.933	  31.0271615 121.43961087 1.75  0.0 0.0
2015-07-01-15 59 22.036	  31.0271615 121.43961087 1.75  0.0 0.0
2015-07-01-15 59 22.141	  31.0271615 121.43961087 1.75  0.0 0.0
2015-07-01-15 59 22.272	  31.0271615 121.43961087 1.75  0.0 0.0
2015-07-01-15 59 22.376	  31.0271615 121.43961087 1.75  0.0 0.0
2015-07-01-15 59 22.485	  31.0271615 121.43961087 1.75  0.0 0.0
2015-07-01-15 59 22.590	  31.0271615 121.43961087 1.75  0.0 0.0
2015-07-01-15 59 22.700	  31.0271615 121.43961087 1.75  0.0 0.0
2015-07-01-15 59 22.802	  31.0271615 121.43961087 1.75  0.0 0.0
2015-07-01-15 59 22.903	  31.0271615 121.43961087 1.75  0.0 0.0
2015-07-01-15 59 23.006	  31.0271615 121.43961087 1.75  0.0 0.0
2015-07-01-15 59 23.109	  31.0271615 121.43961087 1.75  0.0 0.0
2015-07-01-15 59 23.212	  31.02713073 121.43962215 1.75  0.0 0.0
2015-07-01-15 59 23.318	  31.02713073 121.43962215 1.75  0.0 0.0
2015-07-01-15 59 23.419	  31.02713073 121.43962215 1.75  0.0 0.0
2015-07-01-15 59 23.520	  31.02713073 121.43962215 1.75  0.0 0.0
2015-07-01-15 59 23.623	  31.02713073 121.43962215 1.75  0.0 0.0
2015-07-01-15 59 23.727	  31.02713073 121.43962215 1.75  0.0 0.0
2015-07-01-15 59 23.829	  31.02713073 121.43962215 1.75  0.0 0.0
2015-07-01-15 59 23.936	  31.02713073 121.43962215 1.75  0.0 0.0
2015-07-01-15 59 24.040	  31.02713073 121.43962215 1.75  0.0 0.0
2015-07-01-15 59 24.153	  31.02713073 121.43962215 1.75  0.0 0.0
2015-07-01-15 59 24.255	  31.02713073 121.43962215 1.75  0.0 0.0
2015-07-01-15 59 24.359	  31.02713073 121.43962215 1.75  0.0 0.0
2015-07-01-15 59 24.461	  31.02713073 121.43962215 1.75  0.0 0.0
2015-07-01-15 59 24.563	  31.02713073 121.43962215 1.75  0.0 0.0
2015-07-01-15 59 24.667	  31.02710211 121.43963476 1.75  0.0 0.0
2015-07-01-15 59 24.780	  31.02710211 121.43963476 1.75  0.0 0.0
2015-07-01-15 59 24.882	  31.02710211 121.43963476 1.75  0.0 0.0
2015-07-01-15 59 24.987	  31.02710211 121.43963476 1.75  0.0 0.0
2015-07-01-15 59 25.088	  31.02710211 121.43963476 1.75  0.0 0.0
2015-07-01-15 59 25.200	  31.02710211 121.43963476 1.75  0.0 0.0
2015-07-01-15 59 25.306	  31.02710211 121.43963476 1.75  0.0 0.0
2015-07-01-15 59 25.409	  31.02710211 121.43963476 1.75  0.0 0.0
2015-07-01-15 59 25.516	  31.02710211 121.43963476 1.75  0.0 0.0
2015-07-01-15 59 25.623	  31.02710211 121.43963476 1.75  0.0 0.0
2015-07-01-15 59 25.741	  31.02710211 121.43963476 1.75  0.0 0.0
2015-07-01-15 59 25.843	  31.02710211 121.43963476 1.75  0.0 0.0
2015-07-01-15 59 25.944	  31.02710211 121.43963476 1.75  0.0 0.0
2015-07-01-15 59 26.049	  31.02710211 121.43963476 1.75  0.0 0.0
2015-07-01-15 59 26.165	  31.02710211 121.43963476 1.75  0.0 0.0
2015-07-01-15 59 26.269	  31.02710211 121.43963476 1.75  0.0 0.0
2015-07-01-15 59 26.373	  31.02710211 121.43963476 1.75  0.0 0.0
2015-07-01-15 59 26.476	  31.02710211 121.43963476 1.75  0.0 0.0
2015-07-01-15 59 26.579	  31.02710211 121.43963476 1.75  0.0 0.0
2015-07-01-15 59 26.682	  31.02707462 121.43964636 1.75  0.0 0.0
2015-07-01-15 59 26.789	  31.02707462 121.43964636 1.75  0.0 0.0
2015-07-01-15 59 26.892	  31.02707462 121.43964636 1.75  0.0 0.0
2015-07-01-15 59 26.996	  31.02707462 121.43964636 1.75  0.0 0.0
2015-07-01-15 59 27.102	  31.02707462 121.43964636 1.75  0.0 0.0
2015-07-01-15 59 27.215	  31.02707462 121.43964636 1.75  0.0 0.0
2015-07-01-15 59 27.316	  31.02707462 121.43964636 1.75  0.0 0.0
2015-07-01-15 59 27.419	  31.02707462 121.43964636 1.75  0.0 0.0
2015-07-01-15 59 27.521	  31.02707462 121.43964636 1.75  0.0 0.0
2015-07-01-15 59 27.627	  31.02707462 121.43964636 1.75  0.0 0.0
2015-07-01-15 59 27.728	  31.02707462 121.43964636 1.75  0.0 0.0
2015-07-01-15 59 27.830	  31.02707462 121.43964636 1.75  0.0 0.0
2015-07-01-15 59 27.932	  31.02707462 121.43964636 1.75  0.0 0.0
2015-07-01-15 59 28.036	  31.02707462 121.43964636 1.75  0.0 0.0
2015-07-01-15 59 28.139	  31.02707462 121.43964636 1.75  0.0 0.0
2015-07-01-15 59 28.243	  31.02707462 121.43964636 1.75  0.0 0.0
2015-07-01-15 59 28.344	  31.02707462 121.43964636 1.75  0.0 0.0
2015-07-01-15 59 28.446	  31.02707462 121.43964636 1.75  0.0 0.0
2015-07-01-15 59 28.551	  31.02707462 121.43964636 1.75  0.0 0.0
2015-07-01-15 59 28.664	  31.02707462 121.43964636 1.75  0.0 0.0
2015-07-01-15 59 28.766	  31.02707462 121.43964636 1.75  0.0 0.0
2015-07-01-15 59 28.872	  31.0270465 121.43965737 1.75  0.0 0.0
2015-07-01-15 59 28.974	  31.0270465 121.43965737 1.75  0.0 0.0
2015-07-01-15 59 29.087	  31.0270465 121.43965737 1.75  0.0 0.0
2015-07-01-15 59 29.190	  31.0270465 121.43965737 1.75  0.0 0.0
2015-07-01-15 59 29.294	  31.0270465 121.43965737 1.75  0.0 0.0
2015-07-01-15 59 29.397	  31.0270465 121.43965737 1.75  0.0 0.0
2015-07-01-15 59 29.500	  31.0270465 121.43965737 1.75  0.0 0.0
2015-07-01-15 59 29.603	  31.0270465 121.43965737 1.75  0.0 0.0
2015-07-01-15 59 29.708	  31.0270465 121.43965737 1.75  0.0 0.0
2015-07-01-15 59 29.810	  31.0270465 121.43965737 1.75  0.0 0.0
2015-07-01-15 59 29.916	  31.0270465 121.43965737 1.75  0.0 0.0
2015-07-01-15 59 30.022	  31.0270465 121.43965737 1.75  0.0 0.0
2015-07-01-15 59 30.134	  31.0270465 121.43965737 1.75  0.0 0.0
2015-07-01-15 59 30.236	  31.0270465 121.43965737 1.75  0.0 0.0
2015-07-01-15 59 30.340	  31.0270465 121.43965737 1.75  0.0 0.0
2015-07-01-15 59 30.442	  31.0270465 121.43965737 1.75  0.0 0.0
2015-07-01-15 59 30.543	  31.0270465 121.43965737 1.75  0.0 0.0
2015-07-01-15 59 30.655	  31.0270465 121.43965737 1.75  0.0 0.0
2015-07-01-15 59 30.759	  31.02701851 121.43967025 1.75  0.0 0.0
2015-07-01-15 59 30.874	  31.02701851 121.43967025 1.75  0.0 0.0
2015-07-01-15 59 30.977	  31.02701851 121.43967025 1.75  0.0 0.0
2015-07-01-15 59 31.088	  31.02701851 121.43967025 1.75  0.0 0.0
2015-07-01-15 59 31.195	  31.02701851 121.43967025 1.75  0.0 0.0
2015-07-01-15 59 31.306	  31.02701851 121.43967025 1.75  0.0 0.0
2015-07-01-15 59 31.408	  31.02701851 121.43967025 1.75  0.0 0.0
2015-07-01-15 59 31.511	  31.02701851 121.43967025 1.75  0.0 0.0
2015-07-01-15 59 31.612	  31.02701851 121.43967025 1.75  0.0 0.0
2015-07-01-15 59 31.718	  31.02701851 121.43967025 1.75  0.0 0.0
2015-07-01-15 59 31.820	  31.02701851 121.43967025 1.75  0.0 0.0
2015-07-01-15 59 31.925	  31.02701851 121.43967025 1.75  0.0 0.0
2015-07-01-15 59 32.027	  31.02701851 121.43967025 1.75  0.0 0.0
2015-07-01-15 59 32.131	  31.02701851 121.43967025 1.75  0.0 0.0
2015-07-01-15 59 32.233	  31.02701851 121.43967025 1.75  0.0 0.0
2015-07-01-15 59 32.340	  31.02701851 121.43967025 1.75  0.0 0.0
2015-07-01-15 59 32.443	  31.02701851 121.43967025 1.75  0.0 0.0
2015-07-01-15 59 32.550	  31.02701851 121.43967025 1.75  0.0 0.0
2015-07-01-15 59 32.652	  31.02698908 121.43968433 1.75  0.0 0.0
2015-07-01-15 59 32.805	  31.02698908 121.43968433 1.75  0.0 0.0
2015-07-01-15 59 32.906	  31.02698908 121.43968433 1.75  0.0 0.0
2015-07-01-15 59 33.036	  31.02698908 121.43968433 1.75  0.0 0.0
2015-07-01-15 59 33.137	  31.02698908 121.43968433 1.75  0.0 0.0
2015-07-01-15 59 33.297	  31.02698908 121.43968433 1.75  0.0 0.0
2015-07-01-15 59 33.407	  31.02698908 121.43968433 1.75  0.0 0.0
2015-07-01-15 59 33.509	  31.02698908 121.43968433 1.75  0.0 0.0
2015-07-01-15 59 33.622	  31.02698908 121.43968433 1.75  0.0 0.0
2015-07-01-15 59 33.727	  31.02698908 121.43968433 1.75  0.0 0.0
2015-07-01-15 59 33.838	  31.02698908 121.43968433 1.75  0.0 0.0
2015-07-01-15 59 33.943	  31.02698908 121.43968433 1.75  0.0 0.0
2015-07-01-15 59 34.051	  31.02698908 121.43968433 1.75  0.0 0.0
2015-07-01-15 59 34.158	  31.02698908 121.43968433 1.75  0.0 0.0
2015-07-01-15 59 34.273	  31.02698908 121.43968433 1.75  0.0 0.0
2015-07-01-15 59 34.375	  31.02698908 121.43968433 1.75  0.0 0.0
2015-07-01-15 59 34.487	  31.02698908 121.43968433 1.75  0.0 0.0
2015-07-01-15 59 34.591	  31.02698908 121.43968433 1.75  0.0 0.0
2015-07-01-15 59 34.706	  31.0269597 121.43969797 1.75  0.0 0.0
2015-07-01-15 59 34.808	  31.0269597 121.43969797 1.75  0.0 0.0
2015-07-01-15 59 34.912	  31.0269597 121.43969797 1.75  0.0 0.0
2015-07-01-15 59 35.015	  31.0269597 121.43969797 1.75  0.0 0.0
2015-07-01-15 59 35.121	  31.0269597 121.43969797 1.75  0.0 0.0
2015-07-01-15 59 35.224	  31.0269597 121.43969797 1.75  0.0 0.0
2015-07-01-15 59 35.333	  31.0269597 121.43969797 1.75  0.0 0.0
2015-07-01-15 59 35.437	  31.0269597 121.43969797 1.75  0.0 0.0
2015-07-01-15 59 35.540	  31.0269597 121.43969797 1.75  0.0 0.0
2015-07-01-15 59 35.656	  31.0269597 121.43969797 1.75  0.0 0.0
2015-07-01-15 59 35.762	  31.0269597 121.43969797 1.75  0.0 0.0
2015-07-01-15 59 35.927	  31.0269597 121.43969797 1.75  0.0 0.0
2015-07-01-15 59 36.029	  31.0269597 121.43969797 1.75  0.0 0.0
2015-07-01-15 59 36.155	  31.0269597 121.43969797 1.75  0.0 0.0
2015-07-01-15 59 36.256	  31.0269597 121.43969797 1.75  0.0 0.0
2015-07-01-15 59 36.396	  31.0269597 121.43969797 1.75  0.0 0.0
2015-07-01-15 59 36.504	  31.0269597 121.43969797 1.75  0.0 0.0
2015-07-01-15 59 36.658	  31.0269597 121.43969797 1.75  0.0 0.0
2015-07-01-15 59 36.763	  31.0269597 121.43969797 1.75  0.0 0.0
2015-07-01-15 59 36.865	  31.02692999 121.43970999 1.75  0.0 0.0
2015-07-01-15 59 36.975	  31.02692999 121.43970999 1.75  0.0 0.0
2015-07-01-15 59 37.080	  31.02692999 121.43970999 1.75  0.0 0.0
2015-07-01-15 59 37.190	  31.02692999 121.43970999 1.75  0.0 0.0
2015-07-01-15 59 37.293	  31.02692999 121.43970999 1.75  0.0 0.0
2015-07-01-15 59 37.405	  31.02692999 121.43970999 1.75  0.0 0.0
2015-07-01-15 59 37.510	  31.02692999 121.43970999 1.75  0.0 0.0
2015-07-01-15 59 37.628	  31.02692999 121.43970999 1.75  0.0 0.0
2015-07-01-15 59 37.730	  31.02692999 121.43970999 1.75  0.0 0.0
2015-07-01-15 59 37.892	  31.02692999 121.43970999 1.75  0.0 0.0
2015-07-01-15 59 37.994	  31.02692999 121.43970999 1.75  0.0 0.0
2015-07-01-15 59 38.135	  31.02692999 121.43970999 1.75  0.0 0.0
2015-07-01-15 59 38.250	  31.02692999 121.43970999 1.75  0.0 0.0
2015-07-01-15 59 38.352	  31.02692999 121.43970999 1.75  0.0 0.0
2015-07-01-15 59 38.462	  31.02692999 121.43970999 1.75  0.0 0.0
2015-07-01-15 59 38.568	  31.02692999 121.43970999 1.75  0.0 0.0
2015-07-01-15 59 38.755	  31.02692999 121.43970999 1.75  0.0 0.0
2015-07-01-15 59 38.856	  31.02692999 121.43970999 1.75  0.0 0.0
2015-07-01-15 59 38.975	  31.02692999 121.43970999 1.75  0.0 0.0
2015-07-01-15 59 39.078	  31.02692999 121.43970999 1.75  0.0 0.0
2015-07-01-15 59 39.181	  31.02692999 121.43970999 1.75  0.0 0.0
2015-07-01-15 59 39.364	  31.02690022 121.43972186 1.75  0.0 0.0
2015-07-01-15 59 39.466	  31.02690022 121.43972186 1.75  0.0 0.0
2015-07-01-15 59 39.609	  31.02690022 121.43972186 1.75  0.0 0.0
2015-07-01-15 59 39.720	  31.02690022 121.43972186 1.75  0.0 0.0
2015-07-01-15 59 39.825	  31.02690022 121.43972186 1.75  0.0 0.0
2015-07-01-15 59 39.976	  31.02690022 121.43972186 1.75  0.0 0.0
2015-07-01-15 59 40.080	  31.02690022 121.43972186 1.75  0.0 0.0
2015-07-01-15 59 40.241	  31.02690022 121.43972186 1.75  0.0 0.0
2015-07-01-15 59 40.345	  31.02690022 121.43972186 1.75  0.0 0.0
2015-07-01-15 59 40.447	  31.02690022 121.43972186 1.75  0.0 0.0
2015-07-01-15 59 40.576	  31.02690022 121.43972186 1.75  0.0 0.0
2015-07-01-15 59 40.678	  31.02686962 121.43973269 1.75  0.0 0.0
2015-07-01-15 59 40.780	  31.02686962 121.43973269 1.75  0.0 0.0
2015-07-01-15 59 40.900	  31.02686962 121.43973269 1.75  0.0 0.0
2015-07-01-15 59 41.003	  31.02686962 121.43973269 1.75  0.0 0.0
2015-07-01-15 59 41.160	  31.02686962 121.43973269 1.75  0.0 0.0
2015-07-01-15 59 41.264	  31.02686962 121.43973269 1.75  0.0 0.0
2015-07-01-15 59 41.366	  31.02686962 121.43973269 1.75  0.0 0.0
2015-07-01-15 59 41.513	  31.02686962 121.43973269 1.75  0.0 0.0
2015-07-01-15 59 41.618	  31.02686962 121.43973269 1.75  0.0 0.0
2015-07-01-15 59 41.773	  31.02686962 121.43973269 1.75  0.0 0.0
2015-07-01-15 59 41.877	  31.02686962 121.43973269 1.75  0.0 0.0
2015-07-01-15 59 41.981	  31.02686962 121.43973269 1.75  0.0 0.0
2015-07-01-15 59 42.148	  31.02686962 121.43973269 1.75  0.0 0.0
2015-07-01-15 59 42.250	  31.02686962 121.43973269 1.75  0.0 0.0
2015-07-01-15 59 42.385	  31.02686962 121.43973269 1.75  0.0 0.0
2015-07-01-15 59 42.495	  31.02686962 121.43973269 1.75  0.0 0.0
2015-07-01-15 59 42.599	  31.02686962 121.43973269 1.75  0.0 0.0
2015-07-01-15 59 42.735	  31.02684019 121.43974479 1.75  0.0 0.0
2015-07-01-15 59 42.838	  31.02684019 121.43974479 1.75  0.0 0.0
2015-07-01-15 59 42.974	  31.02684019 121.43974479 1.75  0.0 0.0
2015-07-01-15 59 43.086	  31.02684019 121.43974479 1.75  0.0 0.0
2015-07-01-15 59 43.189	  31.02684019 121.43974479 1.75  0.0 0.0
2015-07-01-15 59 43.329	  31.02684019 121.43974479 1.75  0.0 0.0
2015-07-01-15 59 43.434	  31.02684019 121.43974479 1.75  0.0 0.0
2015-07-01-15 59 43.610	  31.02684019 121.43974479 1.75  0.0 0.0
2015-07-01-15 59 43.717	  31.02684019 121.43974479 1.75  0.0 0.0
2015-07-01-15 59 43.820	  31.02684019 121.43974479 1.75  0.0 0.0
2015-07-01-15 59 43.971	  31.02684019 121.43974479 1.75  0.0 0.0
2015-07-01-15 59 44.076	  31.02684019 121.43974479 1.75  0.0 0.0
2015-07-01-15 59 44.223	  31.02684019 121.43974479 1.75  0.0 0.0
2015-07-01-15 59 44.347	  31.02684019 121.43974479 1.75  0.0 0.0
2015-07-01-15 59 44.449	  31.02684019 121.43974479 1.75  0.0 0.0
2015-07-01-15 59 44.605	  31.02684019 121.43974479 1.75  0.0 0.0
2015-07-01-15 59 44.708	  31.02684019 121.43974479 1.75  0.0 0.0
2015-07-01-15 59 44.841	  31.02681115 121.43975765 1.75  0.0 0.0
2015-07-01-15 59 44.953	  31.02681115 121.43975765 1.75  0.0 0.0
2015-07-01-15 59 45.056	  31.02681115 121.43975765 1.75  0.0 0.0
2015-07-01-15 59 45.195	  31.02681115 121.43975765 1.75  0.0 0.0
2015-07-01-15 59 45.301	  31.02681115 121.43975765 1.75  0.0 0.0
2015-07-01-15 59 45.457	  31.02681115 121.43975765 1.75  0.0 0.0
2015-07-01-15 59 45.560	  31.02681115 121.43975765 1.75  0.0 0.0
2015-07-01-15 59 45.669	  31.02681115 121.43975765 1.75  0.0 0.0
2015-07-01-15 59 45.785	  31.02681115 121.43975765 1.75  0.0 0.0
2015-07-01-15 59 45.891	  31.02681115 121.43975765 1.75  0.0 0.0
2015-07-01-15 59 45.995	  31.02681115 121.43975765 1.75  0.0 0.0
2015-07-01-15 59 46.169	  31.02681115 121.43975765 1.75  0.0 0.0
2015-07-01-15 59 46.272	  31.02681115 121.43975765 1.75  0.0 0.0
2015-07-01-15 59 46.378	  31.02681115 121.43975765 1.75  0.0 0.0
2015-07-01-15 59 46.550	  31.02681115 121.43975765 1.75  0.0 0.0
2015-07-01-15 59 46.652	  31.02681115 121.43975765 1.75  0.0 0.0
2015-07-01-15 59 46.754	  31.02678066 121.43977209 1.75  0.0 0.0
2015-07-01-15 59 46.878	  31.02678066 121.43977209 1.75  0.0 0.0
2015-07-01-15 59 46.980	  31.02678066 121.43977209 1.75  0.0 0.0
2015-07-01-15 59 47.084	  31.02678066 121.43977209 1.75  0.0 0.0
2015-07-01-15 59 47.232	  31.02678066 121.43977209 1.75  0.0 0.0
2015-07-01-15 59 47.333	  31.02678066 121.43977209 1.75  0.0 0.0
2015-07-01-15 59 47.436	  31.02678066 121.43977209 1.75  0.0 0.0
2015-07-01-15 59 47.569	  31.02678066 121.43977209 1.75  0.0 0.0
2015-07-01-15 59 47.673	  31.02678066 121.43977209 1.75  0.0 0.0
2015-07-01-15 59 47.777	  31.02678066 121.43977209 1.75  0.0 0.0
2015-07-01-15 59 47.911	  31.02678066 121.43977209 1.75  0.0 0.0
2015-07-01-15 59 48.013	  31.02678066 121.43977209 1.75  0.0 0.0
2015-07-01-15 59 48.115	  31.02678066 121.43977209 1.75  0.0 0.0
2015-07-01-15 59 48.257	  31.02678066 121.43977209 1.75  0.0 0.0
2015-07-01-15 59 48.360	  31.02678066 121.43977209 1.75  0.0 0.0
2015-07-01-15 59 48.462	  31.02678066 121.43977209 1.75  0.0 0.0
2015-07-01-15 59 48.604	  31.02678066 121.43977209 1.75  0.0 0.0
2015-07-01-15 59 48.707	  31.02674981 121.43978777 1.75  0.0 0.0
2015-07-01-15 59 48.809	  31.02674981 121.43978777 1.75  0.0 0.0
2015-07-01-15 59 48.924	  31.02674981 121.43978777 1.75  0.0 0.0
2015-07-01-15 59 49.027	  31.02674981 121.43978777 1.75  0.0 0.0
2015-07-01-15 59 49.130	  31.02674981 121.43978777 1.75  0.0 0.0
2015-07-01-15 59 49.276	  31.02674981 121.43978777 1.75  0.0 0.0
2015-07-01-15 59 49.392	  31.02674981 121.43978777 1.75  0.0 0.0
2015-07-01-15 59 49.493	  31.02674981 121.43978777 1.75  0.0 0.0
2015-07-01-15 59 49.640	  31.02674981 121.43978777 1.75  0.0 0.0
2015-07-01-15 59 49.745	  31.02674981 121.43978777 1.75  0.0 0.0
2015-07-01-15 59 49.846	  31.02674981 121.43978777 1.75  0.0 0.0
2015-07-01-15 59 49.988	  31.02674981 121.43978777 1.75  0.0 0.0
2015-07-01-15 59 50.095	  31.02674981 121.43978777 1.75  0.0 0.0
2015-07-01-15 59 50.199	  31.02674981 121.43978777 1.75  0.0 0.0
2015-07-01-15 59 50.324	  31.02674981 121.43978777 1.75  0.0 0.0
2015-07-01-15 59 50.426	  31.02674981 121.43978777 1.75  0.0 0.0
2015-07-01-15 59 50.572	  31.02674981 121.43978777 1.75  0.0 0.0
2015-07-01-15 59 50.755	  31.02671907 121.43980085 1.75  0.0 0.0
2015-07-01-15 59 50.872	  31.02671907 121.43980085 1.75  0.0 0.0
2015-07-01-15 59 50.977	  31.02671907 121.43980085 1.75  0.0 0.0
2015-07-01-15 59 51.080	  31.02671907 121.43980085 1.75  0.0 0.0
2015-07-01-15 59 51.211	  31.02671907 121.43980085 1.75  0.0 0.0
2015-07-01-15 59 51.317	  31.02671907 121.43980085 1.75  0.0 0.0
2015-07-01-15 59 51.422	  31.02671907 121.43980085 1.75  0.0 0.0
2015-07-01-15 59 51.588	  31.02671907 121.43980085 1.75  0.0 0.0
2015-07-01-15 59 51.704	  31.02671907 121.43980085 1.75  0.0 0.0
2015-07-01-15 59 51.810	  31.02671907 121.43980085 1.75  0.0 0.0
2015-07-01-15 59 51.918	  31.02671907 121.43980085 1.75  0.0 0.0
2015-07-01-15 59 52.090	  31.02671907 121.43980085 1.75  0.0 0.0
2015-07-01-15 59 52.212	  31.02671907 121.43980085 1.75  0.0 0.0
2015-07-01-15 59 52.315	  31.02671907 121.43980085 1.75  0.0 0.0
2015-07-01-15 59 52.416	  31.02671907 121.43980085 1.75  0.0 0.0
2015-07-01-15 59 52.551	  31.02671907 121.43980085 1.75  0.0 0.0
2015-07-01-15 59 52.667	  31.02671907 121.43980085 1.75  0.0 0.0
2015-07-01-15 59 52.774	  31.02671907 121.43980085 1.75  0.0 0.0
2015-07-01-15 59 52.875	  31.02668804 121.43981482 1.75  0.0 0.0
2015-07-01-15 59 52.993	  31.02668804 121.43981482 1.75  0.0 0.0
2015-07-01-15 59 53.135	  31.02668804 121.43981482 1.75  0.0 0.0
2015-07-01-15 59 53.243	  31.02668804 121.43981482 1.75  0.0 0.0
2015-07-01-15 59 53.345	  31.02668804 121.43981482 1.75  0.0 0.0
2015-07-01-15 59 53.511	  31.02668804 121.43981482 1.75  0.0 0.0
2015-07-01-15 59 53.650	  31.02668804 121.43981482 1.75  0.0 0.0
2015-07-01-15 59 53.760	  31.02668804 121.43981482 1.75  0.0 0.0
2015-07-01-15 59 53.862	  31.02668804 121.43981482 1.75  0.0 0.0
2015-07-01-15 59 53.980	  31.02668804 121.43981482 1.75  0.0 0.0
2015-07-01-15 59 54.097	  31.02668804 121.43981482 1.75  0.0 0.0
2015-07-01-15 59 54.206	  31.02668804 121.43981482 1.75  0.0 0.0
2015-07-01-15 59 54.312	  31.02668804 121.43981482 1.75  0.0 0.0
2015-07-01-15 59 54.483	  31.02668804 121.43981482 1.75  0.0 0.0
2015-07-01-15 59 54.586	  31.02668804 121.43981482 1.75  0.0 0.0
2015-07-01-15 59 54.705	  31.0266575 121.43982671 1.75  0.0 0.0
2015-07-01-15 59 54.868	  31.0266575 121.43982671 1.75  0.0 0.0
2015-07-01-15 59 54.998	  31.0266575 121.43982671 1.75  0.0 0.0
2015-07-01-15 59 55.105	  31.0266575 121.43982671 1.75  0.0 0.0
2015-07-01-15 59 55.206	  31.0266575 121.43982671 1.75  0.0 0.0
2015-07-01-15 59 55.325	  31.0266575 121.43982671 1.75  0.0 0.0
2015-07-01-15 59 55.453	  31.0266575 121.43982671 1.75  0.0 0.0
2015-07-01-15 59 55.563	  31.0266575 121.43982671 1.75  0.0 0.0
2015-07-01-15 59 55.673	  31.0266575 121.43982671 1.75  0.0 0.0
2015-07-01-15 59 55.832	  31.0266575 121.43982671 1.75  0.0 0.0
2015-07-01-15 59 55.949	  31.0266575 121.43982671 1.75  0.0 0.0
2015-07-01-15 59 56.053	  31.0266575 121.43982671 1.75  0.0 0.0
2015-07-01-15 59 56.157	  31.0266575 121.43982671 1.75  0.0 0.0
2015-07-01-15 59 56.327	  31.0266575 121.43982671 1.75  0.0 0.0
2015-07-01-15 59 56.461	  31.0266575 121.43982671 1.75  0.0 0.0
2015-07-01-15 59 56.577	  31.0266575 121.43982671 1.75  0.0 0.0
2015-07-01-15 59 56.680	  31.02662742 121.43983816 1.75  0.0 0.0
2015-07-01-15 59 56.845	  31.02662742 121.43983816 1.75  0.0 0.0
2015-07-01-15 59 56.962	  31.02662742 121.43983816 1.75  0.0 0.0
2015-07-01-15 59 57.069	  31.02662742 121.43983816 1.75  0.0 0.0
2015-07-01-15 59 57.171	  31.02662742 121.43983816 1.75  0.0 0.0
2015-07-01-15 59 57.291	  31.02662742 121.43983816 1.75  0.0 0.0
2015-07-01-15 59 57.472	  31.02662742 121.43983816 1.75  0.0 0.0
2015-07-01-15 59 57.576	  31.02662742 121.43983816 1.75  0.0 0.0
2015-07-01-15 59 57.678	  31.02662742 121.43983816 1.75  0.0 0.0
2015-07-01-15 59 57.804	  31.02662742 121.43983816 1.75  0.0 0.0
2015-07-01-15 59 57.970	  31.02662742 121.43983816 1.75  0.0 0.0
2015-07-01-15 59 58.072	  31.02662742 121.43983816 1.75  0.0 0.0
2015-07-01-15 59 58.178	  31.02662742 121.43983816 1.75  0.0 0.0
2015-07-01-15 59 58.345	  31.02662742 121.43983816 1.75  0.0 0.0
2015-07-01-15 59 58.514	  31.02662742 121.43983816 1.75  0.0 0.0
2015-07-01-15 59 58.616	  31.02662742 121.43983816 1.75  0.0 0.0
2015-07-01-15 59 58.718	  31.02659667 121.43984918 1.75  0.0 0.0
2015-07-01-15 59 58.850	  31.02659667 121.43984918 1.75  0.0 0.0
2015-07-01-15 59 58.952	  31.02659667 121.43984918 1.75  0.0 0.0
2015-07-01-15 59 59.097	  31.02659667 121.43984918 1.75  0.0 0.0
2015-07-01-15 59 59.256	  31.02659667 121.43984918 1.75  0.0 0.0
2015-07-01-15 59 59.383	  31.02659667 121.43984918 1.75  0.0 0.0
2015-07-01-15 59 59.491	  31.02659667 121.43984918 1.75  0.0 0.0
2015-07-01-15 59 59.593	  31.02659667 121.43984918 1.75  0.0 0.0
2015-07-01-15 59 59.743	  31.02659667 121.43984918 1.75  0.0 0.0
2015-07-01-15 59 59.872	  31.02659667 121.43984918 1.75  0.0 0.0
2015-07-01-15 59 59.980	  31.02659667 121.43984918 1.75  0.0 0.0
2015-07-01-16 00 00.089	  31.02659667 121.43984918 1.75  0.0 0.0
2015-07-01-16 00 00.220	  31.02659667 121.43984918 1.75  0.0 0.0
2015-07-01-16 00 00.341	  31.02659667 121.43984918 1.75  0.0 0.0
2015-07-01-16 00 00.446	  31.02659667 121.43984918 1.75  0.0 0.0
2015-07-01-16 00 00.553	  31.02659667 121.43984918 1.75  0.0 0.0
2015-07-01-16 00 00.720	  31.02659667 121.43984918 1.75  0.0 0.0
2015-07-01-16 00 00.896	  31.02656873 121.43986299 1.75  0.0 0.0
2015-07-01-16 00 01.036	  31.02656873 121.43986299 1.75  0.0 0.0
2015-07-01-16 00 01.156	  31.02656873 121.43986299 1.75  0.0 0.0
2015-07-01-16 00 01.276	  31.02656873 121.43986299 1.75  0.0 0.0
2015-07-01-16 00 01.378	  31.02656873 121.43986299 1.75  0.0 0.0
2015-07-01-16 00 01.507	  31.02656873 121.43986299 1.75  0.0 0.0
2015-07-01-16 00 01.645	  31.02656873 121.43986299 1.75  0.0 0.0
2015-07-01-16 00 01.750	  31.02656873 121.43986299 1.75  0.0 0.0
2015-07-01-16 00 01.851	  31.02656873 121.43986299 1.75  0.0 0.0
2015-07-01-16 00 01.979	  31.02656873 121.43986299 1.75  0.0 0.0
2015-07-01-16 00 02.111	  31.02656873 121.43986299 1.75  0.0 0.0
2015-07-01-16 00 02.221	  31.02656873 121.43986299 1.75  0.0 0.0
2015-07-01-16 00 02.325	  31.02656873 121.43986299 1.75  0.0 0.0
2015-07-01-16 00 02.466	  31.02656873 121.43986299 1.75  0.0 0.0
2015-07-01-16 00 02.570	  31.02656873 121.43986299 1.75  0.0 0.0
