2015-07-01-16 04 14.265	  0.0 0.0 0.0  0.0 0.0
2015-07-01-16 04 14.366	  0.0 0.0 0.0  0.0 0.0
2015-07-01-16 04 14.473	  0.0 0.0 0.0  0.0 0.0
2015-07-01-16 04 14.576	  0.0 0.0 0.0  0.0 0.0
2015-07-01-16 04 14.679	  0.0 0.0 0.0  0.0 0.0
2015-07-01-16 04 14.780	  0.0 0.0 0.0  0.0 0.0
2015-07-01-16 04 14.884	  0.0 0.0 0.0  0.0 0.0
2015-07-01-16 04 14.985	  0.0 0.0 0.0  0.0 0.0
2015-07-01-16 04 15.087	  0.0 0.0 0.0  0.0 0.0
2015-07-01-16 04 15.190	  0.0 0.0 0.0  0.0 0.0
2015-07-01-16 04 15.292	  0.0 0.0 0.0  0.0 0.0
2015-07-01-16 04 15.393	  0.0 0.0 0.0  0.0 0.0
2015-07-01-16 04 15.495	  0.0 0.0 0.0  0.0 0.0
2015-07-01-16 04 15.596	  0.0 0.0 0.0  0.0 0.0
2015-07-01-16 04 15.699	  0.0 0.0 0.0  0.0 0.0
2015-07-01-16 04 15.801	  0.0 0.0 0.0  0.0 0.0
2015-07-01-16 04 15.903	  0.0 0.0 0.0  0.0 0.0
2015-07-01-16 04 16.004	  0.0 0.0 0.0  0.0 0.0
2015-07-01-16 04 16.107	  0.0 0.0 0.0  0.0 0.0
2015-07-01-16 04 16.209	  0.0 0.0 0.0  0.0 0.0
2015-07-01-16 04 16.310	  0.0 0.0 0.0  0.0 0.0
2015-07-01-16 04 16.412	  0.0 0.0 0.0  0.0 0.0
2015-07-01-16 04 16.514	  0.0 0.0 0.0  0.0 0.0
2015-07-01-16 04 16.616	  31.02650949 121.43989367 1.0  0.0 0.0
2015-07-01-16 04 16.718	  31.02650949 121.43989367 1.0  0.0 0.0
2015-07-01-16 04 16.823	  31.02650949 121.43989367 1.0  0.0 0.0
2015-07-01-16 04 16.928	  31.02650949 121.43989367 1.0  0.0 0.0
2015-07-01-16 04 17.030	  31.02650949 121.43989367 1.0  0.0 0.0
2015-07-01-16 04 17.132	  31.02650949 121.43989367 1.0  0.0 0.0
2015-07-01-16 04 17.235	  31.02650949 121.43989367 1.0  0.0 0.0
2015-07-01-16 04 17.339	  31.02650949 121.43989367 1.0  0.0 0.0
2015-07-01-16 04 17.442	  31.02650949 121.43989367 1.0  0.0 0.0
2015-07-01-16 04 17.543	  31.02650949 121.43989367 1.0  0.0 0.0
2015-07-01-16 04 17.646	  31.02650949 121.43989367 1.0  0.0 0.0
2015-07-01-16 04 17.748	  31.02650949 121.43989367 1.0  0.0 0.0
2015-07-01-16 04 17.851	  31.02650949 121.43989367 1.0  0.0 0.0
2015-07-01-16 04 17.953	  31.02650949 121.43989367 1.0  0.0 0.0
2015-07-01-16 04 18.057	  31.02650949 121.43989367 1.0  0.0 0.0
2015-07-01-16 04 18.161	  31.02652649 121.43987509 1.0  0.0 0.0
2015-07-01-16 04 18.265	  31.02652649 121.43987509 1.0  0.0 0.0
2015-07-01-16 04 18.381	  31.02652649 121.43987509 1.0  0.0 0.0
2015-07-01-16 04 18.485	  31.02652649 121.43987509 1.0  0.0 0.0
2015-07-01-16 04 18.589	  31.02652649 121.43987509 1.0  0.0 0.0
2015-07-01-16 04 18.698	  31.02652649 121.43987509 1.0  0.0 0.0
2015-07-01-16 04 18.803	  31.02652649 121.43987509 1.0  0.0 0.0
2015-07-01-16 04 18.905	  31.02652649 121.43987509 1.0  0.0 0.0
2015-07-01-16 04 19.007	  31.02652649 121.43987509 1.0  0.0 0.0
2015-07-01-16 04 19.112	  31.02652649 121.43987509 1.0  0.0 0.0
2015-07-01-16 04 19.220	  31.02652649 121.43987509 1.0  0.0 0.0
2015-07-01-16 04 19.322	  31.02652649 121.43987509 1.0  0.0 0.0
2015-07-01-16 04 19.424	  31.02652649 121.43987509 1.0  0.0 0.0
2015-07-01-16 04 19.528	  31.02652649 121.43987509 1.0  0.0 0.0
2015-07-01-16 04 19.643	  31.02652649 121.43987509 1.0  0.0 0.0
2015-07-01-16 04 19.745	  31.02656642 121.439855 1.0  0.0 0.0
2015-07-01-16 04 19.847	  31.02656642 121.439855 1.0  0.0 0.0
2015-07-01-16 04 19.950	  31.02656642 121.439855 1.0  0.0 0.0
2015-07-01-16 04 20.054	  31.02656642 121.439855 1.0  0.0 0.0
2015-07-01-16 04 20.159	  31.02656642 121.439855 1.0  0.0 0.0
2015-07-01-16 04 20.265	  31.02656642 121.439855 1.0  0.0 0.0
2015-07-01-16 04 20.366	  31.02656642 121.439855 1.0  0.0 0.0
2015-07-01-16 04 20.467	  31.02656642 121.439855 1.0  0.0 0.0
2015-07-01-16 04 20.569	  31.02656642 121.439855 1.0  0.0 0.0
2015-07-01-16 04 20.671	  31.02658347 121.43984686 1.0  0.0 0.0
2015-07-01-16 04 20.780	  31.02658347 121.43984686 1.0  0.0 0.0
2015-07-01-16 04 20.883	  31.02658347 121.43984686 1.0  0.0 0.0
2015-07-01-16 04 20.995	  31.02658347 121.43984686 1.0  0.0 0.0
2015-07-01-16 04 21.096	  31.02658347 121.43984686 1.0  0.0 0.0
2015-07-01-16 04 21.198	  31.02658347 121.43984686 1.0  0.0 0.0
2015-07-01-16 04 21.301	  31.02658347 121.43984686 1.0  0.0 0.0
2015-07-01-16 04 21.404	  31.02658347 121.43984686 1.0  0.0 0.0
2015-07-01-16 04 21.506	  31.02658347 121.43984686 1.0  0.0 0.0
2015-07-01-16 04 21.610	  31.02658347 121.43984686 1.0  0.0 0.0
2015-07-01-16 04 21.718	  31.02658347 121.43984686 1.0  0.0 0.0
2015-07-01-16 04 21.820	  31.02658347 121.43984686 1.0  0.0 0.0
2015-07-01-16 04 21.922	  31.02658347 121.43984686 1.0  0.0 0.0
2015-07-01-16 04 22.026	  31.02658347 121.43984686 1.0  0.0 0.0
2015-07-01-16 04 22.132	  31.02658347 121.43984686 1.0  0.0 0.0
2015-07-01-16 04 22.237	  31.02658347 121.43984686 1.0  0.0 0.0
2015-07-01-16 04 22.343	  31.02658347 121.43984686 1.0  0.0 0.0
2015-07-01-16 04 22.444	  31.02658347 121.43984686 1.0  0.0 0.0
2015-07-01-16 04 22.545	  31.02658347 121.43984686 1.0  0.0 0.0
2015-07-01-16 04 22.649	  31.02658347 121.43984686 1.0  0.0 0.0
2015-07-01-16 04 22.753	  31.02661394 121.43983385 1.0  0.0 0.0
2015-07-01-16 04 22.855	  31.02661394 121.43983385 1.0  0.0 0.0
2015-07-01-16 04 22.958	  31.02661394 121.43983385 1.0  0.0 0.0
2015-07-01-16 04 23.062	  31.02661394 121.43983385 1.0  0.0 0.0
2015-07-01-16 04 23.164	  31.02661394 121.43983385 1.0  0.0 0.0
2015-07-01-16 04 23.267	  31.02661394 121.43983385 1.0  0.0 0.0
2015-07-01-16 04 23.370	  31.02661394 121.43983385 1.0  0.0 0.0
2015-07-01-16 04 23.478	  31.02661394 121.43983385 1.0  0.0 0.0
2015-07-01-16 04 23.583	  31.02661394 121.43983385 1.0  0.0 0.0
2015-07-01-16 04 23.687	  31.02661394 121.43983385 1.0  0.0 0.0
2015-07-01-16 04 23.809	  31.02661394 121.43983385 1.0  0.0 0.0
2015-07-01-16 04 23.911	  31.02661394 121.43983385 1.0  0.0 0.0
2015-07-01-16 04 24.015	  31.02661394 121.43983385 1.0  0.0 0.0
2015-07-01-16 04 24.121	  31.02661394 121.43983385 1.0  0.0 0.0
2015-07-01-16 04 24.227	  31.02661394 121.43983385 1.0  0.0 0.0
2015-07-01-16 04 24.330	  31.02661394 121.43983385 1.0  0.0 0.0
2015-07-01-16 04 24.432	  31.02661394 121.43983385 1.0  0.0 0.0
2015-07-01-16 04 24.535	  31.02661394 121.43983385 1.0  0.0 0.0
2015-07-01-16 04 24.641	  31.02661394 121.43983385 1.0  0.0 0.0
2015-07-01-16 04 24.743	  31.02663962 121.43982803 1.0  0.0 0.0
2015-07-01-16 04 24.844	  31.02663962 121.43982803 1.0  0.0 0.0
2015-07-01-16 04 24.946	  31.02663962 121.43982803 1.0  0.0 0.0
2015-07-01-16 04 25.051	  31.02663962 121.43982803 1.0  0.0 0.0
2015-07-01-16 04 25.153	  31.02663962 121.43982803 1.0  0.0 0.0
2015-07-01-16 04 25.254	  31.02663962 121.43982803 1.0  0.0 0.0
2015-07-01-16 04 25.363	  31.02663962 121.43982803 1.0  0.0 0.0
2015-07-01-16 04 25.467	  31.02663962 121.43982803 1.0  0.0 0.0
2015-07-01-16 04 25.573	  31.02663962 121.43982803 1.0  0.0 0.0
2015-07-01-16 04 25.675	  31.02663962 121.43982803 1.0  0.0 0.0
2015-07-01-16 04 25.777	  31.02663962 121.43982803 1.0  0.0 0.0
2015-07-01-16 04 25.878	  31.02663962 121.43982803 1.0  0.0 0.0
2015-07-01-16 04 25.983	  31.02663962 121.43982803 1.0  0.0 0.0
2015-07-01-16 04 26.093	  31.02663962 121.43982803 1.0  0.0 0.0
2015-07-01-16 04 26.195	  31.02663962 121.43982803 1.0  0.0 0.0
2015-07-01-16 04 26.296	  31.02663962 121.43982803 1.0  0.0 0.0
2015-07-01-16 04 26.398	  31.02663962 121.43982803 1.0  0.0 0.0
2015-07-01-16 04 26.500	  31.02663962 121.43982803 1.0  0.0 0.0
2015-07-01-16 04 26.610	  31.02663962 121.43982803 1.0  0.0 0.0
2015-07-01-16 04 26.712	  31.02663962 121.43982803 1.0  0.0 0.0
2015-07-01-16 04 26.814	  31.02663962 121.43982803 1.0  0.0 0.0
2015-07-01-16 04 26.915	  31.02666035 121.43982271 1.0  0.0 0.0
2015-07-01-16 04 27.017	  31.02666035 121.43982271 1.0  0.0 0.0
2015-07-01-16 04 27.124	  31.02666035 121.43982271 1.0  0.0 0.0
2015-07-01-16 04 27.233	  31.02666035 121.43982271 1.0  0.0 0.0
2015-07-01-16 04 27.345	  31.02666035 121.43982271 1.0  0.0 0.0
2015-07-01-16 04 27.449	  31.02666035 121.43982271 1.0  0.0 0.0
2015-07-01-16 04 27.560	  31.02666035 121.43982271 1.0  0.0 0.0
2015-07-01-16 04 27.663	  31.02666035 121.43982271 1.0  0.0 0.0
2015-07-01-16 04 27.765	  31.02666035 121.43982271 1.0  0.0 0.0
2015-07-01-16 04 27.866	  31.02666035 121.43982271 1.0  0.0 0.0
2015-07-01-16 04 27.970	  31.02666035 121.43982271 1.0  0.0 0.0
2015-07-01-16 04 28.074	  31.02666035 121.43982271 1.0  0.0 0.0
2015-07-01-16 04 28.181	  31.02666035 121.43982271 1.0  0.0 0.0
2015-07-01-16 04 28.283	  31.02666035 121.43982271 1.0  0.0 0.0
2015-07-01-16 04 28.385	  31.02666035 121.43982271 1.0  0.0 0.0
2015-07-01-16 04 28.492	  31.02666035 121.43982271 1.0  0.0 0.0
2015-07-01-16 04 28.600	  31.02666035 121.43982271 1.0  0.0 0.0
2015-07-01-16 04 28.708	  31.02666035 121.43982271 1.0  0.0 0.0
2015-07-01-16 04 28.810	  31.02667771 121.43981594 1.0  0.0 0.0
2015-07-01-16 04 28.912	  31.02667771 121.43981594 1.0  0.0 0.0
2015-07-01-16 04 29.014	  31.02667771 121.43981594 1.0  0.0 0.0
2015-07-01-16 04 29.118	  31.02667771 121.43981594 1.0  0.0 0.0
2015-07-01-16 04 29.223	  31.02667771 121.43981594 1.0  0.0 0.0
2015-07-01-16 04 29.328	  31.02667771 121.43981594 1.0  0.0 0.0
2015-07-01-16 04 29.433	  31.02667771 121.43981594 1.0  0.0 0.0
2015-07-01-16 04 29.547	  31.02667771 121.43981594 1.0  0.0 0.0
2015-07-01-16 04 29.648	  31.02667771 121.43981594 1.0  0.0 0.0
2015-07-01-16 04 29.750	  31.02667771 121.43981594 1.0  0.0 0.0
2015-07-01-16 04 29.852	  31.02667771 121.43981594 1.0  0.0 0.0
2015-07-01-16 04 29.955	  31.02667771 121.43981594 1.0  0.0 0.0
2015-07-01-16 04 30.057	  31.02667771 121.43981594 1.0  0.0 0.0
2015-07-01-16 04 30.158	  31.02667771 121.43981594 1.0  0.0 0.0
2015-07-01-16 04 30.264	  31.02667771 121.43981594 1.0  0.0 0.0
2015-07-01-16 04 30.368	  31.02667771 121.43981594 1.0  0.0 0.0
2015-07-01-16 04 30.475	  31.02667771 121.43981594 1.0  0.0 0.0
2015-07-01-16 04 30.589	  31.02667771 121.43981594 1.0  0.0 0.0
2015-07-01-16 04 30.691	  31.02669521 121.43980972 1.0  0.0 0.0
2015-07-01-16 04 30.793	  31.02669521 121.43980972 1.0  0.0 0.0
2015-07-01-16 04 30.894	  31.02669521 121.43980972 1.0  0.0 0.0
2015-07-01-16 04 30.998	  31.02669521 121.43980972 1.0  0.0 0.0
2015-07-01-16 04 31.099	  31.02669521 121.43980972 1.0  0.0 0.0
2015-07-01-16 04 31.201	  31.02669521 121.43980972 1.0  0.0 0.0
2015-07-01-16 04 31.303	  31.02669521 121.43980972 1.0  0.0 0.0
2015-07-01-16 04 31.416	  31.02669521 121.43980972 1.0  0.0 0.0
2015-07-01-16 04 31.517	  31.02669521 121.43980972 1.0  0.0 0.0
2015-07-01-16 04 31.623	  31.02669521 121.43980972 1.0  0.0 0.0
2015-07-01-16 04 31.730	  31.02669521 121.43980972 1.0  0.0 0.0
2015-07-01-16 04 31.835	  31.02669521 121.43980972 1.0  0.0 0.0
2015-07-01-16 04 31.936	  31.02669521 121.43980972 1.0  0.0 0.0
2015-07-01-16 04 32.038	  31.02669521 121.43980972 1.0  0.0 0.0
2015-07-01-16 04 32.141	  31.02669521 121.43980972 1.0  0.0 0.0
2015-07-01-16 04 32.247	  31.02669521 121.43980972 1.0  0.0 0.0
2015-07-01-16 04 32.352	  31.02669521 121.43980972 1.0  0.0 0.0
2015-07-01-16 04 32.459	  31.02669521 121.43980972 1.0  0.0 0.0
2015-07-01-16 04 32.565	  31.02669521 121.43980972 1.0  0.0 0.0
2015-07-01-16 04 32.676	  31.02669521 121.43980972 1.0  0.0 0.0
2015-07-01-16 04 32.778	  31.02669521 121.43980972 1.0  0.0 0.0
2015-07-01-16 04 32.881	  31.02669521 121.43980972 1.0  0.0 0.0
2015-07-01-16 04 32.983	  31.02669521 121.43980972 1.0  0.0 0.0
2015-07-01-16 04 33.094	  31.02669521 121.43980972 1.0  0.0 0.0
2015-07-01-16 04 33.201	  31.02669521 121.43980972 1.0  0.0 0.0
2015-07-01-16 04 33.306	  31.02669521 121.43980972 1.0  0.0 0.0
2015-07-01-16 04 33.410	  31.02669521 121.43980972 1.0  0.0 0.0
2015-07-01-16 04 33.525	  31.02669521 121.43980972 1.0  0.0 0.0
2015-07-01-16 04 33.627	  31.02669521 121.43980972 1.0  0.0 0.0
2015-07-01-16 04 33.728	  31.02669521 121.43980972 1.0  0.0 0.0
2015-07-01-16 04 33.834	  31.0267209 121.43980096 1.0  0.0 0.0
2015-07-01-16 04 33.970	  31.0267209 121.43980096 1.0  0.0 0.0
2015-07-01-16 04 34.071	  31.0267209 121.43980096 1.0  0.0 0.0
2015-07-01-16 04 34.173	  31.0267209 121.43980096 1.0  0.0 0.0
2015-07-01-16 04 34.280	  31.0267209 121.43980096 1.0  0.0 0.0
2015-07-01-16 04 34.384	  31.0267209 121.43980096 1.0  0.0 0.0
2015-07-01-16 04 34.485	  31.0267209 121.43980096 1.0  0.0 0.0
2015-07-01-16 04 34.587	  31.0267209 121.43980096 1.0  0.0 0.0
2015-07-01-16 04 34.691	  31.0267209 121.43980096 1.0  0.0 0.0
2015-07-01-16 04 34.839	  31.0267209 121.43980096 1.0  0.0 0.0
2015-07-01-16 04 34.941	  31.0267209 121.43980096 1.0  0.0 0.0
2015-07-01-16 04 35.047	  31.0267209 121.43980096 1.0  0.0 0.0
2015-07-01-16 04 35.148	  31.0267209 121.43980096 1.0  0.0 0.0
2015-07-01-16 04 35.251	  31.0267209 121.43980096 1.0  0.0 0.0
2015-07-01-16 04 35.354	  31.0267209 121.43980096 1.0  0.0 0.0
2015-07-01-16 04 35.456	  31.0267209 121.43980096 1.0  0.0 0.0
2015-07-01-16 04 35.558	  31.0267209 121.43980096 1.0  0.0 0.0
2015-07-01-16 04 35.660	  31.0267209 121.43980096 1.0  0.0 0.0
2015-07-01-16 04 35.763	  31.0267209 121.43980096 1.0  0.0 0.0
2015-07-01-16 04 35.865	  31.0267209 121.43980096 1.0  0.0 0.0
2015-07-01-16 04 35.969	  31.0267209 121.43980096 1.0  0.0 0.0
2015-07-01-16 04 36.073	  31.0267209 121.43980096 1.0  0.0 0.0
2015-07-01-16 04 36.187	  31.0267209 121.43980096 1.0  0.0 0.0
2015-07-01-16 04 36.292	  31.0267209 121.43980096 1.0  0.0 0.0
2015-07-01-16 04 36.394	  31.0267209 121.43980096 1.0  0.0 0.0
2015-07-01-16 04 36.499	  31.0267209 121.43980096 1.0  0.0 0.0
2015-07-01-16 04 36.606	  31.0267209 121.43980096 1.0  0.0 0.0
2015-07-01-16 04 36.713	  31.0267209 121.43980096 1.0  0.0 0.0
2015-07-01-16 04 36.829	  31.02674224 121.43979465 0.75  0.0 0.0
2015-07-01-16 04 36.930	  31.02674224 121.43979465 0.75  0.0 0.0
2015-07-01-16 04 37.032	  31.02674224 121.43979465 0.75  0.0 0.0
2015-07-01-16 04 37.134	  31.02674224 121.43979465 0.75  0.0 0.0
2015-07-01-16 04 37.239	  31.02674224 121.43979465 0.75  0.0 0.0
2015-07-01-16 04 37.343	  31.02674224 121.43979465 0.75  0.0 0.0
2015-07-01-16 04 37.448	  31.02674224 121.43979465 0.75  0.0 0.0
2015-07-01-16 04 37.552	  31.02674224 121.43979465 0.75  0.0 0.0
2015-07-01-16 04 37.653	  31.02674224 121.43979465 0.75  0.0 0.0
2015-07-01-16 04 37.761	  31.02674224 121.43979465 0.75  0.0 0.0
2015-07-01-16 04 37.864	  31.02674224 121.43979465 0.75  0.0 0.0
2015-07-01-16 04 37.969	  31.02674224 121.43979465 0.75  0.0 0.0
2015-07-01-16 04 38.073	  31.02674224 121.43979465 0.75  0.0 0.0
2015-07-01-16 04 38.183	  31.02674224 121.43979465 0.75  0.0 0.0
2015-07-01-16 04 38.285	  31.02674224 121.43979465 0.75  0.0 0.0
2015-07-01-16 04 38.387	  31.02674224 121.43979465 0.75  0.0 0.0
2015-07-01-16 04 38.500	  31.02674224 121.43979465 0.75  0.0 0.0
2015-07-01-16 04 38.602	  31.02674224 121.43979465 0.75  0.0 0.0
2015-07-01-16 04 38.703	  31.02674224 121.43979465 0.75  0.0 0.0
2015-07-01-16 04 38.805	  31.02674224 121.43979465 0.75  0.0 0.0
2015-07-01-16 04 38.906	  31.02674224 121.43979465 0.75  0.0 0.0
2015-07-01-16 04 39.010	  31.02674224 121.43979465 0.75  0.0 0.0
2015-07-01-16 04 39.114	  31.02674224 121.43979465 0.75  0.0 0.0
2015-07-01-16 04 39.216	  31.02674224 121.43979465 0.75  0.0 0.0
2015-07-01-16 04 39.323	  31.02674224 121.43979465 0.75  0.0 0.0
2015-07-01-16 04 39.431	  31.02674224 121.43979465 0.75  0.0 0.0
2015-07-01-16 04 39.536	  31.02674224 121.43979465 0.75  0.0 0.0
2015-07-01-16 04 39.638	  31.02674224 121.43979465 0.75  0.0 0.0
2015-07-01-16 04 39.746	  31.0267601 121.43978728 0.75  0.0 0.0
2015-07-01-16 04 39.847	  31.0267601 121.43978728 0.75  0.0 0.0
2015-07-01-16 04 39.969	  31.0267601 121.43978728 0.75  0.0 0.0
2015-07-01-16 04 40.073	  31.0267601 121.43978728 0.75  0.0 0.0
2015-07-01-16 04 40.181	  31.0267601 121.43978728 0.75  0.0 0.0
2015-07-01-16 04 40.356	  31.0267601 121.43978728 0.75  0.0 0.0
2015-07-01-16 04 40.457	  31.0267601 121.43978728 0.75  0.0 0.0
2015-07-01-16 04 40.559	  31.0267601 121.43978728 0.75  0.0 0.0
2015-07-01-16 04 40.664	  31.0267601 121.43978728 0.75  0.0 0.0
2015-07-01-16 04 40.766	  31.0267601 121.43978728 0.75  0.0 0.0
2015-07-01-16 04 40.869	  31.0267601 121.43978728 0.75  0.0 0.0
2015-07-01-16 04 40.982	  31.0267601 121.43978728 0.75  0.0 0.0
2015-07-01-16 04 41.085	  31.0267601 121.43978728 0.75  0.0 0.0
2015-07-01-16 04 41.187	  31.0267601 121.43978728 0.75  0.0 0.0
2015-07-01-16 04 41.295	  31.0267601 121.43978728 0.75  0.0 0.0
2015-07-01-16 04 41.399	  31.0267601 121.43978728 0.75  0.0 0.0
2015-07-01-16 04 41.505	  31.0267601 121.43978728 0.75  0.0 0.0
2015-07-01-16 04 41.619	  31.0267601 121.43978728 0.75  0.0 0.0
2015-07-01-16 04 41.722	  31.0267601 121.43978728 0.75  0.0 0.0
2015-07-01-16 04 41.824	  31.0267601 121.43978728 0.75  0.0 0.0
2015-07-01-16 04 41.930	  31.0267601 121.43978728 0.75  0.0 0.0
2015-07-01-16 04 42.033	  31.0267601 121.43978728 0.75  0.0 0.0
2015-07-01-16 04 42.137	  31.0267601 121.43978728 0.75  0.0 0.0
2015-07-01-16 04 42.247	  31.0267601 121.43978728 0.75  0.0 0.0
2015-07-01-16 04 42.350	  31.0267601 121.43978728 0.75  0.0 0.0
2015-07-01-16 04 42.452	  31.0267601 121.43978728 0.75  0.0 0.0
2015-07-01-16 04 42.558	  31.0267601 121.43978728 0.75  0.0 0.0
2015-07-01-16 04 42.659	  31.0267601 121.43978728 0.75  0.0 0.0
2015-07-01-16 04 42.760	  31.0267601 121.43978728 0.75  0.0 0.0
2015-07-01-16 04 42.867	  31.02678432 121.43978078 1.0  0.0 0.0
2015-07-01-16 04 42.985	  31.02678432 121.43978078 1.0  0.0 0.0
2015-07-01-16 04 43.088	  31.02678432 121.43978078 1.0  0.0 0.0
2015-07-01-16 04 43.197	  31.02678432 121.43978078 1.0  0.0 0.0
2015-07-01-16 04 43.299	  31.02678432 121.43978078 1.0  0.0 0.0
2015-07-01-16 04 43.401	  31.02678432 121.43978078 1.0  0.0 0.0
2015-07-01-16 04 43.506	  31.02678432 121.43978078 1.0  0.0 0.0
2015-07-01-16 04 43.608	  31.02678432 121.43978078 1.0  0.0 0.0
2015-07-01-16 04 43.710	  31.02678432 121.43978078 1.0  0.0 0.0
2015-07-01-16 04 43.825	  31.02678432 121.43978078 1.0  0.0 0.0
2015-07-01-16 04 43.927	  31.02678432 121.43978078 1.0  0.0 0.0
2015-07-01-16 04 44.032	  31.02678432 121.43978078 1.0  0.0 0.0
2015-07-01-16 04 44.149	  31.02678432 121.43978078 1.0  0.0 0.0
2015-07-01-16 04 44.251	  31.02678432 121.43978078 1.0  0.0 0.0
2015-07-01-16 04 44.353	  31.02678432 121.43978078 1.0  0.0 0.0
2015-07-01-16 04 44.459	  31.02678432 121.43978078 1.0  0.0 0.0
2015-07-01-16 04 44.561	  31.02678432 121.43978078 1.0  0.0 0.0
2015-07-01-16 04 44.664	  31.02678432 121.43978078 1.0  0.0 0.0
2015-07-01-16 04 44.770	  31.02678432 121.43978078 1.0  0.0 0.0
2015-07-01-16 04 44.873	  31.02678432 121.43978078 1.0  0.0 0.0
2015-07-01-16 04 45.022	  31.02678432 121.43978078 1.0  0.0 0.0
2015-07-01-16 04 45.129	  31.02678432 121.43978078 1.0  0.0 0.0
2015-07-01-16 04 45.293	  31.02678432 121.43978078 1.0  0.0 0.0
2015-07-01-16 04 45.396	  31.02678432 121.43978078 1.0  0.0 0.0
2015-07-01-16 04 45.501	  31.02678432 121.43978078 1.0  0.0 0.0
2015-07-01-16 04 45.604	  31.02678432 121.43978078 1.0  0.0 0.0
2015-07-01-16 04 45.710	  31.02680823 121.43977315 1.0  0.0 0.0
2015-07-01-16 04 45.836	  31.02680823 121.43977315 1.0  0.0 0.0
2015-07-01-16 04 45.938	  31.02680823 121.43977315 1.0  0.0 0.0
2015-07-01-16 04 46.040	  31.02680823 121.43977315 1.0  0.0 0.0
2015-07-01-16 04 46.142	  31.02680823 121.43977315 1.0  0.0 0.0
2015-07-01-16 04 46.245	  31.02680823 121.43977315 1.0  0.0 0.0
2015-07-01-16 04 46.356	  31.02680823 121.43977315 1.0  0.0 0.0
2015-07-01-16 04 46.458	  31.02680823 121.43977315 1.0  0.0 0.0
2015-07-01-16 04 46.560	  31.02680823 121.43977315 1.0  0.0 0.0
2015-07-01-16 04 46.680	  31.02680823 121.43977315 1.0  0.0 0.0
2015-07-01-16 04 46.782	  31.02680823 121.43977315 1.0  0.0 0.0
2015-07-01-16 04 46.893	  31.02680823 121.43977315 1.0  0.0 0.0
2015-07-01-16 04 46.995	  31.02680823 121.43977315 1.0  0.0 0.0
2015-07-01-16 04 47.098	  31.02680823 121.43977315 1.0  0.0 0.0
2015-07-01-16 04 47.251	  31.02680823 121.43977315 1.0  0.0 0.0
2015-07-01-16 04 47.354	  31.02680823 121.43977315 1.0  0.0 0.0
2015-07-01-16 04 47.458	  31.02680823 121.43977315 1.0  0.0 0.0
2015-07-01-16 04 47.562	  31.02680823 121.43977315 1.0  0.0 0.0
2015-07-01-16 04 47.664	  31.02680823 121.43977315 1.0  0.0 0.0
2015-07-01-16 04 47.778	  31.02682717 121.43976632 1.0  0.0 0.0
2015-07-01-16 04 47.879	  31.02682717 121.43976632 1.0  0.0 0.0
2015-07-01-16 04 47.980	  31.02682717 121.43976632 1.0  0.0 0.0
2015-07-01-16 04 48.097	  31.02682717 121.43976632 1.0  0.0 0.0
2015-07-01-16 04 48.204	  31.02682717 121.43976632 1.0  0.0 0.0
2015-07-01-16 04 48.360	  31.02682717 121.43976632 1.0  0.0 0.0
2015-07-01-16 04 48.462	  31.02682717 121.43976632 1.0  0.0 0.0
2015-07-01-16 04 48.564	  31.02682717 121.43976632 1.0  0.0 0.0
2015-07-01-16 04 48.666	  31.02682717 121.43976632 1.0  0.0 0.0
2015-07-01-16 04 48.778	  31.02682717 121.43976632 1.0  0.0 0.0
2015-07-01-16 04 48.904	  31.02682717 121.43976632 1.0  0.0 0.0
2015-07-01-16 04 49.006	  31.02682717 121.43976632 1.0  0.0 0.0
2015-07-01-16 04 49.108	  31.02682717 121.43976632 1.0  0.0 0.0
2015-07-01-16 04 49.210	  31.02682717 121.43976632 1.0  0.0 0.0
2015-07-01-16 04 49.313	  31.02682717 121.43976632 1.0  0.0 0.0
2015-07-01-16 04 49.469	  31.02682717 121.43976632 1.0  0.0 0.0
2015-07-01-16 04 49.574	  31.02682717 121.43976632 1.0  0.0 0.0
2015-07-01-16 04 49.682	  31.02682717 121.43976632 1.0  0.0 0.0
2015-07-01-16 04 49.783	  31.02682717 121.43976632 1.0  0.0 0.0
2015-07-01-16 04 49.887	  31.02682717 121.43976632 1.0  0.0 0.0
2015-07-01-16 04 50.028	  31.02682717 121.43976632 1.0  0.0 0.0
2015-07-01-16 04 50.132	  31.02682717 121.43976632 1.0  0.0 0.0
2015-07-01-16 04 50.238	  31.02682717 121.43976632 1.0  0.0 0.0
2015-07-01-16 04 50.342	  31.02682717 121.43976632 1.0  0.0 0.0
2015-07-01-16 04 50.458	  31.02682717 121.43976632 1.0  0.0 0.0
2015-07-01-16 04 50.560	  31.02682717 121.43976632 1.0  0.0 0.0
2015-07-01-16 04 50.671	  31.02682717 121.43976632 1.0  0.0 0.0
2015-07-01-16 04 50.774	  31.02682717 121.43976632 1.0  0.0 0.0
2015-07-01-16 04 50.876	  31.02685189 121.43975412 1.0  0.0 0.0
2015-07-01-16 04 51.012	  31.02685189 121.43975412 1.0  0.0 0.0
2015-07-01-16 04 51.113	  31.02685189 121.43975412 1.0  0.0 0.0
2015-07-01-16 04 51.280	  31.02685189 121.43975412 1.0  0.0 0.0
2015-07-01-16 04 51.382	  31.02685189 121.43975412 1.0  0.0 0.0
2015-07-01-16 04 51.498	  31.02685189 121.43975412 1.0  0.0 0.0
2015-07-01-16 04 51.601	  31.02685189 121.43975412 1.0  0.0 0.0
2015-07-01-16 04 51.757	  31.02685189 121.43975412 1.0  0.0 0.0
2015-07-01-16 04 51.859	  31.02685189 121.43975412 1.0  0.0 0.0
2015-07-01-16 04 51.969	  31.02685189 121.43975412 1.0  0.0 0.0
2015-07-01-16 04 52.075	  31.02685189 121.43975412 1.0  0.0 0.0
2015-07-01-16 04 52.256	  31.02685189 121.43975412 1.0  0.0 0.0
2015-07-01-16 04 52.359	  31.02685189 121.43975412 1.0  0.0 0.0
2015-07-01-16 04 52.522	  31.02685189 121.43975412 1.0  0.0 0.0
2015-07-01-16 04 52.624	  31.02685189 121.43975412 1.0  0.0 0.0
2015-07-01-16 04 52.741	  31.02686959 121.43974614 1.0  0.0 0.0
2015-07-01-16 04 52.844	  31.02686959 121.43974614 1.0  0.0 0.0
2015-07-01-16 04 53.005	  31.02686959 121.43974614 1.0  0.0 0.0
2015-07-01-16 04 53.106	  31.02686959 121.43974614 1.0  0.0 0.0
2015-07-01-16 04 53.268	  31.02686959 121.43974614 1.0  0.0 0.0
2015-07-01-16 04 53.372	  31.02686959 121.43974614 1.0  0.0 0.0
2015-07-01-16 04 53.533	  31.02686959 121.43974614 1.0  0.0 0.0
2015-07-01-16 04 53.637	  31.02686959 121.43974614 1.0  0.0 0.0
2015-07-01-16 04 53.795	  31.02686959 121.43974614 1.0  0.0 0.0
2015-07-01-16 04 53.897	  31.02686959 121.43974614 1.0  0.0 0.0
2015-07-01-16 04 54.054	  31.02686959 121.43974614 1.0  0.0 0.0
2015-07-01-16 04 54.156	  31.02686959 121.43974614 1.0  0.0 0.0
2015-07-01-16 04 54.307	  31.02686959 121.43974614 1.0  0.0 0.0
2015-07-01-16 04 54.409	  31.02686959 121.43974614 1.0  0.0 0.0
2015-07-01-16 04 54.524	  31.02686959 121.43974614 1.0  0.0 0.0
2015-07-01-16 04 54.626	  31.02686959 121.43974614 1.0  0.0 0.0
2015-07-01-16 04 54.777	  31.02686959 121.43974614 1.0  0.0 0.0
2015-07-01-16 04 54.879	  31.02686959 121.43974614 1.0  0.0 0.0
2015-07-01-16 04 55.031	  31.02686959 121.43974614 1.0  0.0 0.0
2015-07-01-16 04 55.133	  31.02686959 121.43974614 1.0  0.0 0.0
2015-07-01-16 04 55.258	  31.02686959 121.43974614 1.0  0.0 0.0
2015-07-01-16 04 55.404	  31.02686959 121.43974614 1.0  0.0 0.0
2015-07-01-16 04 55.508	  31.02686959 121.43974614 1.0  0.0 0.0
2015-07-01-16 04 55.671	  31.02686959 121.43974614 1.0  0.0 0.0
2015-07-01-16 04 55.774	  31.0268868 121.4397379 0.5  0.0 0.0
2015-07-01-16 04 55.876	  31.0268868 121.4397379 0.5  0.0 0.0
2015-07-01-16 04 55.979	  31.0268868 121.4397379 0.5  0.0 0.0
2015-07-01-16 04 56.084	  31.0268868 121.4397379 0.5  0.0 0.0
2015-07-01-16 04 56.189	  31.0268868 121.4397379 0.5  0.0 0.0
2015-07-01-16 04 56.299	  31.0268868 121.4397379 0.5  0.0 0.0
2015-07-01-16 04 56.403	  31.0268868 121.4397379 0.5  0.0 0.0
2015-07-01-16 04 56.518	  31.0268868 121.4397379 0.5  0.0 0.0
2015-07-01-16 04 56.621	  31.0268868 121.4397379 0.5  0.0 0.0
2015-07-01-16 04 56.726	  31.0268868 121.4397379 0.5  0.0 0.0
2015-07-01-16 04 56.828	  31.0268868 121.4397379 0.5  0.0 0.0
2015-07-01-16 04 56.935	  31.0268868 121.4397379 0.5  0.0 0.0
2015-07-01-16 04 57.043	  31.0268868 121.4397379 0.5  0.0 0.0
2015-07-01-16 04 57.208	  31.0268868 121.4397379 0.5  0.0 0.0
2015-07-01-16 04 57.309	  31.0268868 121.4397379 0.5  0.0 0.0
2015-07-01-16 04 57.433	  31.0268868 121.4397379 0.5  0.0 0.0
2015-07-01-16 04 57.536	  31.0268868 121.4397379 0.5  0.0 0.0
2015-07-01-16 04 57.664	  31.0268868 121.4397379 0.5  0.0 0.0
2015-07-01-16 04 57.776	  31.0268868 121.4397379 0.5  0.0 0.0
2015-07-01-16 04 57.878	  31.0268868 121.4397379 0.5  0.0 0.0
2015-07-01-16 04 58.007	  31.0268868 121.4397379 0.5  0.0 0.0
2015-07-01-16 04 58.111	  31.0268868 121.4397379 0.5  0.0 0.0
2015-07-01-16 04 58.250	  31.0268868 121.4397379 0.5  0.0 0.0
2015-07-01-16 04 58.365	  31.0268868 121.4397379 0.5  0.0 0.0
2015-07-01-16 04 58.527	  31.0268868 121.4397379 0.5  0.0 0.0
2015-07-01-16 04 58.629	  31.0268868 121.4397379 0.5  0.0 0.0
2015-07-01-16 04 58.751	  31.0268868 121.4397379 0.5  0.0 0.0
2015-07-01-16 04 58.856	  31.0268868 121.4397379 0.5  0.0 0.0
2015-07-01-16 04 59.019	  31.02690908 121.43972849 0.75  0.0 0.0
2015-07-01-16 04 59.122	  31.02690908 121.43972849 0.75  0.0 0.0
2015-07-01-16 04 59.225	  31.02690908 121.43972849 0.75  0.0 0.0
2015-07-01-16 04 59.338	  31.02690908 121.43972849 0.75  0.0 0.0
2015-07-01-16 04 59.440	  31.02690908 121.43972849 0.75  0.0 0.0
2015-07-01-16 04 59.542	  31.02690908 121.43972849 0.75  0.0 0.0
2015-07-01-16 04 59.644	  31.02690908 121.43972849 0.75  0.0 0.0
2015-07-01-16 04 59.745	  31.02690908 121.43972849 0.75  0.0 0.0
2015-07-01-16 04 59.850	  31.02690908 121.43972849 0.75  0.0 0.0
2015-07-01-16 04 59.954	  31.02690908 121.43972849 0.75  0.0 0.0
2015-07-01-16 05 00.055	  31.02690908 121.43972849 0.75  0.0 0.0
2015-07-01-16 05 00.163	  31.02690908 121.43972849 0.75  0.0 0.0
2015-07-01-16 05 00.265	  31.02690908 121.43972849 0.75  0.0 0.0
2015-07-01-16 05 00.379	  31.02690908 121.43972849 0.75  0.0 0.0
2015-07-01-16 05 00.541	  31.02690908 121.43972849 0.75  0.0 0.0
2015-07-01-16 05 00.644	  31.02690908 121.43972849 0.75  0.0 0.0
2015-07-01-16 05 00.790	  31.02690908 121.43972849 0.75  0.0 0.0
2015-07-01-16 05 00.907	  31.02690908 121.43972849 0.75  0.0 0.0
2015-07-01-16 05 01.010	  31.02690908 121.43972849 0.75  0.0 0.0
2015-07-01-16 05 01.113	  31.02690908 121.43972849 0.75  0.0 0.0
2015-07-01-16 05 01.217	  31.02690908 121.43972849 0.75  0.0 0.0
2015-07-01-16 05 01.336	  31.02690908 121.43972849 0.75  0.0 0.0
2015-07-01-16 05 01.438	  31.02690908 121.43972849 0.75  0.0 0.0
2015-07-01-16 05 01.563	  31.02690908 121.43972849 0.75  0.0 0.0
2015-07-01-16 05 01.670	  31.02690908 121.43972849 0.75  0.0 0.0
2015-07-01-16 05 01.772	  31.02690908 121.43972849 0.75  0.0 0.0
2015-07-01-16 05 01.873	  31.02690908 121.43972849 0.75  0.0 0.0
2015-07-01-16 05 01.975	  31.02690908 121.43972849 0.75  0.0 0.0
2015-07-01-16 05 02.081	  31.02690908 121.43972849 0.75  0.0 0.0
2015-07-01-16 05 02.187	  31.02690908 121.43972849 0.75  0.0 0.0
2015-07-01-16 05 02.354	  31.02690908 121.43972849 0.75  0.0 0.0
2015-07-01-16 05 02.470	  31.02690908 121.43972849 0.75  0.0 0.0
2015-07-01-16 05 02.572	  31.02690908 121.43972849 0.75  0.0 0.0
2015-07-01-16 05 02.711	  31.02690908 121.43972849 0.75  0.0 0.0
2015-07-01-16 05 02.856	  31.02690908 121.43972849 0.75  0.0 0.0
2015-07-01-16 05 02.959	  31.02690908 121.43972849 0.75  0.0 0.0
2015-07-01-16 05 03.103	  31.02690908 121.43972849 0.75  0.0 0.0
2015-07-01-16 05 03.215	  31.02690908 121.43972849 0.75  0.0 0.0
2015-07-01-16 05 03.320	  31.02690908 121.43972849 0.75  0.0 0.0
2015-07-01-16 05 03.469	  31.02690908 121.43972849 0.75  0.0 0.0
2015-07-01-16 05 03.574	  31.02690908 121.43972849 0.75  0.0 0.0
2015-07-01-16 05 03.677	  31.02693085 121.43971701 0.75  0.0 0.0
2015-07-01-16 05 03.802	  31.02693085 121.43971701 0.75  0.0 0.0
2015-07-01-16 05 03.904	  31.02693085 121.43971701 0.75  0.0 0.0
2015-07-01-16 05 04.040	  31.02693085 121.43971701 0.75  0.0 0.0
2015-07-01-16 05 04.150	  31.02693085 121.43971701 0.75  0.0 0.0
2015-07-01-16 05 04.253	  31.02693085 121.43971701 0.75  0.0 0.0
2015-07-01-16 05 04.391	  31.02693085 121.43971701 0.75  0.0 0.0
2015-07-01-16 05 04.495	  31.02693085 121.43971701 0.75  0.0 0.0
2015-07-01-16 05 04.599	  31.02693085 121.43971701 0.75  0.0 0.0
2015-07-01-16 05 04.761	  31.02693085 121.43971701 0.75  0.0 0.0
2015-07-01-16 05 04.866	  31.02693085 121.43971701 0.75  0.0 0.0
2015-07-01-16 05 04.969	  31.02693085 121.43971701 0.75  0.0 0.0
2015-07-01-16 05 05.112	  31.02693085 121.43971701 0.75  0.0 0.0
2015-07-01-16 05 05.228	  31.02693085 121.43971701 0.75  0.0 0.0
2015-07-01-16 05 05.330	  31.02693085 121.43971701 0.75  0.0 0.0
2015-07-01-16 05 05.479	  31.02693085 121.43971701 0.75  0.0 0.0
2015-07-01-16 05 05.658	  31.02693085 121.43971701 0.75  0.0 0.0
2015-07-01-16 05 05.785	  31.02693085 121.43971701 0.75  0.0 0.0
2015-07-01-16 05 05.892	  31.02693085 121.43971701 0.75  0.0 0.0
2015-07-01-16 05 05.996	  31.02693085 121.43971701 0.75  0.0 0.0
2015-07-01-16 05 06.159	  31.02693085 121.43971701 0.75  0.0 0.0
2015-07-01-16 05 06.264	  31.02693085 121.43971701 0.75  0.0 0.0
2015-07-01-16 05 06.366	  31.02693085 121.43971701 0.75  0.0 0.0
2015-07-01-16 05 06.513	  31.02693085 121.43971701 0.75  0.0 0.0
2015-07-01-16 05 06.623	  31.02693085 121.43971701 0.75  0.0 0.0
2015-07-01-16 05 06.730	  31.02693085 121.43971701 0.75  0.0 0.0
2015-07-01-16 05 06.920	  31.02695607 121.43970446 0.75  0.0 0.0
2015-07-01-16 05 07.024	  31.02695607 121.43970446 0.75  0.0 0.0
2015-07-01-16 05 07.127	  31.02695607 121.43970446 0.75  0.0 0.0
2015-07-01-16 05 07.256	  31.02695607 121.43970446 0.75  0.0 0.0
2015-07-01-16 05 07.360	  31.02695607 121.43970446 0.75  0.0 0.0
2015-07-01-16 05 07.528	  31.02695607 121.43970446 0.75  0.0 0.0
2015-07-01-16 05 07.669	  31.02695607 121.43970446 0.75  0.0 0.0
2015-07-01-16 05 07.771	  31.02695607 121.43970446 0.75  0.0 0.0
2015-07-01-16 05 07.915	  31.02695607 121.43970446 0.75  0.0 0.0
2015-07-01-16 05 08.059	  31.02695607 121.43970446 0.75  0.0 0.0
2015-07-01-16 05 08.162	  31.02695607 121.43970446 0.75  0.0 0.0
2015-07-01-16 05 08.326	  31.02695607 121.43970446 0.75  0.0 0.0
2015-07-01-16 05 08.469	  31.02695607 121.43970446 0.75  0.0 0.0
2015-07-01-16 05 08.572	  31.02695607 121.43970446 0.75  0.0 0.0
2015-07-01-16 05 08.706	  31.02695607 121.43970446 0.75  0.0 0.0
2015-07-01-16 05 08.877	  31.02697786 121.43969502 1.0  0.0 0.0
2015-07-01-16 05 08.983	  31.02697786 121.43969502 1.0  0.0 0.0
2015-07-01-16 05 09.122	  31.02697786 121.43969502 1.0  0.0 0.0
2015-07-01-16 05 09.259	  31.02697786 121.43969502 1.0  0.0 0.0
2015-07-01-16 05 09.362	  31.02697786 121.43969502 1.0  0.0 0.0
2015-07-01-16 05 09.528	  31.02697786 121.43969502 1.0  0.0 0.0
2015-07-01-16 05 09.629	  31.02697786 121.43969502 1.0  0.0 0.0
2015-07-01-16 05 09.754	  31.02697786 121.43969502 1.0  0.0 0.0
2015-07-01-16 05 09.871	  31.02697786 121.43969502 1.0  0.0 0.0
2015-07-01-16 05 09.973	  31.02697786 121.43969502 1.0  0.0 0.0
2015-07-01-16 05 10.079	  31.02697786 121.43969502 1.0  0.0 0.0
2015-07-01-16 05 10.182	  31.02697786 121.43969502 1.0  0.0 0.0
2015-07-01-16 05 10.344	  31.02697786 121.43969502 1.0  0.0 0.0
2015-07-01-16 05 10.445	  31.02697786 121.43969502 1.0  0.0 0.0
2015-07-01-16 05 10.584	  31.02697786 121.43969502 1.0  0.0 0.0
2015-07-01-16 05 10.686	  31.02697786 121.43969502 1.0  0.0 0.0
2015-07-01-16 05 10.791	  31.02699959 121.43968527 1.0  0.0 0.0
2015-07-01-16 05 10.892	  31.02699959 121.43968527 1.0  0.0 0.0
2015-07-01-16 05 11.030	  31.02699959 121.43968527 1.0  0.0 0.0
2015-07-01-16 05 11.136	  31.02699959 121.43968527 1.0  0.0 0.0
2015-07-01-16 05 11.241	  31.02699959 121.43968527 1.0  0.0 0.0
2015-07-01-16 05 11.408	  31.02699959 121.43968527 1.0  0.0 0.0
2015-07-01-16 05 11.509	  31.02699959 121.43968527 1.0  0.0 0.0
2015-07-01-16 05 11.659	  31.02699959 121.43968527 1.0  0.0 0.0
2015-07-01-16 05 11.763	  31.02699959 121.43968527 1.0  0.0 0.0
2015-07-01-16 05 11.865	  31.02699959 121.43968527 1.0  0.0 0.0
2015-07-01-16 05 11.982	  31.02699959 121.43968527 1.0  0.0 0.0
2015-07-01-16 05 12.084	  31.02699959 121.43968527 1.0  0.0 0.0
2015-07-01-16 05 12.262	  31.02699959 121.43968527 1.0  0.0 0.0
2015-07-01-16 05 12.370	  31.02699959 121.43968527 1.0  0.0 0.0
2015-07-01-16 05 12.472	  31.02699959 121.43968527 1.0  0.0 0.0
2015-07-01-16 05 12.604	  31.02699959 121.43968527 1.0  0.0 0.0
2015-07-01-16 05 12.709	  31.02702017 121.43967415 1.0  0.0 0.0
2015-07-01-16 05 12.856	  31.02702017 121.43967415 1.0  0.0 0.0
2015-07-01-16 05 12.960	  31.02702017 121.43967415 1.0  0.0 0.0
2015-07-01-16 05 13.063	  31.02702017 121.43967415 1.0  0.0 0.0
2015-07-01-16 05 13.205	  31.02702017 121.43967415 1.0  0.0 0.0
2015-07-01-16 05 13.311	  31.02702017 121.43967415 1.0  0.0 0.0
2015-07-01-16 05 13.471	  31.02702017 121.43967415 1.0  0.0 0.0
2015-07-01-16 05 13.576	  31.02702017 121.43967415 1.0  0.0 0.0
2015-07-01-16 05 13.679	  31.02702017 121.43967415 1.0  0.0 0.0
2015-07-01-16 05 13.809	  31.02702017 121.43967415 1.0  0.0 0.0
2015-07-01-16 05 13.911	  31.02702017 121.43967415 1.0  0.0 0.0
2015-07-01-16 05 14.069	  31.02702017 121.43967415 1.0  0.0 0.0
2015-07-01-16 05 14.175	  31.02702017 121.43967415 1.0  0.0 0.0
2015-07-01-16 05 14.277	  31.02702017 121.43967415 1.0  0.0 0.0
2015-07-01-16 05 14.431	  31.02702017 121.43967415 1.0  0.0 0.0
2015-07-01-16 05 14.535	  31.02702017 121.43967415 1.0  0.0 0.0
2015-07-01-16 05 14.694	  31.02703938 121.43966388 0.75  0.0 0.0
2015-07-01-16 05 14.809	  31.02703938 121.43966388 0.75  0.0 0.0
2015-07-01-16 05 14.912	  31.02703938 121.43966388 0.75  0.0 0.0
2015-07-01-16 05 15.051	  31.02703938 121.43966388 0.75  0.0 0.0
2015-07-01-16 05 15.159	  31.02703938 121.43966388 0.75  0.0 0.0
2015-07-01-16 05 15.260	  31.02703938 121.43966388 0.75  0.0 0.0
2015-07-01-16 05 15.404	  31.02703938 121.43966388 0.75  0.0 0.0
2015-07-01-16 05 15.513	  31.02703938 121.43966388 0.75  0.0 0.0
2015-07-01-16 05 15.616	  31.02703938 121.43966388 0.75  0.0 0.0
2015-07-01-16 05 15.763	  31.02703938 121.43966388 0.75  0.0 0.0
2015-07-01-16 05 15.875	  31.02703938 121.43966388 0.75  0.0 0.0
2015-07-01-16 05 15.999	  31.02703938 121.43966388 0.75  0.0 0.0
2015-07-01-16 05 16.109	  31.02703938 121.43966388 0.75  0.0 0.0
2015-07-01-16 05 16.212	  31.02703938 121.43966388 0.75  0.0 0.0
2015-07-01-16 05 16.353	  31.02703938 121.43966388 0.75  0.0 0.0
2015-07-01-16 05 16.466	  31.02703938 121.43966388 0.75  0.0 0.0
2015-07-01-16 05 16.568	  31.02703938 121.43966388 0.75  0.0 0.0
2015-07-01-16 05 16.706	  31.02703938 121.43966388 0.75  0.0 0.0
2015-07-01-16 05 16.820	  31.02705683 121.43965443 0.75  0.0 0.0
2015-07-01-16 05 16.922	  31.02705683 121.43965443 0.75  0.0 0.0
2015-07-01-16 05 17.061	  31.02705683 121.43965443 0.75  0.0 0.0
2015-07-01-16 05 17.167	  31.02705683 121.43965443 0.75  0.0 0.0
2015-07-01-16 05 17.269	  31.02705683 121.43965443 0.75  0.0 0.0
2015-07-01-16 05 17.423	  31.02705683 121.43965443 0.75  0.0 0.0
2015-07-01-16 05 17.537	  31.02705683 121.43965443 0.75  0.0 0.0
2015-07-01-16 05 17.639	  31.02705683 121.43965443 0.75  0.0 0.0
2015-07-01-16 05 17.761	  31.02705683 121.43965443 0.75  0.0 0.0
2015-07-01-16 05 17.869	  31.02705683 121.43965443 0.75  0.0 0.0
2015-07-01-16 05 17.974	  31.02705683 121.43965443 0.75  0.0 0.0
2015-07-01-16 05 18.157	  31.02705683 121.43965443 0.75  0.0 0.0
2015-07-01-16 05 18.262	  31.02705683 121.43965443 0.75  0.0 0.0
2015-07-01-16 05 18.364	  31.02705683 121.43965443 0.75  0.0 0.0
2015-07-01-16 05 18.511	  31.02705683 121.43965443 0.75  0.0 0.0
2015-07-01-16 05 18.622	  31.02705683 121.43965443 0.75  0.0 0.0
2015-07-01-16 05 18.725	  31.02705683 121.43965443 0.75  0.0 0.0
2015-07-01-16 05 18.866	  31.02705683 121.43965443 0.75  0.0 0.0
2015-07-01-16 05 18.975	  31.02705683 121.43965443 0.75  0.0 0.0
2015-07-01-16 05 19.078	  31.02705683 121.43965443 0.75  0.0 0.0
2015-07-01-16 05 19.275	  31.02705683 121.43965443 0.75  0.0 0.0
2015-07-01-16 05 19.379	  31.02705683 121.43965443 0.75  0.0 0.0
2015-07-01-16 05 19.483	  31.02705683 121.43965443 0.75  0.0 0.0
2015-07-01-16 05 19.659	  31.02705683 121.43965443 0.75  0.0 0.0
2015-07-01-16 05 19.761	  31.02708016 121.43964139 0.75  0.0 0.0
2015-07-01-16 05 19.863	  31.02708016 121.43964139 0.75  0.0 0.0
2015-07-01-16 05 20.005	  31.02708016 121.43964139 0.75  0.0 0.0
2015-07-01-16 05 20.109	  31.02708016 121.43964139 0.75  0.0 0.0
2015-07-01-16 05 20.214	  31.02708016 121.43964139 0.75  0.0 0.0
2015-07-01-16 05 20.361	  31.02708016 121.43964139 0.75  0.0 0.0
2015-07-01-16 05 20.473	  31.02708016 121.43964139 0.75  0.0 0.0
2015-07-01-16 05 20.575	  31.02708016 121.43964139 0.75  0.0 0.0
2015-07-01-16 05 20.694	  31.02708016 121.43964139 0.75  0.0 0.0
2015-07-01-16 05 20.795	  31.02708016 121.43964139 0.75  0.0 0.0
2015-07-01-16 05 20.897	  31.02708016 121.43964139 0.75  0.0 0.0
2015-07-01-16 05 21.016	  31.02708016 121.43964139 0.75  0.0 0.0
2015-07-01-16 05 21.135	  31.02708016 121.43964139 0.75  0.0 0.0
2015-07-01-16 05 21.273	  31.02708016 121.43964139 0.75  0.0 0.0
2015-07-01-16 05 21.381	  31.02708016 121.43964139 0.75  0.0 0.0
2015-07-01-16 05 21.484	  31.02708016 121.43964139 0.75  0.0 0.0
2015-07-01-16 05 21.620	  31.02708016 121.43964139 0.75  0.0 0.0
2015-07-01-16 05 21.769	  31.02708016 121.43964139 0.75  0.0 0.0
2015-07-01-16 05 21.874	  31.02708016 121.43964139 0.75  0.0 0.0
2015-07-01-16 05 21.978	  31.02708016 121.43964139 0.75  0.0 0.0
2015-07-01-16 05 22.137	  31.02708016 121.43964139 0.75  0.0 0.0
2015-07-01-16 05 22.250	  31.02708016 121.43964139 0.75  0.0 0.0
2015-07-01-16 05 22.353	  31.02708016 121.43964139 0.75  0.0 0.0
2015-07-01-16 05 22.496	  31.02708016 121.43964139 0.75  0.0 0.0
2015-07-01-16 05 22.603	  31.02708016 121.43964139 0.75  0.0 0.0
2015-07-01-16 05 22.704	  31.02708016 121.43964139 0.75  0.0 0.0
2015-07-01-16 05 22.835	  31.02708016 121.43964139 0.75  0.0 0.0
2015-07-01-16 05 22.948	  31.02710436 121.43962972 0.75  0.0 0.0
2015-07-01-16 05 23.049	  31.02710436 121.43962972 0.75  0.0 0.0
2015-07-01-16 05 23.166	  31.02710436 121.43962972 0.75  0.0 0.0
2015-07-01-16 05 23.273	  31.02710436 121.43962972 0.75  0.0 0.0
2015-07-01-16 05 23.378	  31.02710436 121.43962972 0.75  0.0 0.0
2015-07-01-16 05 23.558	  31.02710436 121.43962972 0.75  0.0 0.0
2015-07-01-16 05 23.703	  31.02710436 121.43962972 0.75  0.0 0.0
2015-07-01-16 05 23.822	  31.02710436 121.43962972 0.75  0.0 0.0
2015-07-01-16 05 23.927	  31.02710436 121.43962972 0.75  0.0 0.0
2015-07-01-16 05 24.030	  31.02710436 121.43962972 0.75  0.0 0.0
2015-07-01-16 05 24.186	  31.02710436 121.43962972 0.75  0.0 0.0
2015-07-01-16 05 24.317	  31.02710436 121.43962972 0.75  0.0 0.0
2015-07-01-16 05 24.467	  31.02710436 121.43962972 0.75  0.0 0.0
2015-07-01-16 05 24.580	  31.02710436 121.43962972 0.75  0.0 0.0
2015-07-01-16 05 24.682	  31.02712146 121.43961924 0.75  0.0 0.0
2015-07-01-16 05 24.824	  31.02712146 121.43961924 0.75  0.0 0.0
2015-07-01-16 05 24.976	  31.02712146 121.43961924 0.75  0.0 0.0
2015-07-01-16 05 25.116	  31.02712146 121.43961924 0.75  0.0 0.0
2015-07-01-16 05 25.228	  31.02712146 121.43961924 0.75  0.0 0.0
2015-07-01-16 05 25.332	  31.02712146 121.43961924 0.75  0.0 0.0
2015-07-01-16 05 25.508	  31.02712146 121.43961924 0.75  0.0 0.0
2015-07-01-16 05 25.666	  31.02712146 121.43961924 0.75  0.0 0.0
2015-07-01-16 05 25.789	  31.02712146 121.43961924 0.75  0.0 0.0
2015-07-01-16 05 25.892	  31.02712146 121.43961924 0.75  0.0 0.0
2015-07-01-16 05 25.994	  31.02712146 121.43961924 0.75  0.0 0.0
2015-07-01-16 05 26.102	  31.02712146 121.43961924 0.75  0.0 0.0
2015-07-01-16 05 26.238	  31.02712146 121.43961924 0.75  0.0 0.0
2015-07-01-16 05 26.379	  31.02712146 121.43961924 0.75  0.0 0.0
2015-07-01-16 05 26.523	  31.02712146 121.43961924 0.75  0.0 0.0
2015-07-01-16 05 26.630	  31.02712146 121.43961924 0.75  0.0 0.0
2015-07-01-16 05 26.732	  31.02713914 121.43961138 1.0  0.0 0.0
2015-07-01-16 05 26.851	  31.02713914 121.43961138 1.0  0.0 0.0
2015-07-01-16 05 27.003	  31.02713914 121.43961138 1.0  0.0 0.0
2015-07-01-16 05 27.140	  31.02713914 121.43961138 1.0  0.0 0.0
2015-07-01-16 05 27.244	  31.02713914 121.43961138 1.0  0.0 0.0
2015-07-01-16 05 27.347	  31.02713914 121.43961138 1.0  0.0 0.0
2015-07-01-16 05 27.507	  31.02713914 121.43961138 1.0  0.0 0.0
2015-07-01-16 05 27.649	  31.02713914 121.43961138 1.0  0.0 0.0
2015-07-01-16 05 27.766	  31.02713914 121.43961138 1.0  0.0 0.0
2015-07-01-16 05 27.887	  31.02713914 121.43961138 1.0  0.0 0.0
2015-07-01-16 05 28.034	  31.02713914 121.43961138 1.0  0.0 0.0
2015-07-01-16 05 28.177	  31.02713914 121.43961138 1.0  0.0 0.0
2015-07-01-16 05 28.321	  31.02713914 121.43961138 1.0  0.0 0.0
2015-07-01-16 05 28.455	  31.02713914 121.43961138 1.0  0.0 0.0
2015-07-01-16 05 28.596	  31.02713914 121.43961138 1.0  0.0 0.0
2015-07-01-16 05 28.762	  31.02713914 121.43961138 1.0  0.0 0.0
2015-07-01-16 05 28.877	  31.02713914 121.43961138 1.0  0.0 0.0
2015-07-01-16 05 28.993	  31.02713914 121.43961138 1.0  0.0 0.0
2015-07-01-16 05 29.110	  31.02713914 121.43961138 1.0  0.0 0.0
2015-07-01-16 05 29.278	  31.02713914 121.43961138 1.0  0.0 0.0
2015-07-01-16 05 29.416	  31.02713914 121.43961138 1.0  0.0 0.0
2015-07-01-16 05 29.538	  31.02713914 121.43961138 1.0  0.0 0.0
2015-07-01-16 05 29.669	  31.02716184 121.43960071 0.75  0.0 0.0
2015-07-01-16 05 29.819	  31.02716184 121.43960071 0.75  0.0 0.0
2015-07-01-16 05 29.964	  31.02716184 121.43960071 0.75  0.0 0.0
2015-07-01-16 05 30.153	  31.02716184 121.43960071 0.75  0.0 0.0
2015-07-01-16 05 30.269	  31.02716184 121.43960071 0.75  0.0 0.0
2015-07-01-16 05 30.388	  31.02716184 121.43960071 0.75  0.0 0.0
2015-07-01-16 05 30.504	  31.02716184 121.43960071 0.75  0.0 0.0
2015-07-01-16 05 30.637	  31.02716184 121.43960071 0.75  0.0 0.0
2015-07-01-16 05 30.813	  31.02716184 121.43960071 0.75  0.0 0.0
2015-07-01-16 05 30.928	  31.02716184 121.43960071 0.75  0.0 0.0
2015-07-01-16 05 31.058	  31.02716184 121.43960071 0.75  0.0 0.0
2015-07-01-16 05 31.197	  31.02716184 121.43960071 0.75  0.0 0.0
2015-07-01-16 05 31.339	  31.02716184 121.43960071 0.75  0.0 0.0
2015-07-01-16 05 31.468	  31.02716184 121.43960071 0.75  0.0 0.0
2015-07-01-16 05 31.642	  31.02716184 121.43960071 0.75  0.0 0.0
2015-07-01-16 05 31.763	  31.02716184 121.43960071 0.75  0.0 0.0
2015-07-01-16 05 31.864	  31.02716184 121.43960071 0.75  0.0 0.0
2015-07-01-16 05 31.966	  31.02716184 121.43960071 0.75  0.0 0.0
2015-07-01-16 05 32.089	  31.02716184 121.43960071 0.75  0.0 0.0
2015-07-01-16 05 32.248	  31.02716184 121.43960071 0.75  0.0 0.0
2015-07-01-16 05 32.378	  31.02716184 121.43960071 0.75  0.0 0.0
2015-07-01-16 05 32.496	  31.02716184 121.43960071 0.75  0.0 0.0
2015-07-01-16 05 32.643	  31.02716184 121.43960071 0.75  0.0 0.0
2015-07-01-16 05 32.790	  31.02718407 121.43959663 0.75  0.0 0.0
2015-07-01-16 05 32.907	  31.02718407 121.43959663 0.75  0.0 0.0
2015-07-01-16 05 33.022	  31.02718407 121.43959663 0.75  0.0 0.0
2015-07-01-16 05 33.138	  31.02718407 121.43959663 0.75  0.0 0.0
2015-07-01-16 05 33.270	  31.02718407 121.43959663 0.75  0.0 0.0
2015-07-01-16 05 33.436	  31.02718407 121.43959663 0.75  0.0 0.0
2015-07-01-16 05 33.573	  31.02718407 121.43959663 0.75  0.0 0.0
2015-07-01-16 05 33.721	  31.02718407 121.43959663 0.75  0.0 0.0
2015-07-01-16 05 33.878	  31.02718407 121.43959663 0.75  0.0 0.0
2015-07-01-16 05 34.025	  31.02718407 121.43959663 0.75  0.0 0.0
2015-07-01-16 05 34.162	  31.02718407 121.43959663 0.75  0.0 0.0
2015-07-01-16 05 34.299	  31.02718407 121.43959663 0.75  0.0 0.0
2015-07-01-16 05 34.415	  31.02718407 121.43959663 0.75  0.0 0.0
2015-07-01-16 05 34.533	  31.02718407 121.43959663 0.75  0.0 0.0
2015-07-01-16 05 34.704	  31.02718407 121.43959663 0.75  0.0 0.0
2015-07-01-16 05 34.844	  31.02718407 121.43959663 0.75  0.0 0.0
2015-07-01-16 05 34.994	  31.02718407 121.43959663 0.75  0.0 0.0
2015-07-01-16 05 35.111	  31.02718407 121.43959663 0.75  0.0 0.0
2015-07-01-16 05 35.273	  31.02718407 121.43959663 0.75  0.0 0.0
2015-07-01-16 05 35.417	  31.02718407 121.43959663 0.75  0.0 0.0
2015-07-01-16 05 35.565	  31.02718407 121.43959663 0.75  0.0 0.0
2015-07-01-16 05 35.720	  31.02720665 121.43958821 0.75  0.0 0.0
2015-07-01-16 05 35.837	  31.02720665 121.43958821 0.75  0.0 0.0
2015-07-01-16 05 35.960	  31.02720665 121.43958821 0.75  0.0 0.0
2015-07-01-16 05 36.149	  31.02720665 121.43958821 0.75  0.0 0.0
2015-07-01-16 05 36.266	  31.02720665 121.43958821 0.75  0.0 0.0
2015-07-01-16 05 36.393	  31.02720665 121.43958821 0.75  0.0 0.0
2015-07-01-16 05 36.532	  31.02720665 121.43958821 0.75  0.0 0.0
2015-07-01-16 05 36.668	  31.02720665 121.43958821 0.75  0.0 0.0
2015-07-01-16 05 36.832	  31.02720665 121.43958821 0.75  0.0 0.0
2015-07-01-16 05 36.947	  31.02720665 121.43958821 0.75  0.0 0.0
2015-07-01-16 05 37.058	  31.02720665 121.43958821 0.75  0.0 0.0
2015-07-01-16 05 37.161	  31.02720665 121.43958821 0.75  0.0 0.0
2015-07-01-16 05 37.304	  31.02720665 121.43958821 0.75  0.0 0.0
2015-07-01-16 05 37.479	  31.02720665 121.43958821 0.75  0.0 0.0
2015-07-01-16 05 37.629	  31.02720665 121.43958821 0.75  0.0 0.0
2015-07-01-16 05 37.745	  31.02720665 121.43958821 0.75  0.0 0.0
2015-07-01-16 05 37.874	  31.02720665 121.43958821 0.75  0.0 0.0
2015-07-01-16 05 38.013	  31.02720665 121.43958821 0.75  0.0 0.0
2015-07-01-16 05 38.158	  31.02720665 121.43958821 0.75  0.0 0.0
2015-07-01-16 05 38.284	  31.02720665 121.43958821 0.75  0.0 0.0
2015-07-01-16 05 38.416	  31.02720665 121.43958821 0.75  0.0 0.0
2015-07-01-16 05 38.532	  31.02720665 121.43958821 0.75  0.0 0.0
2015-07-01-16 05 38.678	  31.02722885 121.43958165 0.75  0.0 0.0
2015-07-01-16 05 38.825	  31.02722885 121.43958165 0.75  0.0 0.0
2015-07-01-16 05 38.966	  31.02722885 121.43958165 0.75  0.0 0.0
2015-07-01-16 05 39.125	  31.02722885 121.43958165 0.75  0.0 0.0
2015-07-01-16 05 39.240	  31.02722885 121.43958165 0.75  0.0 0.0
2015-07-01-16 05 39.358	  31.02722885 121.43958165 0.75  0.0 0.0
2015-07-01-16 05 39.474	  31.02722885 121.43958165 0.75  0.0 0.0
2015-07-01-16 05 39.608	  31.02722885 121.43958165 0.75  0.0 0.0
2015-07-01-16 05 39.754	  31.02722885 121.43958165 0.75  0.0 0.0
2015-07-01-16 05 39.898	  31.02722885 121.43958165 0.75  0.0 0.0
2015-07-01-16 05 40.039	  31.02722885 121.43958165 0.75  0.0 0.0
2015-07-01-16 05 40.155	  31.02722885 121.43958165 0.75  0.0 0.0
2015-07-01-16 05 40.302	  31.02722885 121.43958165 0.75  0.0 0.0
2015-07-01-16 05 40.453	  31.02722885 121.43958165 0.75  0.0 0.0
2015-07-01-16 05 40.599	  31.02722885 121.43958165 0.75  0.0 0.0
2015-07-01-16 05 40.714	  31.02722885 121.43958165 0.75  0.0 0.0
2015-07-01-16 05 40.841	  31.02722885 121.43958165 0.75  0.0 0.0
2015-07-01-16 05 40.985	  31.02722885 121.43958165 0.75  0.0 0.0
2015-07-01-16 05 41.141	  31.02722885 121.43958165 0.75  0.0 0.0
2015-07-01-16 05 41.295	  31.02722885 121.43958165 0.75  0.0 0.0
2015-07-01-16 05 41.444	  31.02722885 121.43958165 0.75  0.0 0.0
2015-07-01-16 05 41.585	  31.02722885 121.43958165 0.75  0.0 0.0
2015-07-01-16 05 41.763	  31.02724947 121.43957272 0.75  0.0 0.0
2015-07-01-16 05 41.879	  31.02724947 121.43957272 0.75  0.0 0.0
2015-07-01-16 05 41.999	  31.02724947 121.43957272 0.75  0.0 0.0
2015-07-01-16 05 42.139	  31.02724947 121.43957272 0.75  0.0 0.0
2015-07-01-16 05 42.279	  31.02724947 121.43957272 0.75  0.0 0.0
2015-07-01-16 05 42.443	  31.02724947 121.43957272 0.75  0.0 0.0
2015-07-01-16 05 42.559	  31.02724947 121.43957272 0.75  0.0 0.0
2015-07-01-16 05 42.676	  31.02724947 121.43957272 0.75  0.0 0.0
2015-07-01-16 05 42.810	  31.02724947 121.43957272 0.75  0.0 0.0
2015-07-01-16 05 42.924	  31.02724947 121.43957272 0.75  0.0 0.0
2015-07-01-16 05 43.050	  31.02724947 121.43957272 0.75  0.0 0.0
2015-07-01-16 05 43.198	  31.02724947 121.43957272 0.75  0.0 0.0
2015-07-01-16 05 43.341	  31.02724947 121.43957272 0.75  0.0 0.0
2015-07-01-16 05 43.471	  31.02724947 121.43957272 0.75  0.0 0.0
2015-07-01-16 05 43.617	  31.02724947 121.43957272 0.75  0.0 0.0
2015-07-01-16 05 43.759	  31.02724947 121.43957272 0.75  0.0 0.0
2015-07-01-16 05 43.876	  31.02724947 121.43957272 0.75  0.0 0.0
2015-07-01-16 05 44.006	  31.02724947 121.43957272 0.75  0.0 0.0
2015-07-01-16 05 44.161	  31.02724947 121.43957272 0.75  0.0 0.0
2015-07-01-16 05 44.264	  31.02724947 121.43957272 0.75  0.0 0.0
2015-07-01-16 05 44.367	  31.02724947 121.43957272 0.75  0.0 0.0
2015-07-01-16 05 44.469	  31.02724947 121.43957272 0.75  0.0 0.0
2015-07-01-16 05 44.603	  31.02727234 121.43956264 0.75  0.0 0.0
2015-07-01-16 05 44.826	  31.02727234 121.43956264 0.75  0.0 0.0
2015-07-01-16 05 44.928	  31.02727234 121.43956264 0.75  0.0 0.0
2015-07-01-16 05 45.044	  31.02727234 121.43956264 0.75  0.0 0.0
2015-07-01-16 05 45.160	  31.02727234 121.43956264 0.75  0.0 0.0
2015-07-01-16 05 45.274	  31.02727234 121.43956264 0.75  0.0 0.0
2015-07-01-16 05 45.421	  31.02727234 121.43956264 0.75  0.0 0.0
2015-07-01-16 05 45.592	  31.02727234 121.43956264 0.75  0.0 0.0
2015-07-01-16 05 45.709	  31.02727234 121.43956264 0.75  0.0 0.0
2015-07-01-16 05 45.826	  31.02727234 121.43956264 0.75  0.0 0.0
2015-07-01-16 05 45.947	  31.02727234 121.43956264 0.75  0.0 0.0
2015-07-01-16 05 46.076	  31.02727234 121.43956264 0.75  0.0 0.0
2015-07-01-16 05 46.210	  31.02727234 121.43956264 0.75  0.0 0.0
2015-07-01-16 05 46.352	  31.02727234 121.43956264 0.75  0.0 0.0
2015-07-01-16 05 46.471	  31.02727234 121.43956264 0.75  0.0 0.0
2015-07-01-16 05 46.591	  31.02727234 121.43956264 0.75  0.0 0.0
2015-07-01-16 05 46.710	  31.02727234 121.43956264 0.75  0.0 0.0
2015-07-01-16 05 46.851	  31.02727234 121.43956264 0.75  0.0 0.0
2015-07-01-16 05 47.018	  31.02727234 121.43956264 0.75  0.0 0.0
2015-07-01-16 05 47.133	  31.02727234 121.43956264 0.75  0.0 0.0
2015-07-01-16 05 47.278	  31.02727234 121.43956264 0.75  0.0 0.0
2015-07-01-16 05 47.418	  31.02727234 121.43956264 0.75  0.0 0.0
2015-07-01-16 05 47.563	  31.02727234 121.43956264 0.75  0.0 0.0
2015-07-01-16 05 47.686	  31.02729044 121.43955132 0.75  0.0 0.0
2015-07-01-16 05 47.826	  31.02729044 121.43955132 0.75  0.0 0.0
2015-07-01-16 05 47.946	  31.02729044 121.43955132 0.75  0.0 0.0
2015-07-01-16 05 48.122	  31.02729044 121.43955132 0.75  0.0 0.0
2015-07-01-16 05 48.260	  31.02729044 121.43955132 0.75  0.0 0.0
2015-07-01-16 05 48.462	  31.02729044 121.43955132 0.75  0.0 0.0
2015-07-01-16 05 48.600	  31.02729044 121.43955132 0.75  0.0 0.0
2015-07-01-16 05 48.720	  31.02729044 121.43955132 0.75  0.0 0.0
2015-07-01-16 05 48.850	  31.02729044 121.43955132 0.75  0.0 0.0
2015-07-01-16 05 48.990	  31.02729044 121.43955132 0.75  0.0 0.0
2015-07-01-16 05 49.161	  31.02729044 121.43955132 0.75  0.0 0.0
2015-07-01-16 05 49.278	  31.02729044 121.43955132 0.75  0.0 0.0
2015-07-01-16 05 49.405	  31.02729044 121.43955132 0.75  0.0 0.0
2015-07-01-16 05 49.541	  31.02729044 121.43955132 0.75  0.0 0.0
2015-07-01-16 05 49.712	  31.02729044 121.43955132 0.75  0.0 0.0
2015-07-01-16 05 49.818	  31.02729044 121.43955132 0.75  0.0 0.0
2015-07-01-16 05 49.925	  31.02729044 121.43955132 0.75  0.0 0.0
2015-07-01-16 05 50.031	  31.02729044 121.43955132 0.75  0.0 0.0
2015-07-01-16 05 50.137	  31.02729044 121.43955132 0.75  0.0 0.0
2015-07-01-16 05 50.243	  31.02729044 121.43955132 0.75  0.0 0.0
2015-07-01-16 05 50.346	  31.02729044 121.43955132 0.75  0.0 0.0
2015-07-01-16 05 50.451	  31.02729044 121.43955132 0.75  0.0 0.0
2015-07-01-16 05 50.555	  31.02729044 121.43955132 0.75  0.0 0.0
2015-07-01-16 05 50.669	  31.02731125 121.43954177 0.75  0.0 0.0
2015-07-01-16 05 50.777	  31.02731125 121.43954177 0.75  0.0 0.0
2015-07-01-16 05 50.883	  31.02731125 121.43954177 0.75  0.0 0.0
2015-07-01-16 05 50.996	  31.02731125 121.43954177 0.75  0.0 0.0
2015-07-01-16 05 51.099	  31.02731125 121.43954177 0.75  0.0 0.0
2015-07-01-16 05 51.211	  31.02731125 121.43954177 0.75  0.0 0.0
2015-07-01-16 05 51.317	  31.02731125 121.43954177 0.75  0.0 0.0
2015-07-01-16 05 51.425	  31.02731125 121.43954177 0.75  0.0 0.0
2015-07-01-16 05 51.531	  31.02731125 121.43954177 0.75  0.0 0.0
2015-07-01-16 05 51.635	  31.02731125 121.43954177 0.75  0.0 0.0
2015-07-01-16 05 51.738	  31.02731125 121.43954177 0.75  0.0 0.0
2015-07-01-16 05 51.842	  31.02731125 121.43954177 0.75  0.0 0.0
2015-07-01-16 05 51.949	  31.02731125 121.43954177 0.75  0.0 0.0
2015-07-01-16 05 52.056	  31.02731125 121.43954177 0.75  0.0 0.0
2015-07-01-16 05 52.212	  31.02731125 121.43954177 0.75  0.0 0.0
2015-07-01-16 05 52.372	  31.02731125 121.43954177 0.75  0.0 0.0
2015-07-01-16 05 52.532	  31.02731125 121.43954177 0.75  0.0 0.0
2015-07-01-16 05 52.663	  31.02731125 121.43954177 0.75  0.0 0.0
2015-07-01-16 05 52.813	  31.02731125 121.43954177 0.75  0.0 0.0
2015-07-01-16 05 52.951	  31.02731125 121.43954177 0.75  0.0 0.0
2015-07-01-16 05 53.095	  31.02731125 121.43954177 0.75  0.0 0.0
2015-07-01-16 05 53.246	  31.02731125 121.43954177 0.75  0.0 0.0
2015-07-01-16 05 53.381	  31.02731125 121.43954177 0.75  0.0 0.0
2015-07-01-16 05 53.555	  31.02731125 121.43954177 0.75  0.0 0.0
2015-07-01-16 05 53.674	  31.02733167 121.43952796 0.75  0.0 0.0
2015-07-01-16 05 53.824	  31.02733167 121.43952796 0.75  0.0 0.0
2015-07-01-16 05 53.965	  31.02733167 121.43952796 0.75  0.0 0.0
2015-07-01-16 05 54.126	  31.02733167 121.43952796 0.75  0.0 0.0
2015-07-01-16 05 54.321	  31.02733167 121.43952796 0.75  0.0 0.0
2015-07-01-16 05 54.465	  31.02733167 121.43952796 0.75  0.0 0.0
2015-07-01-16 05 54.615	  31.02733167 121.43952796 0.75  0.0 0.0
2015-07-01-16 05 54.756	  31.02733167 121.43952796 0.75  0.0 0.0
2015-07-01-16 05 54.898	  31.02733167 121.43952796 0.75  0.0 0.0
2015-07-01-16 05 55.019	  31.02733167 121.43952796 0.75  0.0 0.0
2015-07-01-16 05 55.200	  31.02733167 121.43952796 0.75  0.0 0.0
2015-07-01-16 05 55.339	  31.02733167 121.43952796 0.75  0.0 0.0
2015-07-01-16 05 55.460	  31.02733167 121.43952796 0.75  0.0 0.0
2015-07-01-16 05 55.598	  31.02733167 121.43952796 0.75  0.0 0.0
2015-07-01-16 05 55.717	  31.02735041 121.43952009 0.75  0.0 0.0
2015-07-01-16 05 55.859	  31.02735041 121.43952009 0.75  0.0 0.0
2015-07-01-16 05 56.008	  31.02735041 121.43952009 0.75  0.0 0.0
2015-07-01-16 05 56.163	  31.02735041 121.43952009 0.75  0.0 0.0
2015-07-01-16 05 56.290	  31.02735041 121.43952009 0.75  0.0 0.0
2015-07-01-16 05 56.415	  31.02735041 121.43952009 0.75  0.0 0.0
2015-07-01-16 05 56.590	  31.02735041 121.43952009 0.75  0.0 0.0
2015-07-01-16 05 56.715	  31.02735041 121.43952009 0.75  0.0 0.0
2015-07-01-16 05 56.861	  31.02735041 121.43952009 0.75  0.0 0.0
2015-07-01-16 05 57.004	  31.02735041 121.43952009 0.75  0.0 0.0
2015-07-01-16 05 57.121	  31.02735041 121.43952009 0.75  0.0 0.0
2015-07-01-16 05 57.264	  31.02735041 121.43952009 0.75  0.0 0.0
2015-07-01-16 05 57.446	  31.02735041 121.43952009 0.75  0.0 0.0
2015-07-01-16 05 57.564	  31.02735041 121.43952009 0.75  0.0 0.0
2015-07-01-16 05 57.684	  31.02737025 121.43951097 1.0  0.0 0.0
2015-07-01-16 05 57.809	  31.02737025 121.43951097 1.0  0.0 0.0
2015-07-01-16 05 57.929	  31.02737025 121.43951097 1.0  0.0 0.0
2015-07-01-16 05 58.079	  31.02737025 121.43951097 1.0  0.0 0.0
2015-07-01-16 05 58.269	  31.02737025 121.43951097 1.0  0.0 0.0
2015-07-01-16 05 58.375	  31.02737025 121.43951097 1.0  0.0 0.0
2015-07-01-16 05 58.482	  31.02737025 121.43951097 1.0  0.0 0.0
2015-07-01-16 05 58.591	  31.02737025 121.43951097 1.0  0.0 0.0
2015-07-01-16 05 58.696	  31.02737025 121.43951097 1.0  0.0 0.0
2015-07-01-16 05 58.806	  31.02737025 121.43951097 1.0  0.0 0.0
2015-07-01-16 05 58.912	  31.02737025 121.43951097 1.0  0.0 0.0
2015-07-01-16 05 59.019	  31.02737025 121.43951097 1.0  0.0 0.0
2015-07-01-16 05 59.124	  31.02737025 121.43951097 1.0  0.0 0.0
2015-07-01-16 05 59.237	  31.02737025 121.43951097 1.0  0.0 0.0
2015-07-01-16 05 59.342	  31.02737025 121.43951097 1.0  0.0 0.0
2015-07-01-16 05 59.446	  31.02737025 121.43951097 1.0  0.0 0.0
2015-07-01-16 05 59.548	  31.02737025 121.43951097 1.0  0.0 0.0
2015-07-01-16 05 59.654	  31.02737025 121.43951097 1.0  0.0 0.0
2015-07-01-16 05 59.763	  31.02738844 121.43950354 1.0  0.0 0.0
2015-07-01-16 05 59.865	  31.02738844 121.43950354 1.0  0.0 0.0
2015-07-01-16 05 59.970	  31.02738844 121.43950354 1.0  0.0 0.0
2015-07-01-16 06 00.072	  31.02738844 121.43950354 1.0  0.0 0.0
2015-07-01-16 06 00.181	  31.02738844 121.43950354 1.0  0.0 0.0
2015-07-01-16 06 00.293	  31.02738844 121.43950354 1.0  0.0 0.0
2015-07-01-16 06 00.419	  31.02738844 121.43950354 1.0  0.0 0.0
2015-07-01-16 06 00.562	  31.02738844 121.43950354 1.0  0.0 0.0
2015-07-01-16 06 00.695	  31.02738844 121.43950354 1.0  0.0 0.0
2015-07-01-16 06 00.853	  31.02738844 121.43950354 1.0  0.0 0.0
2015-07-01-16 06 01.004	  31.02738844 121.43950354 1.0  0.0 0.0
2015-07-01-16 06 01.150	  31.02738844 121.43950354 1.0  0.0 0.0
2015-07-01-16 06 01.256	  31.02738844 121.43950354 1.0  0.0 0.0
2015-07-01-16 06 01.363	  31.02738844 121.43950354 1.0  0.0 0.0
2015-07-01-16 06 01.469	  31.02738844 121.43950354 1.0  0.0 0.0
2015-07-01-16 06 01.575	  31.02738844 121.43950354 1.0  0.0 0.0
2015-07-01-16 06 01.681	  31.02740575 121.4394954 1.0  0.0 0.0
2015-07-01-16 06 01.811	  31.02740575 121.4394954 1.0  0.0 0.0
2015-07-01-16 06 01.929	  31.02740575 121.4394954 1.0  0.0 0.0
2015-07-01-16 06 02.074	  31.02740575 121.4394954 1.0  0.0 0.0
2015-07-01-16 06 02.202	  31.02740575 121.4394954 1.0  0.0 0.0
2015-07-01-16 06 02.381	  31.02740575 121.4394954 1.0  0.0 0.0
2015-07-01-16 06 02.494	  31.02740575 121.4394954 1.0  0.0 0.0
2015-07-01-16 06 02.628	  31.02740575 121.4394954 1.0  0.0 0.0
2015-07-01-16 06 02.807	  31.02740575 121.4394954 1.0  0.0 0.0
2015-07-01-16 06 02.927	  31.02740575 121.4394954 1.0  0.0 0.0
2015-07-01-16 06 03.075	  31.02740575 121.4394954 1.0  0.0 0.0
2015-07-01-16 06 03.208	  31.02740575 121.4394954 1.0  0.0 0.0
2015-07-01-16 06 03.364	  31.02740575 121.4394954 1.0  0.0 0.0
2015-07-01-16 06 03.483	  31.02740575 121.4394954 1.0  0.0 0.0
2015-07-01-16 06 03.599	  31.02740575 121.4394954 1.0  0.0 0.0
2015-07-01-16 06 03.716	  31.02740575 121.4394954 1.0  0.0 0.0
2015-07-01-16 06 03.909	  31.02742312 121.43948773 1.0  0.0 0.0
2015-07-01-16 06 04.033	  31.02742312 121.43948773 1.0  0.0 0.0
2015-07-01-16 06 04.177	  31.02742312 121.43948773 1.0  0.0 0.0
2015-07-01-16 06 04.336	  31.02742312 121.43948773 1.0  0.0 0.0
2015-07-01-16 06 04.454	  31.02742312 121.43948773 1.0  0.0 0.0
2015-07-01-16 06 04.606	  31.02742312 121.43948773 1.0  0.0 0.0
2015-07-01-16 06 04.721	  31.02742312 121.43948773 1.0  0.0 0.0
2015-07-01-16 06 04.888	  31.02742312 121.43948773 1.0  0.0 0.0
2015-07-01-16 06 05.008	  31.02742312 121.43948773 1.0  0.0 0.0
2015-07-01-16 06 05.159	  31.02742312 121.43948773 1.0  0.0 0.0
2015-07-01-16 06 05.299	  31.02742312 121.43948773 1.0  0.0 0.0
2015-07-01-16 06 05.437	  31.02742312 121.43948773 1.0  0.0 0.0
2015-07-01-16 06 05.585	  31.02742312 121.43948773 1.0  0.0 0.0
2015-07-01-16 06 05.782	  31.02742312 121.43948773 1.0  0.0 0.0
2015-07-01-16 06 05.897	  31.02742312 121.43948773 1.0  0.0 0.0
2015-07-01-16 06 06.013	  31.02742312 121.43948773 1.0  0.0 0.0
2015-07-01-16 06 06.161	  31.02742312 121.43948773 1.0  0.0 0.0
2015-07-01-16 06 06.336	  31.02742312 121.43948773 1.0  0.0 0.0
2015-07-01-16 06 06.452	  31.02742312 121.43948773 1.0  0.0 0.0
2015-07-01-16 06 06.581	  31.02742312 121.43948773 1.0  0.0 0.0
2015-07-01-16 06 06.700	  31.02744927 121.43947834 1.0  0.0 0.0
2015-07-01-16 06 06.866	  31.02744927 121.43947834 1.0  0.0 0.0
2015-07-01-16 06 07.005	  31.02744927 121.43947834 1.0  0.0 0.0
2015-07-01-16 06 07.154	  31.02744927 121.43947834 1.0  0.0 0.0
2015-07-01-16 06 07.270	  31.02744927 121.43947834 1.0  0.0 0.0
2015-07-01-16 06 07.453	  31.02744927 121.43947834 1.0  0.0 0.0
2015-07-01-16 06 07.599	  31.02744927 121.43947834 1.0  0.0 0.0
2015-07-01-16 06 07.716	  31.02744927 121.43947834 1.0  0.0 0.0
2015-07-01-16 06 07.838	  31.02744927 121.43947834 1.0  0.0 0.0
2015-07-01-16 06 07.963	  31.02744927 121.43947834 1.0  0.0 0.0
2015-07-01-16 06 08.116	  31.02744927 121.43947834 1.0  0.0 0.0
2015-07-01-16 06 08.244	  31.02744927 121.43947834 1.0  0.0 0.0
2015-07-01-16 06 08.389	  31.02744927 121.43947834 1.0  0.0 0.0
2015-07-01-16 06 08.527	  31.02744927 121.43947834 1.0  0.0 0.0
2015-07-01-16 06 08.706	  31.02744927 121.43947834 1.0  0.0 0.0
2015-07-01-16 06 08.812	  31.02744927 121.43947834 1.0  0.0 0.0
2015-07-01-16 06 08.923	  31.02744927 121.43947834 1.0  0.0 0.0
2015-07-01-16 06 09.029	  31.02744927 121.43947834 1.0  0.0 0.0
2015-07-01-16 06 09.135	  31.02744927 121.43947834 1.0  0.0 0.0
2015-07-01-16 06 09.253	  31.02744927 121.43947834 1.0  0.0 0.0
2015-07-01-16 06 09.360	  31.02744927 121.43947834 1.0  0.0 0.0
2015-07-01-16 06 09.465	  31.02744927 121.43947834 1.0  0.0 0.0
2015-07-01-16 06 09.576	  31.02744927 121.43947834 1.0  0.0 0.0
2015-07-01-16 06 09.680	  31.02744927 121.43947834 1.0  0.0 0.0
2015-07-01-16 06 09.786	  31.02744927 121.43947834 1.0  0.0 0.0
2015-07-01-16 06 09.893	  31.02744927 121.43947834 1.0  0.0 0.0
2015-07-01-16 06 09.997	  31.02744927 121.43947834 1.0  0.0 0.0
2015-07-01-16 06 10.099	  31.02744927 121.43947834 1.0  0.0 0.0
2015-07-01-16 06 10.218	  31.02744927 121.43947834 1.0  0.0 0.0
2015-07-01-16 06 10.322	  31.02744927 121.43947834 1.0  0.0 0.0
2015-07-01-16 06 10.426	  31.02744927 121.43947834 1.0  0.0 0.0
2015-07-01-16 06 10.531	  31.02744927 121.43947834 1.0  0.0 0.0
2015-07-01-16 06 10.643	  31.02744927 121.43947834 1.0  0.0 0.0
2015-07-01-16 06 10.756	  31.02744927 121.43947834 1.0  0.0 0.0
2015-07-01-16 06 10.871	  31.02744927 121.43947834 1.0  0.0 0.0
2015-07-01-16 06 11.008	  31.02744927 121.43947834 1.0  0.0 0.0
2015-07-01-16 06 11.158	  31.02744927 121.43947834 1.0  0.0 0.0
2015-07-01-16 06 11.302	  31.02744927 121.43947834 1.0  0.0 0.0
2015-07-01-16 06 11.459	  31.02744927 121.43947834 1.0  0.0 0.0
2015-07-01-16 06 11.608	  31.02744927 121.43947834 1.0  0.0 0.0
2015-07-01-16 06 11.727	  31.02744927 121.43947834 1.0  0.0 0.0
2015-07-01-16 06 11.877	  31.02744927 121.43947834 1.0  0.0 0.0
2015-07-01-16 06 11.987	  31.02744927 121.43947834 1.0  0.0 0.0
2015-07-01-16 06 12.105	  31.02744927 121.43947834 1.0  0.0 0.0
2015-07-01-16 06 12.266	  31.02744927 121.43947834 1.0  0.0 0.0
2015-07-01-16 06 12.409	  31.02744927 121.43947834 1.0  0.0 0.0
2015-07-01-16 06 12.563	  31.02744927 121.43947834 1.0  0.0 0.0
2015-07-01-16 06 12.709	  31.02744927 121.43947834 1.0  0.0 0.0
2015-07-01-16 06 12.825	  31.02747298 121.43947244 0.75  0.0 0.0
2015-07-01-16 06 12.955	  31.02747298 121.43947244 0.75  0.0 0.0
2015-07-01-16 06 13.069	  31.02747298 121.43947244 0.75  0.0 0.0
2015-07-01-16 06 13.194	  31.02747298 121.43947244 0.75  0.0 0.0
2015-07-01-16 06 13.357	  31.02747298 121.43947244 0.75  0.0 0.0
2015-07-01-16 06 13.479	  31.02747298 121.43947244 0.75  0.0 0.0
2015-07-01-16 06 13.582	  31.02747298 121.43947244 0.75  0.0 0.0
2015-07-01-16 06 13.691	  31.02747298 121.43947244 0.75  0.0 0.0
2015-07-01-16 06 13.804	  31.02747298 121.43947244 0.75  0.0 0.0
2015-07-01-16 06 13.921	  31.02747298 121.43947244 0.75  0.0 0.0
2015-07-01-16 06 14.064	  31.02747298 121.43947244 0.75  0.0 0.0
2015-07-01-16 06 14.165	  31.02747298 121.43947244 0.75  0.0 0.0
2015-07-01-16 06 14.270	  31.02747298 121.43947244 0.75  0.0 0.0
2015-07-01-16 06 14.374	  31.02747298 121.43947244 0.75  0.0 0.0
2015-07-01-16 06 14.475	  31.02747298 121.43947244 0.75  0.0 0.0
2015-07-01-16 06 14.577	  31.02747298 121.43947244 0.75  0.0 0.0
2015-07-01-16 06 14.679	  31.02747298 121.43947244 0.75  0.0 0.0
2015-07-01-16 06 14.782	  31.02749188 121.43946442 1.0  0.0 0.0
2015-07-01-16 06 14.884	  31.02749188 121.43946442 1.0  0.0 0.0
2015-07-01-16 06 14.987	  31.02749188 121.43946442 1.0  0.0 0.0
2015-07-01-16 06 15.089	  31.02749188 121.43946442 1.0  0.0 0.0
2015-07-01-16 06 15.191	  31.02749188 121.43946442 1.0  0.0 0.0
2015-07-01-16 06 15.293	  31.02749188 121.43946442 1.0  0.0 0.0
2015-07-01-16 06 15.395	  31.02749188 121.43946442 1.0  0.0 0.0
2015-07-01-16 06 15.500	  31.02749188 121.43946442 1.0  0.0 0.0
2015-07-01-16 06 15.603	  31.02749188 121.43946442 1.0  0.0 0.0
2015-07-01-16 06 15.709	  31.02749188 121.43946442 1.0  0.0 0.0
2015-07-01-16 06 15.825	  31.02749188 121.43946442 1.0  0.0 0.0
2015-07-01-16 06 15.927	  31.02749188 121.43946442 1.0  0.0 0.0
2015-07-01-16 06 16.029	  31.02749188 121.43946442 1.0  0.0 0.0
2015-07-01-16 06 16.131	  31.02749188 121.43946442 1.0  0.0 0.0
2015-07-01-16 06 16.234	  31.02749188 121.43946442 1.0  0.0 0.0
2015-07-01-16 06 16.341	  31.02749188 121.43946442 1.0  0.0 0.0
2015-07-01-16 06 16.448	  31.02749188 121.43946442 1.0  0.0 0.0
2015-07-01-16 06 16.550	  31.02749188 121.43946442 1.0  0.0 0.0
2015-07-01-16 06 16.652	  31.02749188 121.43946442 1.0  0.0 0.0
2015-07-01-16 06 16.756	  31.02751076 121.43945696 1.0  0.0 0.0
2015-07-01-16 06 16.857	  31.02751076 121.43945696 1.0  0.0 0.0
2015-07-01-16 06 16.959	  31.02751076 121.43945696 1.0  0.0 0.0
2015-07-01-16 06 17.064	  31.02751076 121.43945696 1.0  0.0 0.0
2015-07-01-16 06 17.169	  31.02751076 121.43945696 1.0  0.0 0.0
2015-07-01-16 06 17.273	  31.02751076 121.43945696 1.0  0.0 0.0
2015-07-01-16 06 17.375	  31.02751076 121.43945696 1.0  0.0 0.0
2015-07-01-16 06 17.476	  31.02751076 121.43945696 1.0  0.0 0.0
2015-07-01-16 06 17.578	  31.02751076 121.43945696 1.0  0.0 0.0
2015-07-01-16 06 17.679	  31.02751076 121.43945696 1.0  0.0 0.0
2015-07-01-16 06 17.786	  31.02751076 121.43945696 1.0  0.0 0.0
2015-07-01-16 06 17.889	  31.02751076 121.43945696 1.0  0.0 0.0
2015-07-01-16 06 17.992	  31.02751076 121.43945696 1.0  0.0 0.0
2015-07-01-16 06 18.100	  31.02751076 121.43945696 1.0  0.0 0.0
2015-07-01-16 06 18.205	  31.02751076 121.43945696 1.0  0.0 0.0
2015-07-01-16 06 18.311	  31.02751076 121.43945696 1.0  0.0 0.0
2015-07-01-16 06 18.415	  31.02751076 121.43945696 1.0  0.0 0.0
2015-07-01-16 06 18.525	  31.02751076 121.43945696 1.0  0.0 0.0
2015-07-01-16 06 18.626	  31.02751076 121.43945696 1.0  0.0 0.0
2015-07-01-16 06 18.727	  31.02753078 121.43945006 1.0  0.0 0.0
2015-07-01-16 06 18.829	  31.02753078 121.43945006 1.0  0.0 0.0
2015-07-01-16 06 18.931	  31.02753078 121.43945006 1.0  0.0 0.0
2015-07-01-16 06 19.034	  31.02753078 121.43945006 1.0  0.0 0.0
2015-07-01-16 06 19.140	  31.02753078 121.43945006 1.0  0.0 0.0
2015-07-01-16 06 19.243	  31.02753078 121.43945006 1.0  0.0 0.0
2015-07-01-16 06 19.345	  31.02753078 121.43945006 1.0  0.0 0.0
2015-07-01-16 06 19.447	  31.02753078 121.43945006 1.0  0.0 0.0
2015-07-01-16 06 19.551	  31.02753078 121.43945006 1.0  0.0 0.0
2015-07-01-16 06 19.658	  31.02753078 121.43945006 1.0  0.0 0.0
2015-07-01-16 06 19.763	  31.02753078 121.43945006 1.0  0.0 0.0
2015-07-01-16 06 19.864	  31.02753078 121.43945006 1.0  0.0 0.0
2015-07-01-16 06 19.968	  31.02753078 121.43945006 1.0  0.0 0.0
2015-07-01-16 06 20.071	  31.02753078 121.43945006 1.0  0.0 0.0
2015-07-01-16 06 20.173	  31.02753078 121.43945006 1.0  0.0 0.0
2015-07-01-16 06 20.275	  31.02753078 121.43945006 1.0  0.0 0.0
2015-07-01-16 06 20.376	  31.02753078 121.43945006 1.0  0.0 0.0
2015-07-01-16 06 20.482	  31.02753078 121.43945006 1.0  0.0 0.0
2015-07-01-16 06 20.589	  31.02753078 121.43945006 1.0  0.0 0.0
2015-07-01-16 06 20.695	  31.02755146 121.43943977 1.0  0.0 0.0
2015-07-01-16 06 20.796	  31.02755146 121.43943977 1.0  0.0 0.0
2015-07-01-16 06 20.900	  31.02755146 121.43943977 1.0  0.0 0.0
2015-07-01-16 06 21.002	  31.02755146 121.43943977 1.0  0.0 0.0
2015-07-01-16 06 21.104	  31.02755146 121.43943977 1.0  0.0 0.0
2015-07-01-16 06 21.206	  31.02755146 121.43943977 1.0  0.0 0.0
2015-07-01-16 06 21.316	  31.02755146 121.43943977 1.0  0.0 0.0
2015-07-01-16 06 21.419	  31.02755146 121.43943977 1.0  0.0 0.0
2015-07-01-16 06 21.521	  31.02755146 121.43943977 1.0  0.0 0.0
2015-07-01-16 06 21.623	  31.02755146 121.43943977 1.0  0.0 0.0
2015-07-01-16 06 21.727	  31.02755146 121.43943977 1.0  0.0 0.0
2015-07-01-16 06 21.828	  31.02755146 121.43943977 1.0  0.0 0.0
2015-07-01-16 06 21.933	  31.02755146 121.43943977 1.0  0.0 0.0
2015-07-01-16 06 22.034	  31.02755146 121.43943977 1.0  0.0 0.0
2015-07-01-16 06 22.136	  31.02755146 121.43943977 1.0  0.0 0.0
2015-07-01-16 06 22.238	  31.02755146 121.43943977 1.0  0.0 0.0
2015-07-01-16 06 22.339	  31.02755146 121.43943977 1.0  0.0 0.0
2015-07-01-16 06 22.441	  31.02755146 121.43943977 1.0  0.0 0.0
2015-07-01-16 06 22.555	  31.02755146 121.43943977 1.0  0.0 0.0
2015-07-01-16 06 22.656	  31.02755146 121.43943977 1.0  0.0 0.0
2015-07-01-16 06 22.758	  31.02757131 121.43942868 1.0  0.0 0.0
2015-07-01-16 06 22.861	  31.02757131 121.43942868 1.0  0.0 0.0
2015-07-01-16 06 22.963	  31.02757131 121.43942868 1.0  0.0 0.0
2015-07-01-16 06 23.065	  31.02757131 121.43942868 1.0  0.0 0.0
2015-07-01-16 06 23.167	  31.02757131 121.43942868 1.0  0.0 0.0
2015-07-01-16 06 23.273	  31.02757131 121.43942868 1.0  0.0 0.0
2015-07-01-16 06 23.378	  31.02757131 121.43942868 1.0  0.0 0.0
2015-07-01-16 06 23.494	  31.02757131 121.43942868 1.0  0.0 0.0
2015-07-01-16 06 23.596	  31.02757131 121.43942868 1.0  0.0 0.0
2015-07-01-16 06 23.701	  31.02757131 121.43942868 1.0  0.0 0.0
2015-07-01-16 06 23.815	  31.02757131 121.43942868 1.0  0.0 0.0
2015-07-01-16 06 23.916	  31.02757131 121.43942868 1.0  0.0 0.0
2015-07-01-16 06 24.024	  31.02757131 121.43942868 1.0  0.0 0.0
2015-07-01-16 06 24.127	  31.02757131 121.43942868 1.0  0.0 0.0
2015-07-01-16 06 24.232	  31.02757131 121.43942868 1.0  0.0 0.0
2015-07-01-16 06 24.337	  31.02757131 121.43942868 1.0  0.0 0.0
2015-07-01-16 06 24.442	  31.02757131 121.43942868 1.0  0.0 0.0
2015-07-01-16 06 24.553	  31.02757131 121.43942868 1.0  0.0 0.0
2015-07-01-16 06 24.654	  31.02757131 121.43942868 1.0  0.0 0.0
2015-07-01-16 06 24.756	  31.02758972 121.43942096 1.0  0.0 0.0
2015-07-01-16 06 24.859	  31.02758972 121.43942096 1.0  0.0 0.0
2015-07-01-16 06 24.961	  31.02758972 121.43942096 1.0  0.0 0.0
2015-07-01-16 06 25.067	  31.02758972 121.43942096 1.0  0.0 0.0
2015-07-01-16 06 25.169	  31.02758972 121.43942096 1.0  0.0 0.0
2015-07-01-16 06 25.272	  31.02758972 121.43942096 1.0  0.0 0.0
2015-07-01-16 06 25.379	  31.02758972 121.43942096 1.0  0.0 0.0
2015-07-01-16 06 25.487	  31.02758972 121.43942096 1.0  0.0 0.0
2015-07-01-16 06 25.596	  31.02758972 121.43942096 1.0  0.0 0.0
2015-07-01-16 06 25.700	  31.02758972 121.43942096 1.0  0.0 0.0
2015-07-01-16 06 25.808	  31.02758972 121.43942096 1.0  0.0 0.0
2015-07-01-16 06 25.909	  31.02758972 121.43942096 1.0  0.0 0.0
2015-07-01-16 06 26.011	  31.02758972 121.43942096 1.0  0.0 0.0
2015-07-01-16 06 26.121	  31.02758972 121.43942096 1.0  0.0 0.0
2015-07-01-16 06 26.226	  31.02758972 121.43942096 1.0  0.0 0.0
2015-07-01-16 06 26.330	  31.02758972 121.43942096 1.0  0.0 0.0
2015-07-01-16 06 26.432	  31.02758972 121.43942096 1.0  0.0 0.0
2015-07-01-16 06 26.536	  31.02758972 121.43942096 1.0  0.0 0.0
2015-07-01-16 06 26.655	  31.02758972 121.43942096 1.0  0.0 0.0
2015-07-01-16 06 26.758	  31.02760909 121.43941382 1.0  0.0 0.0
2015-07-01-16 06 26.860	  31.02760909 121.43941382 1.0  0.0 0.0
2015-07-01-16 06 26.962	  31.02760909 121.43941382 1.0  0.0 0.0
2015-07-01-16 06 27.068	  31.02760909 121.43941382 1.0  0.0 0.0
2015-07-01-16 06 27.176	  31.02760909 121.43941382 1.0  0.0 0.0
2015-07-01-16 06 27.277	  31.02760909 121.43941382 1.0  0.0 0.0
2015-07-01-16 06 27.379	  31.02760909 121.43941382 1.0  0.0 0.0
2015-07-01-16 06 27.485	  31.02760909 121.43941382 1.0  0.0 0.0
2015-07-01-16 06 27.590	  31.02760909 121.43941382 1.0  0.0 0.0
2015-07-01-16 06 27.692	  31.02760909 121.43941382 1.0  0.0 0.0
2015-07-01-16 06 27.796	  31.02760909 121.43941382 1.0  0.0 0.0
2015-07-01-16 06 27.899	  31.02760909 121.43941382 1.0  0.0 0.0
2015-07-01-16 06 28.007	  31.02760909 121.43941382 1.0  0.0 0.0
2015-07-01-16 06 28.111	  31.02760909 121.43941382 1.0  0.0 0.0
2015-07-01-16 06 28.217	  31.02760909 121.43941382 1.0  0.0 0.0
2015-07-01-16 06 28.319	  31.02760909 121.43941382 1.0  0.0 0.0
2015-07-01-16 06 28.422	  31.02760909 121.43941382 1.0  0.0 0.0
2015-07-01-16 06 28.528	  31.02760909 121.43941382 1.0  0.0 0.0
2015-07-01-16 06 28.633	  31.02760909 121.43941382 1.0  0.0 0.0
2015-07-01-16 06 28.746	  31.02760909 121.43941382 1.0  0.0 0.0
2015-07-01-16 06 28.847	  31.02760909 121.43941382 1.0  0.0 0.0
2015-07-01-16 06 28.949	  31.02760909 121.43941382 1.0  0.0 0.0
2015-07-01-16 06 29.052	  31.02760909 121.43941382 1.0  0.0 0.0
2015-07-01-16 06 29.158	  31.02760909 121.43941382 1.0  0.0 0.0
2015-07-01-16 06 29.259	  31.02760909 121.43941382 1.0  0.0 0.0
2015-07-01-16 06 29.361	  31.02760909 121.43941382 1.0  0.0 0.0
2015-07-01-16 06 29.464	  31.02760909 121.43941382 1.0  0.0 0.0
2015-07-01-16 06 29.569	  31.02760909 121.43941382 1.0  0.0 0.0
2015-07-01-16 06 29.673	  31.02760909 121.43941382 1.0  0.0 0.0
2015-07-01-16 06 29.782	  31.02763492 121.43940675 1.0  0.0 0.0
2015-07-01-16 06 29.885	  31.02763492 121.43940675 1.0  0.0 0.0
2015-07-01-16 06 29.988	  31.02763492 121.43940675 1.0  0.0 0.0
2015-07-01-16 06 30.092	  31.02763492 121.43940675 1.0  0.0 0.0
2015-07-01-16 06 30.195	  31.02763492 121.43940675 1.0  0.0 0.0
2015-07-01-16 06 30.301	  31.02763492 121.43940675 1.0  0.0 0.0
2015-07-01-16 06 30.415	  31.02763492 121.43940675 1.0  0.0 0.0
2015-07-01-16 06 30.518	  31.02763492 121.43940675 1.0  0.0 0.0
2015-07-01-16 06 30.620	  31.02763492 121.43940675 1.0  0.0 0.0
2015-07-01-16 06 30.723	  31.02763492 121.43940675 1.0  0.0 0.0
2015-07-01-16 06 30.842	  31.02763492 121.43940675 1.0  0.0 0.0
2015-07-01-16 06 30.944	  31.02763492 121.43940675 1.0  0.0 0.0
2015-07-01-16 06 31.046	  31.02763492 121.43940675 1.0  0.0 0.0
2015-07-01-16 06 31.151	  31.02763492 121.43940675 1.0  0.0 0.0
2015-07-01-16 06 31.264	  31.02763492 121.43940675 1.0  0.0 0.0
2015-07-01-16 06 31.365	  31.02763492 121.43940675 1.0  0.0 0.0
2015-07-01-16 06 31.467	  31.02763492 121.43940675 1.0  0.0 0.0
2015-07-01-16 06 31.570	  31.02763492 121.43940675 1.0  0.0 0.0
2015-07-01-16 06 31.688	  31.02763492 121.43940675 1.0  0.0 0.0
2015-07-01-16 06 31.790	  31.02763492 121.43940675 1.0  0.0 0.0
2015-07-01-16 06 31.892	  31.02763492 121.43940675 1.0  0.0 0.0
2015-07-01-16 06 31.994	  31.02763492 121.43940675 1.0  0.0 0.0
2015-07-01-16 06 32.101	  31.02763492 121.43940675 1.0  0.0 0.0
2015-07-01-16 06 32.206	  31.02763492 121.43940675 1.0  0.0 0.0
2015-07-01-16 06 32.313	  31.02763492 121.43940675 1.0  0.0 0.0
2015-07-01-16 06 32.418	  31.02763492 121.43940675 1.0  0.0 0.0
2015-07-01-16 06 32.528	  31.02763492 121.43940675 1.0  0.0 0.0
2015-07-01-16 06 32.631	  31.02763492 121.43940675 1.0  0.0 0.0
2015-07-01-16 06 32.733	  31.02763492 121.43940675 1.0  0.0 0.0
2015-07-01-16 06 32.835	  31.02763492 121.43940675 1.0  0.0 0.0
2015-07-01-16 06 32.937	  31.02765546 121.43939503 1.0  0.0 0.0
2015-07-01-16 06 33.038	  31.02765546 121.43939503 1.0  0.0 0.0
2015-07-01-16 06 33.144	  31.02765546 121.43939503 1.0  0.0 0.0
2015-07-01-16 06 33.246	  31.02765546 121.43939503 1.0  0.0 0.0
2015-07-01-16 06 33.351	  31.02765546 121.43939503 1.0  0.0 0.0
2015-07-01-16 06 33.458	  31.02765546 121.43939503 1.0  0.0 0.0
2015-07-01-16 06 33.571	  31.02765546 121.43939503 1.0  0.0 0.0
2015-07-01-16 06 33.673	  31.02765546 121.43939503 1.0  0.0 0.0
2015-07-01-16 06 33.775	  31.02765546 121.43939503 1.0  0.0 0.0
2015-07-01-16 06 33.878	  31.02765546 121.43939503 1.0  0.0 0.0
2015-07-01-16 06 33.986	  31.02765546 121.43939503 1.0  0.0 0.0
2015-07-01-16 06 34.090	  31.02765546 121.43939503 1.0  0.0 0.0
2015-07-01-16 06 34.193	  31.02765546 121.43939503 1.0  0.0 0.0
2015-07-01-16 06 34.301	  31.02765546 121.43939503 1.0  0.0 0.0
2015-07-01-16 06 34.409	  31.02765546 121.43939503 1.0  0.0 0.0
2015-07-01-16 06 34.511	  31.02765546 121.43939503 1.0  0.0 0.0
2015-07-01-16 06 34.614	  31.02765546 121.43939503 1.0  0.0 0.0
2015-07-01-16 06 34.720	  31.02765546 121.43939503 1.0  0.0 0.0
2015-07-01-16 06 34.825	  31.02765546 121.43939503 1.0  0.0 0.0
2015-07-01-16 06 34.926	  31.02765546 121.43939503 1.0  0.0 0.0
2015-07-01-16 06 35.029	  31.02765546 121.43939503 1.0  0.0 0.0
2015-07-01-16 06 35.132	  31.02765546 121.43939503 1.0  0.0 0.0
2015-07-01-16 06 35.235	  31.02765546 121.43939503 1.0  0.0 0.0
2015-07-01-16 06 35.339	  31.02765546 121.43939503 1.0  0.0 0.0
2015-07-01-16 06 35.443	  31.02765546 121.43939503 1.0  0.0 0.0
2015-07-01-16 06 35.558	  31.02765546 121.43939503 1.0  0.0 0.0
2015-07-01-16 06 35.660	  31.02765546 121.43939503 1.0  0.0 0.0
2015-07-01-16 06 35.762	  31.02767726 121.43938759 0.75  0.0 0.0
2015-07-01-16 06 35.863	  31.02767726 121.43938759 0.75  0.0 0.0
2015-07-01-16 06 35.965	  31.02767726 121.43938759 0.75  0.0 0.0
2015-07-01-16 06 36.071	  31.02767726 121.43938759 0.75  0.0 0.0
2015-07-01-16 06 36.176	  31.02767726 121.43938759 0.75  0.0 0.0
2015-07-01-16 06 36.285	  31.02767726 121.43938759 0.75  0.0 0.0
2015-07-01-16 06 36.387	  31.02767726 121.43938759 0.75  0.0 0.0
2015-07-01-16 06 36.488	  31.02767726 121.43938759 0.75  0.0 0.0
2015-07-01-16 06 36.598	  31.02767726 121.43938759 0.75  0.0 0.0
2015-07-01-16 06 36.703	  31.02767726 121.43938759 0.75  0.0 0.0
2015-07-01-16 06 36.808	  31.02767726 121.43938759 0.75  0.0 0.0
2015-07-01-16 06 36.911	  31.02767726 121.43938759 0.75  0.0 0.0
2015-07-01-16 06 37.014	  31.02767726 121.43938759 0.75  0.0 0.0
2015-07-01-16 06 37.116	  31.02767726 121.43938759 0.75  0.0 0.0
2015-07-01-16 06 37.232	  31.02767726 121.43938759 0.75  0.0 0.0
2015-07-01-16 06 37.333	  31.02767726 121.43938759 0.75  0.0 0.0
2015-07-01-16 06 37.434	  31.02767726 121.43938759 0.75  0.0 0.0
2015-07-01-16 06 37.536	  31.02767726 121.43938759 0.75  0.0 0.0
2015-07-01-16 06 37.640	  31.02767726 121.43938759 0.75  0.0 0.0
2015-07-01-16 06 37.744	  31.02767726 121.43938759 0.75  0.0 0.0
2015-07-01-16 06 37.853	  31.02767726 121.43938759 0.75  0.0 0.0
2015-07-01-16 06 37.956	  31.02767726 121.43938759 0.75  0.0 0.0
2015-07-01-16 06 38.062	  31.02767726 121.43938759 0.75  0.0 0.0
2015-07-01-16 06 38.165	  31.02767726 121.43938759 0.75  0.0 0.0
2015-07-01-16 06 38.270	  31.02767726 121.43938759 0.75  0.0 0.0
2015-07-01-16 06 38.377	  31.02767726 121.43938759 0.75  0.0 0.0
2015-07-01-16 06 38.478	  31.02767726 121.43938759 0.75  0.0 0.0
2015-07-01-16 06 38.579	  31.02767726 121.43938759 0.75  0.0 0.0
2015-07-01-16 06 38.682	  31.02769496 121.43937582 0.75  0.0 0.0
2015-07-01-16 06 38.789	  31.02769496 121.43937582 0.75  0.0 0.0
2015-07-01-16 06 38.892	  31.02769496 121.43937582 0.75  0.0 0.0
2015-07-01-16 06 39.000	  31.02769496 121.43937582 0.75  0.0 0.0
2015-07-01-16 06 39.102	  31.02769496 121.43937582 0.75  0.0 0.0
2015-07-01-16 06 39.207	  31.02769496 121.43937582 0.75  0.0 0.0
2015-07-01-16 06 39.322	  31.02769496 121.43937582 0.75  0.0 0.0
2015-07-01-16 06 39.423	  31.02769496 121.43937582 0.75  0.0 0.0
2015-07-01-16 06 39.524	  31.02769496 121.43937582 0.75  0.0 0.0
2015-07-01-16 06 39.626	  31.02769496 121.43937582 0.75  0.0 0.0
2015-07-01-16 06 39.729	  31.02769496 121.43937582 0.75  0.0 0.0
2015-07-01-16 06 39.844	  31.02769496 121.43937582 0.75  0.0 0.0
2015-07-01-16 06 39.947	  31.02769496 121.43937582 0.75  0.0 0.0
2015-07-01-16 06 40.053	  31.02769496 121.43937582 0.75  0.0 0.0
2015-07-01-16 06 40.162	  31.02769496 121.43937582 0.75  0.0 0.0
2015-07-01-16 06 40.275	  31.02769496 121.43937582 0.75  0.0 0.0
2015-07-01-16 06 40.378	  31.02769496 121.43937582 0.75  0.0 0.0
2015-07-01-16 06 40.481	  31.02769496 121.43937582 0.75  0.0 0.0
2015-07-01-16 06 40.590	  31.02769496 121.43937582 0.75  0.0 0.0
2015-07-01-16 06 40.693	  31.02769496 121.43937582 0.75  0.0 0.0
2015-07-01-16 06 40.809	  31.02769496 121.43937582 0.75  0.0 0.0
2015-07-01-16 06 40.916	  31.02769496 121.43937582 0.75  0.0 0.0
2015-07-01-16 06 41.020	  31.02769496 121.43937582 0.75  0.0 0.0
2015-07-01-16 06 41.125	  31.02769496 121.43937582 0.75  0.0 0.0
2015-07-01-16 06 41.237	  31.02769496 121.43937582 0.75  0.0 0.0
2015-07-01-16 06 41.339	  31.02769496 121.43937582 0.75  0.0 0.0
2015-07-01-16 06 41.443	  31.02769496 121.43937582 0.75  0.0 0.0
2015-07-01-16 06 41.554	  31.02769496 121.43937582 0.75  0.0 0.0
2015-07-01-16 06 41.656	  31.02769496 121.43937582 0.75  0.0 0.0
2015-07-01-16 06 41.761	  31.02771627 121.43936641 0.75  0.0 0.0
2015-07-01-16 06 41.867	  31.02771627 121.43936641 0.75  0.0 0.0
2015-07-01-16 06 41.968	  31.02771627 121.43936641 0.75  0.0 0.0
2015-07-01-16 06 42.071	  31.02771627 121.43936641 0.75  0.0 0.0
