2015-07-03-19 03 00.588	  0.0 0.0 0.0  0.0 0.0
2015-07-03-19 03 00.692	  0.0 0.0 0.0  0.0 0.0
2015-07-03-19 03 00.794	  0.0 0.0 0.0  0.0 0.0
2015-07-03-19 03 00.897	  0.0 0.0 0.0  0.0 0.0
2015-07-03-19 03 00.999	  0.0 0.0 0.0  0.0 0.0
2015-07-03-19 03 01.101	  0.0 0.0 0.0  0.0 0.0
2015-07-03-19 03 01.203	  0.0 0.0 0.0  0.0 0.0
2015-07-03-19 03 01.305	  0.0 0.0 0.0  0.0 0.0
2015-07-03-19 03 01.407	  0.0 0.0 0.0  0.0 0.0
2015-07-03-19 03 01.508	  0.0 0.0 0.0  0.0 0.0
2015-07-03-19 03 01.610	  0.0 0.0 0.0  0.0 0.0
2015-07-03-19 03 01.712	  0.0 0.0 0.0  0.0 0.0
2015-07-03-19 03 01.813	  0.0 0.0 0.0  0.0 0.0
2015-07-03-19 03 01.917	  0.0 0.0 0.0  0.0 0.0
2015-07-03-19 03 02.018	  0.0 0.0 0.0  0.0 0.0
2015-07-03-19 03 02.120	  0.0 0.0 0.0  0.0 0.0
2015-07-03-19 03 02.221	  0.0 0.0 0.0  0.0 0.0
2015-07-03-19 03 02.323	  0.0 0.0 0.0  0.0 0.0
2015-07-03-19 03 02.424	  0.0 0.0 0.0  0.0 0.0
2015-07-03-19 03 02.526	  0.0 0.0 0.0  0.0 0.0
2015-07-03-19 03 02.628	  0.0 0.0 0.0  0.0 0.0
2015-07-03-19 03 02.730	  0.0 0.0 0.0  0.0 0.0
2015-07-03-19 03 02.832	  0.0 0.0 0.0  0.0 0.0
2015-07-03-19 03 02.933	  31.02770383 121.43932944 0.0  0.0 0.0
2015-07-03-19 03 03.035	  31.02770383 121.43932944 0.0  0.0 0.0
2015-07-03-19 03 03.138	  31.02770383 121.43932944 0.0  0.0 0.0
2015-07-03-19 03 03.240	  31.02770383 121.43932944 0.0  0.0 0.0
2015-07-03-19 03 03.342	  31.02770383 121.43932944 0.0  0.0 0.0
2015-07-03-19 03 03.443	  31.02770383 121.43932944 0.0  0.0 0.0
2015-07-03-19 03 03.549	  31.02770383 121.43932944 0.0  0.0 0.0
2015-07-03-19 03 03.654	  31.02770383 121.43932944 0.0  0.0 0.0
2015-07-03-19 03 03.756	  31.02770383 121.43932944 0.0  0.0 0.0
2015-07-03-19 03 03.859	  31.02770383 121.43932944 0.0  0.0 0.0
2015-07-03-19 03 03.960	  31.02770383 121.43932944 0.0  0.0 0.0
2015-07-03-19 03 04.062	  31.02770383 121.43932944 0.0  0.0 0.0
2015-07-03-19 03 04.177	  31.02770383 121.43932944 0.0  0.0 0.0
2015-07-03-19 03 04.318	  31.02770383 121.43932944 0.0  0.0 0.0
2015-07-03-19 03 04.421	  31.02770383 121.43932944 0.0  0.0 0.0
2015-07-03-19 03 04.525	  31.02770383 121.43932944 0.0  0.0 0.0
2015-07-03-19 03 04.629	  31.02770383 121.43932944 0.0  0.0 0.0
2015-07-03-19 03 04.735	  31.02770383 121.43932944 0.0  0.0 0.0
2015-07-03-19 03 04.841	  31.02770383 121.43932944 0.0  0.0 0.0
2015-07-03-19 03 04.945	  31.02770383 121.43932944 0.0  0.0 0.0
2015-07-03-19 03 05.051	  31.02770383 121.43932944 0.0  0.0 0.0
2015-07-03-19 03 05.153	  31.02770383 121.43932944 0.0  0.0 0.0
2015-07-03-19 03 05.254	  31.02770383 121.43932944 0.0  0.0 0.0
2015-07-03-19 03 05.357	  31.02770383 121.43932944 0.0  0.0 0.0
2015-07-03-19 03 05.463	  31.02767904 121.43933361 1.0  0.0 0.0
2015-07-03-19 03 05.564	  31.02767904 121.43933361 1.0  0.0 0.0
2015-07-03-19 03 05.667	  31.02767904 121.43933361 1.0  0.0 0.0
2015-07-03-19 03 05.769	  31.02767904 121.43933361 1.0  0.0 0.0
2015-07-03-19 03 05.881	  31.02767904 121.43933361 1.0  0.0 0.0
2015-07-03-19 03 05.984	  31.02767904 121.43933361 1.0  0.0 0.0
2015-07-03-19 03 06.087	  31.02767904 121.43933361 1.0  0.0 0.0
2015-07-03-19 03 06.189	  31.02767904 121.43933361 1.0  0.0 0.0
2015-07-03-19 03 06.291	  31.02767904 121.43933361 1.0  0.0 0.0
2015-07-03-19 03 06.397	  31.02767904 121.43933361 1.0  0.0 0.0
2015-07-03-19 03 06.498	  31.02767904 121.43933361 1.0  0.0 0.0
2015-07-03-19 03 06.601	  31.02767904 121.43933361 1.0  0.0 0.0
2015-07-03-19 03 06.705	  31.02767904 121.43933361 1.0  0.0 0.0
2015-07-03-19 03 06.811	  31.02767904 121.43933361 1.0  0.0 0.0
2015-07-03-19 03 06.916	  31.02763897 121.43935981999999 1.25  0.0 0.0
2015-07-03-19 03 07.044	  31.02763897 121.43935981999999 1.25  0.0 0.0
2015-07-03-19 03 07.146	  31.02763897 121.43935981999999 1.25  0.0 0.0
2015-07-03-19 03 07.254	  31.02763897 121.43935981999999 1.25  0.0 0.0
2015-07-03-19 03 07.358	  31.02763897 121.43935981999999 1.25  0.0 0.0
2015-07-03-19 03 07.462	  31.02763897 121.43935981999999 1.25  0.0 0.0
2015-07-03-19 03 07.565	  31.02763897 121.43935981999999 1.25  0.0 0.0
2015-07-03-19 03 07.669	  31.02763897 121.43935981999999 1.25  0.0 0.0
2015-07-03-19 03 07.774	  31.02763897 121.43935981999999 1.25  0.0 0.0
2015-07-03-19 03 07.881	  31.02763897 121.43935981999999 1.25  0.0 0.0
2015-07-03-19 03 07.982	  31.02763897 121.43935981999999 1.25  0.0 0.0
2015-07-03-19 03 08.084	  31.02763897 121.43935981999999 1.25  0.0 0.0
2015-07-03-19 03 08.187	  31.02763897 121.43935981999999 1.25  0.0 0.0
2015-07-03-19 03 08.292	  31.02763897 121.43935981999999 1.25  0.0 0.0
2015-07-03-19 03 08.398	  31.02763897 121.43935981999999 1.25  0.0 0.0
2015-07-03-19 03 08.514	  31.02761899 121.43937447 1.25  0.0 0.0
2015-07-03-19 03 08.615	  31.02761899 121.43937447 1.25  0.0 0.0
2015-07-03-19 03 08.718	  31.02761899 121.43937447 1.25  0.0 0.0
2015-07-03-19 03 08.822	  31.02761899 121.43937447 1.25  0.0 0.0
2015-07-03-19 03 08.927	  31.02761899 121.43937447 1.25  0.0 0.0
2015-07-03-19 03 09.033	  31.02761899 121.43937447 1.25  0.0 0.0
2015-07-03-19 03 09.136	  31.02761899 121.43937447 1.25  0.0 0.0
2015-07-03-19 03 09.237	  31.02761899 121.43937447 1.25  0.0 0.0
2015-07-03-19 03 09.339	  31.02761899 121.43937447 1.25  0.0 0.0
2015-07-03-19 03 09.443	  31.02761899 121.43937447 1.25  0.0 0.0
2015-07-03-19 03 09.549	  31.02761899 121.43937447 1.25  0.0 0.0
2015-07-03-19 03 09.653	  31.02761899 121.43937447 1.25  0.0 0.0
2015-07-03-19 03 09.761	  31.02761899 121.43937447 1.25  0.0 0.0
2015-07-03-19 03 09.863	  31.02761899 121.43937447 1.25  0.0 0.0
2015-07-03-19 03 09.966	  31.02757995 121.43940004 1.25  0.0 0.0
2015-07-03-19 03 10.069	  31.02757995 121.43940004 1.25  0.0 0.0
2015-07-03-19 03 10.172	  31.02757995 121.43940004 1.25  0.0 0.0
2015-07-03-19 03 10.278	  31.02757995 121.43940004 1.25  0.0 0.0
2015-07-03-19 03 10.385	  31.02757995 121.43940004 1.25  0.0 0.0
2015-07-03-19 03 10.486	  31.02757995 121.43940004 1.25  0.0 0.0
2015-07-03-19 03 10.589	  31.02757995 121.43940004 1.25  0.0 0.0
2015-07-03-19 03 10.693	  31.02757995 121.43940004 1.25  0.0 0.0
2015-07-03-19 03 10.799	  31.02757995 121.43940004 1.25  0.0 0.0
2015-07-03-19 03 10.912	  31.02757995 121.43940004 1.25  0.0 0.0
2015-07-03-19 03 11.060	  31.02756116 121.43941009 1.25  0.0 0.0
2015-07-03-19 03 11.162	  31.02756116 121.43941009 1.25  0.0 0.0
2015-07-03-19 03 11.265	  31.02756116 121.43941009 1.25  0.0 0.0
2015-07-03-19 03 11.372	  31.02756116 121.43941009 1.25  0.0 0.0
2015-07-03-19 03 11.476	  31.02756116 121.43941009 1.25  0.0 0.0
2015-07-03-19 03 11.588	  31.02756116 121.43941009 1.25  0.0 0.0
2015-07-03-19 03 11.689	  31.02756116 121.43941009 1.25  0.0 0.0
2015-07-03-19 03 11.791	  31.02756116 121.43941009 1.25  0.0 0.0
2015-07-03-19 03 11.898	  31.02756116 121.43941009 1.25  0.0 0.0
2015-07-03-19 03 12.007	  31.02754437 121.43942031 1.25  0.0 0.0
2015-07-03-19 03 12.111	  31.02754437 121.43942031 1.25  0.0 0.0
2015-07-03-19 03 12.213	  31.02754437 121.43942031 1.25  0.0 0.0
2015-07-03-19 03 12.314	  31.02754437 121.43942031 1.25  0.0 0.0
2015-07-03-19 03 12.416	  31.02754437 121.43942031 1.25  0.0 0.0
2015-07-03-19 03 12.519	  31.02754437 121.43942031 1.25  0.0 0.0
2015-07-03-19 03 12.625	  31.02754437 121.43942031 1.25  0.0 0.0
2015-07-03-19 03 12.728	  31.02754437 121.43942031 1.25  0.0 0.0
2015-07-03-19 03 12.833	  31.02754437 121.43942031 1.25  0.0 0.0
2015-07-03-19 03 12.938	  31.02754437 121.43942031 1.25  0.0 0.0
2015-07-03-19 03 13.045	  31.027528 121.43943104 1.25  0.0 0.0
2015-07-03-19 03 13.148	  31.027528 121.43943104 1.25  0.0 0.0
2015-07-03-19 03 13.251	  31.027528 121.43943104 1.25  0.0 0.0
2015-07-03-19 03 13.352	  31.027528 121.43943104 1.25  0.0 0.0
2015-07-03-19 03 13.455	  31.027528 121.43943104 1.25  0.0 0.0
2015-07-03-19 03 13.561	  31.027528 121.43943104 1.25  0.0 0.0
2015-07-03-19 03 13.675	  31.027528 121.43943104 1.25  0.0 0.0
2015-07-03-19 03 13.778	  31.027528 121.43943104 1.25  0.0 0.0
2015-07-03-19 03 13.879	  31.027528 121.43943104 1.25  0.0 0.0
2015-07-03-19 03 13.981	  31.027528 121.43943104 1.25  0.0 0.0
2015-07-03-19 03 14.083	  31.02751175 121.43944062999999 1.25  0.0 0.0
2015-07-03-19 03 14.191	  31.02751175 121.43944062999999 1.25  0.0 0.0
2015-07-03-19 03 14.293	  31.02751175 121.43944062999999 1.25  0.0 0.0
2015-07-03-19 03 14.395	  31.02751175 121.43944062999999 1.25  0.0 0.0
2015-07-03-19 03 14.499	  31.02751175 121.43944062999999 1.25  0.0 0.0
2015-07-03-19 03 14.607	  31.02751175 121.43944062999999 1.25  0.0 0.0
2015-07-03-19 03 14.712	  31.02751175 121.43944062999999 1.25  0.0 0.0
2015-07-03-19 03 14.814	  31.02751175 121.43944062999999 1.25  0.0 0.0
2015-07-03-19 03 14.917	  31.02751175 121.43944062999999 1.25  0.0 0.0
2015-07-03-19 03 15.020	  31.02751175 121.43944062999999 1.25  0.0 0.0
2015-07-03-19 03 15.127	  31.02751175 121.43944062999999 1.25  0.0 0.0
2015-07-03-19 03 15.228	  31.02751175 121.43944062999999 1.25  0.0 0.0
2015-07-03-19 03 15.330	  31.02751175 121.43944062999999 1.25  0.0 0.0
2015-07-03-19 03 15.431	  31.02751175 121.43944062999999 1.25  0.0 0.0
2015-07-03-19 03 15.533	  31.02751175 121.43944062999999 1.25  0.0 0.0
2015-07-03-19 03 15.643	  31.02751175 121.43944062999999 1.25  0.0 0.0
2015-07-03-19 03 15.744	  31.02751175 121.43944062999999 1.25  0.0 0.0
2015-07-03-19 03 15.846	  31.02751175 121.43944062999999 1.25  0.0 0.0
2015-07-03-19 03 15.949	  31.02748049 121.43945368 1.25  0.0 0.0
2015-07-03-19 03 16.059	  31.02748049 121.43945368 1.25  0.0 0.0
2015-07-03-19 03 16.161	  31.02748049 121.43945368 1.25  0.0 0.0
2015-07-03-19 03 16.268	  31.02748049 121.43945368 1.25  0.0 0.0
2015-07-03-19 03 16.375	  31.02748049 121.43945368 1.25  0.0 0.0
2015-07-03-19 03 16.481	  31.02748049 121.43945368 1.25  0.0 0.0
2015-07-03-19 03 16.586	  31.02748049 121.43945368 1.25  0.0 0.0
2015-07-03-19 03 16.702	  31.02748049 121.43945368 1.25  0.0 0.0
2015-07-03-19 03 16.804	  31.02748049 121.43945368 1.25  0.0 0.0
2015-07-03-19 03 16.906	  31.02748049 121.43945368 1.25  0.0 0.0
2015-07-03-19 03 17.010	  31.02748049 121.43945368 1.25  0.0 0.0
2015-07-03-19 03 17.123	  31.02748049 121.43945368 1.25  0.0 0.0
2015-07-03-19 03 17.227	  31.02748049 121.43945368 1.25  0.0 0.0
2015-07-03-19 03 17.331	  31.02748049 121.43945368 1.25  0.0 0.0
2015-07-03-19 03 17.436	  31.02748049 121.43945368 1.25  0.0 0.0
2015-07-03-19 03 17.553	  31.02748049 121.43945368 1.25  0.0 0.0
2015-07-03-19 03 17.654	  31.02748049 121.43945368 1.25  0.0 0.0
2015-07-03-19 03 17.756	  31.02748049 121.43945368 1.25  0.0 0.0
2015-07-03-19 03 17.857	  31.02748049 121.43945368 1.25  0.0 0.0
2015-07-03-19 03 17.964	  31.02745318 121.4394632 1.25  0.0 0.0
2015-07-03-19 03 18.067	  31.02745318 121.4394632 1.25  0.0 0.0
2015-07-03-19 03 18.171	  31.02745318 121.4394632 1.25  0.0 0.0
2015-07-03-19 03 18.276	  31.02745318 121.4394632 1.25  0.0 0.0
2015-07-03-19 03 18.384	  31.02745318 121.4394632 1.25  0.0 0.0
2015-07-03-19 03 18.487	  31.02745318 121.4394632 1.25  0.0 0.0
2015-07-03-19 03 18.589	  31.02745318 121.4394632 1.25  0.0 0.0
2015-07-03-19 03 18.691	  31.02745318 121.4394632 1.25  0.0 0.0
2015-07-03-19 03 18.798	  31.02745318 121.4394632 1.25  0.0 0.0
2015-07-03-19 03 18.901	  31.02745318 121.4394632 1.25  0.0 0.0
2015-07-03-19 03 19.022	  31.02745318 121.4394632 1.25  0.0 0.0
2015-07-03-19 03 19.125	  31.02745318 121.4394632 1.25  0.0 0.0
2015-07-03-19 03 19.236	  31.02745318 121.4394632 1.25  0.0 0.0
2015-07-03-19 03 19.338	  31.02745318 121.4394632 1.25  0.0 0.0
2015-07-03-19 03 19.439	  31.02745318 121.4394632 1.25  0.0 0.0
2015-07-03-19 03 19.541	  31.02745318 121.4394632 1.25  0.0 0.0
2015-07-03-19 03 19.653	  31.02745318 121.4394632 1.25  0.0 0.0
2015-07-03-19 03 19.757	  31.02745318 121.4394632 1.25  0.0 0.0
2015-07-03-19 03 19.867	  31.02745318 121.4394632 1.25  0.0 0.0
2015-07-03-19 03 19.975	  31.0274262 121.43947627 1.25  0.0 0.0
2015-07-03-19 03 20.079	  31.0274262 121.43947627 1.25  0.0 0.0
2015-07-03-19 03 20.180	  31.0274262 121.43947627 1.25  0.0 0.0
2015-07-03-19 03 20.282	  31.0274262 121.43947627 1.25  0.0 0.0
2015-07-03-19 03 20.388	  31.0274262 121.43947627 1.25  0.0 0.0
2015-07-03-19 03 20.505	  31.0274262 121.43947627 1.25  0.0 0.0
2015-07-03-19 03 20.607	  31.0274262 121.43947627 1.25  0.0 0.0
2015-07-03-19 03 20.708	  31.0274262 121.43947627 1.25  0.0 0.0
2015-07-03-19 03 20.811	  31.0274262 121.43947627 1.25  0.0 0.0
2015-07-03-19 03 20.916	  31.0274262 121.43947627 1.25  0.0 0.0
2015-07-03-19 03 21.019	  31.0274262 121.43947627 1.25  0.0 0.0
2015-07-03-19 03 21.122	  31.0274262 121.43947627 1.25  0.0 0.0
2015-07-03-19 03 21.224	  31.0274262 121.43947627 1.25  0.0 0.0
2015-07-03-19 03 21.328	  31.0274262 121.43947627 1.25  0.0 0.0
2015-07-03-19 03 21.432	  31.0274262 121.43947627 1.25  0.0 0.0
2015-07-03-19 03 21.575	  31.0274262 121.43947627 1.25  0.0 0.0
2015-07-03-19 03 21.680	  31.0274262 121.43947627 1.25  0.0 0.0
2015-07-03-19 03 21.784	  31.0274262 121.43947627 1.25  0.0 0.0
2015-07-03-19 03 21.895	  31.0274262 121.43947627 1.25  0.0 0.0
2015-07-03-19 03 21.998	  31.0274262 121.43947627 1.25  0.0 0.0
2015-07-03-19 03 22.102	  31.02739917 121.43948799 1.25  0.0 0.0
2015-07-03-19 03 22.207	  31.02739917 121.43948799 1.25  0.0 0.0
2015-07-03-19 03 22.316	  31.02739917 121.43948799 1.25  0.0 0.0
2015-07-03-19 03 22.420	  31.02739917 121.43948799 1.25  0.0 0.0
2015-07-03-19 03 22.524	  31.02739917 121.43948799 1.25  0.0 0.0
2015-07-03-19 03 22.638	  31.02739917 121.43948799 1.25  0.0 0.0
2015-07-03-19 03 22.739	  31.02739917 121.43948799 1.25  0.0 0.0
2015-07-03-19 03 22.841	  31.02739917 121.43948799 1.25  0.0 0.0
2015-07-03-19 03 22.944	  31.02739917 121.43948799 1.25  0.0 0.0
2015-07-03-19 03 23.046	  31.02739917 121.43948799 1.25  0.0 0.0
2015-07-03-19 03 23.150	  31.02739917 121.43948799 1.25  0.0 0.0
2015-07-03-19 03 23.253	  31.02739917 121.43948799 1.25  0.0 0.0
2015-07-03-19 03 23.363	  31.02739917 121.43948799 1.25  0.0 0.0
2015-07-03-19 03 23.470	  31.02739917 121.43948799 1.25  0.0 0.0
2015-07-03-19 03 23.576	  31.02739917 121.43948799 1.25  0.0 0.0
2015-07-03-19 03 23.692	  31.02739917 121.43948799 1.25  0.0 0.0
2015-07-03-19 03 23.793	  31.02739917 121.43948799 1.25  0.0 0.0
2015-07-03-19 03 23.896	  31.02739917 121.43948799 1.25  0.0 0.0
2015-07-03-19 03 24.002	  31.02739917 121.43948799 1.25  0.0 0.0
2015-07-03-19 03 24.104	  31.02737265 121.43950076 1.25  0.0 0.0
2015-07-03-19 03 24.206	  31.02737265 121.43950076 1.25  0.0 0.0
2015-07-03-19 03 24.309	  31.02737265 121.43950076 1.25  0.0 0.0
2015-07-03-19 03 24.415	  31.02737265 121.43950076 1.25  0.0 0.0
2015-07-03-19 03 24.520	  31.02737265 121.43950076 1.25  0.0 0.0
2015-07-03-19 03 24.627	  31.02737265 121.43950076 1.25  0.0 0.0
2015-07-03-19 03 24.729	  31.02737265 121.43950076 1.25  0.0 0.0
2015-07-03-19 03 24.832	  31.02737265 121.43950076 1.25  0.0 0.0
2015-07-03-19 03 24.936	  31.02737265 121.43950076 1.25  0.0 0.0
2015-07-03-19 03 25.038	  31.02737265 121.43950076 1.25  0.0 0.0
2015-07-03-19 03 25.139	  31.02737265 121.43950076 1.25  0.0 0.0
2015-07-03-19 03 25.241	  31.02737265 121.43950076 1.25  0.0 0.0
2015-07-03-19 03 25.343	  31.02737265 121.43950076 1.25  0.0 0.0
2015-07-03-19 03 25.449	  31.02737265 121.43950076 1.25  0.0 0.0
2015-07-03-19 03 25.553	  31.02737265 121.43950076 1.25  0.0 0.0
2015-07-03-19 03 25.655	  31.02737265 121.43950076 1.25  0.0 0.0
2015-07-03-19 03 25.757	  31.02737265 121.43950076 1.25  0.0 0.0
2015-07-03-19 03 25.868	  31.02737265 121.43950076 1.25  0.0 0.0
2015-07-03-19 03 25.970	  31.02734746 121.43951423 1.25  0.0 0.0
2015-07-03-19 03 26.072	  31.02734746 121.43951423 1.25  0.0 0.0
2015-07-03-19 03 26.177	  31.02734746 121.43951423 1.25  0.0 0.0
2015-07-03-19 03 26.281	  31.02734746 121.43951423 1.25  0.0 0.0
2015-07-03-19 03 26.442	  31.02734746 121.43951423 1.25  0.0 0.0
2015-07-03-19 03 26.544	  31.02734746 121.43951423 1.25  0.0 0.0
2015-07-03-19 03 26.649	  31.02734746 121.43951423 1.25  0.0 0.0
2015-07-03-19 03 26.751	  31.02734746 121.43951423 1.25  0.0 0.0
2015-07-03-19 03 26.853	  31.02734746 121.43951423 1.25  0.0 0.0
2015-07-03-19 03 26.958	  31.02734746 121.43951423 1.25  0.0 0.0
2015-07-03-19 03 27.062	  31.02734746 121.43951423 1.25  0.0 0.0
2015-07-03-19 03 27.167	  31.02734746 121.43951423 1.25  0.0 0.0
2015-07-03-19 03 27.273	  31.02734746 121.43951423 1.25  0.0 0.0
2015-07-03-19 03 27.375	  31.02734746 121.43951423 1.25  0.0 0.0
2015-07-03-19 03 27.482	  31.02734746 121.43951423 1.25  0.0 0.0
2015-07-03-19 03 27.599	  31.02734746 121.43951423 1.25  0.0 0.0
2015-07-03-19 03 27.701	  31.02734746 121.43951423 1.25  0.0 0.0
2015-07-03-19 03 27.803	  31.02734746 121.43951423 1.25  0.0 0.0
2015-07-03-19 03 27.915	  31.02732174 121.43952307 1.25  0.0 0.0
2015-07-03-19 03 28.026	  31.02732174 121.43952307 1.25  0.0 0.0
2015-07-03-19 03 28.127	  31.02732174 121.43952307 1.25  0.0 0.0
2015-07-03-19 03 28.239	  31.02732174 121.43952307 1.25  0.0 0.0
2015-07-03-19 03 28.341	  31.02732174 121.43952307 1.25  0.0 0.0
2015-07-03-19 03 28.446	  31.02732174 121.43952307 1.25  0.0 0.0
2015-07-03-19 03 28.559	  31.02732174 121.43952307 1.25  0.0 0.0
2015-07-03-19 03 28.660	  31.02732174 121.43952307 1.25  0.0 0.0
2015-07-03-19 03 28.762	  31.02732174 121.43952307 1.25  0.0 0.0
2015-07-03-19 03 28.877	  31.02732174 121.43952307 1.25  0.0 0.0
2015-07-03-19 03 28.980	  31.02732174 121.43952307 1.25  0.0 0.0
2015-07-03-19 03 29.083	  31.02732174 121.43952307 1.25  0.0 0.0
2015-07-03-19 03 29.194	  31.02732174 121.43952307 1.25  0.0 0.0
2015-07-03-19 03 29.297	  31.02732174 121.43952307 1.25  0.0 0.0
2015-07-03-19 03 29.403	  31.02732174 121.43952307 1.25  0.0 0.0
2015-07-03-19 03 29.516	  31.02732174 121.43952307 1.25  0.0 0.0
2015-07-03-19 03 29.618	  31.02732174 121.43952307 1.25  0.0 0.0
2015-07-03-19 03 29.721	  31.02732174 121.43952307 1.25  0.0 0.0
2015-07-03-19 03 29.840	  31.02732174 121.43952307 1.25  0.0 0.0
2015-07-03-19 03 29.942	  31.02732174 121.43952307 1.25  0.0 0.0
2015-07-03-19 03 30.045	  31.02732174 121.43952307 1.25  0.0 0.0
2015-07-03-19 03 30.182	  31.02732174 121.43952307 1.25  0.0 0.0
2015-07-03-19 03 30.284	  31.02732174 121.43952307 1.25  0.0 0.0
2015-07-03-19 03 30.386	  31.02729687 121.43953448 1.25  0.0 0.0
2015-07-03-19 03 30.552	  31.02729687 121.43953448 1.25  0.0 0.0
2015-07-03-19 03 30.655	  31.02729687 121.43953448 1.25  0.0 0.0
2015-07-03-19 03 30.760	  31.02729687 121.43953448 1.25  0.0 0.0
2015-07-03-19 03 30.863	  31.02729687 121.43953448 1.25  0.0 0.0
2015-07-03-19 03 30.966	  31.02729687 121.43953448 1.25  0.0 0.0
2015-07-03-19 03 31.078	  31.02729687 121.43953448 1.25  0.0 0.0
2015-07-03-19 03 31.181	  31.02729687 121.43953448 1.25  0.0 0.0
2015-07-03-19 03 31.308	  31.02729687 121.43953448 1.25  0.0 0.0
2015-07-03-19 03 31.474	  31.02729687 121.43953448 1.25  0.0 0.0
2015-07-03-19 03 31.576	  31.02729687 121.43953448 1.25  0.0 0.0
2015-07-03-19 03 31.677	  31.02729687 121.43953448 1.25  0.0 0.0
2015-07-03-19 03 31.779	  31.02729687 121.43953448 1.25  0.0 0.0
2015-07-03-19 03 31.884	  31.02729687 121.43953448 1.25  0.0 0.0
2015-07-03-19 03 31.996	  31.02729687 121.43953448 1.25  0.0 0.0
2015-07-03-19 03 32.099	  31.02727313 121.43954893 1.25  0.0 0.0
2015-07-03-19 03 32.200	  31.02727313 121.43954893 1.25  0.0 0.0
2015-07-03-19 03 32.309	  31.02727313 121.43954893 1.25  0.0 0.0
2015-07-03-19 03 32.413	  31.02727313 121.43954893 1.25  0.0 0.0
2015-07-03-19 03 32.521	  31.02727313 121.43954893 1.25  0.0 0.0
2015-07-03-19 03 32.687	  31.02727313 121.43954893 1.25  0.0 0.0
2015-07-03-19 03 32.791	  31.02727313 121.43954893 1.25  0.0 0.0
2015-07-03-19 03 32.904	  31.02727313 121.43954893 1.25  0.0 0.0
2015-07-03-19 03 33.006	  31.02727313 121.43954893 1.25  0.0 0.0
2015-07-03-19 03 33.110	  31.02727313 121.43954893 1.25  0.0 0.0
2015-07-03-19 03 33.240	  31.02727313 121.43954893 1.25  0.0 0.0
2015-07-03-19 03 33.344	  31.02727313 121.43954893 1.25  0.0 0.0
2015-07-03-19 03 33.456	  31.02727313 121.43954893 1.25  0.0 0.0
2015-07-03-19 03 33.557	  31.02727313 121.43954893 1.25  0.0 0.0
2015-07-03-19 03 33.660	  31.02727313 121.43954893 1.25  0.0 0.0
2015-07-03-19 03 33.824	  31.02727313 121.43954893 1.25  0.0 0.0
2015-07-03-19 03 33.926	  31.02724949 121.43956096 1.25  0.0 0.0
2015-07-03-19 03 34.032	  31.02724949 121.43956096 1.25  0.0 0.0
2015-07-03-19 03 34.153	  31.02724949 121.43956096 1.25  0.0 0.0
2015-07-03-19 03 34.257	  31.02724949 121.43956096 1.25  0.0 0.0
2015-07-03-19 03 34.370	  31.02724949 121.43956096 1.25  0.0 0.0
2015-07-03-19 03 34.472	  31.02724949 121.43956096 1.25  0.0 0.0
2015-07-03-19 03 34.575	  31.02724949 121.43956096 1.25  0.0 0.0
2015-07-03-19 03 34.750	  31.02724949 121.43956096 1.25  0.0 0.0
2015-07-03-19 03 34.851	  31.02724949 121.43956096 1.25  0.0 0.0
2015-07-03-19 03 34.968	  31.02724949 121.43956096 1.25  0.0 0.0
2015-07-03-19 03 35.071	  31.02724949 121.43956096 1.25  0.0 0.0
2015-07-03-19 03 35.196	  31.02724949 121.43956096 1.25  0.0 0.0
2015-07-03-19 03 35.305	  31.02724949 121.43956096 1.25  0.0 0.0
2015-07-03-19 03 35.460	  31.02724949 121.43956096 1.25  0.0 0.0
2015-07-03-19 03 35.561	  31.02724949 121.43956096 1.25  0.0 0.0
2015-07-03-19 03 35.702	  31.02724949 121.43956096 1.25  0.0 0.0
2015-07-03-19 03 35.806	  31.02724949 121.43956096 1.25  0.0 0.0
2015-07-03-19 03 35.959	  31.02722609 121.43957318 1.25  0.0 0.0
2015-07-03-19 03 36.065	  31.02722609 121.43957318 1.25  0.0 0.0
2015-07-03-19 03 36.193	  31.02722609 121.43957318 1.25  0.0 0.0
2015-07-03-19 03 36.294	  31.02722609 121.43957318 1.25  0.0 0.0
2015-07-03-19 03 36.438	  31.02722609 121.43957318 1.25  0.0 0.0
2015-07-03-19 03 36.574	  31.02722609 121.43957318 1.25  0.0 0.0
2015-07-03-19 03 36.679	  31.02722609 121.43957318 1.25  0.0 0.0
2015-07-03-19 03 36.790	  31.02722609 121.43957318 1.25  0.0 0.0
2015-07-03-19 03 36.891	  31.02722609 121.43957318 1.25  0.0 0.0
2015-07-03-19 03 36.993	  31.02722609 121.43957318 1.25  0.0 0.0
2015-07-03-19 03 37.126	  31.02722609 121.43957318 1.25  0.0 0.0
2015-07-03-19 03 37.229	  31.02722609 121.43957318 1.25  0.0 0.0
2015-07-03-19 03 37.364	  31.02722609 121.43957318 1.25  0.0 0.0
2015-07-03-19 03 37.470	  31.02722609 121.43957318 1.25  0.0 0.0
2015-07-03-19 03 37.643	  31.02722609 121.43957318 1.25  0.0 0.0
2015-07-03-19 03 37.745	  31.02722609 121.43957318 1.25  0.0 0.0
2015-07-03-19 03 37.888	  31.02722609 121.43957318 1.25  0.0 0.0
2015-07-03-19 03 37.991	  31.02722609 121.43957318 1.25  0.0 0.0
2015-07-03-19 03 38.159	  31.02720362 121.43958422 1.25  0.0 0.0
2015-07-03-19 03 38.262	  31.02720362 121.43958422 1.25  0.0 0.0
2015-07-03-19 03 38.402	  31.02720362 121.43958422 1.25  0.0 0.0
2015-07-03-19 03 38.507	  31.02720362 121.43958422 1.25  0.0 0.0
2015-07-03-19 03 38.680	  31.02720362 121.43958422 1.25  0.0 0.0
2015-07-03-19 03 38.782	  31.02720362 121.43958422 1.25  0.0 0.0
2015-07-03-19 03 38.900	  31.02720362 121.43958422 1.25  0.0 0.0
2015-07-03-19 03 39.005	  31.02720362 121.43958422 1.25  0.0 0.0
2015-07-03-19 03 39.123	  31.02720362 121.43958422 1.25  0.0 0.0
2015-07-03-19 03 39.225	  31.02720362 121.43958422 1.25  0.0 0.0
2015-07-03-19 03 39.340	  31.02720362 121.43958422 1.25  0.0 0.0
2015-07-03-19 03 39.444	  31.02720362 121.43958422 1.25  0.0 0.0
2015-07-03-19 03 39.599	  31.02720362 121.43958422 1.25  0.0 0.0
2015-07-03-19 03 39.702	  31.02720362 121.43958422 1.25  0.0 0.0
2015-07-03-19 03 39.860	  31.02720362 121.43958422 1.25  0.0 0.0
2015-07-03-19 03 39.962	  31.02718166 121.43959499 1.25  0.0 0.0
2015-07-03-19 03 40.093	  31.02718166 121.43959499 1.25  0.0 0.0
2015-07-03-19 03 40.200	  31.02718166 121.43959499 1.25  0.0 0.0
2015-07-03-19 03 40.361	  31.02718166 121.43959499 1.25  0.0 0.0
2015-07-03-19 03 40.463	  31.02718166 121.43959499 1.25  0.0 0.0
2015-07-03-19 03 40.594	  31.02718166 121.43959499 1.25  0.0 0.0
2015-07-03-19 03 40.696	  31.02718166 121.43959499 1.25  0.0 0.0
2015-07-03-19 03 40.845	  31.02718166 121.43959499 1.25  0.0 0.0
2015-07-03-19 03 40.950	  31.02718166 121.43959499 1.25  0.0 0.0
2015-07-03-19 03 41.067	  31.02718166 121.43959499 1.25  0.0 0.0
2015-07-03-19 03 41.169	  31.02718166 121.43959499 1.25  0.0 0.0
2015-07-03-19 03 41.297	  31.02718166 121.43959499 1.25  0.0 0.0
2015-07-03-19 03 41.400	  31.02718166 121.43959499 1.25  0.0 0.0
2015-07-03-19 03 41.534	  31.02718166 121.43959499 1.25  0.0 0.0
2015-07-03-19 03 41.696	  31.02718166 121.43959499 1.25  0.0 0.0
2015-07-03-19 03 41.799	  31.02718166 121.43959499 1.25  0.0 0.0
2015-07-03-19 03 41.950	  31.02715943 121.4396031 1.25  0.0 0.0
2015-07-03-19 03 42.052	  31.02715943 121.4396031 1.25  0.0 0.0
2015-07-03-19 03 42.194	  31.02715943 121.4396031 1.25  0.0 0.0
2015-07-03-19 03 42.296	  31.02715943 121.4396031 1.25  0.0 0.0
2015-07-03-19 03 42.454	  31.02715943 121.4396031 1.25  0.0 0.0
2015-07-03-19 03 42.556	  31.02715943 121.4396031 1.25  0.0 0.0
2015-07-03-19 03 42.695	  31.02715943 121.4396031 1.25  0.0 0.0
2015-07-03-19 03 42.797	  31.02715943 121.4396031 1.25  0.0 0.0
2015-07-03-19 03 42.946	  31.02715943 121.4396031 1.25  0.0 0.0
2015-07-03-19 03 43.050	  31.02715943 121.4396031 1.25  0.0 0.0
2015-07-03-19 03 43.155	  31.02715943 121.4396031 1.25  0.0 0.0
2015-07-03-19 03 43.260	  31.02715943 121.4396031 1.25  0.0 0.0
2015-07-03-19 03 43.362	  31.02715943 121.4396031 1.25  0.0 0.0
2015-07-03-19 03 43.474	  31.02715943 121.4396031 1.25  0.0 0.0
2015-07-03-19 03 43.575	  31.02715943 121.4396031 1.25  0.0 0.0
2015-07-03-19 03 43.714	  31.02715943 121.4396031 1.25  0.0 0.0
2015-07-03-19 03 43.818	  31.02715943 121.4396031 1.25  0.0 0.0
2015-07-03-19 03 43.950	  31.02713801 121.43961222 1.25  0.0 0.0
2015-07-03-19 03 44.056	  31.02713801 121.43961222 1.25  0.0 0.0
2015-07-03-19 03 44.158	  31.02713801 121.43961222 1.25  0.0 0.0
2015-07-03-19 03 44.319	  31.02713801 121.43961222 1.25  0.0 0.0
2015-07-03-19 03 44.424	  31.02713801 121.43961222 1.25  0.0 0.0
2015-07-03-19 03 44.572	  31.02713801 121.43961222 1.25  0.0 0.0
2015-07-03-19 03 44.739	  31.02713801 121.43961222 1.25  0.0 0.0
2015-07-03-19 03 44.841	  31.02713801 121.43961222 1.25  0.0 0.0
2015-07-03-19 03 44.982	  31.02713801 121.43961222 1.25  0.0 0.0
2015-07-03-19 03 45.111	  31.02713801 121.43961222 1.25  0.0 0.0
2015-07-03-19 03 45.220	  31.02713801 121.43961222 1.25  0.0 0.0
2015-07-03-19 03 45.374	  31.02713801 121.43961222 1.25  0.0 0.0
2015-07-03-19 03 45.496	  31.02713801 121.43961222 1.25  0.0 0.0
2015-07-03-19 03 45.598	  31.02713801 121.43961222 1.25  0.0 0.0
2015-07-03-19 03 45.714	  31.02713801 121.43961222 1.25  0.0 0.0
2015-07-03-19 03 45.852	  31.02713801 121.43961222 1.25  0.0 0.0
2015-07-03-19 03 45.958	  31.02711639 121.43962142 1.25  0.0 0.0
2015-07-03-19 03 46.097	  31.02711639 121.43962142 1.25  0.0 0.0
2015-07-03-19 03 46.222	  31.02711639 121.43962142 1.25  0.0 0.0
2015-07-03-19 03 46.328	  31.02711639 121.43962142 1.25  0.0 0.0
2015-07-03-19 03 46.492	  31.02711639 121.43962142 1.25  0.0 0.0
2015-07-03-19 03 46.639	  31.02711639 121.43962142 1.25  0.0 0.0
2015-07-03-19 03 46.740	  31.02711639 121.43962142 1.25  0.0 0.0
2015-07-03-19 03 46.881	  31.02711639 121.43962142 1.25  0.0 0.0
2015-07-03-19 03 46.982	  31.02711639 121.43962142 1.25  0.0 0.0
2015-07-03-19 03 47.126	  31.02711639 121.43962142 1.25  0.0 0.0
2015-07-03-19 03 47.267	  31.02711639 121.43962142 1.25  0.0 0.0
2015-07-03-19 03 47.368	  31.02711639 121.43962142 1.25  0.0 0.0
2015-07-03-19 03 47.492	  31.02711639 121.43962142 1.25  0.0 0.0
2015-07-03-19 03 47.636	  31.02711639 121.43962142 1.25  0.0 0.0
2015-07-03-19 03 47.765	  31.02711639 121.43962142 1.25  0.0 0.0
2015-07-03-19 03 47.900	  31.02711639 121.43962142 1.25  0.0 0.0
2015-07-03-19 03 48.059	  31.02709397 121.43962814 1.25  0.0 0.0
2015-07-03-19 03 48.172	  31.02709397 121.43962814 1.25  0.0 0.0
2015-07-03-19 03 48.296	  31.02709397 121.43962814 1.25  0.0 0.0
2015-07-03-19 03 48.433	  31.02709397 121.43962814 1.25  0.0 0.0
2015-07-03-19 03 48.607	  31.02709397 121.43962814 1.25  0.0 0.0
2015-07-03-19 03 48.723	  31.02709397 121.43962814 1.25  0.0 0.0
2015-07-03-19 03 48.863	  31.02709397 121.43962814 1.25  0.0 0.0
2015-07-03-19 03 49.031	  31.02709397 121.43962814 1.25  0.0 0.0
2015-07-03-19 03 49.148	  31.02709397 121.43962814 1.25  0.0 0.0
2015-07-03-19 03 49.293	  31.02709397 121.43962814 1.25  0.0 0.0
2015-07-03-19 03 49.449	  31.02709397 121.43962814 1.25  0.0 0.0
2015-07-03-19 03 49.565	  31.02709397 121.43962814 1.25  0.0 0.0
2015-07-03-19 03 49.681	  31.02709397 121.43962814 1.25  0.0 0.0
2015-07-03-19 03 49.811	  31.02709397 121.43962814 1.25  0.0 0.0
2015-07-03-19 03 49.928	  31.027072 121.43963708 1.25  0.0 0.0
2015-07-03-19 03 50.056	  31.027072 121.43963708 1.25  0.0 0.0
2015-07-03-19 03 50.189	  31.027072 121.43963708 1.25  0.0 0.0
2015-07-03-19 03 50.347	  31.027072 121.43963708 1.25  0.0 0.0
2015-07-03-19 03 50.496	  31.027072 121.43963708 1.25  0.0 0.0
2015-07-03-19 03 50.629	  31.027072 121.43963708 1.25  0.0 0.0
2015-07-03-19 03 50.804	  31.027072 121.43963708 1.25  0.0 0.0
2015-07-03-19 03 50.945	  31.027072 121.43963708 1.25  0.0 0.0
2015-07-03-19 03 51.092	  31.027072 121.43963708 1.25  0.0 0.0
2015-07-03-19 03 51.243	  31.027072 121.43963708 1.25  0.0 0.0
2015-07-03-19 03 51.361	  31.027072 121.43963708 1.25  0.0 0.0
2015-07-03-19 03 51.521	  31.027072 121.43963708 1.25  0.0 0.0
2015-07-03-19 03 51.668	  31.027072 121.43963708 1.25  0.0 0.0
2015-07-03-19 03 51.820	  31.027072 121.43963708 1.25  0.0 0.0
2015-07-03-19 03 51.969	  31.02704964 121.43964749 1.25  0.0 0.0
2015-07-03-19 03 52.120	  31.02704964 121.43964749 1.25  0.0 0.0
2015-07-03-19 03 52.224	  31.02704964 121.43964749 1.25  0.0 0.0
2015-07-03-19 03 52.348	  31.02704964 121.43964749 1.25  0.0 0.0
2015-07-03-19 03 52.449	  31.02704964 121.43964749 1.25  0.0 0.0
2015-07-03-19 03 52.551	  31.02704964 121.43964749 1.25  0.0 0.0
2015-07-03-19 03 52.664	  31.02704964 121.43964749 1.25  0.0 0.0
2015-07-03-19 03 52.765	  31.02704964 121.43964749 1.25  0.0 0.0
2015-07-03-19 03 52.883	  31.02704964 121.43964749 1.25  0.0 0.0
2015-07-03-19 03 52.985	  31.02704964 121.43964749 1.25  0.0 0.0
2015-07-03-19 03 53.104	  31.02704964 121.43964749 1.25  0.0 0.0
2015-07-03-19 03 53.206	  31.02704964 121.43964749 1.25  0.0 0.0
2015-07-03-19 03 53.312	  31.02704964 121.43964749 1.25  0.0 0.0
2015-07-03-19 03 53.423	  31.02704964 121.43964749 1.25  0.0 0.0
2015-07-03-19 03 53.525	  31.02704964 121.43964749 1.25  0.0 0.0
2015-07-03-19 03 53.632	  31.02704964 121.43964749 1.25  0.0 0.0
2015-07-03-19 03 53.733	  31.02704964 121.43964749 1.25  0.0 0.0
2015-07-03-19 03 53.849	  31.02704964 121.43964749 1.25  0.0 0.0
2015-07-03-19 03 53.953	  31.02702694 121.43965489 1.25  0.0 0.0
2015-07-03-19 03 54.057	  31.02702694 121.43965489 1.25  0.0 0.0
2015-07-03-19 03 54.165	  31.02702694 121.43965489 1.25  0.0 0.0
2015-07-03-19 03 54.269	  31.02702694 121.43965489 1.25  0.0 0.0
2015-07-03-19 03 54.445	  31.02702694 121.43965489 1.25  0.0 0.0
2015-07-03-19 03 54.549	  31.02702694 121.43965489 1.25  0.0 0.0
2015-07-03-19 03 54.674	  31.02702694 121.43965489 1.25  0.0 0.0
2015-07-03-19 03 54.776	  31.02702694 121.43965489 1.25  0.0 0.0
2015-07-03-19 03 54.892	  31.02702694 121.43965489 1.25  0.0 0.0
2015-07-03-19 03 55.000	  31.02702694 121.43965489 1.25  0.0 0.0
2015-07-03-19 03 55.106	  31.02702694 121.43965489 1.25  0.0 0.0
2015-07-03-19 03 55.209	  31.02702694 121.43965489 1.25  0.0 0.0
2015-07-03-19 03 55.345	  31.02702694 121.43965489 1.25  0.0 0.0
2015-07-03-19 03 55.450	  31.02702694 121.43965489 1.25  0.0 0.0
2015-07-03-19 03 55.649	  31.02702694 121.43965489 1.25  0.0 0.0
2015-07-03-19 03 55.750	  31.02702694 121.43965489 1.25  0.0 0.0
2015-07-03-19 03 55.854	  31.02702694 121.43965489 1.25  0.0 0.0
2015-07-03-19 03 55.965	  31.02700288 121.4396603 1.25  0.0 0.0
2015-07-03-19 03 56.069	  31.02700288 121.4396603 1.25  0.0 0.0
2015-07-03-19 03 56.175	  31.02700288 121.4396603 1.25  0.0 0.0
2015-07-03-19 03 56.279	  31.02700288 121.4396603 1.25  0.0 0.0
2015-07-03-19 03 56.447	  31.02700288 121.4396603 1.25  0.0 0.0
2015-07-03-19 03 56.548	  31.02700288 121.4396603 1.25  0.0 0.0
2015-07-03-19 03 56.691	  31.02700288 121.4396603 1.25  0.0 0.0
2015-07-03-19 03 56.795	  31.02700288 121.4396603 1.25  0.0 0.0
2015-07-03-19 03 56.904	  31.02700288 121.4396603 1.25  0.0 0.0
2015-07-03-19 03 57.031	  31.02700288 121.4396603 1.25  0.0 0.0
2015-07-03-19 03 57.133	  31.02700288 121.4396603 1.25  0.0 0.0
2015-07-03-19 03 57.252	  31.02700288 121.4396603 1.25  0.0 0.0
2015-07-03-19 03 57.355	  31.02700288 121.4396603 1.25  0.0 0.0
2015-07-03-19 03 57.463	  31.02700288 121.4396603 1.25  0.0 0.0
2015-07-03-19 03 57.567	  31.02700288 121.4396603 1.25  0.0 0.0
2015-07-03-19 03 57.743	  31.02700288 121.4396603 1.25  0.0 0.0
2015-07-03-19 03 57.848	  31.02700288 121.4396603 1.25  0.0 0.0
2015-07-03-19 03 58.002	  31.02700288 121.4396603 1.25  0.0 0.0
2015-07-03-19 03 58.142	  31.02700288 121.4396603 1.25  0.0 0.0
2015-07-03-19 03 58.250	  31.02700288 121.4396603 1.25  0.0 0.0
2015-07-03-19 03 58.411	  31.02700288 121.4396603 1.25  0.0 0.0
2015-07-03-19 03 58.520	  31.02698015 121.43966684 1.25  0.0 0.0
2015-07-03-19 03 58.623	  31.02698015 121.43966684 1.25  0.0 0.0
2015-07-03-19 03 58.766	  31.02698015 121.43966684 1.25  0.0 0.0
2015-07-03-19 03 58.870	  31.02698015 121.43966684 1.25  0.0 0.0
2015-07-03-19 03 59.035	  31.02698015 121.43966684 1.25  0.0 0.0
2015-07-03-19 03 59.136	  31.02698015 121.43966684 1.25  0.0 0.0
2015-07-03-19 03 59.238	  31.02698015 121.43966684 1.25  0.0 0.0
2015-07-03-19 03 59.356	  31.02698015 121.43966684 1.25  0.0 0.0
2015-07-03-19 03 59.459	  31.02698015 121.43966684 1.25  0.0 0.0
2015-07-03-19 03 59.619	  31.02698015 121.43966684 1.25  0.0 0.0
2015-07-03-19 03 59.745	  31.02698015 121.43966684 1.25  0.0 0.0
2015-07-03-19 03 59.850	  31.02698015 121.43966684 1.25  0.0 0.0
2015-07-03-19 03 59.985	  31.02695795 121.43967341 1.25  0.0 0.0
2015-07-03-19 04 00.135	  31.02695795 121.43967341 1.25  0.0 0.0
2015-07-03-19 04 00.237	  31.02695795 121.43967341 1.25  0.0 0.0
2015-07-03-19 04 00.397	  31.02695795 121.43967341 1.25  0.0 0.0
2015-07-03-19 04 00.520	  31.02695795 121.43967341 1.25  0.0 0.0
2015-07-03-19 04 00.628	  31.02695795 121.43967341 1.25  0.0 0.0
2015-07-03-19 04 00.742	  31.02695795 121.43967341 1.25  0.0 0.0
2015-07-03-19 04 00.859	  31.02695795 121.43967341 1.25  0.0 0.0
2015-07-03-19 04 00.962	  31.02695795 121.43967341 1.25  0.0 0.0
2015-07-03-19 04 01.080	  31.02695795 121.43967341 1.25  0.0 0.0
2015-07-03-19 04 01.205	  31.02695795 121.43967341 1.25  0.0 0.0
2015-07-03-19 04 01.309	  31.02695795 121.43967341 1.25  0.0 0.0
2015-07-03-19 04 01.495	  31.02695795 121.43967341 1.25  0.0 0.0
2015-07-03-19 04 01.622	  31.02695795 121.43967341 1.25  0.0 0.0
2015-07-03-19 04 01.729	  31.02695795 121.43967341 1.25  0.0 0.0
2015-07-03-19 04 01.897	  31.02695795 121.43967341 1.25  0.0 0.0
2015-07-03-19 04 02.013	  31.02695795 121.43967341 1.25  0.0 0.0
2015-07-03-19 04 02.115	  31.02695795 121.43967341 1.25  0.0 0.0
2015-07-03-19 04 02.261	  31.02695795 121.43967341 1.25  0.0 0.0
2015-07-03-19 04 02.380	  31.02695795 121.43967341 1.25  0.0 0.0
2015-07-03-19 04 02.487	  31.02695795 121.43967341 1.25  0.0 0.0
2015-07-03-19 04 02.592	  31.02693661 121.43968158 1.25  0.0 0.0
2015-07-03-19 04 02.694	  31.02693661 121.43968158 1.25  0.0 0.0
2015-07-03-19 04 02.810	  31.02693661 121.43968158 1.25  0.0 0.0
2015-07-03-19 04 02.951	  31.02693661 121.43968158 1.25  0.0 0.0
2015-07-03-19 04 03.108	  31.02693661 121.43968158 1.25  0.0 0.0
2015-07-03-19 04 03.211	  31.02693661 121.43968158 1.25  0.0 0.0
2015-07-03-19 04 03.313	  31.02693661 121.43968158 1.25  0.0 0.0
2015-07-03-19 04 03.447	  31.02693661 121.43968158 1.25  0.0 0.0
2015-07-03-19 04 03.593	  31.02693661 121.43968158 1.25  0.0 0.0
2015-07-03-19 04 03.699	  31.02693661 121.43968158 1.25  0.0 0.0
2015-07-03-19 04 03.803	  31.02693661 121.43968158 1.25  0.0 0.0
2015-07-03-19 04 03.959	  31.02691584 121.43969241 1.25  0.0 0.0
2015-07-03-19 04 04.061	  31.02691584 121.43969241 1.25  0.0 0.0
2015-07-03-19 04 04.162	  31.02691584 121.43969241 1.25  0.0 0.0
2015-07-03-19 04 04.293	  31.02691584 121.43969241 1.25  0.0 0.0
2015-07-03-19 04 04.410	  31.02691584 121.43969241 1.25  0.0 0.0
2015-07-03-19 04 04.515	  31.02691584 121.43969241 1.25  0.0 0.0
2015-07-03-19 04 04.620	  31.02691584 121.43969241 1.25  0.0 0.0
2015-07-03-19 04 04.740	  31.02691584 121.43969241 1.25  0.0 0.0
2015-07-03-19 04 04.899	  31.02691584 121.43969241 1.25  0.0 0.0
2015-07-03-19 04 05.001	  31.02691584 121.43969241 1.25  0.0 0.0
2015-07-03-19 04 05.104	  31.02691584 121.43969241 1.25  0.0 0.0
2015-07-03-19 04 05.235	  31.02691584 121.43969241 1.25  0.0 0.0
2015-07-03-19 04 05.351	  31.02691584 121.43969241 1.25  0.0 0.0
2015-07-03-19 04 05.455	  31.02691584 121.43969241 1.25  0.0 0.0
2015-07-03-19 04 05.559	  31.02691584 121.43969241 1.25  0.0 0.0
2015-07-03-19 04 05.695	  31.02691584 121.43969241 1.25  0.0 0.0
2015-07-03-19 04 05.833	  31.02691584 121.43969241 1.25  0.0 0.0
2015-07-03-19 04 05.939	  31.02691584 121.43969241 1.25  0.0 0.0
2015-07-03-19 04 06.044	  31.02689547 121.43970497 1.25  0.0 0.0
2015-07-03-19 04 06.182	  31.02689547 121.43970497 1.25  0.0 0.0
2015-07-03-19 04 06.297	  31.02689547 121.43970497 1.25  0.0 0.0
2015-07-03-19 04 06.402	  31.02689547 121.43970497 1.25  0.0 0.0
2015-07-03-19 04 06.503	  31.02689547 121.43970497 1.25  0.0 0.0
2015-07-03-19 04 06.657	  31.02689547 121.43970497 1.25  0.0 0.0
2015-07-03-19 04 06.819	  31.02689547 121.43970497 1.25  0.0 0.0
2015-07-03-19 04 06.924	  31.02689547 121.43970497 1.25  0.0 0.0
2015-07-03-19 04 07.028	  31.02689547 121.43970497 1.25  0.0 0.0
2015-07-03-19 04 07.182	  31.02689547 121.43970497 1.25  0.0 0.0
2015-07-03-19 04 07.348	  31.02689547 121.43970497 1.25  0.0 0.0
2015-07-03-19 04 07.450	  31.02689547 121.43970497 1.25  0.0 0.0
2015-07-03-19 04 07.574	  31.02689547 121.43970497 1.25  0.0 0.0
2015-07-03-19 04 07.742	  31.02689547 121.43970497 1.25  0.0 0.0
2015-07-03-19 04 07.885	  31.02689547 121.43970497 1.25  0.0 0.0
2015-07-03-19 04 08.042	  31.02687391 121.43971575 1.25  0.0 0.0
2015-07-03-19 04 08.160	  31.02687391 121.43971575 1.25  0.0 0.0
2015-07-03-19 04 08.265	  31.02687391 121.43971575 1.25  0.0 0.0
2015-07-03-19 04 08.367	  31.02687391 121.43971575 1.25  0.0 0.0
2015-07-03-19 04 08.547	  31.02687391 121.43971575 1.25  0.0 0.0
2015-07-03-19 04 08.649	  31.02687391 121.43971575 1.25  0.0 0.0
2015-07-03-19 04 08.751	  31.02687391 121.43971575 1.25  0.0 0.0
2015-07-03-19 04 08.890	  31.02687391 121.43971575 1.25  0.0 0.0
2015-07-03-19 04 09.044	  31.02687391 121.43971575 1.25  0.0 0.0
2015-07-03-19 04 09.159	  31.02687391 121.43971575 1.25  0.0 0.0
2015-07-03-19 04 09.290	  31.02687391 121.43971575 1.25  0.0 0.0
2015-07-03-19 04 09.468	  31.02687391 121.43971575 1.25  0.0 0.0
2015-07-03-19 04 09.606	  31.02687391 121.43971575 1.25  0.0 0.0
2015-07-03-19 04 09.760	  31.02687391 121.43971575 1.25  0.0 0.0
2015-07-03-19 04 09.890	  31.02687391 121.43971575 1.25  0.0 0.0
2015-07-03-19 04 10.014	  31.02687391 121.43971575 1.25  0.0 0.0
2015-07-03-19 04 10.132	  31.02685266 121.43972671 1.25  0.0 0.0
2015-07-03-19 04 10.271	  31.02685266 121.43972671 1.25  0.0 0.0
2015-07-03-19 04 10.418	  31.02685266 121.43972671 1.25  0.0 0.0
2015-07-03-19 04 10.572	  31.02685266 121.43972671 1.25  0.0 0.0
2015-07-03-19 04 10.721	  31.02685266 121.43972671 1.25  0.0 0.0
2015-07-03-19 04 10.865	  31.02685266 121.43972671 1.25  0.0 0.0
2015-07-03-19 04 11.035	  31.02685266 121.43972671 1.25  0.0 0.0
2015-07-03-19 04 11.178	  31.02685266 121.43972671 1.25  0.0 0.0
2015-07-03-19 04 11.294	  31.02685266 121.43972671 1.25  0.0 0.0
2015-07-03-19 04 11.440	  31.02685266 121.43972671 1.25  0.0 0.0
2015-07-03-19 04 11.599	  31.02685266 121.43972671 1.25  0.0 0.0
2015-07-03-19 04 11.748	  31.02685266 121.43972671 1.25  0.0 0.0
2015-07-03-19 04 11.912	  31.02685266 121.43972671 1.25  0.0 0.0
2015-07-03-19 04 12.048	  31.0268314 121.43973525 1.25  0.0 0.0
2015-07-03-19 04 12.165	  31.0268314 121.43973525 1.25  0.0 0.0
2015-07-03-19 04 12.299	  31.0268314 121.43973525 1.25  0.0 0.0
2015-07-03-19 04 12.446	  31.0268314 121.43973525 1.25  0.0 0.0
2015-07-03-19 04 12.584	  31.0268314 121.43973525 1.25  0.0 0.0
2015-07-03-19 04 12.749	  31.0268314 121.43973525 1.25  0.0 0.0
2015-07-03-19 04 12.886	  31.0268314 121.43973525 1.25  0.0 0.0
2015-07-03-19 04 12.998	  31.0268314 121.43973525 1.25  0.0 0.0
2015-07-03-19 04 13.138	  31.0268314 121.43973525 1.25  0.0 0.0
2015-07-03-19 04 13.279	  31.0268314 121.43973525 1.25  0.0 0.0
2015-07-03-19 04 13.417	  31.0268314 121.43973525 1.25  0.0 0.0
2015-07-03-19 04 13.556	  31.0268314 121.43973525 1.25  0.0 0.0
2015-07-03-19 04 13.675	  31.0268314 121.43973525 1.25  0.0 0.0
