2015-07-03-19 17 07.468	  0.0 0.0 0.0  0.0 0.0
2015-07-03-19 17 07.570	  0.0 0.0 0.0  0.0 0.0
2015-07-03-19 17 07.675	  0.0 0.0 0.0  0.0 0.0
2015-07-03-19 17 07.777	  0.0 0.0 0.0  0.0 0.0
2015-07-03-19 17 07.880	  0.0 0.0 0.0  0.0 0.0
2015-07-03-19 17 07.982	  0.0 0.0 0.0  0.0 0.0
2015-07-03-19 17 08.085	  0.0 0.0 0.0  0.0 0.0
2015-07-03-19 17 08.186	  0.0 0.0 0.0  0.0 0.0
2015-07-03-19 17 08.288	  0.0 0.0 0.0  0.0 0.0
2015-07-03-19 17 08.390	  0.0 0.0 0.0  0.0 0.0
2015-07-03-19 17 08.492	  0.0 0.0 0.0  0.0 0.0
2015-07-03-19 17 08.594	  0.0 0.0 0.0  0.0 0.0
2015-07-03-19 17 08.695	  0.0 0.0 0.0  0.0 0.0
2015-07-03-19 17 08.797	  0.0 0.0 0.0  0.0 0.0
2015-07-03-19 17 08.898	  0.0 0.0 0.0  0.0 0.0
2015-07-03-19 17 09.000	  0.0 0.0 0.0  0.0 0.0
2015-07-03-19 17 09.102	  0.0 0.0 0.0  0.0 0.0
2015-07-03-19 17 09.204	  0.0 0.0 0.0  0.0 0.0
2015-07-03-19 17 09.305	  0.0 0.0 0.0  0.0 0.0
2015-07-03-19 17 09.407	  0.0 0.0 0.0  0.0 0.0
2015-07-03-19 17 09.509	  0.0 0.0 0.0  0.0 0.0
2015-07-03-19 17 09.611	  0.0 0.0 0.0  0.0 0.0
2015-07-03-19 17 09.712	  0.0 0.0 0.0  0.0 0.0
2015-07-03-19 17 09.815	  0.0 0.0 0.0  0.0 0.0
2015-07-03-19 17 09.917	  0.0 0.0 0.0  0.0 0.0
2015-07-03-19 17 10.019	  0.0 0.0 0.0  0.0 0.0
2015-07-03-19 17 10.121	  0.0 0.0 0.0  0.0 0.0
2015-07-03-19 17 10.222	  0.0 0.0 0.0  0.0 0.0
2015-07-03-19 17 10.324	  0.0 0.0 0.0  0.0 0.0
2015-07-03-19 17 10.425	  0.0 0.0 0.0  0.0 0.0
2015-07-03-19 17 10.546	  0.0 0.0 0.0  0.0 0.0
2015-07-03-19 17 10.647	  0.0 0.0 0.0  0.0 0.0
2015-07-03-19 17 10.749	  0.0 0.0 0.0  0.0 0.0
2015-07-03-19 17 10.851	  0.0 0.0 0.0  0.0 0.0
2015-07-03-19 17 10.952	  0.0 0.0 0.0  0.0 0.0
2015-07-03-19 17 11.054	  0.0 0.0 0.0  0.0 0.0
2015-07-03-19 17 11.158	  0.0 0.0 0.0  0.0 0.0
2015-07-03-19 17 11.265	  0.0 0.0 0.0  0.0 0.0
2015-07-03-19 17 11.368	  0.0 0.0 0.0  0.0 0.0
2015-07-03-19 17 11.469	  0.0 0.0 0.0  0.0 0.0
2015-07-03-19 17 11.571	  0.0 0.0 0.0  0.0 0.0
2015-07-03-19 17 11.674	  0.0 0.0 0.0  0.0 0.0
2015-07-03-19 17 11.779	  31.02687231 121.43969856 1.25  0.0 0.0
2015-07-03-19 17 11.894	  31.02687231 121.43969856 1.25  0.0 0.0
2015-07-03-19 17 11.996	  31.02687231 121.43969856 1.25  0.0 0.0
2015-07-03-19 17 12.098	  31.02687231 121.43969856 1.25  0.0 0.0
2015-07-03-19 17 12.203	  31.02687231 121.43969856 1.25  0.0 0.0
2015-07-03-19 17 12.310	  31.02687231 121.43969856 1.25  0.0 0.0
2015-07-03-19 17 12.415	  31.02687231 121.43969856 1.25  0.0 0.0
2015-07-03-19 17 12.523	  31.02687231 121.43969856 1.25  0.0 0.0
2015-07-03-19 17 12.625	  31.02687231 121.43969856 1.25  0.0 0.0
2015-07-03-19 17 12.728	  31.02687231 121.43969856 1.25  0.0 0.0
2015-07-03-19 17 12.832	  31.02687231 121.43969856 1.25  0.0 0.0
2015-07-03-19 17 12.937	  31.02687231 121.43969856 1.25  0.0 0.0
2015-07-03-19 17 13.042	  31.02687231 121.43969856 1.25  0.0 0.0
2015-07-03-19 17 13.147	  31.02687231 121.43969856 1.25  0.0 0.0
2015-07-03-19 17 13.248	  31.02687231 121.43969856 1.25  0.0 0.0
2015-07-03-19 17 13.349	  31.02687231 121.43969856 1.25  0.0 0.0
2015-07-03-19 17 13.450	  31.02687231 121.43969856 1.25  0.0 0.0
2015-07-03-19 17 13.552	  31.02687231 121.43969856 1.25  0.0 0.0
2015-07-03-19 17 13.656	  31.02687231 121.43969856 1.25  0.0 0.0
2015-07-03-19 17 13.764	  31.02687231 121.43969856 1.25  0.0 0.0
2015-07-03-19 17 13.870	  31.02687231 121.43969856 1.25  0.0 0.0
2015-07-03-19 17 13.979	  31.02687231 121.43969856 1.25  0.0 0.0
2015-07-03-19 17 14.080	  31.02687231 121.43969856 1.25  0.0 0.0
2015-07-03-19 17 14.181	  31.02687231 121.43969856 1.25  0.0 0.0
2015-07-03-19 17 14.282	  31.02687231 121.43969856 1.25  0.0 0.0
2015-07-03-19 17 14.384	  31.02687231 121.43969856 1.25  0.0 0.0
2015-07-03-19 17 14.489	  31.02687231 121.43969856 1.25  0.0 0.0
2015-07-03-19 17 14.593	  31.02687231 121.43969856 1.25  0.0 0.0
2015-07-03-19 17 14.702	  31.02687231 121.43969856 1.25  0.0 0.0
2015-07-03-19 17 14.804	  31.02687231 121.43969856 1.25  0.0 0.0
2015-07-03-19 17 14.905	  31.02687231 121.43969856 1.25  0.0 0.0
2015-07-03-19 17 15.007	  31.02687231 121.43969856 1.25  0.0 0.0
2015-07-03-19 17 15.108	  31.02689379 121.43969487 1.0  0.0 0.0
2015-07-03-19 17 15.210	  31.02689379 121.43969487 1.0  0.0 0.0
2015-07-03-19 17 15.318	  31.02689379 121.43969487 1.0  0.0 0.0
2015-07-03-19 17 15.421	  31.02689379 121.43969487 1.0  0.0 0.0
2015-07-03-19 17 15.523	  31.02689379 121.43969487 1.0  0.0 0.0
2015-07-03-19 17 15.625	  31.02689379 121.43969487 1.0  0.0 0.0
2015-07-03-19 17 15.728	  31.02689379 121.43969487 1.0  0.0 0.0
2015-07-03-19 17 15.833	  31.02689379 121.43969487 1.0  0.0 0.0
2015-07-03-19 17 15.937	  31.02689379 121.43969487 1.0  0.0 0.0
2015-07-03-19 17 16.044	  31.02689379 121.43969487 1.0  0.0 0.0
2015-07-03-19 17 16.145	  31.02689379 121.43969487 1.0  0.0 0.0
2015-07-03-19 17 16.247	  31.02689379 121.43969487 1.0  0.0 0.0
2015-07-03-19 17 16.349	  31.02689379 121.43969487 1.0  0.0 0.0
2015-07-03-19 17 16.451	  31.02689379 121.43969487 1.0  0.0 0.0
2015-07-03-19 17 16.554	  31.02689379 121.43969487 1.0  0.0 0.0
2015-07-03-19 17 16.656	  31.02689379 121.43969487 1.0  0.0 0.0
2015-07-03-19 17 16.764	  31.02689379 121.43969487 1.0  0.0 0.0
2015-07-03-19 17 16.868	  31.02689379 121.43969487 1.0  0.0 0.0
2015-07-03-19 17 16.975	  31.02689379 121.43969487 1.0  0.0 0.0
2015-07-03-19 17 17.096	  31.02691673 121.43968644 1.25  0.0 0.0
2015-07-03-19 17 17.198	  31.02691673 121.43968644 1.25  0.0 0.0
2015-07-03-19 17 17.314	  31.02691673 121.43968644 1.25  0.0 0.0
2015-07-03-19 17 17.416	  31.02691673 121.43968644 1.25  0.0 0.0
2015-07-03-19 17 17.518	  31.02691673 121.43968644 1.25  0.0 0.0
2015-07-03-19 17 17.621	  31.02691673 121.43968644 1.25  0.0 0.0
2015-07-03-19 17 17.725	  31.02691673 121.43968644 1.25  0.0 0.0
2015-07-03-19 17 17.842	  31.02691673 121.43968644 1.25  0.0 0.0
2015-07-03-19 17 17.944	  31.02691673 121.43968644 1.25  0.0 0.0
2015-07-03-19 17 18.046	  31.02691673 121.43968644 1.25  0.0 0.0
2015-07-03-19 17 18.150	  31.02691673 121.43968644 1.25  0.0 0.0
2015-07-03-19 17 18.254	  31.02691673 121.43968644 1.25  0.0 0.0
2015-07-03-19 17 18.360	  31.02691673 121.43968644 1.25  0.0 0.0
2015-07-03-19 17 18.465	  31.02691673 121.43968644 1.25  0.0 0.0
2015-07-03-19 17 18.566	  31.02691673 121.43968644 1.25  0.0 0.0
2015-07-03-19 17 18.668	  31.02691673 121.43968644 1.25  0.0 0.0
2015-07-03-19 17 18.773	  31.02691673 121.43968644 1.25  0.0 0.0
2015-07-03-19 17 18.877	  31.02691673 121.43968644 1.25  0.0 0.0
2015-07-03-19 17 18.991	  31.02691673 121.43968644 1.25  0.0 0.0
2015-07-03-19 17 19.092	  31.02691673 121.43968644 1.25  0.0 0.0
2015-07-03-19 17 19.193	  31.02693878 121.43967929 1.25  0.0 0.0
2015-07-03-19 17 19.295	  31.02693878 121.43967929 1.25  0.0 0.0
2015-07-03-19 17 19.397	  31.02693878 121.43967929 1.25  0.0 0.0
2015-07-03-19 17 19.502	  31.02693878 121.43967929 1.25  0.0 0.0
2015-07-03-19 17 19.605	  31.02693878 121.43967929 1.25  0.0 0.0
2015-07-03-19 17 19.711	  31.02693878 121.43967929 1.25  0.0 0.0
2015-07-03-19 17 19.820	  31.02693878 121.43967929 1.25  0.0 0.0
2015-07-03-19 17 19.921	  31.02693878 121.43967929 1.25  0.0 0.0
2015-07-03-19 17 20.026	  31.02693878 121.43967929 1.25  0.0 0.0
2015-07-03-19 17 20.128	  31.02693878 121.43967929 1.25  0.0 0.0
2015-07-03-19 17 20.231	  31.02693878 121.43967929 1.25  0.0 0.0
2015-07-03-19 17 20.333	  31.02693878 121.43967929 1.25  0.0 0.0
2015-07-03-19 17 20.436	  31.02693878 121.43967929 1.25  0.0 0.0
2015-07-03-19 17 20.546	  31.02693878 121.43967929 1.25  0.0 0.0
2015-07-03-19 17 20.647	  31.02693878 121.43967929 1.25  0.0 0.0
2015-07-03-19 17 20.748	  31.02693878 121.43967929 1.25  0.0 0.0
2015-07-03-19 17 20.851	  31.02693878 121.43967929 1.25  0.0 0.0
2015-07-03-19 17 20.956	  31.02696426 121.43966878 1.25  0.0 0.0
2015-07-03-19 17 21.117	  31.02696426 121.43966878 1.25  0.0 0.0
2015-07-03-19 17 21.218	  31.02696426 121.43966878 1.25  0.0 0.0
2015-07-03-19 17 21.320	  31.02696426 121.43966878 1.25  0.0 0.0
2015-07-03-19 17 21.422	  31.02696426 121.43966878 1.25  0.0 0.0
2015-07-03-19 17 21.534	  31.02696426 121.43966878 1.25  0.0 0.0
2015-07-03-19 17 21.635	  31.02696426 121.43966878 1.25  0.0 0.0
2015-07-03-19 17 21.737	  31.02696426 121.43966878 1.25  0.0 0.0
2015-07-03-19 17 21.839	  31.02696426 121.43966878 1.25  0.0 0.0
2015-07-03-19 17 21.940	  31.02696426 121.43966878 1.25  0.0 0.0
2015-07-03-19 17 22.046	  31.02696426 121.43966878 1.25  0.0 0.0
2015-07-03-19 17 22.158	  31.02696426 121.43966878 1.25  0.0 0.0
2015-07-03-19 17 22.261	  31.02696426 121.43966878 1.25  0.0 0.0
2015-07-03-19 17 22.363	  31.02696426 121.43966878 1.25  0.0 0.0
2015-07-03-19 17 22.467	  31.02696426 121.43966878 1.25  0.0 0.0
2015-07-03-19 17 22.578	  31.02696426 121.43966878 1.25  0.0 0.0
2015-07-03-19 17 22.679	  31.02696426 121.43966878 1.25  0.0 0.0
2015-07-03-19 17 22.781	  31.02696426 121.43966878 1.25  0.0 0.0
2015-07-03-19 17 22.882	  31.02696426 121.43966878 1.25  0.0 0.0
2015-07-03-19 17 22.987	  31.02696426 121.43966878 1.25  0.0 0.0
2015-07-03-19 17 23.092	  31.02698917 121.43965759 1.25  0.0 0.0
2015-07-03-19 17 23.195	  31.02698917 121.43965759 1.25  0.0 0.0
2015-07-03-19 17 23.297	  31.02698917 121.43965759 1.25  0.0 0.0
2015-07-03-19 17 23.400	  31.02698917 121.43965759 1.25  0.0 0.0
2015-07-03-19 17 23.511	  31.02698917 121.43965759 1.25  0.0 0.0
2015-07-03-19 17 23.626	  31.02698917 121.43965759 1.25  0.0 0.0
2015-07-03-19 17 23.730	  31.02698917 121.43965759 1.25  0.0 0.0
2015-07-03-19 17 23.834	  31.02698917 121.43965759 1.25  0.0 0.0
2015-07-03-19 17 23.940	  31.02698917 121.43965759 1.25  0.0 0.0
2015-07-03-19 17 24.043	  31.02698917 121.43965759 1.25  0.0 0.0
2015-07-03-19 17 24.146	  31.02698917 121.43965759 1.25  0.0 0.0
2015-07-03-19 17 24.247	  31.02698917 121.43965759 1.25  0.0 0.0
2015-07-03-19 17 24.351	  31.02698917 121.43965759 1.25  0.0 0.0
2015-07-03-19 17 24.459	  31.02698917 121.43965759 1.25  0.0 0.0
2015-07-03-19 17 24.561	  31.02698917 121.43965759 1.25  0.0 0.0
2015-07-03-19 17 24.666	  31.02698917 121.43965759 1.25  0.0 0.0
2015-07-03-19 17 24.770	  31.02698917 121.43965759 1.25  0.0 0.0
2015-07-03-19 17 24.882	  31.02698917 121.43965759 1.25  0.0 0.0
2015-07-03-19 17 24.984	  31.02698917 121.43965759 1.25  0.0 0.0
2015-07-03-19 17 25.088	  31.02701345 121.43964756 1.25  0.0 0.0
2015-07-03-19 17 25.190	  31.02701345 121.43964756 1.25  0.0 0.0
2015-07-03-19 17 25.298	  31.02701345 121.43964756 1.25  0.0 0.0
2015-07-03-19 17 25.403	  31.02701345 121.43964756 1.25  0.0 0.0
2015-07-03-19 17 25.506	  31.02701345 121.43964756 1.25  0.0 0.0
2015-07-03-19 17 25.615	  31.02701345 121.43964756 1.25  0.0 0.0
2015-07-03-19 17 25.729	  31.02701345 121.43964756 1.25  0.0 0.0
2015-07-03-19 17 25.830	  31.02701345 121.43964756 1.25  0.0 0.0
2015-07-03-19 17 25.931	  31.02701345 121.43964756 1.25  0.0 0.0
2015-07-03-19 17 26.033	  31.02701345 121.43964756 1.25  0.0 0.0
2015-07-03-19 17 26.140	  31.02701345 121.43964756 1.25  0.0 0.0
2015-07-03-19 17 26.242	  31.02701345 121.43964756 1.25  0.0 0.0
2015-07-03-19 17 26.344	  31.02701345 121.43964756 1.25  0.0 0.0
2015-07-03-19 17 26.447	  31.02701345 121.43964756 1.25  0.0 0.0
2015-07-03-19 17 26.562	  31.02701345 121.43964756 1.25  0.0 0.0
2015-07-03-19 17 26.664	  31.02701345 121.43964756 1.25  0.0 0.0
2015-07-03-19 17 26.767	  31.02701345 121.43964756 1.25  0.0 0.0
2015-07-03-19 17 26.869	  31.02701345 121.43964756 1.25  0.0 0.0
2015-07-03-19 17 26.976	  31.02701345 121.43964756 1.25  0.0 0.0
2015-07-03-19 17 27.078	  31.02703816 121.43963847 1.25  0.0 0.0
2015-07-03-19 17 27.181	  31.02703816 121.43963847 1.25  0.0 0.0
2015-07-03-19 17 27.284	  31.02703816 121.43963847 1.25  0.0 0.0
2015-07-03-19 17 27.398	  31.02703816 121.43963847 1.25  0.0 0.0
2015-07-03-19 17 27.500	  31.02703816 121.43963847 1.25  0.0 0.0
2015-07-03-19 17 27.601	  31.02703816 121.43963847 1.25  0.0 0.0
2015-07-03-19 17 27.703	  31.02703816 121.43963847 1.25  0.0 0.0
2015-07-03-19 17 27.814	  31.02703816 121.43963847 1.25  0.0 0.0
2015-07-03-19 17 27.916	  31.02703816 121.43963847 1.25  0.0 0.0
2015-07-03-19 17 28.022	  31.02703816 121.43963847 1.25  0.0 0.0
2015-07-03-19 17 28.130	  31.02703816 121.43963847 1.25  0.0 0.0
2015-07-03-19 17 28.238	  31.02703816 121.43963847 1.25  0.0 0.0
2015-07-03-19 17 28.339	  31.02703816 121.43963847 1.25  0.0 0.0
2015-07-03-19 17 28.442	  31.02703816 121.43963847 1.25  0.0 0.0
2015-07-03-19 17 28.545	  31.02703816 121.43963847 1.25  0.0 0.0
2015-07-03-19 17 28.651	  31.02703816 121.43963847 1.25  0.0 0.0
2015-07-03-19 17 28.764	  31.02703816 121.43963847 1.25  0.0 0.0
2015-07-03-19 17 28.866	  31.02703816 121.43963847 1.25  0.0 0.0
2015-07-03-19 17 28.968	  31.02703816 121.43963847 1.25  0.0 0.0
2015-07-03-19 17 29.070	  31.02706288 121.43962913 1.25  0.0 0.0
2015-07-03-19 17 29.171	  31.02706288 121.43962913 1.25  0.0 0.0
2015-07-03-19 17 29.273	  31.02706288 121.43962913 1.25  0.0 0.0
2015-07-03-19 17 29.376	  31.02706288 121.43962913 1.25  0.0 0.0
2015-07-03-19 17 29.495	  31.02706288 121.43962913 1.25  0.0 0.0
2015-07-03-19 17 29.597	  31.02706288 121.43962913 1.25  0.0 0.0
2015-07-03-19 17 29.700	  31.02706288 121.43962913 1.25  0.0 0.0
2015-07-03-19 17 29.803	  31.02706288 121.43962913 1.25  0.0 0.0
2015-07-03-19 17 29.904	  31.02706288 121.43962913 1.25  0.0 0.0
2015-07-03-19 17 30.007	  31.02706288 121.43962913 1.25  0.0 0.0
2015-07-03-19 17 30.112	  31.02706288 121.43962913 1.25  0.0 0.0
2015-07-03-19 17 30.215	  31.02706288 121.43962913 1.25  0.0 0.0
2015-07-03-19 17 30.323	  31.02706288 121.43962913 1.25  0.0 0.0
2015-07-03-19 17 30.428	  31.02706288 121.43962913 1.25  0.0 0.0
2015-07-03-19 17 30.533	  31.02706288 121.43962913 1.25  0.0 0.0
2015-07-03-19 17 30.635	  31.02706288 121.43962913 1.25  0.0 0.0
2015-07-03-19 17 30.736	  31.02706288 121.43962913 1.25  0.0 0.0
2015-07-03-19 17 30.838	  31.02706288 121.43962913 1.25  0.0 0.0
2015-07-03-19 17 30.941	  31.02706288 121.43962913 1.25  0.0 0.0
2015-07-03-19 17 31.044	  31.02708529 121.43961789 1.25  0.0 0.0
2015-07-03-19 17 31.149	  31.02708529 121.43961789 1.25  0.0 0.0
2015-07-03-19 17 31.251	  31.02708529 121.43961789 1.25  0.0 0.0
2015-07-03-19 17 31.353	  31.02708529 121.43961789 1.25  0.0 0.0
2015-07-03-19 17 31.468	  31.02708529 121.43961789 1.25  0.0 0.0
2015-07-03-19 17 31.569	  31.02708529 121.43961789 1.25  0.0 0.0
2015-07-03-19 17 31.671	  31.02708529 121.43961789 1.25  0.0 0.0
2015-07-03-19 17 31.773	  31.02708529 121.43961789 1.25  0.0 0.0
2015-07-03-19 17 31.878	  31.02708529 121.43961789 1.25  0.0 0.0
2015-07-03-19 17 31.985	  31.02708529 121.43961789 1.25  0.0 0.0
2015-07-03-19 17 32.132	  31.02708529 121.43961789 1.25  0.0 0.0
2015-07-03-19 17 32.234	  31.02708529 121.43961789 1.25  0.0 0.0
2015-07-03-19 17 32.337	  31.02708529 121.43961789 1.25  0.0 0.0
2015-07-03-19 17 32.447	  31.02708529 121.43961789 1.25  0.0 0.0
2015-07-03-19 17 32.549	  31.02708529 121.43961789 1.25  0.0 0.0
2015-07-03-19 17 32.650	  31.02708529 121.43961789 1.25  0.0 0.0
2015-07-03-19 17 32.752	  31.02708529 121.43961789 1.25  0.0 0.0
2015-07-03-19 17 32.857	  31.02708529 121.43961789 1.25  0.0 0.0
2015-07-03-19 17 32.961	  31.02708529 121.43961789 1.25  0.0 0.0
2015-07-03-19 17 33.100	  31.02710637 121.43960956 1.25  0.0 0.0
2015-07-03-19 17 33.226	  31.02710637 121.43960956 1.25  0.0 0.0
2015-07-03-19 17 33.330	  31.02710637 121.43960956 1.25  0.0 0.0
2015-07-03-19 17 33.431	  31.02710637 121.43960956 1.25  0.0 0.0
2015-07-03-19 17 33.574	  31.02710637 121.43960956 1.25  0.0 0.0
2015-07-03-19 17 33.683	  31.02710637 121.43960956 1.25  0.0 0.0
2015-07-03-19 17 33.788	  31.02710637 121.43960956 1.25  0.0 0.0
2015-07-03-19 17 33.964	  31.02710637 121.43960956 1.25  0.0 0.0
2015-07-03-19 17 34.066	  31.02710637 121.43960956 1.25  0.0 0.0
2015-07-03-19 17 34.168	  31.02710637 121.43960956 1.25  0.0 0.0
2015-07-03-19 17 34.273	  31.02710637 121.43960956 1.25  0.0 0.0
2015-07-03-19 17 34.380	  31.02710637 121.43960956 1.25  0.0 0.0
2015-07-03-19 17 34.497	  31.02710637 121.43960956 1.25  0.0 0.0
2015-07-03-19 17 34.601	  31.02710637 121.43960956 1.25  0.0 0.0
2015-07-03-19 17 34.703	  31.02710637 121.43960956 1.25  0.0 0.0
2015-07-03-19 17 34.811	  31.02710637 121.43960956 1.25  0.0 0.0
2015-07-03-19 17 34.917	  31.02710637 121.43960956 1.25  0.0 0.0
2015-07-03-19 17 35.021	  31.02710637 121.43960956 1.25  0.0 0.0
2015-07-03-19 17 35.130	  31.02712711 121.43959922 1.25  0.0 0.0
2015-07-03-19 17 35.231	  31.02712711 121.43959922 1.25  0.0 0.0
2015-07-03-19 17 35.332	  31.02712711 121.43959922 1.25  0.0 0.0
2015-07-03-19 17 35.469	  31.02712711 121.43959922 1.25  0.0 0.0
2015-07-03-19 17 35.574	  31.02712711 121.43959922 1.25  0.0 0.0
2015-07-03-19 17 35.678	  31.02712711 121.43959922 1.25  0.0 0.0
2015-07-03-19 17 35.842	  31.02712711 121.43959922 1.25  0.0 0.0
2015-07-03-19 17 35.943	  31.02712711 121.43959922 1.25  0.0 0.0
2015-07-03-19 17 36.093	  31.02712711 121.43959922 1.25  0.0 0.0
2015-07-03-19 17 36.196	  31.02712711 121.43959922 1.25  0.0 0.0
2015-07-03-19 17 36.299	  31.02712711 121.43959922 1.25  0.0 0.0
2015-07-03-19 17 36.458	  31.02712711 121.43959922 1.25  0.0 0.0
2015-07-03-19 17 36.560	  31.02712711 121.43959922 1.25  0.0 0.0
2015-07-03-19 17 36.662	  31.02712711 121.43959922 1.25  0.0 0.0
2015-07-03-19 17 36.764	  31.02712711 121.43959922 1.25  0.0 0.0
2015-07-03-19 17 36.868	  31.02712711 121.43959922 1.25  0.0 0.0
2015-07-03-19 17 36.982	  31.02712711 121.43959922 1.25  0.0 0.0
2015-07-03-19 17 37.084	  31.02712711 121.43959922 1.25  0.0 0.0
2015-07-03-19 17 37.185	  31.02714769 121.43958792 1.25  0.0 0.0
2015-07-03-19 17 37.299	  31.02714769 121.43958792 1.25  0.0 0.0
2015-07-03-19 17 37.400	  31.02714769 121.43958792 1.25  0.0 0.0
2015-07-03-19 17 37.502	  31.02714769 121.43958792 1.25  0.0 0.0
2015-07-03-19 17 37.607	  31.02714769 121.43958792 1.25  0.0 0.0
2015-07-03-19 17 37.711	  31.02714769 121.43958792 1.25  0.0 0.0
2015-07-03-19 17 37.822	  31.02714769 121.43958792 1.25  0.0 0.0
2015-07-03-19 17 37.926	  31.02714769 121.43958792 1.25  0.0 0.0
2015-07-03-19 17 38.030	  31.02714769 121.43958792 1.25  0.0 0.0
2015-07-03-19 17 38.183	  31.02714769 121.43958792 1.25  0.0 0.0
2015-07-03-19 17 38.299	  31.02714769 121.43958792 1.25  0.0 0.0
2015-07-03-19 17 38.404	  31.02714769 121.43958792 1.25  0.0 0.0
2015-07-03-19 17 38.533	  31.02714769 121.43958792 1.25  0.0 0.0
2015-07-03-19 17 38.635	  31.02714769 121.43958792 1.25  0.0 0.0
2015-07-03-19 17 38.740	  31.02714769 121.43958792 1.25  0.0 0.0
2015-07-03-19 17 38.893	  31.02714769 121.43958792 1.25  0.0 0.0
2015-07-03-19 17 38.996	  31.02714769 121.43958792 1.25  0.0 0.0
2015-07-03-19 17 39.145	  31.0271689 121.43957568 1.25  0.0 0.0
2015-07-03-19 17 39.247	  31.0271689 121.43957568 1.25  0.0 0.0
2015-07-03-19 17 39.363	  31.0271689 121.43957568 1.25  0.0 0.0
2015-07-03-19 17 39.470	  31.0271689 121.43957568 1.25  0.0 0.0
2015-07-03-19 17 39.632	  31.0271689 121.43957568 1.25  0.0 0.0
2015-07-03-19 17 39.734	  31.0271689 121.43957568 1.25  0.0 0.0
2015-07-03-19 17 39.897	  31.0271689 121.43957568 1.25  0.0 0.0
2015-07-03-19 17 39.999	  31.0271689 121.43957568 1.25  0.0 0.0
2015-07-03-19 17 40.104	  31.0271689 121.43957568 1.25  0.0 0.0
2015-07-03-19 17 40.207	  31.0271689 121.43957568 1.25  0.0 0.0
2015-07-03-19 17 40.312	  31.0271689 121.43957568 1.25  0.0 0.0
2015-07-03-19 17 40.455	  31.0271689 121.43957568 1.25  0.0 0.0
2015-07-03-19 17 40.558	  31.0271689 121.43957568 1.25  0.0 0.0
2015-07-03-19 17 40.714	  31.0271689 121.43957568 1.25  0.0 0.0
2015-07-03-19 17 40.816	  31.0271689 121.43957568 1.25  0.0 0.0
2015-07-03-19 17 40.944	  31.0271689 121.43957568 1.25  0.0 0.0
2015-07-03-19 17 41.045	  31.02719177 121.43956539 1.25  0.0 0.0
2015-07-03-19 17 41.155	  31.02719177 121.43956539 1.25  0.0 0.0
2015-07-03-19 17 41.259	  31.02719177 121.43956539 1.25  0.0 0.0
2015-07-03-19 17 41.366	  31.02719177 121.43956539 1.25  0.0 0.0
2015-07-03-19 17 41.533	  31.02719177 121.43956539 1.25  0.0 0.0
2015-07-03-19 17 41.635	  31.02719177 121.43956539 1.25  0.0 0.0
2015-07-03-19 17 41.793	  31.02719177 121.43956539 1.25  0.0 0.0
2015-07-03-19 17 41.896	  31.02719177 121.43956539 1.25  0.0 0.0
2015-07-03-19 17 42.044	  31.02719177 121.43956539 1.25  0.0 0.0
2015-07-03-19 17 42.145	  31.02719177 121.43956539 1.25  0.0 0.0
2015-07-03-19 17 42.282	  31.02719177 121.43956539 1.25  0.0 0.0
2015-07-03-19 17 42.383	  31.02719177 121.43956539 1.25  0.0 0.0
2015-07-03-19 17 42.537	  31.02719177 121.43956539 1.25  0.0 0.0
2015-07-03-19 17 42.638	  31.02719177 121.43956539 1.25  0.0 0.0
2015-07-03-19 17 42.754	  31.02719177 121.43956539 1.25  0.0 0.0
2015-07-03-19 17 42.860	  31.02719177 121.43956539 1.25  0.0 0.0
2015-07-03-19 17 43.022	  31.02719177 121.43956539 1.25  0.0 0.0
2015-07-03-19 17 43.125	  31.02721512 121.43955656 1.25  0.0 0.0
2015-07-03-19 17 43.243	  31.02721512 121.43955656 1.25  0.0 0.0
2015-07-03-19 17 43.344	  31.02721512 121.43955656 1.25  0.0 0.0
2015-07-03-19 17 43.449	  31.02721512 121.43955656 1.25  0.0 0.0
2015-07-03-19 17 43.554	  31.02721512 121.43955656 1.25  0.0 0.0
2015-07-03-19 17 43.657	  31.02721512 121.43955656 1.25  0.0 0.0
2015-07-03-19 17 43.844	  31.02721512 121.43955656 1.25  0.0 0.0
2015-07-03-19 17 43.946	  31.02721512 121.43955656 1.25  0.0 0.0
2015-07-03-19 17 44.135	  31.02721512 121.43955656 1.25  0.0 0.0
2015-07-03-19 17 44.236	  31.02721512 121.43955656 1.25  0.0 0.0
2015-07-03-19 17 44.350	  31.02721512 121.43955656 1.25  0.0 0.0
2015-07-03-19 17 44.456	  31.02721512 121.43955656 1.25  0.0 0.0
2015-07-03-19 17 44.593	  31.02721512 121.43955656 1.25  0.0 0.0
2015-07-03-19 17 44.698	  31.02721512 121.43955656 1.25  0.0 0.0
2015-07-03-19 17 44.844	  31.02721512 121.43955656 1.25  0.0 0.0
2015-07-03-19 17 44.950	  31.02721512 121.43955656 1.25  0.0 0.0
2015-07-03-19 17 45.097	  31.02721512 121.43955656 1.25  0.0 0.0
2015-07-03-19 17 45.218	  31.02723867 121.43954914 1.25  0.0 0.0
2015-07-03-19 17 45.337	  31.02723867 121.43954914 1.25  0.0 0.0
2015-07-03-19 17 45.441	  31.02723867 121.43954914 1.25  0.0 0.0
2015-07-03-19 17 45.598	  31.02723867 121.43954914 1.25  0.0 0.0
2015-07-03-19 17 45.699	  31.02723867 121.43954914 1.25  0.0 0.0
2015-07-03-19 17 45.836	  31.02723867 121.43954914 1.25  0.0 0.0
2015-07-03-19 17 45.940	  31.02723867 121.43954914 1.25  0.0 0.0
2015-07-03-19 17 46.073	  31.02723867 121.43954914 1.25  0.0 0.0
2015-07-03-19 17 46.178	  31.02723867 121.43954914 1.25  0.0 0.0
2015-07-03-19 17 46.325	  31.02723867 121.43954914 1.25  0.0 0.0
2015-07-03-19 17 46.428	  31.02723867 121.43954914 1.25  0.0 0.0
2015-07-03-19 17 46.569	  31.02723867 121.43954914 1.25  0.0 0.0
2015-07-03-19 17 46.671	  31.02723867 121.43954914 1.25  0.0 0.0
2015-07-03-19 17 46.853	  31.02723867 121.43954914 1.25  0.0 0.0
2015-07-03-19 17 46.955	  31.02726261 121.43954033 1.25  0.0 0.0
2015-07-03-19 17 47.149	  31.02726261 121.43954033 1.25  0.0 0.0
2015-07-03-19 17 47.250	  31.02726261 121.43954033 1.25  0.0 0.0
2015-07-03-19 17 47.391	  31.02726261 121.43954033 1.25  0.0 0.0
2015-07-03-19 17 47.492	  31.02726261 121.43954033 1.25  0.0 0.0
2015-07-03-19 17 47.632	  31.02726261 121.43954033 1.25  0.0 0.0
2015-07-03-19 17 47.734	  31.02726261 121.43954033 1.25  0.0 0.0
2015-07-03-19 17 47.845	  31.02726261 121.43954033 1.25  0.0 0.0
2015-07-03-19 17 47.952	  31.02726261 121.43954033 1.25  0.0 0.0
2015-07-03-19 17 48.144	  31.02726261 121.43954033 1.25  0.0 0.0
2015-07-03-19 17 48.247	  31.02726261 121.43954033 1.25  0.0 0.0
2015-07-03-19 17 48.384	  31.02726261 121.43954033 1.25  0.0 0.0
2015-07-03-19 17 48.488	  31.02726261 121.43954033 1.25  0.0 0.0
2015-07-03-19 17 48.658	  31.02726261 121.43954033 1.25  0.0 0.0
2015-07-03-19 17 48.777	  31.02726261 121.43954033 1.25  0.0 0.0
2015-07-03-19 17 48.883	  31.02726261 121.43954033 1.25  0.0 0.0
2015-07-03-19 17 49.044	  31.0272856 121.43952986 1.25  0.0 0.0
2015-07-03-19 17 49.190	  31.0272856 121.43952986 1.25  0.0 0.0
2015-07-03-19 17 49.291	  31.0272856 121.43952986 1.25  0.0 0.0
2015-07-03-19 17 49.444	  31.0272856 121.43952986 1.25  0.0 0.0
2015-07-03-19 17 49.548	  31.0272856 121.43952986 1.25  0.0 0.0
2015-07-03-19 17 49.702	  31.0272856 121.43952986 1.25  0.0 0.0
2015-07-03-19 17 49.805	  31.0272856 121.43952986 1.25  0.0 0.0
2015-07-03-19 17 49.952	  31.0272856 121.43952986 1.25  0.0 0.0
2015-07-03-19 17 50.122	  31.0272856 121.43952986 1.25  0.0 0.0
2015-07-03-19 17 50.223	  31.0272856 121.43952986 1.25  0.0 0.0
2015-07-03-19 17 50.343	  31.0272856 121.43952986 1.25  0.0 0.0
2015-07-03-19 17 50.509	  31.0272856 121.43952986 1.25  0.0 0.0
2015-07-03-19 17 50.613	  31.0272856 121.43952986 1.25  0.0 0.0
2015-07-03-19 17 50.791	  31.0272856 121.43952986 1.25  0.0 0.0
2015-07-03-19 17 50.911	  31.0272856 121.43952986 1.25  0.0 0.0
2015-07-03-19 17 51.012	  31.0272856 121.43952986 1.25  0.0 0.0
2015-07-03-19 17 51.129	  31.02730768 121.43952404 1.25  0.0 0.0
2015-07-03-19 17 51.272	  31.02730768 121.43952404 1.25  0.0 0.0
2015-07-03-19 17 51.374	  31.02730768 121.43952404 1.25  0.0 0.0
2015-07-03-19 17 51.500	  31.02730768 121.43952404 1.25  0.0 0.0
2015-07-03-19 17 51.631	  31.02730768 121.43952404 1.25  0.0 0.0
2015-07-03-19 17 51.734	  31.02730768 121.43952404 1.25  0.0 0.0
2015-07-03-19 17 51.903	  31.02730768 121.43952404 1.25  0.0 0.0
2015-07-03-19 17 52.017	  31.02730768 121.43952404 1.25  0.0 0.0
2015-07-03-19 17 52.119	  31.02730768 121.43952404 1.25  0.0 0.0
2015-07-03-19 17 52.261	  31.02730768 121.43952404 1.25  0.0 0.0
2015-07-03-19 17 52.402	  31.02730768 121.43952404 1.25  0.0 0.0
2015-07-03-19 17 52.509	  31.02730768 121.43952404 1.25  0.0 0.0
2015-07-03-19 17 52.652	  31.02730768 121.43952404 1.25  0.0 0.0
2015-07-03-19 17 52.770	  31.02730768 121.43952404 1.25  0.0 0.0
2015-07-03-19 17 52.901	  31.02730768 121.43952404 1.25  0.0 0.0
2015-07-03-19 17 53.053	  31.02733149 121.43951572 1.25  0.0 0.0
2015-07-03-19 17 53.188	  31.02733149 121.43951572 1.25  0.0 0.0
2015-07-03-19 17 53.326	  31.02733149 121.43951572 1.25  0.0 0.0
2015-07-03-19 17 53.475	  31.02733149 121.43951572 1.25  0.0 0.0
2015-07-03-19 17 53.591	  31.02733149 121.43951572 1.25  0.0 0.0
2015-07-03-19 17 53.708	  31.02733149 121.43951572 1.25  0.0 0.0
2015-07-03-19 17 53.893	  31.02733149 121.43951572 1.25  0.0 0.0
2015-07-03-19 17 54.023	  31.02733149 121.43951572 1.25  0.0 0.0
2015-07-03-19 17 54.146	  31.02733149 121.43951572 1.25  0.0 0.0
2015-07-03-19 17 54.248	  31.02733149 121.43951572 1.25  0.0 0.0
2015-07-03-19 17 54.386	  31.02733149 121.43951572 1.25  0.0 0.0
2015-07-03-19 17 54.518	  31.02733149 121.43951572 1.25  0.0 0.0
2015-07-03-19 17 54.697	  31.02733149 121.43951572 1.25  0.0 0.0
2015-07-03-19 17 54.836	  31.02733149 121.43951572 1.25  0.0 0.0
2015-07-03-19 17 54.970	  31.02733149 121.43951572 1.25  0.0 0.0
2015-07-03-19 17 55.131	  31.02735457 121.43950545 1.25  0.0 0.0
2015-07-03-19 17 55.247	  31.02735457 121.43950545 1.25  0.0 0.0
2015-07-03-19 17 55.363	  31.02735457 121.43950545 1.25  0.0 0.0
2015-07-03-19 17 55.503	  31.02735457 121.43950545 1.25  0.0 0.0
2015-07-03-19 17 55.640	  31.02735457 121.43950545 1.25  0.0 0.0
2015-07-03-19 17 55.794	  31.02735457 121.43950545 1.25  0.0 0.0
2015-07-03-19 17 55.913	  31.02735457 121.43950545 1.25  0.0 0.0
2015-07-03-19 17 56.044	  31.02735457 121.43950545 1.25  0.0 0.0
2015-07-03-19 17 56.163	  31.02735457 121.43950545 1.25  0.0 0.0
2015-07-03-19 17 56.279	  31.02735457 121.43950545 1.25  0.0 0.0
2015-07-03-19 17 56.415	  31.02735457 121.43950545 1.25  0.0 0.0
2015-07-03-19 17 56.550	  31.02735457 121.43950545 1.25  0.0 0.0
2015-07-03-19 17 56.694	  31.02735457 121.43950545 1.25  0.0 0.0
2015-07-03-19 17 56.861	  31.02735457 121.43950545 1.25  0.0 0.0
2015-07-03-19 17 56.995	  31.02737701 121.4394935 1.25  0.0 0.0
2015-07-03-19 17 57.141	  31.02737701 121.4394935 1.25  0.0 0.0
2015-07-03-19 17 57.278	  31.02737701 121.4394935 1.25  0.0 0.0
2015-07-03-19 17 57.422	  31.02737701 121.4394935 1.25  0.0 0.0
2015-07-03-19 17 57.538	  31.02737701 121.4394935 1.25  0.0 0.0
2015-07-03-19 17 57.696	  31.02737701 121.4394935 1.25  0.0 0.0
2015-07-03-19 17 57.836	  31.02737701 121.4394935 1.25  0.0 0.0
2015-07-03-19 17 57.958	  31.02737701 121.4394935 1.25  0.0 0.0
2015-07-03-19 17 58.087	  31.02737701 121.4394935 1.25  0.0 0.0
2015-07-03-19 17 58.213	  31.02737701 121.4394935 1.25  0.0 0.0
2015-07-03-19 17 58.383	  31.02737701 121.4394935 1.25  0.0 0.0
2015-07-03-19 17 58.500	  31.02737701 121.4394935 1.25  0.0 0.0
2015-07-03-19 17 58.617	  31.02737701 121.4394935 1.25  0.0 0.0
2015-07-03-19 17 58.749	  31.02737701 121.4394935 1.25  0.0 0.0
2015-07-03-19 17 58.912	  31.02737701 121.4394935 1.25  0.0 0.0
2015-07-03-19 17 59.048	  31.02737701 121.4394935 1.25  0.0 0.0
2015-07-03-19 17 59.166	  31.02739845 121.43948149 1.25  0.0 0.0
2015-07-03-19 17 59.283	  31.02739845 121.43948149 1.25  0.0 0.0
2015-07-03-19 17 59.426	  31.02739845 121.43948149 1.25  0.0 0.0
2015-07-03-19 17 59.573	  31.02739845 121.43948149 1.25  0.0 0.0
2015-07-03-19 17 59.736	  31.02739845 121.43948149 1.25  0.0 0.0
2015-07-03-19 17 59.894	  31.02739845 121.43948149 1.25  0.0 0.0
2015-07-03-19 18 00.021	  31.02739845 121.43948149 1.25  0.0 0.0
2015-07-03-19 18 00.149	  31.02739845 121.43948149 1.25  0.0 0.0
2015-07-03-19 18 00.285	  31.02739845 121.43948149 1.25  0.0 0.0
2015-07-03-19 18 00.450	  31.02739845 121.43948149 1.25  0.0 0.0
2015-07-03-19 18 00.566	  31.02739845 121.43948149 1.25  0.0 0.0
2015-07-03-19 18 00.699	  31.02739845 121.43948149 1.25  0.0 0.0
2015-07-03-19 18 00.838	  31.02739845 121.43948149 1.25  0.0 0.0
2015-07-03-19 18 00.989	  31.02739845 121.43948149 1.25  0.0 0.0
2015-07-03-19 18 01.105	  31.02741989 121.43946871 1.25  0.0 0.0
2015-07-03-19 18 01.247	  31.02741989 121.43946871 1.25  0.0 0.0
2015-07-03-19 18 01.388	  31.02741989 121.43946871 1.25  0.0 0.0
2015-07-03-19 18 01.530	  31.02741989 121.43946871 1.25  0.0 0.0
2015-07-03-19 18 01.669	  31.02741989 121.43946871 1.25  0.0 0.0
2015-07-03-19 18 01.817	  31.02741989 121.43946871 1.25  0.0 0.0
2015-07-03-19 18 01.966	  31.02741989 121.43946871 1.25  0.0 0.0
2015-07-03-19 18 02.147	  31.02741989 121.43946871 1.25  0.0 0.0
2015-07-03-19 18 02.290	  31.02741989 121.43946871 1.25  0.0 0.0
2015-07-03-19 18 02.431	  31.02741989 121.43946871 1.25  0.0 0.0
2015-07-03-19 18 02.547	  31.02741989 121.43946871 1.25  0.0 0.0
2015-07-03-19 18 02.698	  31.02741989 121.43946871 1.25  0.0 0.0
2015-07-03-19 18 02.840	  31.02741989 121.43946871 1.25  0.0 0.0
2015-07-03-19 18 02.958	  31.02741989 121.43946871 1.25  0.0 0.0
2015-07-03-19 18 03.100	  31.02744411 121.43946016 1.25  0.0 0.0
2015-07-03-19 18 03.219	  31.02744411 121.43946016 1.25  0.0 0.0
2015-07-03-19 18 03.343	  31.02744411 121.43946016 1.25  0.0 0.0
2015-07-03-19 18 03.482	  31.02744411 121.43946016 1.25  0.0 0.0
2015-07-03-19 18 03.613	  31.02744411 121.43946016 1.25  0.0 0.0
2015-07-03-19 18 03.776	  31.02744411 121.43946016 1.25  0.0 0.0
2015-07-03-19 18 03.894	  31.02744411 121.43946016 1.25  0.0 0.0
2015-07-03-19 18 04.026	  31.02744411 121.43946016 1.25  0.0 0.0
2015-07-03-19 18 04.158	  31.02744411 121.43946016 1.25  0.0 0.0
2015-07-03-19 18 04.287	  31.02744411 121.43946016 1.25  0.0 0.0
2015-07-03-19 18 04.425	  31.02744411 121.43946016 1.25  0.0 0.0
2015-07-03-19 18 04.541	  31.02744411 121.43946016 1.25  0.0 0.0
2015-07-03-19 18 04.671	  31.02744411 121.43946016 1.25  0.0 0.0
2015-07-03-19 18 04.848	  31.02744411 121.43946016 1.25  0.0 0.0
2015-07-03-19 18 04.966	  31.02746796 121.43945231 1.25  0.0 0.0
2015-07-03-19 18 05.108	  31.02746796 121.43945231 1.25  0.0 0.0
2015-07-03-19 18 05.233	  31.02746796 121.43945231 1.25  0.0 0.0
2015-07-03-19 18 05.372	  31.02746796 121.43945231 1.25  0.0 0.0
2015-07-03-19 18 05.496	  31.02746796 121.43945231 1.25  0.0 0.0
2015-07-03-19 18 05.612	  31.02746796 121.43945231 1.25  0.0 0.0
2015-07-03-19 18 05.730	  31.02746796 121.43945231 1.25  0.0 0.0
2015-07-03-19 18 05.868	  31.02746796 121.43945231 1.25  0.0 0.0
2015-07-03-19 18 06.000	  31.02746796 121.43945231 1.25  0.0 0.0
2015-07-03-19 18 06.154	  31.02746796 121.43945231 1.25  0.0 0.0
2015-07-03-19 18 06.290	  31.02746796 121.43945231 1.25  0.0 0.0
2015-07-03-19 18 06.431	  31.02746796 121.43945231 1.25  0.0 0.0
2015-07-03-19 18 06.549	  31.02746796 121.43945231 1.25  0.0 0.0
2015-07-03-19 18 06.687	  31.02746796 121.43945231 1.25  0.0 0.0
2015-07-03-19 18 06.851	  31.02746796 121.43945231 1.25  0.0 0.0
2015-07-03-19 18 06.966	  31.02746796 121.43945231 1.25  0.0 0.0
2015-07-03-19 18 07.142	  31.02749018 121.43944219 1.25  0.0 0.0
2015-07-03-19 18 07.259	  31.02749018 121.43944219 1.25  0.0 0.0
2015-07-03-19 18 07.374	  31.02749018 121.43944219 1.25  0.0 0.0
2015-07-03-19 18 07.528	  31.02749018 121.43944219 1.25  0.0 0.0
2015-07-03-19 18 07.645	  31.02749018 121.43944219 1.25  0.0 0.0
2015-07-03-19 18 07.763	  31.02749018 121.43944219 1.25  0.0 0.0
2015-07-03-19 18 07.897	  31.02749018 121.43944219 1.25  0.0 0.0
2015-07-03-19 18 08.050	  31.02749018 121.43944219 1.25  0.0 0.0
2015-07-03-19 18 08.191	  31.02749018 121.43944219 1.25  0.0 0.0
2015-07-03-19 18 08.308	  31.02749018 121.43944219 1.25  0.0 0.0
2015-07-03-19 18 08.442	  31.02749018 121.43944219 1.25  0.0 0.0
2015-07-03-19 18 08.557	  31.02749018 121.43944219 1.25  0.0 0.0
2015-07-03-19 18 08.685	  31.02749018 121.43944219 1.25  0.0 0.0
2015-07-03-19 18 08.820	  31.02749018 121.43944219 1.25  0.0 0.0
2015-07-03-19 18 08.963	  31.02749018 121.43944219 1.25  0.0 0.0
2015-07-03-19 18 09.077	  31.02749018 121.43944219 1.25  0.0 0.0
2015-07-03-19 18 09.212	  31.02751205 121.43943312 1.25  0.0 0.0
2015-07-03-19 18 09.328	  31.02751205 121.43943312 1.25  0.0 0.0
2015-07-03-19 18 09.446	  31.02751205 121.43943312 1.25  0.0 0.0
2015-07-03-19 18 09.585	  31.02751205 121.43943312 1.25  0.0 0.0
2015-07-03-19 18 09.725	  31.02751205 121.43943312 1.25  0.0 0.0
2015-07-03-19 18 09.849	  31.02751205 121.43943312 1.25  0.0 0.0
2015-07-03-19 18 09.963	  31.02751205 121.43943312 1.25  0.0 0.0
2015-07-03-19 18 10.097	  31.02751205 121.43943312 1.25  0.0 0.0
2015-07-03-19 18 10.243	  31.02751205 121.43943312 1.25  0.0 0.0
2015-07-03-19 18 10.360	  31.02751205 121.43943312 1.25  0.0 0.0
2015-07-03-19 18 10.497	  31.02751205 121.43943312 1.25  0.0 0.0
2015-07-03-19 18 10.642	  31.02751205 121.43943312 1.25  0.0 0.0
2015-07-03-19 18 10.794	  31.02751205 121.43943312 1.25  0.0 0.0
2015-07-03-19 18 10.932	  31.02751205 121.43943312 1.25  0.0 0.0
2015-07-03-19 18 11.050	  31.02753546 121.43942759 1.25  0.0 0.0
2015-07-03-19 18 11.169	  31.02753546 121.43942759 1.25  0.0 0.0
2015-07-03-19 18 11.331	  31.02753546 121.43942759 1.25  0.0 0.0
2015-07-03-19 18 11.448	  31.02753546 121.43942759 1.25  0.0 0.0
2015-07-03-19 18 11.564	  31.02753546 121.43942759 1.25  0.0 0.0
2015-07-03-19 18 11.743	  31.02753546 121.43942759 1.25  0.0 0.0
2015-07-03-19 18 11.892	  31.02753546 121.43942759 1.25  0.0 0.0
2015-07-03-19 18 12.038	  31.02753546 121.43942759 1.25  0.0 0.0
2015-07-03-19 18 12.153	  31.02753546 121.43942759 1.25  0.0 0.0
2015-07-03-19 18 12.307	  31.02753546 121.43942759 1.25  0.0 0.0
2015-07-03-19 18 12.451	  31.02753546 121.43942759 1.25  0.0 0.0
2015-07-03-19 18 12.596	  31.02753546 121.43942759 1.25  0.0 0.0
2015-07-03-19 18 12.741	  31.02753546 121.43942759 1.25  0.0 0.0
2015-07-03-19 18 12.889	  31.02753546 121.43942759 1.25  0.0 0.0
2015-07-03-19 18 13.032	  31.02755833 121.43941835 1.25  0.0 0.0
2015-07-03-19 18 13.146	  31.02755833 121.43941835 1.25  0.0 0.0
2015-07-03-19 18 13.284	  31.02755833 121.43941835 1.25  0.0 0.0
2015-07-03-19 18 13.407	  31.02755833 121.43941835 1.25  0.0 0.0
2015-07-03-19 18 13.559	  31.02755833 121.43941835 1.25  0.0 0.0
2015-07-03-19 18 13.694	  31.02755833 121.43941835 1.25  0.0 0.0
2015-07-03-19 18 13.842	  31.02755833 121.43941835 1.25  0.0 0.0
2015-07-03-19 18 13.960	  31.02755833 121.43941835 1.25  0.0 0.0
2015-07-03-19 18 14.141	  31.02755833 121.43941835 1.25  0.0 0.0
2015-07-03-19 18 14.258	  31.02755833 121.43941835 1.25  0.0 0.0
2015-07-03-19 18 14.399	  31.02755833 121.43941835 1.25  0.0 0.0
2015-07-03-19 18 14.555	  31.02755833 121.43941835 1.25  0.0 0.0
2015-07-03-19 18 14.671	  31.02755833 121.43941835 1.25  0.0 0.0
2015-07-03-19 18 14.792	  31.02755833 121.43941835 1.25  0.0 0.0
2015-07-03-19 18 14.951	  31.02755833 121.43941835 1.25  0.0 0.0
2015-07-03-19 18 15.087	  31.02755833 121.43941835 1.25  0.0 0.0
2015-07-03-19 18 15.251	  31.0275819 121.439408 1.25  0.0 0.0
2015-07-03-19 18 15.367	  31.0275819 121.439408 1.25  0.0 0.0
2015-07-03-19 18 15.482	  31.0275819 121.439408 1.25  0.0 0.0
2015-07-03-19 18 15.616	  31.0275819 121.439408 1.25  0.0 0.0
2015-07-03-19 18 15.770	  31.0275819 121.439408 1.25  0.0 0.0
2015-07-03-19 18 15.919	  31.0275819 121.439408 1.25  0.0 0.0
2015-07-03-19 18 16.072	  31.0275819 121.439408 1.25  0.0 0.0
2015-07-03-19 18 16.252	  31.0275819 121.439408 1.25  0.0 0.0
2015-07-03-19 18 16.390	  31.0275819 121.439408 1.25  0.0 0.0
2015-07-03-19 18 16.541	  31.0275819 121.439408 1.25  0.0 0.0
2015-07-03-19 18 16.679	  31.0275819 121.439408 1.25  0.0 0.0
2015-07-03-19 18 16.799	  31.0275819 121.439408 1.25  0.0 0.0
2015-07-03-19 18 16.914	  31.0275819 121.439408 1.25  0.0 0.0
2015-07-03-19 18 17.030	  31.0275819 121.439408 1.25  0.0 0.0
2015-07-03-19 18 17.168	  31.0275819 121.439408 1.25  0.0 0.0
